0.056573123;0.055818181;0.012822134
0.056573123;0.053841896;0.0049169962
0.056573123;0.053841896;0.012822134
0.058549408;0.053841896;0.012822134
0.058549408;0.055818181;0.0049169962
0.058549408;0.053841896;0.012822134
0.058549408;0.055818181;0.012822134
0.058549408;0.055818181;0.0049169962
0.058549408;0.055818181;0.0049169962
0.056573123;0.055818181;0.012822134
0.058549408;0.055818181;0.012822134
0.058549408;0.055818181;0.0049169962
0.058549408;0.055818181;0.012822134
0.058549408;0.055818181;0.0049169962
0.058549408;0.055818181;0.012822134
0.060525693;0.055818181;0.0049169962
0.058549408;0.057794467;0.0049169962
0.060525693;0.055818181;0.0049169962
0.058549408;0.055818181;0.0049169962
0.060525693;0.055818181;0.0049169962
0.056573123;0.057794467;0.012822134
0.058549408;0.055818181;0.0049169962
0.058549408;0.057794467;0.012822134
0.058549408;0.057794467;0.0049169962
0.058549408;0.055818181;0.012822134
0.058549408;0.055818181;0.0049169962
0.060525693;0.055818181;0.0049169962
0.060525693;0.057794467;0.012822134
0.060525693;0.055818181;0.012822134
0.058549408;0.059770752;0.012822134
0.060525693;0.057794467;0.0049169962
0.060525693;0.057794467;0.012822134
0.060525693;0.057794467;0.0049169962
0.060525693;0.057794467;0.012822134
0.060525693;0.057794467;0.012822134
0.060525693;0.057794467;0.0049169962
0.060525693;0.057794467;0.012822134
0.060525693;0.057794467;0.012822134
0.060525693;0.057794467;0.0049169962
0.058549408;0.057794467;0.0049169962
0.060525693;0.057794467;0.012822134
0.060525693;0.059770752;0.012822134
0.060525693;0.057794467;0.012822134
0.060525693;0.057794467;0.012822134
0.060525693;0.057794467;0.0049169962
0.060525693;0.057794467;0.0049169962
0.062501974;0.057794467;0.012822134
0.062501974;0.057794467;0.0049169962
0.060525693;0.059770752;0.012822134
0.060525693;0.057794467;0.012822134
0.060525693;0.057794467;0.0049169962
0.060525693;0.057794467;0.0049169962
0.062501974;0.059770752;0.0049169962
0.062501974;0.057794467;0.012822134
0.060525693;0.059770752;0.012822134
0.062501974;0.059770752;0.012822134
0.062501974;0.059770752;0.0049169962
0.062501974;0.059770752;0.012822134
0.062501974;0.059770752;0.0049169962
0.062501974;0.059770752;0.0049169962
0.062501974;0.059770752;0.0049169962
0.062501974;0.059770752;0.012822134
0.062501974;0.057794467;0.012822134
0.062501974;0.059770752;0.0049169962
0.064478263;0.059770752;0.0049169962
0.062501974;0.059770752;0.0049169962
0.062501974;0.061747037;0.0049169962
0.062501974;0.059770752;0.012822134
0.062501974;0.059770752;0.0049169962
0.062501974;0.059770752;0.012822134
0.062501974;0.059770752;0.012822134
0.062501974;0.059770752;0.012822134
0.062501974;0.059770752;0.0049169962
0.062501974;0.059770752;0.0049169962
0.064478263;0.061747037;0.012822134
0.064478263;0.061747037;0.012822134
0.062501974;0.061747037;0.0049169962
0.064478263;0.059770752;0.0049169962
0.064478263;0.061747037;0.012822134
0.064478263;0.061747037;0.0049169962
0.062501974;0.061747037;0.0049169962
0.062501974;0.059770752;0.0049169962
0.064478263;0.061747037;0.012822134
0.062501974;0.061747037;0.012822134
0.066454545;0.061747037;0.0049169962
0.062501974;0.061747037;0.012822134
0.064478263;0.061747037;0.012822134
0.062501974;0.061747037;0.0049169962
0.064478263;0.061747037;0.0049169962
0.064478263;0.061747037;0.0049169962
0.062501974;0.059770752;0.0049169962
0.064478263;0.061747037;0.012822134
0.064478263;0.061747037;0.012822134
0.064478263;0.061747037;0.0049169962
0.064478263;0.061747037;0.012822134
0.064478263;0.061747037;0.012822134
0.064478263;0.061747037;0.0049169962
0.066454545;0.061747037;0.012822134
0.066454545;0.061747037;0.012822134
0.064478263;0.061747037;0.0049169962
0.066454545;0.061747037;0.0049169962
0.064478263;0.061747037;0.0049169962
0.064478263;0.061747037;0.012822134
0.066454545;0.061747037;0.0049169962
0.064478263;0.061747037;0.012822134
0.066454545;0.061747037;0.0049169962
0.066454545;0.061747037;0.0049169962
0.066454545;0.061747037;0.012822134
0.064478263;0.061747037;0.0049169962
0.066454545;0.061747037;0.012822134
0.066454545;0.063723318;0.012822134
0.066454545;0.063723318;0.012822134
0.066454545;0.061747037;0.012822134
0.066454545;0.063723318;0.012822134
0.066454545;0.061747037;0.0049169962
0.064478263;0.061747037;0.012822134
0.068430834;0.063723318;0.012822134
0.066454545;0.063723318;0.012822134
0.066454545;0.063723318;0.0049169962
0.066454545;0.063723318;0.012822134
0.066454545;0.063723318;0.012822134
0.066454545;0.063723318;0.0049169962
0.066454545;0.063723318;0.012822134
0.068430834;0.063723318;0.0049169962
0.066454545;0.063723318;0.012822134
0.066454545;0.063723318;0.0049169962
0.066454545;0.065699607;0.012822134
0.066454545;0.063723318;0.012822134
0.066454545;0.063723318;0.0049169962
0.066454545;0.063723318;0.012822134
0.066454545;0.063723318;0.012822134
0.066454545;0.063723318;0.012822134
0.066454545;0.063723318;0.012822134
0.066454545;0.063723318;0.012822134
0.066454545;0.063723318;0.012822134
0.068430834;0.063723318;0.0049169962
0.068430834;0.065699607;0.0049169962
0.066454545;0.063723318;0.012822134
0.068430834;0.063723318;0.0049169962
0.066454545;0.063723318;0.0049169962
0.066454545;0.063723318;0.012822134
0.068430834;0.065699607;0.0049169962
0.066454545;0.063723318;0.012822134
0.066454545;0.065699607;0.012822134
0.068430834;0.063723318;0.0049169962
0.068430834;0.065699607;0.012822134
0.068430834;0.065699607;0.0049169962
0.068430834;0.063723318;0.012822134
0.068430834;0.065699607;0.012822134
0.066454545;0.065699607;0.0049169962
0.068430834;0.065699607;0.0049169962
0.066454545;0.065699607;0.0049169962
0.068430834;0.065699607;0.0049169962
0.070407115;0.065699607;0.0049169962
0.068430834;0.065699607;0.0049169962
0.066454545;0.065699607;0.012822134
0.068430834;0.063723318;0.0049169962
0.068430834;0.063723318;0.0049169962
0.070407115;0.063723318;0.012822134
0.068430834;0.065699607;0.012822134
0.070407115;0.065699607;0.012822134
0.068430834;0.065699607;0.0049169962
0.070407115;0.065699607;0.012822134
0.068430834;0.065699607;0.012822134
0.068430834;0.065699607;0.0049169962
0.068430834;0.065699607;0.0049169962
0.068430834;0.065699607;0.012822134
0.070407115;0.067675889;0.0049169962
0.070407115;0.065699607;0.012822134
0.068430834;0.065699607;0.0049169962
0.068430834;0.065699607;0.0049169962
0.068430834;0.065699607;0.012822134
0.068430834;0.067675889;0.012822134
0.068430834;0.065699607;0.0049169962
0.068430834;0.067675889;0.012822134
0.070407115;0.067675889;0.012822134
0.068430834;0.065699607;0.0049169962
0.070407115;0.065699607;0.012822134
0.070407115;0.065699607;0.0049169962
0.068430834;0.065699607;0.0049169962
0.068430834;0.067675889;0.012822134
0.068430834;0.065699607;0.012822134
0.068430834;0.067675889;0.012822134
0.070407115;0.065699607;0.012822134
0.068430834;0.065699607;0.0049169962
0.068430834;0.065699607;0.012822134
0.070407115;0.067675889;0.012822134
0.070407115;0.067675889;0.0049169962
0.070407115;0.067675889;0.012822134
0.068430834;0.067675889;0.0049169962
0.068430834;0.067675889;0.012822134
0.070407115;0.067675889;0.012822134
0.070407115;0.067675889;0.0049169962
0.070407115;0.067675889;0.0049169962
0.070407115;0.067675889;0.0049169962
0.068430834;0.067675889;0.012822134
0.070407115;0.067675889;0.012822134
0.070407115;0.067675889;0.012822134
0.070407115;0.067675889;0.0049169962
0.068430834;0.065699607;0.0049169962
0.070407115;0.067675889;0.0049169962
0.070407115;0.065699607;0.012822134
0.070407115;0.067675889;0.012822134
0.070407115;0.067675889;0.0049169962
0.070407115;0.065699607;0.012822134
0.070407115;0.067675889;0.0049169962
0.070407115;0.067675889;0.0049169962
0.070407115;0.067675889;0.0049169962
0.070407115;0.067675889;0.012822134
0.070407115;0.067675889;0.0049169962
0.070407115;0.067675889;0.012822134
0.070407115;0.067675889;0.0049169962
0.070407115;0.067675889;0.0049169962
0.072383396;0.067675889;0.0049169962
0.070407115;0.069652177;0.012822134
0.070407115;0.067675889;0.0049169962
0.070407115;0.067675889;0.0049169962
0.070407115;0.065699607;0.0049169962
0.070407115;0.067675889;0.012822134
0.070407115;0.067675889;0.0049169962
0.072383396;0.067675889;0.012822134
0.070407115;0.067675889;0.0049169962
0.068430834;0.067675889;0.0049169962
0.070407115;0.067675889;0.012822134
0.070407115;0.067675889;0.0049169962
0.070407115;0.067675889;0.012822134
0.070407115;0.067675889;0.0049169962
0.072383396;0.067675889;0.012822134
0.072383396;0.069652177;0.0049169962
0.070407115;0.067675889;0.0049169962
0.070407115;0.069652177;0.012822134
0.070407115;0.067675889;0.012822134
0.070407115;0.067675889;0.0049169962
0.070407115;0.069652177;0.012822134
0.070407115;0.067675889;0.012822134
0.072383396;0.067675889;0.012822134
0.070407115;0.067675889;0.0049169962
0.070407115;0.067675889;0.012822134
0.072383396;0.067675889;0.0049169962
0.070407115;0.067675889;0.012822134
0.072383396;0.069652177;0.0049169962
0.072383396;0.067675889;0.012822134
0.072383396;0.067675889;0.0049169962
0.070407115;0.067675889;0.0049169962
0.070407115;0.067675889;0.0049169962
0.070407115;0.067675889;0.0049169962
0.070407115;0.067675889;0.0049169962
0.072383396;0.069652177;0.012822134
0.070407115;0.067675889;0.012822134
0.070407115;0.067675889;0.0049169962
0.070407115;0.067675889;0.0049169962
0.072383396;0.069652177;0.012822134
0.070407115;0.067675889;0.0049169962
0.072383396;0.067675889;0.012822134
0.072383396;0.067675889;0.0049169962
0.072383396;0.067675889;0.012822134
0.072383396;0.067675889;0.012822134
0.070407115;0.069652177;0.0049169962
0.072383396;0.067675889;0.012822134
0.072383396;0.067675889;0.012822134
0.072383396;0.069652177;0.0049169962
0.070407115;0.069652177;0.0049169962
0.072383396;0.067675889;0.012822134
0.072383396;0.067675889;0.012822134
0.072383396;0.069652177;0.0049169962
0.072383396;0.067675889;0.0049169962
0.072383396;0.067675889;0.0049169962
0.072383396;0.067675889;0.0049169962
0.070407115;0.067675889;0.012822134
0.072383396;0.067675889;0.012822134
0.072383396;0.067675889;0.012822134
0.072383396;0.067675889;0.012822134
0.072383396;0.069652177;0.012822134
0.072383396;0.067675889;0.0049169962
0.070407115;0.067675889;0.012822134
0.070407115;0.067675889;0.0049169962
0.072383396;0.069652177;0.012822134
0.070407115;0.067675889;0.012822134
0.072383396;0.069652177;0.0049169962
0.070407115;0.069652177;0.0049169962
0.074359685;0.069652177;0.012822134
0.072383396;0.069652177;0.012822134
0.072383396;0.069652177;0.012822134
0.072383396;0.069652177;0.012822134
0.070407115;0.069652177;0.012822134
0.072383396;0.069652177;0.0049169962
0.072383396;0.069652177;0.012822134
0.072383396;0.069652177;0.0049169962
0.072383396;0.069652177;0.0049169962
0.072383396;0.069652177;0.0049169962
0.070407115;0.069652177;0.0049169962
0.072383396;0.069652177;0.012822134
0.072383396;0.069652177;0.012822134
0.074359685;0.069652177;0.012822134
0.070407115;0.069652177;0.0049169962
0.072383396;0.069652177;0.012822134
0.072383396;0.067675889;0.0049169962
0.072383396;0.069652177;0.0049169962
0.072383396;0.069652177;0.0049169962
0.072383396;0.069652177;0.012822134
0.072383396;0.069652177;0.012822134
0.070407115;0.069652177;0.0049169962
0.070407115;0.069652177;0.0049169962
0.072383396;0.069652177;0.012822134
0.072383396;0.071628459;0.012822134
0.072383396;0.069652177;0.012822134
0.072383396;0.069652177;0.0049169962
0.070407115;0.069652177;0.012822134
0.072383396;0.069652177;0.0049169962
0.070407115;0.067675889;0.012822134
0.072383396;0.069652177;0.012822134
0.072383396;0.069652177;0.012822134
0.070407115;0.069652177;0.012822134
0.072383396;0.069652177;0.0049169962
0.072383396;0.069652177;0.012822134
0.070407115;0.069652177;0.012822134
0.070407115;0.069652177;0.012822134
0.072383396;0.069652177;0.012822134
0.072383396;0.069652177;0.0049169962
0.070407115;0.069652177;0.012822134
0.072383396;0.069652177;0.012822134
0.070407115;0.067675889;0.0049169962
0.074359685;0.067675889;0.012822134
0.072383396;0.069652177;0.0049169962
0.072383396;0.069652177;0.0049169962
0.072383396;0.067675889;0.0049169962
0.072383396;0.069652177;0.0049169962
0.070407115;0.069652177;0.012822134
0.072383396;0.067675889;0.012822134
0.072383396;0.069652177;0.012822134
0.072383396;0.067675889;0.0049169962
0.070407115;0.069652177;0.0049169962
0.072383396;0.067675889;0.012822134
0.070407115;0.069652177;0.0049169962
0.070407115;0.069652177;0.012822134
0.072383396;0.069652177;0.012822134
0.072383396;0.069652177;0.012822134
0.072383396;0.069652177;0.0049169962
0.074359685;0.069652177;0.0049169962
0.072383396;0.069652177;0.0049169962
0.072383396;0.067675889;0.0049169962
0.070407115;0.067675889;0.0049169962
0.070407115;0.069652177;0.0049169962
0.072383396;0.069652177;0.012822134
0.070407115;0.067675889;0.0049169962
0.072383396;0.067675889;0.0049169962
0.070407115;0.069652177;0.0049169962
0.072383396;0.069652177;0.0049169962
0.072383396;0.069652177;0.0049169962
0.070407115;0.069652177;0.0049169962
0.072383396;0.067675889;0.0049169962
0.072383396;0.067675889;0.0049169962
0.070407115;0.069652177;0.0049169962
0.072383396;0.067675889;0.012822134
0.070407115;0.069652177;0.0049169962
0.072383396;0.069652177;0.012822134
0.072383396;0.067675889;0.012822134
0.070407115;0.069652177;0.0049169962
0.070407115;0.069652177;0.012822134
0.072383396;0.069652177;0.012822134
0.072383396;0.069652177;0.012822134
0.070407115;0.069652177;0.0049169962
0.072383396;0.067675889;0.012822134
0.070407115;0.067675889;0.0049169962
0.072383396;0.069652177;0.0049169962
0.072383396;0.069652177;0.0049169962
0.072383396;0.069652177;0.0049169962
0.070407115;0.067675889;0.012822134
0.072383396;0.069652177;0.012822134
0.072383396;0.069652177;0.0049169962
0.072383396;0.069652177;0.012822134
0.072383396;0.067675889;0.012822134
0.072383396;0.067675889;0.0049169962
0.072383396;0.067675889;0.0049169962
0.072383396;0.067675889;0.012822134
0.070407115;0.067675889;0.012822134
0.070407115;0.069652177;0.012822134
0.072383396;0.069652177;0.0049169962
0.070407115;0.069652177;0.012822134
0.072383396;0.069652177;0.0049169962
0.072383396;0.069652177;0.0049169962
0.072383396;0.067675889;0.0049169962
0.072383396;0.069652177;0.012822134
0.072383396;0.067675889;0.012822134
0.070407115;0.067675889;0.012822134
0.070407115;0.069652177;0.0049169962
0.070407115;0.067675889;0.012822134
0.070407115;0.067675889;0.0049169962
0.070407115;0.067675889;0.0049169962
0.070407115;0.067675889;0.012822134
0.070407115;0.067675889;0.0049169962
0.072383396;0.067675889;0.0049169962
0.070407115;0.069652177;0.012822134
0.070407115;0.067675889;0.012822134
0.070407115;0.067675889;0.0049169962
0.072383396;0.067675889;0.0049169962
0.072383396;0.067675889;0.012822134
0.070407115;0.067675889;0.0049169962
0.072383396;0.067675889;0.0049169962
0.070407115;0.067675889;0.012822134
0.070407115;0.067675889;0.0049169962
0.070407115;0.067675889;0.012822134
0.072383396;0.067675889;0.012822134
0.070407115;0.067675889;0.0049169962
0.070407115;0.067675889;0.0049169962
0.070407115;0.069652177;0.0049169962
0.070407115;0.069652177;0.0049169962
0.070407115;0.067675889;0.0049169962
0.070407115;0.067675889;0.0049169962
0.070407115;0.069652177;0.012822134
0.072383396;0.067675889;0.012822134
0.070407115;0.067675889;0.012822134
0.070407115;0.067675889;0.0049169962
0.070407115;0.067675889;0.0049169962
0.072383396;0.069652177;0.0049169962
0.070407115;0.067675889;0.0049169962
0.068430834;0.067675889;0.012822134
0.070407115;0.067675889;0.012822134
0.070407115;0.067675889;0.012822134
0.070407115;0.067675889;0.012822134
0.072383396;0.067675889;0.0049169962
0.070407115;0.067675889;0.012822134
0.070407115;0.067675889;0.012822134
0.072383396;0.067675889;0.0049169962
0.070407115;0.067675889;0.0049169962
0.068430834;0.067675889;0.0049169962
0.070407115;0.067675889;0.0049169962
0.070407115;0.067675889;0.0049169962
0.068430834;0.067675889;0.0049169962
0.070407115;0.067675889;0.0049169962
0.070407115;0.067675889;0.012822134
0.070407115;0.067675889;0.0049169962
0.068430834;0.067675889;0.0049169962
0.070407115;0.067675889;0.012822134
0.070407115;0.067675889;0.0049169962
0.068430834;0.067675889;0.012822134
0.072383396;0.067675889;0.0049169962
0.068430834;0.065699607;0.0049169962
0.070407115;0.067675889;0.012822134
0.068430834;0.067675889;0.0049169962
0.068430834;0.067675889;0.0049169962
0.070407115;0.067675889;0.012822134
0.070407115;0.065699607;0.012822134
0.070407115;0.067675889;0.0049169962
0.068430834;0.067675889;0.012822134
0.070407115;0.067675889;0.0049169962
0.068430834;0.067675889;0.012822134
0.068430834;0.067675889;0.0049169962
0.070407115;0.065699607;0.012822134
0.070407115;0.065699607;0.0049169962
0.068430834;0.067675889;0.012822134
0.068430834;0.067675889;0.0049169962
0.068430834;0.067675889;0.0049169962
0.070407115;0.065699607;0.0049169962
0.068430834;0.065699607;0.0049169962
0.070407115;0.067675889;0.012822134
0.068430834;0.065699607;0.012822134
0.068430834;0.065699607;0.0049169962
0.068430834;0.065699607;0.012822134
0.070407115;0.067675889;0.0049169962
0.068430834;0.065699607;0.0049169962
0.068430834;0.065699607;0.012822134
0.068430834;0.065699607;0.012822134
0.068430834;0.067675889;0.0049169962
0.068430834;0.065699607;0.0049169962
0.070407115;0.065699607;0.012822134
0.068430834;0.067675889;0.0049169962
0.068430834;0.067675889;0.0049169962
0.068430834;0.065699607;0.0049169962
0.068430834;0.065699607;0.0049169962
0.068430834;0.065699607;0.012822134
0.068430834;0.065699607;0.0049169962
0.068430834;0.065699607;0.012822134
0.068430834;0.065699607;0.0049169962
0.066454545;0.067675889;0.0049169962
0.066454545;0.065699607;0.0049169962
0.066454545;0.065699607;0.0049169962
0.068430834;0.065699607;0.0049169962
0.070407115;0.065699607;0.0049169962
0.068430834;0.067675889;0.0049169962
0.066454545;0.065699607;0.0049169962
0.068430834;0.065699607;0.012822134
0.068430834;0.065699607;0.0049169962
0.066454545;0.065699607;0.0049169962
0.068430834;0.065699607;0.0049169962
0.066454545;0.065699607;0.012822134
0.066454545;0.065699607;0.012822134
0.068430834;0.065699607;0.0049169962
0.066454545;0.063723318;0.0049169962
0.066454545;0.061747037;0.012822134
0.066454545;0.063723318;0.0049169962
0.066454545;0.065699607;0.012822134
0.066454545;0.065699607;0.012822134
0.066454545;0.065699607;0.0049169962
0.066454545;0.065699607;0.0049169962
0.066454545;0.063723318;0.012822134
0.066454545;0.063723318;0.012822134
0.066454545;0.065699607;0.012822134
0.066454545;0.065699607;0.012822134
0.066454545;0.065699607;0.012822134
0.066454545;0.065699607;0.012822134
0.066454545;0.063723318;0.012822134
0.066454545;0.065699607;0.012822134
0.066454545;0.065699607;0.0049169962
0.064478263;0.065699607;0.0049169962
0.066454545;0.063723318;0.0049169962
0.066454545;0.063723318;0.012822134
0.066454545;0.063723318;0.0049169962
0.066454545;0.063723318;0.0049169962
0.066454545;0.063723318;0.012822134
0.066454545;0.063723318;0.0049169962
0.066454545;0.065699607;0.0049169962
0.064478263;0.063723318;0.012822134
0.068430834;0.063723318;0.0049169962
0.066454545;0.063723318;0.0049169962
0.066454545;0.065699607;0.012822134
0.066454545;0.063723318;0.012822134
0.066454545;0.063723318;0.0049169962
0.064478263;0.063723318;0.012822134
0.066454545;0.063723318;0.012822134
0.064478263;0.063723318;0.012822134
0.066454545;0.063723318;0.0049169962
0.064478263;0.063723318;0.0049169962
0.066454545;0.063723318;0.0049169962
0.064478263;0.063723318;0.0049169962
0.066454545;0.063723318;0.0049169962
0.064478263;0.063723318;0.012822134
0.064478263;0.063723318;0.012822134
0.064478263;0.061747037;0.012822134
0.066454545;0.061747037;0.012822134
0.064478263;0.061747037;0.0049169962
0.064478263;0.061747037;0.0049169962
0.064478263;0.061747037;0.0049169962
0.064478263;0.061747037;0.0049169962
0.064478263;0.063723318;0.012822134
0.066454545;0.061747037;0.012822134
0.064478263;0.061747037;0.0049169962
0.064478263;0.061747037;0.012822134
0.064478263;0.061747037;0.0049169962
0.064478263;0.061747037;0.0049169962
0.064478263;0.061747037;0.0049169962
0.064478263;0.061747037;0.0049169962
0.062501974;0.061747037;0.0049169962
0.064478263;0.061747037;0.0049169962
0.064478263;0.061747037;0.012822134
0.062501974;0.061747037;0.0049169962
0.064478263;0.061747037;0.0049169962
0.064478263;0.061747037;0.0049169962
0.064478263;0.061747037;0.012822134
0.064478263;0.061747037;0.012822134
0.062501974;0.061747037;0.0049169962
0.064478263;0.061747037;0.0049169962
0.064478263;0.061747037;0.0049169962
0.064478263;0.059770752;0.0049169962
0.062501974;0.061747037;0.012822134
0.064478263;0.059770752;0.0049169962
0.062501974;0.059770752;0.012822134
0.064478263;0.061747037;0.0049169962
0.062501974;0.061747037;0.012822134
0.062501974;0.059770752;0.012822134
0.062501974;0.059770752;0.012822134
0.062501974;0.061747037;0.012822134
0.062501974;0.059770752;0.0049169962
0.062501974;0.059770752;0.0049169962
0.062501974;0.059770752;0.0049169962
0.062501974;0.059770752;0.012822134
0.060525693;0.059770752;0.0049169962
0.060525693;0.059770752;0.012822134
0.062501974;0.059770752;0.0049169962
0.062501974;0.059770752;0.0049169962
0.060525693;0.061747037;0.0049169962
0.060525693;0.061747037;0.012822134
0.062501974;0.059770752;0.0049169962
0.060525693;0.059770752;0.012822134
0.062501974;0.059770752;0.0049169962
0.060525693;0.059770752;0.012822134
0.060525693;0.057794467;0.012822134
0.062501974;0.057794467;0.012822134
0.060525693;0.057794467;0.012822134
0.060525693;0.057794467;0.0049169962
0.062501974;0.059770752;0.012822134
0.062501974;0.059770752;0.012822134
0.060525693;0.057794467;0.012822134
0.060525693;0.057794467;0.012822134
0.060525693;0.057794467;0.0049169962
0.060525693;0.057794467;0.012822134
0.062501974;0.059770752;0.0049169962
0.060525693;0.057794467;0.0049169962
0.058549408;0.057794467;0.0049169962
0.062501974;0.057794467;0.0049169962
0.060525693;0.059770752;0.0049169962
0.060525693;0.057794467;0.0049169962
0.060525693;0.057794467;0.0049169962
0.062501974;0.059770752;0.0049169962
0.058549408;0.057794467;0.0049169962
0.060525693;0.057794467;0.0049169962
0.060525693;0.057794467;0.0049169962
0.058549408;0.057794467;0.0049169962
0.060525693;0.057794467;0.0049169962
0.060525693;0.057794467;0.0049169962
0.060525693;0.057794467;0.012822134
0.060525693;0.057794467;0.012822134
0.058549408;0.055818181;0.0049169962
0.060525693;0.057794467;0.0049169962
0.058549408;0.057794467;0.012822134
0.060525693;0.057794467;0.0049169962
0.058549408;0.055818181;0.0049169962
0.058549408;0.057794467;0.0049169962
0.058549408;0.057794467;0.012822134
0.058549408;0.055818181;0.012822134
0.058549408;0.055818181;0.012822134
0.058549408;0.055818181;0.012822134
0.058549408;0.057794467;0.012822134
0.058549408;0.057794467;0.0049169962
0.058549408;0.057794467;0.0049169962
0.058549408;0.055818181;0.0049169962
0.058549408;0.055818181;0.012822134
0.056573123;0.055818181;0.0049169962
0.058549408;0.057794467;0.0049169962
0.060525693;0.055818181;0.0049169962
0.058549408;0.055818181;0.0049169962
0.058549408;0.053841896;0.0049169962
0.058549408;0.057794467;0.0049169962
0.058549408;0.055818181;0.0049169962
0.058549408;0.055818181;0.012822134
0.056573123;0.055818181;0.012822134
0.056573123;0.053841896;0.0049169962
0.056573123;0.055818181;0.0049169962
0.058549408;0.053841896;0.012822134
0.058549408;0.053841896;0.0049169962
0.056573123;0.055818181;0.0049169962
0.058549408;0.053841896;0.012822134
0.058549408;0.055818181;0.012822134
0.056573123;0.055818181;0.0049169962
0.056573123;0.055818181;0.012822134
0.056573123;0.055818181;0.0049169962
0.056573123;0.053841896;0.012822134
0.056573123;0.053841896;0.0049169962
0.056573123;0.055818181;0.0049169962
0.056573123;0.053841896;0.012822134
0.054596838;0.053841896;0.0049169962
0.056573123;0.053841896;0.0049169962
0.056573123;0.053841896;0.012822134
0.054596838;0.053841896;0.0049169962
0.056573123;0.053841896;0.0049169962
0.054596838;0.055818181;0.012822134
0.054596838;0.053841896;0.0049169962
0.056573123;0.053841896;0.0049169962
0.054596838;0.053841896;0.0049169962
0.054596838;0.053841896;0.0049169962
0.056573123;0.053841896;0.0049169962
0.056573123;0.053841896;0.0049169962
0.054596838;0.051865611;0.0049169962
0.054596838;0.051865611;0.0049169962
0.054596838;0.051865611;0.012822134
0.054596838;0.053841896;0.0049169962
0.054596838;0.051865611;0.012822134
0.054596838;0.051865611;0.0049169962
0.054596838;0.051865611;0.012822134
0.054596838;0.051865611;0.0049169962
0.054596838;0.051865611;0.0049169962
0.054596838;0.051865611;0.0049169962
0.054596838;0.051865611;0.012822134
0.052620552;0.04988933;0.012822134
0.054596838;0.051865611;0.0049169962
0.052620552;0.051865611;0.012822134
0.052620552;0.051865611;0.0049169962
0.052620552;0.051865611;0.012822134
0.052620552;0.051865611;0.012822134
0.052620552;0.051865611;0.012822134
0.052620552;0.04988933;0.0049169962
0.054596838;0.051865611;0.0049169962
0.054596838;0.051865611;0.0049169962
0.052620552;0.04988933;0.0049169962
0.052620552;0.04988933;0.0049169962
0.052620552;0.04988933;0.0049169962
0.052620552;0.04988933;0.0049169962
0.052620552;0.04988933;0.012822134
0.052620552;0.04988933;0.012822134
0.050644267;0.04988933;0.012822134
0.050644267;0.04988933;0.0049169962
0.052620552;0.04988933;0.012822134
0.052620552;0.04988933;0.012822134
0.052620552;0.04988933;0.0049169962
0.052620552;0.04988933;0.0049169962
0.052620552;0.04988933;0.012822134
0.052620552;0.047913045;0.0049169962
0.052620552;0.04988933;0.012822134
0.050644267;0.047913045;0.0049169962
0.052620552;0.04988933;0.012822134
0.052620552;0.047913045;0.0049169962
0.050644267;0.047913045;0.0049169962
0.052620552;0.04988933;0.012822134
0.050644267;0.04988933;0.012822134
0.050644267;0.047913045;0.012822134
0.050644267;0.04988933;0.012822134
0.050644267;0.04988933;0.012822134
0.050644267;0.047913045;0.0049169962
0.050644267;0.047913045;0.0049169962
0.048667986;0.047913045;0.012822134
0.050644267;0.047913045;0.0049169962
0.050644267;0.047913045;0.012822134
0.050644267;0.047913045;0.0049169962
0.050644267;0.047913045;0.0049169962
0.048667986;0.047913045;0.012822134
0.048667986;0.047913045;0.0049169962
0.050644267;0.047913045;0.012822134
0.050644267;0.047913045;0.012822134
0.048667986;0.047913045;0.012822134
0.048667986;0.047913045;0.012822134
0.048667986;0.047913045;0.012822134
0.048667986;0.04593676;0.012822134
0.048667986;0.04593676;0.0049169962
0.048667986;0.047913045;0.012822134
0.048667986;0.047913045;0.012822134
0.046691701;0.047913045;0.0049169962
0.048667986;0.047913045;0.012822134
0.048667986;0.047913045;0.012822134
0.048667986;0.047913045;0.012822134
0.048667986;0.047913045;0.012822134
0.048667986;0.04593676;0.012822134
0.048667986;0.047913045;0.012822134
0.046691701;0.04593676;0.0049169962
0.048667986;0.04593676;0.012822134
0.048667986;0.043960474;0.012822134
0.048667986;0.04593676;0.012822134
0.046691701;0.043960474;0.0049169962
0.048667986;0.04593676;0.012822134
0.048667986;0.04593676;0.012822134
0.046691701;0.04593676;0.012822134
0.046691701;0.04593676;0.012822134
0.046691701;0.04593676;0.012822134
0.046691701;0.04593676;0.012822134
0.046691701;0.04593676;0.0049169962
0.046691701;0.04593676;0.012822134
0.046691701;0.04593676;0.0049169962
0.048667986;0.04593676;0.0049169962
0.044715416;0.04593676;0.012822134
0.046691701;0.04593676;0.0049169962
0.046691701;0.043960474;0.0049169962
0.046691701;0.04593676;0.0049169962
0.046691701;0.04593676;0.012822134
0.046691701;0.043960474;0.012822134
0.046691701;0.043960474;0.0049169962
0.046691701;0.043960474;0.012822134
0.046691701;0.043960474;0.0049169962
0.046691701;0.043960474;0.012822134
0.044715416;0.043960474;0.0049169962
0.044715416;0.043960474;0.0049169962
0.046691701;0.043960474;0.0049169962
0.046691701;0.043960474;0.012822134
0.044715416;0.041984189;0.012822134
0.044715416;0.041984189;0.012822134
0.044715416;0.043960474;0.012822134
0.044715416;0.043960474;0.0049169962
0.044715416;0.041984189;0.0049169962
0.044715416;0.043960474;0.012822134
0.044715416;0.043960474;0.012822134
0.042739131;0.041984189;0.012822134
0.044715416;0.040007904;0.012822134
0.044715416;0.041984189;0.0049169962
0.042739131;0.041984189;0.0049169962
0.044715416;0.041984189;0.0049169962
0.042739131;0.041984189;0.012822134
0.042739131;0.041984189;0.0049169962
0.042739131;0.041984189;0.012822134
0.044715416;0.041984189;0.012822134
0.042739131;0.041984189;0.0049169962
0.042739131;0.040007904;0.0049169962
0.042739131;0.040007904;0.012822134
0.042739131;0.040007904;0.012822134
0.042739131;0.041984189;0.0049169962
0.042739131;0.041984189;0.012822134
0.042739131;0.041984189;0.0049169962
0.042739131;0.041984189;0.0049169962
0.042739131;0.041984189;0.0049169962
0.042739131;0.040007904;0.012822134
0.040762845;0.040007904;0.0049169962
0.040762845;0.040007904;0.0049169962
0.042739131;0.040007904;0.0049169962
0.040762845;0.040007904;0.0049169962
0.042739131;0.040007904;0.012822134
0.040762845;0.040007904;0.012822134
0.040762845;0.040007904;0.012822134
0.040762845;0.040007904;0.012822134
0.042739131;0.040007904;0.012822134
0.040762845;0.040007904;0.012822134
0.040762845;0.040007904;0.0049169962
0.042739131;0.040007904;0.012822134
0.03878656;0.040007904;0.0049169962
0.040762845;0.038031619;0.0049169962
0.040762845;0.040007904;0.0049169962
0.040762845;0.040007904;0.012822134
0.040762845;0.040007904;0.0049169962
0.03878656;0.040007904;0.012822134
0.040762845;0.038031619;0.012822134
0.03878656;0.038031619;0.0049169962
0.040762845;0.038031619;0.012822134
0.040762845;0.040007904;0.012822134
0.03878656;0.038031619;0.0049169962
0.03878656;0.040007904;0.012822134
0.03878656;0.038031619;0.0049169962
0.03878656;0.038031619;0.012822134
0.03878656;0.038031619;0.0049169962
0.03878656;0.038031619;0.0049169962
0.03878656;0.036055338;0.0049169962
0.03878656;0.038031619;0.0049169962
0.03878656;0.038031619;0.0049169962
0.040762845;0.038031619;0.012822134
0.03878656;0.038031619;0.0049169962
0.03878656;0.038031619;0.0049169962
0.03878656;0.038031619;0.0049169962
0.03878656;0.036055338;0.012822134
0.036810275;0.038031619;0.012822134
0.036810275;0.036055338;0.0049169962
0.03878656;0.038031619;0.012822134
0.036810275;0.038031619;0.0049169962
0.03878656;0.036055338;0.0049169962
0.03878656;0.036055338;0.0049169962
0.036810275;0.038031619;0.0049169962
0.036810275;0.036055338;0.0049169962
0.036810275;0.036055338;0.012822134
0.036810275;0.036055338;0.012822134
0.034833994;0.036055338;0.012822134
0.036810275;0.036055338;0.0049169962
0.036810275;0.036055338;0.0049169962
0.036810275;0.036055338;0.012822134
0.036810275;0.036055338;0.012822134
0.036810275;0.036055338;0.0049169962
0.036810275;0.036055338;0.0049169962
0.036810275;0.036055338;0.012822134
0.036810275;0.036055338;0.0049169962
0.034833994;0.034079053;0.0049169962
0.034833994;0.034079053;0.0049169962
0.034833994;0.034079053;0.012822134
0.036810275;0.034079053;0.012822134
0.032857709;0.034079053;0.0049169962
0.036810275;0.034079053;0.012822134
0.034833994;0.034079053;0.0049169962
0.034833994;0.034079053;0.012822134
0.032857709;0.034079053;0.0049169962
0.034833994;0.034079053;0.012822134
0.036810275;0.034079053;0.012822134
0.034833994;0.034079053;0.0049169962
0.034833994;0.034079053;0.012822134
0.032857709;0.034079053;0.012822134
0.032857709;0.034079053;0.0049169962
0.034833994;0.032102767;0.012822134
0.032857709;0.034079053;0.0049169962
0.032857709;0.034079053;0.012822134
0.032857709;0.034079053;0.012822134
0.032857709;0.032102767;0.0049169962
0.032857709;0.034079053;0.0049169962
0.032857709;0.032102767;0.0049169962
0.032857709;0.034079053;0.0049169962
0.032857709;0.034079053;0.0049169962
0.032857709;0.032102767;0.012822134
0.032857709;0.032102767;0.0049169962
0.032857709;0.032102767;0.0049169962
0.032857709;0.032102767;0.0049169962
0.030881424;0.030126482;0.012822134
0.032857709;0.032102767;0.012822134
0.032857709;0.032102767;0.012822134
0.030881424;0.030126482;0.012822134
0.032857709;0.030126482;0.012822134
0.030881424;0.032102767;0.0049169962
0.030881424;0.032102767;0.0049169962
0.032857709;0.032102767;0.012822134
0.030881424;0.030126482;0.012822134
0.030881424;0.030126482;0.012822134
0.030881424;0.030126482;0.012822134
0.030881424;0.030126482;0.012822134
0.030881424;0.030126482;0.0049169962
0.032857709;0.030126482;0.0049169962
0.030881424;0.032102767;0.012822134
0.030881424;0.032102767;0.0049169962
0.030881424;0.032102767;0.0049169962
0.030881424;0.030126482;0.012822134
0.030881424;0.030126482;0.0049169962
0.028905138;0.028150197;0.012822134
0.028905138;0.028150197;0.0049169962
0.028905138;0.030126482;0.012822134
0.026928853;0.028150197;0.0049169962
0.030881424;0.030126482;0.012822134
0.028905138;0.030126482;0.0049169962
0.028905138;0.028150197;0.012822134
0.030881424;0.030126482;0.012822134
0.028905138;0.028150197;0.012822134
0.028905138;0.030126482;0.0049169962
0.028905138;0.028150197;0.012822134
0.028905138;0.028150197;0.0049169962
0.028905138;0.028150197;0.0049169962
0.026928853;0.028150197;0.012822134
0.028905138;0.028150197;0.0049169962
0.026928853;0.028150197;0.012822134
0.026928853;0.026173914;0.012822134
0.026928853;0.028150197;0.0049169962
0.026928853;0.026173914;0.0049169962
0.026928853;0.026173914;0.0049169962
0.026928853;0.028150197;0.012822134
0.02495257;0.026173914;0.0049169962
0.026928853;0.026173914;0.012822134
0.026928853;0.026173914;0.0049169962
0.02495257;0.026173914;0.012822134
0.026928853;0.026173914;0.012822134
0.026928853;0.026173914;0.0049169962
0.02495257;0.026173914;0.0049169962
0.026928853;0.026173914;0.012822134
0.02495257;0.026173914;0.0049169962
0.02495257;0.026173914;0.012822134
0.02495257;0.026173914;0.0049169962
0.026928853;0.026173914;0.0049169962
0.02495257;0.026173914;0.012822134
0.026928853;0.026173914;0.0049169962
0.026928853;0.024197629;0.012822134
0.022976285;0.024197629;0.012822134
0.02495257;0.024197629;0.0049169962
0.02495257;0.024197629;0.012822134
0.02495257;0.024197629;0.0049169962
0.02495257;0.024197629;0.0049169962
0.02495257;0.024197629;0.0049169962
0.026928853;0.024197629;0.012822134
0.022976285;0.024197629;0.012822134
0.02495257;0.024197629;0.012822134
0.02495257;0.024197629;0.0049169962
0.022976285;0.024197629;0.0049169962
0.022976285;0.024197629;0.0049169962
0.02495257;0.024197629;0.0049169962
0.02495257;0.022221344;0.0049169962
0.022976285;0.022221344;0.0049169962
0.022976285;0.022221344;0.0049169962
0.022976285;0.024197629;0.0049169962
0.022976285;0.022221344;0.012822134
0.022976285;0.022221344;0.0049169962
0.022976285;0.022221344;0.012822134
0.022976285;0.022221344;0.012822134
0.022976285;0.022221344;0.012822134
0.022976285;0.022221344;0.0049169962
0.021;0.020245058;0.0049169962
0.021;0.022221344;0.012822134
0.022976285;0.022221344;0.0049169962
0.022976285;0.020245058;0.012822134
0.022976285;0.022221344;0.0049169962
0.021;0.022221344;0.0049169962
0.022976285;0.020245058;0.012822134
0.021;0.022221344;0.0049169962
0.021;0.022221344;0.012822134
0.021;0.022221344;0.012822134
0.022976285;0.020245058;0.012822134
0.021;0.020245058;0.012822134
0.021;0.020245058;0.0049169962
0.021;0.020245058;0.012822134
0.021;0.020245058;0.0049169962
0.021;0.020245058;0.0049169962
0.021;0.020245058;0.0049169962
0.021;0.022221344;0.0049169962
0.019023715;0.020245058;0.012822134
0.021;0.020245058;0.0049169962
0.019023715;0.020245058;0.012822134
0.021;0.020245058;0.0049169962
0.019023715;0.020245058;0.012822134
0.019023715;0.020245058;0.012822134
0.019023715;0.018268775;0.0049169962
0.019023715;0.018268775;0.012822134
0.019023715;0.018268775;0.0049169962
0.017047431;0.020245058;0.0049169962
0.019023715;0.020245058;0.012822134
0.019023715;0.018268775;0.012822134
0.019023715;0.018268775;0.0049169962
0.017047431;0.018268775;0.012822134
0.017047431;0.018268775;0.012822134
0.019023715;0.018268775;0.0049169962
0.017047431;0.020245058;0.0049169962
0.019023715;0.018268775;0.0049169962
0.017047431;0.018268775;0.012822134
0.017047431;0.018268775;0.0049169962
0.017047431;0.018268775;0.0049169962
0.015071146;0.018268775;0.0049169962
0.017047431;0.018268775;0.0049169962
0.017047431;0.018268775;0.0049169962
0.017047431;0.01629249;0.012822134
0.017047431;0.01629249;0.012822134
0.017047431;0.018268775;0.012822134
0.017047431;0.01629249;0.012822134
0.017047431;0.018268775;0.012822134
0.017047431;0.01629249;0.012822134
0.017047431;0.018268775;0.012822134
0.017047431;0.01629249;0.012822134
0.015071146;0.01629249;0.012822134
0.015071146;0.01629249;0.012822134
0.015071146;0.014316206;0.012822134
0.017047431;0.01629249;0.0049169962
0.015071146;0.01629249;0.012822134
0.015071146;0.01629249;0.012822134
0.017047431;0.01629249;0.012822134
0.015071146;0.01629249;0.012822134
0.015071146;0.01629249;0.012822134
0.015071146;0.014316206;0.0049169962
0.015071146;0.01629249;0.0049169962
0.015071146;0.014316206;0.0049169962
0.015071146;0.014316206;0.012822134
0.015071146;0.014316206;0.0049169962
0.015071146;0.014316206;0.012822134
0.015071146;0.014316206;0.0049169962
0.015071146;0.012339921;0.012822134
0.013094862;0.014316206;0.012822134
0.015071146;0.014316206;0.012822134
0.015071146;0.012339921;0.0049169962
0.015071146;0.014316206;0.012822134
0.015071146;0.014316206;0.0049169962
0.015071146;0.012339921;0.012822134
0.015071146;0.014316206;0.012822134
0.013094862;0.014316206;0.0049169962
0.013094862;0.012339921;0.012822134
0.013094862;0.012339921;0.012822134
0.013094862;0.012339921;0.012822134
0.013094862;0.012339921;0.012822134
0.013094862;0.012339921;0.012822134
0.011118577;0.012339921;0.0049169962
0.011118577;0.012339921;0.0049169962
0.013094862;0.012339921;0.0049169962
0.011118577;0.014316206;0.012822134
0.011118577;0.014316206;0.0049169962
0.013094862;0.010363637;0.0049169962
0.011118577;0.012339921;0.012822134
0.013094862;0.010363637;0.0049169962
0.011118577;0.010363637;0.012822134
0.013094862;0.012339921;0.0049169962
0.013094862;0.012339921;0.012822134
0.011118577;0.010363637;0.012822134
0.011118577;0.010363637;0.0049169962
0.011118577;0.010363637;0.0049169962
0.011118577;0.010363637;0.0049169962
0.011118577;0.010363637;0.0049169962
0.0091422927;0.010363637;0.012822134
0.011118577;0.010363637;0.012822134
0.0091422927;0.010363637;0.0049169962
0.0091422927;0.010363637;0.0049169962
0.0091422927;0.010363637;0.0049169962
0.0091422927;0.0083873514;0.0049169962
0.0091422927;0.010363637;0.0049169962
0.0091422927;0.010363637;0.012822134
0.0091422927;0.010363637;0.0049169962
0.007166008;0.010363637;0.012822134
0.007166008;0.010363637;0.012822134
0.0091422927;0.010363637;0.0049169962
0.0091422927;0.010363637;0.0049169962
0.0091422927;0.010363637;0.0049169962
0.0091422927;0.0083873514;0.0049169962
0.0091422927;0.0083873514;0.012822134
0.0091422927;0.010363637;0.012822134
0.0091422927;0.0083873514;0.0049169962
0.0091422927;0.0083873514;0.0049169962
0.007166008;0.0083873514;0.012822134
0.0091422927;0.010363637;0.012822134
0.007166008;0.0064110672;0.012822134
0.0091422927;0.0083873514;0.0049169962
0.007166008;0.0083873514;0.0049169962
0.007166008;0.0083873514;0.012822134
0.007166008;0.0083873514;0.0049169962
0.007166008;0.0083873514;0.012822134
0.007166008;0.0083873514;0.0049169962
0.007166008;0.0083873514;0.012822134
0.007166008;0.0083873514;0.0049169962
0.007166008;0.0064110672;0.012822134
0.007166008;0.0064110672;0.012822134
0.0051897233;0.0064110672;0.012822134
0.007166008;0.0064110672;0.012822134
0.007166008;0.0083873514;0.012822134
0.0051897233;0.0064110672;0.0049169962
0.007166008;0.0064110672;0.012822134
0.0051897233;0.0064110672;0.012822134
0.0051897233;0.0064110672;0.012822134
0.0051897233;0.0083873514;0.012822134
0.0051897233;0.0064110672;0.0049169962
0.0051897233;0.0064110672;0.012822134
0.0051897233;0.0044347825;0.012822134
0.0051897233;0.0064110672;0.0049169962
0.007166008;0.0044347825;0.012822134
0.0051897233;0.0044347825;0.012822134
0.0051897233;0.0064110672;0.0049169962
0.0051897233;0.0044347825;0.012822134
0.0051897233;0.0064110672;0.012822134
0.0051897233;0.0064110672;0.012822134
0.0032134387;0.0044347825;0.012822134
0.0032134387;0.0044347825;0.012822134
0.0051897233;0.0044347825;0.012822134
0.0032134387;0.0044347825;0.0049169962
0.0032134387;0.0044347825;0.0049169962
0.0032134387;0.0044347825;0.0049169962
0.0032134387;0.0044347825;0.0049169962
0.0051897233;0.0044347825;0.012822134
0.0032134387;0.0044347825;0.012822134
0.0032134387;0.0024584981;0.0049169962
0.0012371541;0.0024584981;0.012822134
0.0032134387;0.0024584981;0.012822134
0.0032134387;0.0024584981;0.0049169962
0.0012371541;0.0024584981;0.012822134
0.0012371541;0.0024584981;0.012822134
0.0032134387;0.0024584981;0.0049169962
0.0032134387;0.0024584981;0.012822134
0.0012371541;0.0024584981;0.012822134
0.0012371541;0.0024584981;0.0049169962
0.0012371541;0.0024584981;0.0049169962
0.0012371541;0.0044347825;0.0049169962
0.0012371541;0.0024584981;0.0049169962
0.0012371541;0.0024584981;0.0049169962
0.0012371541;0.0024584981;0.012822134
0.0012371541;0.0024584981;0.0049169962
0.0012371541;0.0024584981;0.012822134
0.0012371541;0.0024584981;0.012822134
0.0012371541;0.0024584981;0.012822134
0.0012371541;0.00048221345;0.0049169962
-0.00073913042;0.00048221345;0.012822134
0.0012371541;0.0024584981;0.012822134
0.0012371541;0.00048221345;0.012822134
-0.00073913042;0.0024584981;0.012822134
-0.00073913042;0.00048221345;0.0049169962
0.0012371541;0.00048221345;0.0049169962
-0.00073913042;0.00048221345;0.012822134
-0.00073913042;0.00048221345;0.0049169962
-0.00073913042;0.00048221345;0.0049169962
-0.00073913042;-0.0014940711;0.012822134
-0.00073913042;-0.0014940711;0.012822134
-0.00073913042;0.00048221345;0.012822134
-0.00073913042;0.00048221345;0.0049169962
-0.00073913042;0.00048221345;0.0049169962
-0.00073913042;0.00048221345;0.0049169962
-0.00073913042;0.00048221345;0.012822134
-0.00073913042;-0.0014940711;0.012822134
-0.00073913042;-0.0014940711;0.0049169962
-0.00073913042;-0.0014940711;0.012822134
-0.0027154151;-0.0014940711;0.012822134
-0.00073913042;-0.0014940711;0.0049169962
-0.00073913042;0.00048221345;0.0049169962
-0.0027154151;0.00048221345;0.0049169962
-0.0027154151;-0.0014940711;0.012822134
-0.0027154151;-0.0014940711;0.012822134
-0.0027154151;-0.0014940711;0.012822134
-0.0027154151;0.00048221345;0.012822134
-0.0027154151;-0.0014940711;0.0049169962
-0.0027154151;0.00048221345;0.0049169962
-0.00073913042;-0.0034703556;0.012822134
-0.0027154151;-0.0014940711;0.012822134
-0.0027154151;-0.0014940711;0.012822134
-0.0027154151;-0.0014940711;0.0049169962
-0.0027154151;-0.0014940711;0.0049169962
-0.0027154151;-0.0014940711;0.0049169962
-0.0027154151;-0.0014940711;0.012822134
-0.0027154151;-0.0014940711;0.012822134
-0.0046916995;-0.0014940711;0.0049169962
-0.0027154151;-0.0014940711;0.012822134
-0.0046916995;-0.0014940711;0.0049169962
-0.0046916995;-0.0034703556;0.012822134
-0.0027154151;-0.0014940711;0.012822134
-0.0046916995;-0.0014940711;0.0049169962
-0.0046916995;-0.0034703556;0.012822134
-0.0046916995;-0.0034703556;0.012822134
-0.0046916995;-0.0014940711;0.0049169962
-0.0046916995;-0.0034703556;0.0049169962
-0.0046916995;-0.0034703556;0.0049169962
-0.0027154151;-0.0034703556;0.012822134
-0.0046916995;-0.0034703556;0.012822134
-0.0046916995;-0.0054466403;0.012822134
-0.0046916995;-0.0034703556;0.012822134
-0.0046916995;-0.0034703556;0.012822134
-0.0066679842;-0.0034703556;0.012822134
-0.0066679842;-0.0034703556;0.0049169962
-0.0066679842;-0.0054466403;0.0049169962
-0.0046916995;-0.0034703556;0.012822134
-0.0066679842;-0.0034703556;0.0049169962
-0.0066679842;-0.0034703556;0.0049169962
-0.0046916995;-0.0034703556;0.0049169962
-0.0066679842;-0.0054466403;0.0049169962
-0.0046916995;-0.0054466403;0.012822134
-0.0066679842;-0.0054466403;0.012822134
-0.0066679842;-0.0054466403;0.012822134
-0.0066679842;-0.0054466403;0.0049169962
-0.0066679842;-0.0054466403;0.012822134
-0.0066679842;-0.0054466403;0.012822134
-0.0066679842;-0.0054466403;0.0049169962
-0.0066679842;-0.007422925;0.012822134
-0.0066679842;-0.0034703556;0.0049169962
-0.0066679842;-0.007422925;0.012822134
-0.0066679842;-0.007422925;0.0049169962
-0.0066679842;-0.007422925;0.0049169962
-0.0066679842;-0.0054466403;0.0049169962
-0.0066679842;-0.0054466403;0.012822134
-0.0066679842;-0.0054466403;0.012822134
-0.0066679842;-0.0054466403;0.0049169962
-0.0066679842;-0.0054466403;0.012822134
-0.0086442688;-0.0054466403;0.012822134
-0.0066679842;-0.0054466403;0.0049169962
-0.0086442688;-0.0054466403;0.0049169962
-0.0086442688;-0.0054466403;0.012822134
-0.0066679842;-0.0054466403;0.012822134
-0.0086442688;-0.007422925;0.0049169962
-0.0066679842;-0.0054466403;0.012822134
-0.0066679842;-0.007422925;0.012822134
-0.0086442688;-0.0054466403;0.0049169962
-0.0086442688;-0.007422925;0.0049169962
-0.0086442688;-0.007422925;0.012822134
-0.0086442688;-0.007422925;0.012822134
-0.0086442688;-0.007422925;0.012822134
-0.0086442688;-0.007422925;0.012822134
-0.0086442688;-0.007422925;-0.0029881422
-0.0086442688;-0.007422925;0.0049169962
-0.010620553;-0.007422925;0.0049169962
-0.0086442688;-0.007422925;0.0049169962
-0.010620553;-0.0093992092;0.0049169962
-0.0086442688;-0.007422925;0.012822134
-0.010620553;-0.007422925;0.0049169962
-0.010620553;-0.007422925;0.0049169962
-0.0086442688;-0.007422925;0.0049169962
-0.0086442688;-0.007422925;0.012822134
-0.012596838;-0.007422925;0.0049169962
-0.010620553;-0.0093992092;0.0049169962
-0.010620553;-0.0093992092;0.0049169962
-0.010620553;-0.007422925;0.012822134
-0.0086442688;-0.0093992092;0.0049169962
-0.010620553;-0.0093992092;0.012822134
-0.010620553;-0.0093992092;0.012822134
-0.010620553;-0.007422925;0.012822134
-0.010620553;-0.0093992092;0.012822134
-0.0086442688;-0.0093992092;0.0049169962
-0.010620553;-0.0093992092;0.012822134
-0.010620553;-0.0093992092;0.012822134
-0.010620553;-0.0093992092;0.0049169962
-0.012596838;-0.0093992092;0.012822134
-0.010620553;-0.0093992092;0.0049169962
-0.010620553;-0.0093992092;0.0049169962
-0.012596838;-0.011375494;0.0049169962
-0.010620553;-0.0093992092;0.012822134
-0.010620553;-0.0093992092;0.0049169962
-0.010620553;-0.011375494;0.012822134
-0.012596838;-0.011375494;0.012822134
-0.010620553;-0.0093992092;0.0049169962
-0.010620553;-0.0093992092;0.0049169962
-0.012596838;-0.0093992092;0.0049169962
-0.012596838;-0.011375494;0.012822134
-0.012596838;-0.0093992092;0.0049169962
-0.012596838;-0.011375494;0.0049169962
-0.012596838;-0.011375494;0.0049169962
-0.012596838;-0.011375494;0.0049169962
-0.012596838;-0.011375494;0.0049169962
-0.012596838;-0.011375494;0.012822134
-0.012596838;-0.0093992092;0.0049169962
-0.012596838;-0.011375494;0.012822134
-0.012596838;-0.011375494;0.0049169962
-0.014573122;-0.011375494;0.012822134
-0.012596838;-0.011375494;0.0049169962
-0.012596838;-0.0093992092;0.012822134
-0.012596838;-0.011375494;0.012822134
-0.014573122;-0.011375494;0.012822134
-0.012596838;-0.011375494;0.0049169962
-0.012596838;-0.011375494;0.0049169962
-0.012596838;-0.011375494;0.012822134
-0.014573122;-0.013351778;0.012822134
-0.012596838;-0.011375494;0.0049169962
-0.012596838;-0.011375494;0.0049169962
-0.012596838;-0.011375494;0.0049169962
-0.012596838;-0.011375494;0.0049169962
-0.014573122;-0.011375494;0.0049169962
-0.014573122;-0.011375494;0.0049169962
-0.012596838;-0.011375494;0.0049169962
-0.014573122;-0.011375494;0.012822134
-0.014573122;-0.013351778;0.012822134
-0.014573122;-0.013351778;0.0049169962
-0.014573122;-0.013351778;0.0049169962
-0.014573122;-0.013351778;0.012822134
-0.014573122;-0.013351778;0.0049169962
-0.014573122;-0.013351778;0.012822134
-0.016549407;-0.013351778;0.012822134
-0.012596838;-0.013351778;0.0049169962
-0.014573122;-0.013351778;0.012822134
-0.016549407;-0.013351778;0.0049169962
-0.014573122;-0.013351778;0.0049169962
-0.014573122;-0.013351778;0.012822134
-0.016549407;-0.013351778;0.0049169962
-0.014573122;-0.013351778;0.0049169962
-0.016549407;-0.013351778;0.012822134
-0.014573122;-0.013351778;0.012822134
-0.014573122;-0.015328064;0.0049169962
-0.014573122;-0.015328064;0.012822134
-0.014573122;-0.013351778;0.012822134
-0.014573122;-0.015328064;0.0049169962
-0.016549407;-0.013351778;0.0049169962
-0.016549407;-0.013351778;0.0049169962
-0.016549407;-0.013351778;0.0049169962
-0.016549407;-0.013351778;0.012822134
-0.016549407;-0.015328064;0.0049169962
-0.016549407;-0.015328064;0.012822134
-0.016549407;-0.013351778;0.012822134
-0.016549407;-0.015328064;0.0049169962
-0.016549407;-0.015328064;0.0049169962
-0.014573122;-0.015328064;0.012822134
-0.016549407;-0.013351778;0.012822134
-0.018525692;-0.015328064;0.0049169962
-0.016549407;-0.015328064;0.012822134
-0.014573122;-0.015328064;0.012822134
-0.016549407;-0.015328064;0.012822134
-0.016549407;-0.015328064;0.0049169962
-0.014573122;-0.015328064;0.012822134
-0.016549407;-0.015328064;0.012822134
-0.016549407;-0.015328064;0.012822134
-0.016549407;-0.015328064;0.012822134
-0.018525692;-0.015328064;0.0049169962
-0.018525692;-0.017304348;0.012822134
-0.016549407;-0.015328064;0.0049169962
-0.018525692;-0.015328064;0.012822134
-0.016549407;-0.017304348;0.012822134
-0.018525692;-0.017304348;0.012822134
-0.018525692;-0.017304348;0.0049169962
-0.018525692;-0.015328064;0.012822134
-0.018525692;-0.015328064;0.0049169962
-0.018525692;-0.017304348;0.0049169962
-0.016549407;-0.017304348;0.0049169962
-0.018525692;-0.017304348;0.0049169962
-0.018525692;-0.015328064;0.0049169962
-0.018525692;-0.017304348;0.012822134
-0.018525692;-0.017304348;0.012822134
-0.018525692;-0.017304348;0.012822134
-0.018525692;-0.017304348;0.012822134
-0.018525692;-0.015328064;0.0049169962
-0.020501977;-0.017304348;0.0049169962
-0.020501977;-0.017304348;0.0049169962
-0.018525692;-0.017304348;0.0049169962
-0.018525692;-0.017304348;0.012822134
-0.020501977;-0.017304348;0.012822134
-0.018525692;-0.017304348;0.012822134
-0.018525692;-0.017304348;0.0049169962
-0.020501977;-0.017304348;0.012822134
-0.018525692;-0.017304348;0.0049169962
-0.018525692;-0.017304348;0.0049169962
-0.020501977;-0.017304348;0.012822134
-0.018525692;-0.017304348;0.012822134
-0.018525692;-0.019280633;0.0049169962
-0.018525692;-0.019280633;0.012822134
-0.020501977;-0.019280633;0.012822134
-0.020501977;-0.019280633;0.0049169962
-0.018525692;-0.019280633;0.012822134
-0.020501977;-0.019280633;0.012822134
-0.018525692;-0.017304348;0.012822134
-0.018525692;-0.019280633;0.0049169962
-0.020501977;-0.017304348;0.0049169962
-0.020501977;-0.019280633;0.012822134
-0.018525692;-0.019280633;0.0049169962
-0.02247826;-0.019280633;0.012822134
-0.018525692;-0.019280633;0.012822134
-0.018525692;-0.019280633;0.012822134
-0.020501977;-0.019280633;0.012822134
-0.020501977;-0.019280633;0.012822134
-0.020501977;-0.017304348;0.012822134
-0.020501977;-0.019280633;0.012822134
-0.020501977;-0.019280633;0.0049169962
-0.020501977;-0.019280633;0.012822134
-0.02247826;-0.019280633;0.012822134
-0.020501977;-0.019280633;0.012822134
-0.020501977;-0.019280633;0.012822134
-0.02247826;-0.019280633;0.0049169962
-0.020501977;-0.017304348;0.0049169962
-0.020501977;-0.019280633;0.012822134
-0.02247826;-0.019280633;0.012822134
-0.020501977;-0.019280633;0.012822134
-0.020501977;-0.019280633;0.0049169962
-0.02247826;-0.019280633;0.0049169962
-0.02247826;-0.019280633;0.0049169962
-0.02247826;-0.019280633;0.012822134
-0.020501977;-0.019280633;0.0049169962
-0.020501977;-0.019280633;0.012822134
-0.02247826;-0.019280633;0.0049169962
-0.02247826;-0.021256916;0.0049169962
-0.020501977;-0.019280633;0.012822134
-0.02247826;-0.021256916;0.012822134
-0.02247826;-0.021256916;0.0049169962
-0.02247826;-0.019280633;0.0049169962
-0.02247826;-0.021256916;0.0049169962
-0.020501977;-0.019280633;0.012822134
-0.02247826;-0.019280633;0.012822134
-0.020501977;-0.021256916;0.012822134
-0.02247826;-0.021256916;0.012822134
-0.02247826;-0.021256916;0.012822134
-0.02247826;-0.021256916;0.0049169962
-0.02247826;-0.021256916;0.012822134
-0.02247826;-0.021256916;0.012822134
-0.02247826;-0.021256916;0.012822134
-0.020501977;-0.021256916;0.012822134
-0.02247826;-0.021256916;0.0049169962
-0.02247826;-0.021256916;0.0049169962
-0.02247826;-0.021256916;0.0049169962
-0.02247826;-0.019280633;0.012822134
-0.02247826;-0.021256916;0.012822134
-0.02247826;-0.021256916;0.0049169962
-0.02247826;-0.021256916;0.0049169962
-0.024454545;-0.021256916;0.012822134
-0.024454545;-0.021256916;0.012822134
-0.02247826;-0.021256916;0.012822134
-0.02247826;-0.021256916;0.0049169962
-0.02247826;-0.021256916;0.012822134
-0.02247826;-0.021256916;0.012822134
-0.024454545;-0.021256916;0.012822134
-0.02247826;-0.021256916;0.0049169962
-0.02247826;-0.021256916;0.0049169962
-0.024454545;-0.021256916;0.012822134
-0.024454545;-0.021256916;0.0049169962
-0.02247826;-0.021256916;0.0049169962
-0.024454545;-0.021256916;0.012822134
-0.024454545;-0.021256916;0.0049169962
-0.024454545;-0.021256916;0.012822134
-0.024454545;-0.021256916;0.0049169962
-0.024454545;-0.021256916;0.0049169962
-0.02643083;-0.021256916;0.0049169962
-0.024454545;-0.023233201;0.0049169962
-0.024454545;-0.023233201;0.0049169962
-0.024454545;-0.021256916;0.012822134
-0.024454545;-0.023233201;0.012822134
-0.024454545;-0.021256916;0.0049169962
-0.024454545;-0.023233201;0.012822134
-0.02247826;-0.021256916;0.0049169962
-0.024454545;-0.021256916;0.012822134
-0.024454545;-0.023233201;0.012822134
-0.024454545;-0.023233201;0.012822134
-0.024454545;-0.021256916;0.0049169962
-0.02643083;-0.023233201;0.0049169962
-0.024454545;-0.021256916;0.0049169962
-0.024454545;-0.023233201;0.0049169962
-0.024454545;-0.021256916;0.0049169962
-0.024454545;-0.023233201;0.0049169962
-0.024454545;-0.021256916;0.012822134
-0.024454545;-0.023233201;0.0049169962
-0.02643083;-0.023233201;0.012822134
-0.024454545;-0.023233201;0.012822134
-0.024454545;-0.021256916;0.012822134
-0.02643083;-0.021256916;0.012822134
-0.024454545;-0.023233201;0.0049169962
-0.024454545;-0.021256916;0.012822134
-0.024454545;-0.023233201;0.012822134
-0.024454545;-0.023233201;0.0049169962
-0.02643083;-0.023233201;0.012822134
-0.02643083;-0.023233201;0.012822134
-0.024454545;-0.023233201;0.0049169962
-0.024454545;-0.023233201;0.0049169962
-0.024454545;-0.023233201;0.0049169962
-0.024454545;-0.023233201;0.0049169962
-0.024454545;-0.023233201;0.012822134
-0.024454545;-0.023233201;0.0049169962
-0.02643083;-0.023233201;0.012822134
-0.024454545;-0.023233201;0.012822134
-0.024454545;-0.023233201;0.012822134
-0.02643083;-0.023233201;0.0049169962
-0.024454545;-0.023233201;0.012822134
-0.02643083;-0.023233201;0.0049169962
-0.02643083;-0.023233201;0.012822134
-0.02643083;-0.021256916;0.0049169962
-0.024454545;-0.023233201;0.012822134
-0.024454545;-0.025209486;0.012822134
-0.02643083;-0.025209486;0.012822134
-0.024454545;-0.023233201;0.012822134
-0.02643083;-0.023233201;0.0049169962
-0.024454545;-0.025209486;0.0049169962
-0.02643083;-0.023233201;0.012822134
-0.02643083;-0.023233201;0.0049169962
-0.024454545;-0.025209486;0.012822134
-0.028407115;-0.023233201;0.012822134
-0.02643083;-0.023233201;0.0049169962
-0.024454545;-0.023233201;0.0049169962
-0.024454545;-0.023233201;0.0049169962
-0.024454545;-0.023233201;0.0049169962
-0.02643083;-0.023233201;0.012822134
-0.02643083;-0.025209486;0.012822134
-0.028407115;-0.025209486;0.012822134
-0.02643083;-0.025209486;0.012822134
-0.02643083;-0.023233201;0.0049169962
-0.02643083;-0.023233201;0.012822134
-0.02643083;-0.025209486;0.012822134
-0.02643083;-0.023233201;0.012822134
-0.02643083;-0.025209486;0.0049169962
-0.02643083;-0.023233201;0.0049169962
-0.02643083;-0.025209486;0.0049169962
-0.02643083;-0.023233201;0.0049169962
-0.028407115;-0.025209486;0.0049169962
-0.02643083;-0.025209486;0.012822134
-0.02643083;-0.025209486;0.012822134
-0.02643083;-0.025209486;0.012822134
-0.02643083;-0.025209486;0.012822134
-0.02643083;-0.025209486;0.0049169962
-0.02643083;-0.023233201;0.012822134
-0.02643083;-0.025209486;0.0049169962
-0.02643083;-0.023233201;0.0049169962
-0.02643083;-0.025209486;0.012822134
-0.02643083;-0.025209486;0.0049169962
-0.02643083;-0.025209486;0.0049169962
-0.02643083;-0.025209486;0.0049169962
-0.02643083;-0.023233201;0.0049169962
-0.02643083;-0.025209486;0.0049169962
-0.024454545;-0.025209486;0.012822134
-0.024454545;-0.025209486;0.012822134
-0.02643083;-0.025209486;0.012822134
-0.02643083;-0.025209486;0.012822134
-0.02643083;-0.025209486;0.012822134
-0.02643083;-0.023233201;0.012822134
-0.02643083;-0.023233201;0.012822134
-0.02643083;-0.025209486;0.0049169962
-0.02643083;-0.023233201;0.0049169962
-0.028407115;-0.023233201;0.0049169962
-0.02643083;-0.025209486;0.012822134
-0.02643083;-0.025209486;0.012822134
-0.02643083;-0.025209486;0.0049169962
-0.02643083;-0.023233201;0.012822134
-0.02643083;-0.025209486;0.012822134
-0.02643083;-0.025209486;0.012822134
-0.028407115;-0.025209486;0.0049169962
-0.028407115;-0.025209486;0.0049169962
-0.028407115;-0.025209486;0.0049169962
-0.028407115;-0.025209486;0.0049169962
-0.028407115;-0.025209486;0.012822134
-0.02643083;-0.025209486;0.0049169962
-0.028407115;-0.025209486;0.0049169962
-0.028407115;-0.025209486;0.0049169962
-0.028407115;-0.025209486;0.012822134
-0.028407115;-0.023233201;0.012822134
-0.028407115;-0.025209486;0.012822134
-0.028407115;-0.025209486;0.012822134
-0.02643083;-0.025209486;0.012822134
-0.02643083;-0.025209486;0.0049169962
-0.02643083;-0.025209486;0.0049169962
-0.028407115;-0.025209486;0.012822134
-0.02643083;-0.025209486;0.012822134
-0.02643083;-0.025209486;0.012822134
-0.02643083;-0.025209486;0.012822134
-0.028407115;-0.025209486;0.012822134
-0.028407115;-0.025209486;0.0049169962
-0.02643083;-0.025209486;0.0049169962
-0.02643083;-0.025209486;0.0049169962
-0.02643083;-0.025209486;0.0049169962
-0.02643083;-0.025209486;0.0049169962
-0.028407115;-0.025209486;0.0049169962
-0.028407115;-0.025209486;0.0049169962
-0.028407115;-0.025209486;0.0049169962
-0.028407115;-0.027185772;0.012822134
-0.02643083;-0.025209486;0.012822134
-0.028407115;-0.025209486;0.0049169962
-0.02643083;-0.025209486;0.012822134
-0.02643083;-0.025209486;0.012822134
-0.028407115;-0.025209486;0.012822134
-0.02643083;-0.025209486;0.012822134
-0.028407115;-0.025209486;0.0049169962
-0.02643083;-0.027185772;0.0049169962
-0.028407115;-0.025209486;0.0049169962
-0.028407115;-0.025209486;0.0049169962
-0.028407115;-0.025209486;0.0049169962
-0.02643083;-0.027185772;0.0049169962
-0.028407115;-0.027185772;0.012822134
-0.02643083;-0.025209486;0.0049169962
-0.028407115;-0.027185772;0.012822134
-0.02643083;-0.025209486;0.0049169962
-0.028407115;-0.025209486;0.0049169962
-0.02643083;-0.025209486;0.012822134
-0.028407115;-0.025209486;0.012822134
-0.02643083;-0.025209486;0.012822134
-0.028407115;-0.025209486;0.012822134
-0.02643083;-0.027185772;0.012822134
-0.02643083;-0.025209486;0.012822134
-0.02643083;-0.025209486;0.0049169962
-0.02643083;-0.025209486;0.012822134
-0.02643083;-0.025209486;0.0049169962
-0.02643083;-0.025209486;0.0049169962
-0.028407115;-0.025209486;0.0049169962
-0.028407115;-0.025209486;0.012822134
-0.028407115;-0.027185772;0.0049169962
-0.028407115;-0.025209486;0.012822134
-0.02643083;-0.025209486;0.012822134
-0.028407115;-0.025209486;0.012822134
-0.02643083;-0.025209486;0.0049169962
-0.028407115;-0.025209486;0.0049169962
-0.028407115;-0.025209486;0.0049169962
-0.02643083;-0.025209486;0.0049169962
-0.02643083;-0.025209486;0.0049169962
-0.02643083;-0.025209486;0.012822134
-0.028407115;-0.025209486;0.0049169962
-0.028407115;-0.025209486;0.012822134
-0.028407115;-0.025209486;0.012822134
-0.02643083;-0.025209486;0.0049169962
-0.02643083;-0.025209486;0.0049169962
-0.02643083;-0.025209486;0.012822134
-0.02643083;-0.025209486;0.0049169962
-0.02643083;-0.025209486;0.0049169962
-0.02643083;-0.025209486;0.0049169962
-0.028407115;-0.027185772;0.012822134
-0.02643083;-0.027185772;0.012822134
-0.02643083;-0.025209486;0.012822134
-0.028407115;-0.025209486;0.0049169962
-0.028407115;-0.025209486;0.012822134
-0.02643083;-0.027185772;0.0049169962
-0.028407115;-0.025209486;0.0049169962
-0.028407115;-0.027185772;0.012822134
-0.02643083;-0.027185772;0.0049169962
-0.02643083;-0.027185772;0.0049169962
-0.028407115;-0.025209486;0.0049169962
-0.02643083;-0.025209486;0.012822134
-0.028407115;-0.025209486;0.0049169962
-0.028407115;-0.025209486;0.012822134
-0.028407115;-0.025209486;0.012822134
-0.02643083;-0.025209486;0.0049169962
-0.02643083;-0.025209486;0.0049169962
-0.02643083;-0.025209486;0.012822134
-0.028407115;-0.025209486;0.012822134
-0.02643083;-0.025209486;0.012822134
-0.02643083;-0.025209486;0.0049169962
-0.02643083;-0.025209486;0.0049169962
-0.02643083;-0.025209486;0.012822134
-0.02643083;-0.025209486;0.0049169962
-0.02643083;-0.025209486;0.0049169962
-0.02643083;-0.025209486;0.012822134
-0.02643083;-0.025209486;0.012822134
-0.02643083;-0.027185772;0.0049169962
-0.02643083;-0.025209486;0.012822134
-0.02643083;-0.025209486;0.012822134
-0.02643083;-0.027185772;0.012822134
-0.02643083;-0.025209486;0.0049169962
-0.028407115;-0.027185772;0.0049169962
-0.02643083;-0.025209486;0.0049169962
-0.02643083;-0.025209486;0.012822134
-0.02643083;-0.025209486;0.0049169962
-0.024454545;-0.025209486;0.012822134
-0.02643083;-0.025209486;0.0049169962
-0.02643083;-0.025209486;0.012822134
-0.02643083;-0.025209486;0.0049169962
-0.02643083;-0.025209486;0.0049169962
-0.028407115;-0.025209486;0.0049169962
-0.02643083;-0.025209486;0.012822134
-0.02643083;-0.025209486;0.012822134
-0.02643083;-0.023233201;0.0049169962
-0.02643083;-0.025209486;0.0049169962
-0.02643083;-0.025209486;0.0049169962
-0.02643083;-0.025209486;0.012822134
-0.02643083;-0.025209486;0.012822134
-0.024454545;-0.025209486;0.0049169962
-0.02643083;-0.025209486;0.012822134
-0.02643083;-0.025209486;0.012822134
-0.02643083;-0.025209486;0.0049169962
-0.028407115;-0.023233201;0.0049169962
-0.02643083;-0.025209486;0.0049169962
-0.02643083;-0.025209486;0.0049169962
-0.02643083;-0.025209486;0.0049169962
-0.02643083;-0.025209486;0.012822134
-0.02643083;-0.023233201;0.0049169962
-0.02643083;-0.025209486;0.0049169962
-0.02643083;-0.025209486;0.0049169962
-0.024454545;-0.025209486;0.012822134
-0.02643083;-0.025209486;0.012822134
-0.024454545;-0.025209486;0.012822134
-0.02643083;-0.023233201;0.012822134
-0.02643083;-0.025209486;0.012822134
-0.024454545;-0.027185772;0.0049169962
-0.024454545;-0.025209486;0.0049169962
-0.024454545;-0.025209486;0.012822134
-0.024454545;-0.025209486;0.0049169962
-0.024454545;-0.025209486;0.0049169962
-0.024454545;-0.025209486;0.0049169962
-0.02643083;-0.023233201;0.0049169962
-0.02643083;-0.025209486;0.012822134
-0.02643083;-0.025209486;0.0049169962
-0.02643083;-0.025209486;0.012822134
-0.024454545;-0.025209486;0.0049169962
-0.024454545;-0.025209486;0.0049169962
-0.024454545;-0.023233201;0.012822134
-0.024454545;-0.023233201;0.012822134
-0.024454545;-0.025209486;0.012822134
-0.02643083;-0.023233201;0.012822134
-0.02643083;-0.023233201;0.0049169962
-0.02643083;-0.023233201;0.0049169962
-0.024454545;-0.023233201;0.0049169962
-0.02643083;-0.025209486;0.012822134
-0.024454545;-0.023233201;0.0049169962
-0.02643083;-0.023233201;0.0049169962
-0.024454545;-0.025209486;0.012822134
-0.024454545;-0.023233201;0.0049169962
-0.024454545;-0.023233201;0.0049169962
-0.024454545;-0.023233201;0.0049169962
-0.024454545;-0.025209486;0.0049169962
-0.02643083;-0.023233201;0.012822134
-0.024454545;-0.023233201;0.0049169962
-0.024454545;-0.025209486;0.0049169962
-0.024454545;-0.025209486;0.012822134
-0.024454545;-0.023233201;0.0049169962
-0.024454545;-0.025209486;0.012822134
-0.024454545;-0.023233201;0.0049169962
-0.024454545;-0.021256916;0.0049169962
-0.024454545;-0.023233201;0.012822134
-0.02247826;-0.025209486;0.0049169962
-0.024454545;-0.023233201;0.012822134
-0.024454545;-0.023233201;0.012822134
-0.024454545;-0.023233201;0.012822134
-0.024454545;-0.023233201;0.012822134
-0.02247826;-0.025209486;0.0049169962
-0.024454545;-0.023233201;0.0049169962
-0.02247826;-0.023233201;0.0049169962
-0.02247826;-0.023233201;0.012822134
-0.024454545;-0.023233201;0.012822134
-0.024454545;-0.021256916;0.012822134
-0.02247826;-0.023233201;0.0049169962
-0.024454545;-0.023233201;0.0049169962
-0.024454545;-0.023233201;0.0049169962
-0.024454545;-0.023233201;0.012822134
-0.024454545;-0.023233201;0.0049169962
-0.024454545;-0.023233201;0.012822134
-0.02247826;-0.023233201;0.0049169962
-0.024454545;-0.023233201;0.0049169962
-0.024454545;-0.021256916;0.012822134
-0.02247826;-0.023233201;0.012822134
-0.02247826;-0.023233201;0.012822134
-0.024454545;-0.023233201;0.012822134
-0.024454545;-0.023233201;0.0049169962
-0.020501977;-0.021256916;0.012822134
-0.024454545;-0.023233201;0.012822134
-0.02247826;-0.023233201;0.012822134
-0.02247826;-0.021256916;0.0049169962
-0.02247826;-0.023233201;0.012822134
-0.024454545;-0.023233201;0.012822134
-0.02247826;-0.021256916;0.012822134
-0.024454545;-0.021256916;0.012822134
-0.02247826;-0.021256916;0.012822134
-0.02247826;-0.021256916;0.0049169962
-0.02247826;-0.021256916;0.012822134
-0.02247826;-0.021256916;0.0049169962
-0.02247826;-0.021256916;0.012822134
-0.02643083;-0.021256916;0.0049169962
-0.02247826;-0.023233201;0.0049169962
-0.02247826;-0.021256916;0.012822134
-0.02247826;-0.019280633;0.012822134
-0.02247826;-0.021256916;0.0049169962
-0.02247826;-0.021256916;0.012822134
-0.02247826;-0.021256916;0.0049169962
-0.02247826;-0.021256916;0.0049169962
-0.02247826;-0.021256916;0.012822134
-0.02247826;-0.021256916;0.0049169962
-0.02247826;-0.021256916;0.012822134
-0.02247826;-0.019280633;0.012822134
-0.02247826;-0.021256916;0.0049169962
-0.02247826;-0.021256916;0.012822134
-0.024454545;-0.021256916;0.012822134
-0.02247826;-0.023233201;0.012822134
-0.02247826;-0.021256916;0.0049169962
-0.02247826;-0.021256916;0.0049169962
-0.02247826;-0.021256916;0.0049169962
-0.02247826;-0.021256916;0.012822134
-0.02247826;-0.021256916;0.012822134
-0.02247826;-0.021256916;0.0049169962
-0.020501977;-0.021256916;0.012822134
-0.020501977;-0.021256916;0.012822134
-0.02247826;-0.021256916;0.0049169962
-0.02247826;-0.021256916;0.012822134
-0.020501977;-0.021256916;0.0049169962
-0.02247826;-0.021256916;0.0049169962
-0.024454545;-0.019280633;0.012822134
-0.020501977;-0.019280633;0.012822134
-0.024454545;-0.021256916;0.0049169962
-0.02247826;-0.021256916;0.012822134
-0.02247826;-0.019280633;0.0049169962
-0.02247826;-0.021256916;0.012822134
-0.020501977;-0.021256916;0.0049169962
-0.020501977;-0.019280633;0.0049169962
-0.020501977;-0.019280633;0.012822134
-0.02247826;-0.021256916;0.0049169962
-0.020501977;-0.019280633;0.0049169962
-0.02247826;-0.019280633;0.012822134
-0.020501977;-0.019280633;0.012822134
-0.020501977;-0.021256916;0.0049169962
-0.020501977;-0.019280633;0.012822134
-0.02247826;-0.019280633;0.012822134
-0.020501977;-0.019280633;0.012822134
-0.02247826;-0.019280633;0.012822134
-0.020501977;-0.019280633;0.012822134
-0.02247826;-0.019280633;0.0049169962
-0.020501977;-0.019280633;0.0049169962
-0.020501977;-0.019280633;0.012822134
-0.020501977;-0.019280633;0.012822134
-0.020501977;-0.017304348;0.0049169962
-0.020501977;-0.019280633;0.0049169962
-0.020501977;-0.019280633;0.012822134
-0.020501977;-0.019280633;0.012822134
-0.020501977;-0.019280633;0.0049169962
-0.020501977;-0.019280633;0.012822134
-0.020501977;-0.019280633;0.0049169962
-0.018525692;-0.019280633;0.012822134
-0.018525692;-0.019280633;0.0049169962
-0.02247826;-0.019280633;0.012822134
-0.018525692;-0.017304348;0.0049169962
-0.020501977;-0.017304348;0.012822134
-0.018525692;-0.019280633;0.012822134
-0.020501977;-0.019280633;0.012822134
-0.018525692;-0.019280633;0.012822134
-0.018525692;-0.019280633;0.012822134
-0.018525692;-0.017304348;0.0049169962
-0.018525692;-0.019280633;0.012822134
-0.020501977;-0.017304348;0.0049169962
-0.018525692;-0.017304348;0.0049169962
-0.020501977;-0.017304348;0.012822134
-0.018525692;-0.017304348;0.0049169962
-0.018525692;-0.019280633;0.0049169962
-0.020501977;-0.017304348;0.012822134
-0.018525692;-0.017304348;0.0049169962
-0.018525692;-0.017304348;0.0049169962
-0.018525692;-0.019280633;0.012822134
-0.018525692;-0.017304348;0.0049169962
-0.018525692;-0.017304348;0.0049169962
-0.018525692;-0.017304348;0.012822134
-0.018525692;-0.017304348;0.0049169962
-0.020501977;-0.017304348;0.0049169962
-0.016549407;-0.017304348;0.0049169962
-0.018525692;-0.017304348;0.012822134
-0.020501977;-0.017304348;0.0049169962
-0.016549407;-0.017304348;0.0049169962
-0.016549407;-0.017304348;0.012822134
-0.016549407;-0.017304348;0.012822134
-0.018525692;-0.017304348;0.012822134
-0.018525692;-0.017304348;0.012822134
-0.016549407;-0.017304348;0.012822134
-0.016549407;-0.017304348;0.0049169962
-0.018525692;-0.017304348;0.012822134
-0.016549407;-0.017304348;0.012822134
-0.016549407;-0.017304348;0.0049169962
-0.016549407;-0.017304348;0.012822134
-0.016549407;-0.017304348;0.0049169962
-0.016549407;-0.015328064;0.012822134
-0.018525692;-0.017304348;0.0049169962
-0.014573122;-0.015328064;0.012822134
-0.016549407;-0.015328064;0.012822134
-0.018525692;-0.015328064;0.0049169962
-0.018525692;-0.015328064;0.012822134
-0.016549407;-0.015328064;0.012822134
-0.016549407;-0.015328064;0.012822134
-0.016549407;-0.015328064;0.012822134
-0.016549407;-0.015328064;0.012822134
-0.018525692;-0.015328064;0.012822134
-0.016549407;-0.015328064;0.0049169962
-0.016549407;-0.015328064;0.0049169962
-0.014573122;-0.015328064;0.0049169962
-0.016549407;-0.015328064;0.0049169962
-0.014573122;-0.013351778;0.012822134
-0.014573122;-0.015328064;0.012822134
-0.014573122;-0.015328064;0.0049169962
-0.016549407;-0.015328064;0.012822134
-0.016549407;-0.013351778;0.012822134
-0.014573122;-0.015328064;0.012822134
-0.014573122;-0.013351778;0.012822134
-0.014573122;-0.013351778;0.012822134
-0.014573122;-0.015328064;0.0049169962
-0.012596838;-0.015328064;0.012822134
-0.016549407;-0.013351778;0.0049169962
-0.014573122;-0.013351778;0.0049169962
-0.014573122;-0.013351778;0.0049169962
-0.014573122;-0.013351778;0.0049169962
-0.014573122;-0.013351778;0.012822134
-0.014573122;-0.013351778;0.0049169962
-0.014573122;-0.013351778;0.012822134
-0.012596838;-0.015328064;0.0049169962
-0.014573122;-0.013351778;0.0049169962
-0.014573122;-0.013351778;0.012822134
-0.014573122;-0.013351778;0.012822134
-0.014573122;-0.013351778;0.012822134
-0.012596838;-0.011375494;0.012822134
-0.016549407;-0.013351778;0.012822134
-0.014573122;-0.013351778;0.012822134
-0.014573122;-0.013351778;0.0049169962
-0.014573122;-0.013351778;0.012822134
-0.012596838;-0.013351778;0.0049169962
-0.012596838;-0.011375494;0.012822134
-0.014573122;-0.011375494;0.012822134
-0.012596838;-0.011375494;0.0049169962
-0.012596838;-0.013351778;0.012822134
-0.012596838;-0.013351778;0.012822134
-0.012596838;-0.011375494;0.012822134
-0.012596838;-0.013351778;0.0049169962
-0.012596838;-0.013351778;0.0049169962
-0.012596838;-0.011375494;0.012822134
-0.012596838;-0.013351778;0.0049169962
-0.012596838;-0.011375494;0.012822134
-0.012596838;-0.011375494;0.012822134
-0.012596838;-0.011375494;0.012822134
-0.012596838;-0.011375494;0.012822134
-0.010620553;-0.011375494;0.0049169962
-0.012596838;-0.011375494;0.0049169962
-0.012596838;-0.011375494;0.0049169962
-0.012596838;-0.011375494;0.012822134
-0.012596838;-0.011375494;0.012822134
-0.012596838;-0.011375494;0.012822134
-0.012596838;-0.011375494;0.012822134
-0.012596838;-0.011375494;0.012822134
-0.012596838;-0.011375494;0.0049169962
-0.012596838;-0.011375494;0.012822134
-0.010620553;-0.013351778;0.0049169962
-0.010620553;-0.011375494;0.0049169962
-0.012596838;-0.011375494;0.0049169962
-0.010620553;-0.011375494;0.0049169962
-0.010620553;-0.011375494;0.012822134
-0.010620553;-0.011375494;0.0049169962
-0.010620553;-0.0093992092;0.0049169962
-0.010620553;-0.011375494;0.012822134
-0.010620553;-0.011375494;0.012822134
-0.0086442688;-0.0093992092;0.0049169962
-0.0086442688;-0.0093992092;0.0049169962
-0.010620553;-0.0093992092;0.0049169962
-0.0086442688;-0.0093992092;0.012822134
-0.010620553;-0.0093992092;0.012822134
-0.010620553;-0.0093992092;0.0049169962
-0.010620553;-0.0093992092;0.0049169962
-0.0086442688;-0.0093992092;0.012822134
-0.010620553;-0.0093992092;0.012822134
-0.010620553;-0.0093992092;0.012822134
-0.010620553;-0.0093992092;0.0049169962
-0.0086442688;-0.0093992092;0.0049169962
-0.0086442688;-0.007422925;0.0049169962
-0.010620553;-0.0093992092;0.0049169962
-0.0086442688;-0.007422925;0.012822134
-0.0086442688;-0.007422925;0.0049169962
-0.0086442688;-0.007422925;0.012822134
-0.0086442688;-0.007422925;0.0049169962
-0.0086442688;-0.0093992092;0.012822134
-0.0086442688;-0.007422925;0.012822134
-0.0086442688;-0.007422925;0.0049169962
-0.0066679842;-0.007422925;0.0049169962
-0.0086442688;-0.0093992092;0.012822134
-0.0066679842;-0.007422925;0.012822134
-0.0086442688;-0.007422925;0.0049169962
-0.0086442688;-0.007422925;0.0049169962
-0.0086442688;-0.007422925;0.012822134
-0.0066679842;-0.007422925;0.012822134
-0.0086442688;-0.007422925;0.0049169962
-0.0086442688;-0.007422925;0.0049169962
-0.0066679842;-0.007422925;0.0049169962
-0.0086442688;-0.0054466403;0.012822134
-0.0066679842;-0.007422925;0.0049169962
-0.0066679842;-0.0054466403;0.0049169962
-0.0066679842;-0.007422925;0.012822134
-0.0066679842;-0.0054466403;0.0049169962
-0.0066679842;-0.0054466403;0.012822134
-0.0066679842;-0.0054466403;0.0049169962
-0.0086442688;-0.007422925;0.0049169962
-0.0066679842;-0.007422925;0.012822134
-0.0066679842;-0.0054466403;0.0049169962
-0.0066679842;-0.0054466403;0.0049169962
-0.0066679842;-0.0054466403;0.012822134
-0.0066679842;-0.0054466403;0.0049169962
-0.0066679842;-0.0054466403;0.012822134
-0.0066679842;-0.0054466403;0.012822134
-0.0066679842;-0.0054466403;0.0049169962
-0.0066679842;-0.0054466403;0.012822134
-0.0086442688;-0.0054466403;0.0049169962
-0.0066679842;-0.0054466403;0.0049169962
-0.0066679842;-0.0054466403;0.0049169962
-0.0066679842;-0.0054466403;0.0049169962
-0.0046916995;-0.0054466403;0.012822134
-0.0046916995;-0.0054466403;0.0049169962
-0.0046916995;-0.0034703556;0.012822134
-0.0046916995;-0.0054466403;0.0049169962
-0.0046916995;-0.0034703556;0.0049169962
-0.0046916995;-0.0034703556;0.0049169962
-0.0046916995;-0.0034703556;0.0049169962
-0.0066679842;-0.0054466403;0.0049169962
-0.0066679842;-0.0054466403;0.0049169962
-0.0046916995;-0.0054466403;0.0049169962
-0.0046916995;-0.0034703556;0.0049169962
-0.0046916995;-0.0054466403;0.0049169962
-0.0046916995;-0.0034703556;0.0049169962
-0.0046916995;-0.0054466403;0.0049169962
-0.0046916995;-0.0054466403;0.012822134
-0.0046916995;-0.0034703556;0.012822134
-0.0066679842;-0.0034703556;0.0049169962
-0.0046916995;-0.0054466403;0.012822134
-0.0027154151;-0.0034703556;0.0049169962
-0.0046916995;-0.0034703556;0.0049169962
-0.0046916995;-0.0054466403;0.0049169962
-0.0046916995;-0.0034703556;0.0049169962
-0.0027154151;-0.0034703556;0.0049169962
-0.0046916995;-0.0034703556;0.012822134
-0.0027154151;-0.0034703556;0.0049169962
-0.0027154151;-0.0034703556;0.012822134
-0.0027154151;-0.0034703556;0.0049169962
-0.0046916995;-0.0034703556;0.012822134
-0.0027154151;-0.0034703556;0.012822134
-0.00073913042;-0.0034703556;0.0049169962
-0.0027154151;-0.0014940711;0.012822134
-0.0027154151;-0.0034703556;0.0049169962
-0.0027154151;-0.0034703556;0.0049169962
-0.0027154151;-0.0034703556;0.0049169962
-0.0027154151;-0.0014940711;0.012822134
-0.0027154151;-0.0014940711;0.012822134
-0.00073913042;-0.0034703556;0.012822134
-0.0027154151;-0.0014940711;0.0049169962
-0.0027154151;-0.0034703556;0.012822134
-0.0027154151;-0.0014940711;0.0049169962
-0.0027154151;-0.0014940711;0.012822134
-0.0027154151;0.00048221345;0.012822134
-0.00073913042;-0.0014940711;0.012822134
-0.0027154151;-0.0014940711;0.012822134
-0.00073913042;0.00048221345;0.0049169962
-0.00073913042;-0.0014940711;0.0049169962
-0.0027154151;-0.0014940711;0.0049169962
-0.00073913042;-0.0014940711;0.012822134
-0.00073913042;-0.0034703556;0.012822134
-0.00073913042;0.00048221345;0.012822134
-0.00073913042;0.00048221345;0.012822134
-0.00073913042;-0.0014940711;0.012822134
-0.00073913042;-0.0014940711;0.012822134
-0.00073913042;-0.0014940711;0.0049169962
-0.00073913042;0.00048221345;0.012822134
-0.00073913042;-0.0014940711;0.0049169962
-0.00073913042;0.00048221345;0.012822134
-0.00073913042;-0.0014940711;0.0049169962
-0.00073913042;0.00048221345;0.012822134
0.0012371541;0.00048221345;0.012822134
-0.00073913042;0.00048221345;0.012822134
0.0012371541;0.00048221345;0.0049169962
-0.00073913042;0.00048221345;0.0049169962
0.0012371541;0.00048221345;0.012822134
0.0012371541;0.00048221345;0.0049169962
0.0012371541;0.00048221345;0.012822134
0.0012371541;0.0024584981;0.012822134
-0.00073913042;0.00048221345;0.0049169962
0.0012371541;0.00048221345;0.012822134
0.0012371541;0.00048221345;0.0049169962
0.0012371541;0.00048221345;0.012822134
0.0012371541;0.00048221345;0.012822134
0.0012371541;0.00048221345;0.0049169962
0.0012371541;0.00048221345;0.0049169962
0.0012371541;0.0024584981;0.0049169962
0.0032134387;0.0024584981;0.0049169962
0.0012371541;0.0024584981;0.0049169962
0.0012371541;0.0024584981;0.0049169962
0.0012371541;0.0024584981;0.012822134
0.0032134387;0.0024584981;0.012822134
0.0032134387;0.0024584981;0.0049169962
0.0051897233;0.0024584981;0.0049169962
0.0032134387;0.0024584981;0.0049169962
0.0032134387;0.0024584981;0.0049169962
0.0032134387;0.00048221345;0.0049169962
0.0012371541;0.0024584981;0.012822134
0.0032134387;0.0024584981;0.0049169962
0.0051897233;0.0024584981;0.012822134
0.0051897233;0.0024584981;0.012822134
0.0051897233;0.0024584981;0.012822134
0.0051897233;0.0024584981;0.0049169962
0.0051897233;0.0024584981;0.0049169962
0.0051897233;0.0044347825;0.0049169962
0.0032134387;0.0044347825;0.0049169962
0.0051897233;0.0044347825;0.0049169962
0.0051897233;0.0044347825;0.012822134
0.0051897233;0.0044347825;0.0049169962
0.0051897233;0.0044347825;0.012822134
0.0051897233;0.0024584981;0.0049169962
0.007166008;0.0044347825;0.0049169962
0.007166008;0.0064110672;0.012822134
0.0051897233;0.0044347825;0.0049169962
0.007166008;0.0044347825;0.012822134
0.0051897233;0.0044347825;0.0049169962
0.0051897233;0.0064110672;0.0049169962
0.0051897233;0.0044347825;0.0049169962
0.0051897233;0.0044347825;0.0049169962
0.007166008;0.0044347825;0.0049169962
0.007166008;0.0044347825;0.0049169962
0.007166008;0.0064110672;0.012822134
0.0051897233;0.0064110672;0.012822134
0.0051897233;0.0064110672;0.012822134
0.0051897233;0.0044347825;0.0049169962
0.007166008;0.0044347825;0.0049169962
0.007166008;0.0044347825;0.012822134
0.007166008;0.0064110672;0.0049169962
0.0091422927;0.0064110672;0.0049169962
0.007166008;0.0064110672;0.0049169962
0.007166008;0.0064110672;0.0049169962
0.007166008;0.0064110672;0.012822134
0.007166008;0.0083873514;0.012822134
0.0091422927;0.0083873514;0.012822134
0.007166008;0.0083873514;0.0049169962
0.0091422927;0.0064110672;0.0049169962
0.0091422927;0.0064110672;0.0049169962
0.007166008;0.0083873514;0.012822134
0.007166008;0.0064110672;0.012822134
0.007166008;0.0064110672;0.0049169962
0.0091422927;0.0064110672;0.0049169962
0.0091422927;0.0083873514;0.0049169962
0.0091422927;0.0083873514;0.0049169962
0.0091422927;0.0064110672;0.0049169962
0.0091422927;0.0083873514;0.0049169962
0.007166008;0.0083873514;0.012822134
0.0091422927;0.0083873514;0.0049169962
0.0091422927;0.0083873514;0.0049169962
0.0091422927;0.0083873514;0.0049169962
0.011118577;0.0083873514;0.012822134
0.0091422927;0.010363637;0.0049169962
0.0091422927;0.0083873514;0.0049169962
0.0091422927;0.010363637;0.0049169962
0.0091422927;0.010363637;0.0049169962
0.0091422927;0.010363637;0.0049169962
0.011118577;0.0083873514;0.012822134
0.011118577;0.0083873514;0.0049169962
0.0091422927;0.0083873514;0.0049169962
0.011118577;0.010363637;0.012822134
0.011118577;0.010363637;0.012822134
0.011118577;0.010363637;0.012822134
0.013094862;0.010363637;0.0049169962
0.011118577;0.010363637;0.012822134
0.011118577;0.010363637;0.0049169962
0.011118577;0.010363637;0.0049169962
0.011118577;0.010363637;0.0049169962
0.011118577;0.012339921;0.0049169962
0.011118577;0.010363637;0.012822134
0.013094862;0.010363637;0.012822134
0.013094862;0.010363637;0.0049169962
0.011118577;0.010363637;0.0049169962
0.013094862;0.010363637;0.0049169962
0.013094862;0.010363637;0.012822134
0.011118577;0.012339921;0.012822134
0.011118577;0.012339921;0.0049169962
0.015071146;0.012339921;0.012822134
0.011118577;0.012339921;0.0049169962
0.013094862;0.012339921;0.012822134
0.013094862;0.012339921;0.0049169962
0.015071146;0.012339921;0.0049169962
0.013094862;0.012339921;0.0049169962
0.013094862;0.014316206;0.012822134
0.015071146;0.012339921;0.012822134
0.015071146;0.012339921;0.012822134
0.015071146;0.012339921;0.0049169962
0.015071146;0.012339921;0.0049169962
0.013094862;0.012339921;0.012822134
0.015071146;0.012339921;0.012822134
0.017047431;0.012339921;0.012822134
0.015071146;0.014316206;0.012822134
0.015071146;0.012339921;0.012822134
0.017047431;0.014316206;0.0049169962
0.015071146;0.014316206;0.0049169962
0.015071146;0.014316206;0.0049169962
0.017047431;0.014316206;0.012822134
0.015071146;0.014316206;0.0049169962
0.017047431;0.014316206;0.012822134
0.017047431;0.012339921;0.012822134
0.017047431;0.014316206;0.0049169962
0.017047431;0.014316206;0.012822134
0.017047431;0.014316206;0.012822134
0.017047431;0.014316206;0.0049169962
0.019023715;0.014316206;0.0049169962
0.017047431;0.01629249;0.012822134
0.017047431;0.01629249;0.012822134
0.017047431;0.01629249;0.0049169962
0.017047431;0.014316206;0.0049169962
0.017047431;0.01629249;0.0049169962
0.017047431;0.014316206;0.012822134
0.017047431;0.01629249;0.0049169962
0.019023715;0.01629249;0.0049169962
0.017047431;0.01629249;0.012822134
0.017047431;0.01629249;0.0049169962
0.019023715;0.01629249;0.0049169962
0.019023715;0.018268775;0.0049169962
0.019023715;0.01629249;0.0049169962
0.019023715;0.01629249;0.0049169962
0.019023715;0.01629249;0.0049169962
0.019023715;0.01629249;0.0049169962
0.019023715;0.018268775;0.012822134
0.019023715;0.018268775;0.0049169962
0.019023715;0.018268775;0.0049169962
0.019023715;0.018268775;0.012822134
0.019023715;0.018268775;0.012822134
0.019023715;0.018268775;0.012822134
0.019023715;0.018268775;0.012822134
0.019023715;0.018268775;0.0049169962
0.019023715;0.018268775;0.012822134
0.019023715;0.018268775;0.0049169962
0.021;0.018268775;0.012822134
0.021;0.018268775;0.0049169962
0.021;0.018268775;0.0049169962
0.021;0.020245058;0.012822134
0.019023715;0.018268775;0.0049169962
0.021;0.018268775;0.0049169962
0.021;0.020245058;0.0049169962
0.021;0.020245058;0.0049169962
0.021;0.020245058;0.012822134
0.021;0.020245058;0.012822134
0.021;0.020245058;0.012822134
0.021;0.020245058;0.0049169962
0.021;0.020245058;0.012822134
0.022976285;0.020245058;0.012822134
0.021;0.020245058;0.012822134
0.021;0.020245058;0.0049169962
0.022976285;0.020245058;0.0049169962
0.021;0.018268775;0.012822134
0.021;0.020245058;0.0049169962
0.022976285;0.020245058;0.0049169962
0.021;0.020245058;0.012822134
0.022976285;0.020245058;0.0049169962
0.022976285;0.020245058;0.0049169962
0.022976285;0.020245058;0.012822134
0.022976285;0.022221344;0.0049169962
0.022976285;0.022221344;0.0049169962
0.022976285;0.022221344;0.0049169962
0.02495257;0.020245058;0.012822134
0.022976285;0.022221344;0.0049169962
0.022976285;0.022221344;0.0049169962
0.022976285;0.022221344;0.012822134
0.022976285;0.024197629;0.0049169962
0.022976285;0.022221344;0.012822134
0.022976285;0.022221344;0.012822134
0.022976285;0.024197629;0.012822134
0.02495257;0.022221344;0.012822134
0.02495257;0.022221344;0.0049169962
0.02495257;0.022221344;0.012822134
0.02495257;0.022221344;0.0049169962
0.022976285;0.024197629;0.0049169962
0.022976285;0.022221344;0.012822134
0.02495257;0.022221344;0.012822134
0.02495257;0.022221344;0.012822134
0.02495257;0.024197629;0.0049169962
0.02495257;0.022221344;0.012822134
0.02495257;0.024197629;0.012822134
0.02495257;0.024197629;0.0049169962
0.02495257;0.024197629;0.0049169962
0.026928853;0.024197629;0.0049169962
0.026928853;0.024197629;0.012822134
0.02495257;0.024197629;0.0049169962
0.02495257;0.024197629;0.0049169962
0.026928853;0.024197629;0.0049169962
0.02495257;0.022221344;0.012822134
0.026928853;0.024197629;0.0049169962
0.026928853;0.024197629;0.0049169962
0.02495257;0.026173914;0.012822134
0.026928853;0.024197629;0.0049169962
0.026928853;0.026173914;0.012822134
0.026928853;0.026173914;0.012822134
0.026928853;0.026173914;0.0049169962
0.026928853;0.026173914;0.012822134
0.026928853;0.026173914;0.0049169962
0.026928853;0.026173914;0.012822134
0.028905138;0.026173914;0.012822134
0.026928853;0.026173914;0.0049169962
0.028905138;0.026173914;0.0049169962
0.026928853;0.026173914;0.0049169962
0.028905138;0.026173914;0.012822134
0.026928853;0.026173914;0.0049169962
0.028905138;0.028150197;0.012822134
0.028905138;0.028150197;0.0049169962
0.028905138;0.028150197;0.012822134
0.030881424;0.026173914;0.0049169962
0.028905138;0.026173914;0.012822134
0.030881424;0.026173914;0.0049169962
0.030881424;0.028150197;0.0049169962
0.030881424;0.028150197;0.012822134
0.028905138;0.026173914;0.0049169962
0.030881424;0.030126482;0.0049169962
0.028905138;0.028150197;0.012822134
0.028905138;0.028150197;0.0049169962
0.028905138;0.028150197;0.012822134
0.030881424;0.028150197;0.0049169962
0.030881424;0.028150197;0.012822134
0.028905138;0.028150197;0.0049169962
0.030881424;0.030126482;0.0049169962
0.028905138;0.028150197;0.0049169962
0.030881424;0.030126482;0.0049169962
0.030881424;0.030126482;0.012822134
0.030881424;0.030126482;0.012822134
0.030881424;0.028150197;0.012822134
0.032857709;0.028150197;0.012822134
0.030881424;0.030126482;0.012822134
0.030881424;0.030126482;0.0049169962
0.030881424;0.030126482;0.012822134
0.030881424;0.030126482;0.0049169962
0.032857709;0.028150197;0.012822134
0.030881424;0.030126482;0.0049169962
0.030881424;0.032102767;0.012822134
0.032857709;0.030126482;0.0049169962
0.030881424;0.030126482;0.012822134
0.030881424;0.030126482;0.0049169962
0.032857709;0.032102767;0.0049169962
0.030881424;0.030126482;0.0049169962
0.030881424;0.032102767;0.0049169962
0.032857709;0.030126482;0.0049169962
0.032857709;0.030126482;0.012822134
0.032857709;0.032102767;0.0049169962
0.034833994;0.032102767;0.012822134
0.034833994;0.032102767;0.0049169962
0.032857709;0.032102767;0.012822134
0.032857709;0.032102767;0.012822134
0.032857709;0.030126482;0.0049169962
0.032857709;0.032102767;0.012822134
0.032857709;0.032102767;0.012822134
0.032857709;0.032102767;0.0049169962
0.034833994;0.032102767;0.012822134
0.032857709;0.032102767;0.012822134
0.032857709;0.032102767;0.0049169962
0.034833994;0.032102767;0.0049169962
0.034833994;0.032102767;0.0049169962
0.034833994;0.034079053;0.012822134
0.034833994;0.034079053;0.0049169962
0.034833994;0.034079053;0.012822134
0.034833994;0.032102767;0.0049169962
0.034833994;0.032102767;0.012822134
0.036810275;0.034079053;0.012822134
0.034833994;0.034079053;0.012822134
0.034833994;0.034079053;0.0049169962
0.036810275;0.034079053;0.0049169962
0.036810275;0.034079053;0.012822134
0.036810275;0.034079053;0.012822134
0.036810275;0.034079053;0.0049169962
0.034833994;0.034079053;0.0049169962
0.036810275;0.036055338;0.0049169962
0.036810275;0.036055338;0.0049169962
0.036810275;0.034079053;0.0049169962
0.036810275;0.034079053;0.0049169962
0.036810275;0.036055338;0.012822134
0.036810275;0.036055338;0.012822134
0.036810275;0.034079053;0.0049169962
0.036810275;0.036055338;0.0049169962
0.036810275;0.036055338;0.0049169962
0.036810275;0.036055338;0.012822134
0.03878656;0.036055338;0.012822134
0.036810275;0.036055338;0.0049169962
0.03878656;0.036055338;0.012822134
0.03878656;0.036055338;0.012822134
0.03878656;0.036055338;0.012822134
0.03878656;0.036055338;0.012822134
0.03878656;0.038031619;0.012822134
0.036810275;0.036055338;0.0049169962
0.040762845;0.036055338;0.012822134
0.03878656;0.038031619;0.012822134
0.03878656;0.036055338;0.0049169962
0.03878656;0.038031619;0.0049169962
0.040762845;0.036055338;0.0049169962
0.03878656;0.038031619;0.012822134
0.03878656;0.038031619;0.012822134
0.03878656;0.038031619;0.012822134
0.03878656;0.038031619;0.0049169962
0.03878656;0.038031619;0.0049169962
0.03878656;0.038031619;0.0049169962
0.03878656;0.038031619;0.012822134
0.03878656;0.038031619;0.0049169962
0.040762845;0.038031619;0.0049169962
0.040762845;0.038031619;0.0049169962
0.040762845;0.038031619;0.0049169962
0.040762845;0.038031619;0.012822134
0.040762845;0.038031619;0.012822134
0.040762845;0.038031619;0.012822134
0.040762845;0.040007904;0.0049169962
0.040762845;0.040007904;0.012822134
0.040762845;0.038031619;0.0049169962
0.042739131;0.040007904;0.012822134
0.042739131;0.038031619;0.012822134
0.042739131;0.040007904;0.012822134
0.040762845;0.040007904;0.012822134
0.042739131;0.040007904;0.012822134
0.042739131;0.040007904;0.012822134
0.042739131;0.040007904;0.0049169962
0.042739131;0.040007904;0.0049169962
0.040762845;0.040007904;0.0049169962
0.042739131;0.040007904;0.0049169962
0.042739131;0.040007904;0.012822134
0.042739131;0.040007904;0.0049169962
0.042739131;0.040007904;0.012822134
0.044715416;0.041984189;0.0049169962
0.042739131;0.040007904;0.012822134
0.042739131;0.040007904;0.0049169962
0.042739131;0.040007904;0.012822134
0.042739131;0.041984189;0.0049169962
0.042739131;0.041984189;0.012822134
0.042739131;0.041984189;0.0049169962
0.042739131;0.041984189;0.012822134
0.044715416;0.041984189;0.012822134
0.042739131;0.041984189;0.0049169962
0.044715416;0.040007904;0.012822134
0.042739131;0.041984189;0.0049169962
0.042739131;0.041984189;0.012822134
0.044715416;0.041984189;0.0049169962
0.042739131;0.041984189;0.012822134
0.044715416;0.041984189;0.0049169962
0.044715416;0.041984189;0.012822134
0.044715416;0.041984189;0.0049169962
0.046691701;0.041984189;0.012822134
0.044715416;0.041984189;0.0049169962
0.044715416;0.041984189;0.012822134
0.044715416;0.041984189;0.012822134
0.046691701;0.041984189;0.012822134
0.044715416;0.041984189;0.0049169962
0.044715416;0.041984189;0.012822134
0.046691701;0.041984189;0.012822134
0.044715416;0.043960474;0.0049169962
0.044715416;0.041984189;0.0049169962
0.044715416;0.043960474;0.0049169962
0.044715416;0.043960474;0.0049169962
0.046691701;0.043960474;0.012822134
0.044715416;0.043960474;0.0049169962
0.046691701;0.043960474;0.0049169962
0.046691701;0.043960474;0.012822134
0.046691701;0.043960474;0.0049169962
0.046691701;0.043960474;0.0049169962
0.046691701;0.043960474;0.012822134
0.046691701;0.04593676;0.012822134
0.046691701;0.043960474;0.0049169962
0.046691701;0.043960474;0.012822134
0.046691701;0.043960474;0.0049169962
0.046691701;0.043960474;0.0049169962
0.048667986;0.043960474;0.012822134
0.046691701;0.043960474;0.012822134
0.046691701;0.043960474;0.012822134
0.046691701;0.04593676;0.0049169962
0.048667986;0.043960474;0.0049169962
0.048667986;0.043960474;0.012822134
0.048667986;0.04593676;0.012822134
0.048667986;0.04593676;0.0049169962
0.048667986;0.04593676;0.0049169962
0.048667986;0.04593676;0.0049169962
0.048667986;0.04593676;0.0049169962
0.048667986;0.04593676;0.0049169962
0.048667986;0.04593676;0.0049169962
0.048667986;0.047913045;0.012822134
0.048667986;0.04593676;0.0049169962
0.048667986;0.04593676;0.0049169962
0.048667986;0.04593676;0.0049169962
0.048667986;0.047913045;0.012822134
0.048667986;0.04593676;0.012822134
0.050644267;0.047913045;0.0049169962
0.050644267;0.047913045;0.0049169962
0.048667986;0.047913045;0.012822134
0.050644267;0.047913045;0.012822134
0.050644267;0.047913045;0.0049169962
0.052620552;0.047913045;0.012822134
0.050644267;0.047913045;0.0049169962
0.048667986;0.047913045;0.012822134
0.050644267;0.047913045;0.0049169962
0.050644267;0.047913045;0.012822134
0.048667986;0.047913045;0.0049169962
0.050644267;0.047913045;0.012822134
0.050644267;0.047913045;0.0049169962
0.050644267;0.047913045;0.0049169962
0.050644267;0.047913045;0.012822134
0.050644267;0.047913045;0.012822134
0.050644267;0.04988933;0.0049169962
0.050644267;0.047913045;0.0049169962
0.050644267;0.047913045;0.0049169962
0.052620552;0.04988933;0.0049169962
0.050644267;0.047913045;0.0049169962
0.050644267;0.04988933;0.0049169962
0.050644267;0.04988933;0.0049169962
0.052620552;0.04988933;0.0049169962
0.050644267;0.04988933;0.012822134
0.052620552;0.047913045;0.0049169962
0.052620552;0.04988933;0.0049169962
0.052620552;0.04988933;0.0049169962
0.052620552;0.04988933;0.012822134
0.050644267;0.04988933;0.012822134
0.052620552;0.047913045;0.0049169962
0.052620552;0.04988933;0.012822134
0.052620552;0.04988933;0.012822134
0.052620552;0.04988933;0.0049169962
0.052620552;0.04988933;0.0049169962
0.052620552;0.04988933;0.012822134
0.052620552;0.04988933;0.012822134
0.052620552;0.04988933;0.012822134
0.052620552;0.04988933;0.012822134
0.054596838;0.04988933;0.012822134
0.054596838;0.051865611;0.012822134
0.052620552;0.051865611;0.0049169962
0.054596838;0.04988933;0.012822134
0.054596838;0.04988933;0.0049169962
0.054596838;0.051865611;0.012822134
0.054596838;0.04988933;0.0049169962
0.056573123;0.051865611;0.012822134
0.054596838;0.051865611;0.012822134
0.054596838;0.04988933;0.012822134
0.054596838;0.051865611;0.012822134
0.054596838;0.051865611;0.0049169962
0.054596838;0.051865611;0.012822134
0.054596838;0.051865611;0.0049169962
0.056573123;0.051865611;0.012822134
0.054596838;0.051865611;0.0049169962
0.054596838;0.051865611;0.0049169962
0.056573123;0.051865611;0.0049169962
0.054596838;0.051865611;0.012822134
0.054596838;0.053841896;0.0049169962
0.056573123;0.053841896;0.012822134
0.054596838;0.053841896;0.012822134
0.056573123;0.051865611;0.012822134
0.056573123;0.053841896;0.012822134
0.056573123;0.053841896;0.0049169962
0.056573123;0.053841896;0.012822134
0.056573123;0.053841896;0.0049169962
0.056573123;0.053841896;0.012822134
0.054596838;0.053841896;0.012822134
0.056573123;0.053841896;0.012822134
0.056573123;0.053841896;0.012822134
0.056573123;0.053841896;0.0049169962
0.056573123;0.053841896;0.0049169962
0.058549408;0.053841896;0.012822134
0.056573123;0.053841896;0.0049169962
0.056573123;0.053841896;0.012822134
0.056573123;0.053841896;0.012822134
0.054596838;0.053841896;0.0049169962
0.056573123;0.055818181;0.012822134
0.058549408;0.053841896;0.012822134
0.056573123;0.053841896;0.0049169962
0.058549408;0.053841896;0.012822134
0.058549408;0.053841896;0.012822134
0.056573123;0.053841896;0.012822134
0.058549408;0.053841896;0.0049169962
0.058549408;0.053841896;0.0049169962
0.056573123;0.055818181;0.012822134
0.058549408;0.053841896;0.0049169962
0.058549408;0.055818181;0.0049169962
0.058549408;0.053841896;0.0049169962
0.056573123;0.053841896;0.012822134
0.058549408;0.055818181;0.012822134
0.058549408;0.057794467;0.0049169962
0.058549408;0.055818181;0.012822134
0.058549408;0.055818181;0.0049169962
0.058549408;0.053841896;0.012822134
0.058549408;0.055818181;0.0049169962
0.060525693;0.055818181;0.0049169962
0.058549408;0.057794467;0.012822134
0.058549408;0.057794467;0.012822134
0.058549408;0.057794467;0.012822134
0.058549408;0.055818181;0.0049169962
0.058549408;0.055818181;0.0049169962
0.060525693;0.057794467;0.0049169962
0.060525693;0.055818181;0.012822134
0.060525693;0.057794467;0.0049169962
0.058549408;0.057794467;0.012822134
0.058549408;0.055818181;0.012822134
0.058549408;0.057794467;0.0049169962
0.060525693;0.057794467;0.0049169962
0.060525693;0.057794467;0.012822134
0.060525693;0.057794467;0.012822134
0.058549408;0.057794467;0.0049169962
0.060525693;0.057794467;0.0049169962
0.060525693;0.057794467;0.0049169962
0.060525693;0.055818181;0.012822134
0.060525693;0.057794467;0.012822134
0.060525693;0.057794467;0.012822134
0.060525693;0.057794467;0.0049169962
0.062501974;0.057794467;0.012822134
0.060525693;0.057794467;0.012822134
0.060525693;0.057794467;0.0049169962
0.058549408;0.057794467;0.012822134
0.062501974;0.059770752;0.0049169962
0.060525693;0.057794467;0.0049169962
0.060525693;0.057794467;0.012822134
0.060525693;0.057794467;0.012822134
0.062501974;0.057794467;0.012822134
0.062501974;0.057794467;0.0049169962
0.062501974;0.059770752;0.012822134
0.060525693;0.059770752;0.012822134
0.060525693;0.057794467;0.012822134
0.062501974;0.059770752;0.012822134
0.060525693;0.057794467;0.012822134
0.060525693;0.059770752;0.012822134
0.062501974;0.059770752;0.0049169962
0.062501974;0.059770752;0.012822134
0.062501974;0.057794467;0.012822134
0.062501974;0.059770752;0.012822134
0.062501974;0.057794467;0.0049169962
0.062501974;0.059770752;0.0049169962
0.062501974;0.059770752;0.012822134
0.062501974;0.059770752;0.012822134
0.062501974;0.059770752;0.012822134
0.060525693;0.059770752;0.0049169962
0.062501974;0.059770752;0.012822134
0.062501974;0.057794467;0.012822134
0.062501974;0.059770752;0.012822134
0.062501974;0.059770752;0.0049169962
0.062501974;0.059770752;0.0049169962
0.062501974;0.059770752;0.0049169962
0.064478263;0.059770752;0.012822134
0.062501974;0.059770752;0.0049169962
0.064478263;0.059770752;0.012822134
0.064478263;0.059770752;0.012822134
0.062501974;0.059770752;0.0049169962
0.062501974;0.059770752;0.0049169962
0.064478263;0.059770752;0.012822134
0.062501974;0.059770752;0.0049169962
0.064478263;0.059770752;0.012822134
0.064478263;0.059770752;0.012822134
0.064478263;0.061747037;0.0049169962
0.062501974;0.059770752;0.012822134
0.062501974;0.061747037;0.012822134
0.062501974;0.061747037;0.0049169962
0.064478263;0.061747037;0.012822134
0.064478263;0.061747037;0.012822134
0.064478263;0.061747037;0.0049169962
0.064478263;0.061747037;0.0049169962
0.064478263;0.059770752;0.012822134
0.062501974;0.059770752;0.0049169962
0.064478263;0.059770752;0.0049169962
0.064478263;0.061747037;0.012822134
0.064478263;0.061747037;0.0049169962
0.064478263;0.061747037;0.0049169962
0.066454545;0.061747037;0.0049169962
0.064478263;0.059770752;0.012822134
0.064478263;0.061747037;0.0049169962
0.064478263;0.061747037;0.012822134
0.064478263;0.061747037;0.012822134
0.066454545;0.061747037;0.0049169962
0.064478263;0.061747037;0.012822134
0.064478263;0.061747037;0.012822134
0.064478263;0.061747037;0.012822134
0.064478263;0.061747037;0.0049169962
0.066454545;0.061747037;0.012822134
0.064478263;0.063723318;0.012822134
0.066454545;0.061747037;0.012822134
0.066454545;0.061747037;0.0049169962
0.066454545;0.061747037;0.012822134
0.066454545;0.061747037;0.012822134
0.064478263;0.063723318;0.0049169962
0.066454545;0.061747037;0.0049169962
0.066454545;0.063723318;0.0049169962
0.066454545;0.061747037;0.012822134
0.066454545;0.061747037;0.012822134
0.064478263;0.061747037;0.012822134
0.066454545;0.061747037;0.0049169962
0.066454545;0.065699607;0.012822134
0.066454545;0.063723318;0.012822134
0.064478263;0.063723318;0.012822134
0.066454545;0.063723318;0.012822134
0.066454545;0.063723318;0.0049169962
0.066454545;0.063723318;0.0049169962
0.068430834;0.063723318;0.012822134
0.066454545;0.063723318;0.0049169962
0.066454545;0.063723318;0.012822134
0.068430834;0.063723318;0.012822134
0.064478263;0.063723318;0.0049169962
0.066454545;0.063723318;0.0049169962
0.066454545;0.063723318;0.012822134
0.066454545;0.063723318;0.012822134
0.066454545;0.063723318;0.0049169962
0.066454545;0.063723318;0.012822134
0.068430834;0.063723318;0.0049169962
0.066454545;0.063723318;0.012822134
0.068430834;0.063723318;0.0049169962
0.066454545;0.065699607;0.0049169962
0.066454545;0.063723318;0.0049169962
0.068430834;0.063723318;0.0049169962
0.066454545;0.065699607;0.0049169962
0.068430834;0.063723318;0.0049169962
0.066454545;0.065699607;0.012822134
0.068430834;0.065699607;0.0049169962
0.066454545;0.065699607;0.0049169962
0.068430834;0.065699607;0.012822134
0.066454545;0.065699607;0.0049169962
0.066454545;0.065699607;0.012822134
0.066454545;0.065699607;0.0049169962
0.068430834;0.063723318;0.012822134
0.066454545;0.065699607;0.012822134
0.068430834;0.065699607;0.0049169962
0.066454545;0.065699607;0.012822134
0.068430834;0.065699607;0.0049169962
0.068430834;0.065699607;0.0049169962
0.070407115;0.063723318;0.0049169962
0.070407115;0.067675889;0.0049169962
0.068430834;0.063723318;0.0049169962
0.068430834;0.065699607;0.0049169962
0.070407115;0.065699607;0.012822134
0.068430834;0.065699607;0.012822134
0.068430834;0.065699607;0.012822134
0.068430834;0.067675889;0.0049169962
0.068430834;0.065699607;0.0049169962
0.068430834;0.065699607;0.012822134
0.066454545;0.065699607;0.0049169962
0.068430834;0.065699607;0.012822134
0.068430834;0.065699607;0.0049169962
0.066454545;0.065699607;0.012822134
0.070407115;0.067675889;0.012822134
0.068430834;0.067675889;0.0049169962
0.068430834;0.065699607;0.012822134
0.068430834;0.067675889;0.0049169962
0.068430834;0.067675889;0.0049169962
0.068430834;0.065699607;0.0049169962
0.070407115;0.065699607;0.012822134
0.068430834;0.067675889;0.0049169962
0.068430834;0.067675889;0.012822134
0.070407115;0.065699607;0.012822134
0.070407115;0.065699607;0.012822134
0.068430834;0.067675889;0.012822134
0.070407115;0.067675889;0.0049169962
0.070407115;0.067675889;0.012822134
0.068430834;0.065699607;0.0049169962
0.068430834;0.067675889;0.0049169962
0.070407115;0.067675889;0.012822134
0.068430834;0.065699607;0.0049169962
0.070407115;0.067675889;0.012822134
0.070407115;0.065699607;0.012822134
0.070407115;0.065699607;0.012822134
0.070407115;0.067675889;0.012822134
0.068430834;0.067675889;0.012822134
0.070407115;0.065699607;0.0049169962
0.070407115;0.067675889;0.012822134
0.070407115;0.065699607;0.0049169962
0.070407115;0.067675889;0.012822134
0.070407115;0.067675889;0.012822134
0.068430834;0.067675889;0.012822134
0.070407115;0.067675889;0.012822134
0.070407115;0.067675889;0.0049169962
0.070407115;0.067675889;0.012822134
0.070407115;0.067675889;0.0049169962
0.070407115;0.067675889;0.012822134
0.070407115;0.067675889;0.012822134
0.068430834;0.067675889;0.0049169962
0.070407115;0.067675889;0.0049169962
0.068430834;0.067675889;0.0049169962
0.068430834;0.065699607;0.0049169962
0.070407115;0.067675889;0.0049169962
0.070407115;0.067675889;0.0049169962
0.070407115;0.067675889;0.012822134
0.070407115;0.065699607;0.012822134
0.070407115;0.067675889;0.012822134
0.070407115;0.067675889;0.0049169962
0.070407115;0.067675889;0.0049169962
0.070407115;0.067675889;0.012822134
0.070407115;0.065699607;0.012822134
0.070407115;0.067675889;0.0049169962
0.070407115;0.067675889;0.0049169962
0.068430834;0.067675889;0.0049169962
0.070407115;0.067675889;0.0049169962
0.070407115;0.067675889;0.012822134
0.072383396;0.067675889;0.012822134
0.068430834;0.067675889;0.0049169962
0.070407115;0.069652177;0.012822134
0.070407115;0.067675889;0.012822134
0.070407115;0.067675889;0.0049169962
0.072383396;0.067675889;0.012822134
0.072383396;0.069652177;0.012822134
0.072383396;0.067675889;0.012822134
0.072383396;0.067675889;0.0049169962
0.070407115;0.067675889;0.012822134
0.072383396;0.067675889;0.012822134
0.070407115;0.067675889;0.012822134
0.072383396;0.067675889;0.0049169962
0.070407115;0.069652177;0.0049169962
0.070407115;0.067675889;0.012822134
0.072383396;0.069652177;0.012822134
0.070407115;0.069652177;0.0049169962
0.072383396;0.069652177;0.0049169962
0.070407115;0.069652177;0.0049169962
0.070407115;0.067675889;0.0049169962
0.070407115;0.067675889;0.0049169962
0.070407115;0.069652177;0.012822134
0.070407115;0.067675889;0.012822134
0.072383396;0.067675889;0.012822134
0.072383396;0.067675889;0.0049169962
0.070407115;0.067675889;0.0049169962
0.070407115;0.067675889;0.012822134
0.072383396;0.069652177;0.0049169962
0.070407115;0.067675889;0.012822134
0.072383396;0.067675889;0.0049169962
0.072383396;0.067675889;0.012822134
0.072383396;0.067675889;0.0049169962
0.072383396;0.069652177;0.012822134
0.072383396;0.069652177;0.0049169962
0.070407115;0.067675889;0.012822134
0.072383396;0.067675889;0.0049169962
0.070407115;0.069652177;0.012822134
0.072383396;0.067675889;0.0049169962
0.070407115;0.067675889;0.012822134
0.070407115;0.067675889;0.012822134
0.072383396;0.067675889;0.012822134
0.070407115;0.067675889;0.012822134
0.072383396;0.067675889;0.012822134
0.072383396;0.067675889;0.0049169962
0.070407115;0.069652177;0.0049169962
0.072383396;0.067675889;0.0049169962
0.070407115;0.067675889;0.0049169962
0.072383396;0.069652177;0.0049169962
0.070407115;0.067675889;0.012822134
0.072383396;0.067675889;0.0049169962
0.072383396;0.067675889;0.012822134
0.070407115;0.067675889;0.0049169962
0.070407115;0.067675889;0.0049169962
0.070407115;0.067675889;0.012822134
0.070407115;0.067675889;0.012822134
0.070407115;0.069652177;0.0049169962
0.072383396;0.069652177;0.0049169962
0.072383396;0.069652177;0.0049169962
0.072383396;0.069652177;0.012822134
0.070407115;0.069652177;0.0049169962
0.072383396;0.067675889;0.0049169962
0.072383396;0.069652177;0.012822134
0.072383396;0.069652177;0.0049169962
0.072383396;0.069652177;0.0049169962
0.072383396;0.069652177;0.012822134
0.070407115;0.067675889;0.0049169962
0.070407115;0.069652177;0.012822134
0.072383396;0.069652177;0.0049169962
0.070407115;0.069652177;0.0049169962
0.070407115;0.069652177;0.012822134
0.072383396;0.069652177;0.012822134
0.072383396;0.067675889;0.012822134
0.072383396;0.069652177;0.0049169962
0.072383396;0.069652177;0.0049169962
0.070407115;0.069652177;0.012822134
0.070407115;0.069652177;0.0049169962
0.072383396;0.069652177;0.012822134
0.070407115;0.069652177;0.012822134
0.072383396;0.069652177;0.0049169962
0.072383396;0.069652177;0.012822134
0.070407115;0.069652177;0.0049169962
0.072383396;0.069652177;0.0049169962
0.072383396;0.069652177;0.012822134
0.072383396;0.069652177;0.012822134
0.072383396;0.069652177;0.0049169962
0.072383396;0.069652177;0.012822134
0.072383396;0.069652177;0.012822134
0.072383396;0.067675889;0.012822134
0.072383396;0.069652177;0.0049169962
0.072383396;0.069652177;0.0049169962
0.072383396;0.069652177;0.012822134
0.072383396;0.069652177;0.012822134
0.072383396;0.067675889;0.012822134
0.070407115;0.069652177;0.012822134
0.072383396;0.069652177;0.012822134
0.070407115;0.069652177;0.012822134
0.072383396;0.069652177;0.012822134
0.072383396;0.067675889;0.012822134
0.072383396;0.069652177;0.0049169962
0.070407115;0.069652177;0.0049169962
0.072383396;0.069652177;0.0049169962
0.070407115;0.069652177;0.0049169962
0.072383396;0.069652177;0.0049169962
0.072383396;0.069652177;0.012822134
0.072383396;0.069652177;0.012822134
0.072383396;0.067675889;0.0049169962
0.072383396;0.069652177;0.012822134
0.072383396;0.069652177;0.0049169962
0.072383396;0.069652177;0.0049169962
0.072383396;0.069652177;0.012822134
0.072383396;0.067675889;0.012822134
0.072383396;0.069652177;0.0049169962
0.070407115;0.069652177;0.0049169962
0.072383396;0.069652177;0.0049169962
0.070407115;0.069652177;0.012822134
0.072383396;0.069652177;0.0049169962
0.070407115;0.069652177;0.0049169962
0.072383396;0.069652177;0.0049169962
0.074359685;0.069652177;0.0049169962
0.072383396;0.069652177;0.012822134
0.072383396;0.067675889;0.0049169962
0.074359685;0.069652177;0.0049169962
0.072383396;0.069652177;0.012822134
0.072383396;0.069652177;0.012822134
0.070407115;0.069652177;0.0049169962
0.072383396;0.067675889;0.0049169962
0.072383396;0.069652177;0.012822134
0.072383396;0.067675889;0.0049169962
0.072383396;0.069652177;0.012822134
0.072383396;0.069652177;0.012822134
0.072383396;0.069652177;0.0049169962
0.072383396;0.069652177;0.012822134
0.070407115;0.069652177;0.012822134
0.070407115;0.069652177;0.0049169962
0.072383396;0.069652177;0.0049169962
0.072383396;0.069652177;0.0049169962
0.072383396;0.067675889;0.0049169962
0.072383396;0.069652177;0.012822134
0.072383396;0.069652177;0.0049169962
0.072383396;0.067675889;0.012822134
0.072383396;0.069652177;0.012822134
0.070407115;0.069652177;0.0049169962
0.070407115;0.069652177;0.012822134
0.070407115;0.067675889;0.0049169962
0.072383396;0.069652177;0.0049169962
0.070407115;0.069652177;0.0049169962
0.070407115;0.069652177;0.012822134
0.070407115;0.067675889;0.0049169962
0.070407115;0.069652177;0.012822134
0.070407115;0.067675889;0.012822134
0.072383396;0.067675889;0.012822134
0.072383396;0.067675889;0.0049169962
0.070407115;0.069652177;0.012822134
0.072383396;0.067675889;0.0049169962
0.070407115;0.067675889;0.012822134
0.072383396;0.067675889;0.012822134
0.070407115;0.067675889;0.0049169962
0.072383396;0.067675889;0.012822134
0.072383396;0.069652177;0.012822134
0.070407115;0.069652177;0.012822134
0.070407115;0.067675889;0.012822134
0.072383396;0.067675889;0.012822134
0.072383396;0.069652177;0.012822134
0.070407115;0.067675889;0.0049169962
0.072383396;0.067675889;0.0049169962
0.070407115;0.067675889;0.012822134
0.072383396;0.069652177;0.012822134
0.070407115;0.067675889;0.012822134
0.070407115;0.067675889;0.0049169962
0.072383396;0.067675889;0.0049169962
0.070407115;0.069652177;0.0049169962
0.070407115;0.067675889;0.012822134
0.072383396;0.067675889;0.012822134
0.070407115;0.067675889;0.012822134
0.070407115;0.067675889;0.012822134
0.072383396;0.067675889;0.0049169962
0.072383396;0.067675889;0.0049169962
0.072383396;0.067675889;0.012822134
0.070407115;0.067675889;0.012822134
0.070407115;0.067675889;0.012822134
0.072383396;0.067675889;0.0049169962
0.070407115;0.069652177;0.012822134
0.070407115;0.067675889;0.012822134
0.070407115;0.067675889;0.012822134
0.070407115;0.069652177;0.0049169962
0.072383396;0.067675889;0.0049169962
0.070407115;0.067675889;0.012822134
0.070407115;0.067675889;0.012822134
0.070407115;0.067675889;0.0049169962
0.070407115;0.069652177;0.0049169962
0.070407115;0.067675889;0.012822134
0.070407115;0.067675889;0.012822134
0.070407115;0.067675889;0.012822134
0.070407115;0.067675889;0.0049169962
0.070407115;0.067675889;0.012822134
0.070407115;0.067675889;0.0049169962
0.070407115;0.067675889;0.0049169962
0.070407115;0.067675889;0.012822134
0.068430834;0.067675889;0.012822134
0.070407115;0.069652177;0.012822134
0.070407115;0.067675889;0.012822134
0.070407115;0.067675889;0.0049169962
0.070407115;0.067675889;0.0049169962
0.070407115;0.069652177;0.012822134
0.068430834;0.069652177;0.0049169962
0.070407115;0.067675889;0.012822134
0.068430834;0.067675889;0.0049169962
0.070407115;0.067675889;0.012822134
0.070407115;0.067675889;0.012822134
0.070407115;0.067675889;0.0049169962
0.068430834;0.067675889;0.0049169962
0.070407115;0.067675889;0.0049169962
0.070407115;0.067675889;0.012822134
0.070407115;0.067675889;0.012822134
0.068430834;0.067675889;0.012822134
0.070407115;0.067675889;0.012822134
0.070407115;0.067675889;0.0049169962
0.070407115;0.067675889;0.0049169962
0.068430834;0.067675889;0.0049169962
0.068430834;0.067675889;0.0049169962
0.068430834;0.067675889;0.012822134
0.068430834;0.067675889;0.012822134
0.070407115;0.067675889;0.012822134
0.068430834;0.067675889;0.012822134
0.070407115;0.067675889;0.0049169962
0.068430834;0.067675889;0.0049169962
0.068430834;0.065699607;0.012822134
0.068430834;0.067675889;0.012822134
0.070407115;0.065699607;0.0049169962
0.068430834;0.065699607;0.012822134
0.070407115;0.067675889;0.012822134
0.068430834;0.067675889;0.012822134
0.068430834;0.065699607;0.0049169962
0.070407115;0.065699607;0.0049169962
0.070407115;0.067675889;0.012822134
0.068430834;0.067675889;0.012822134
0.068430834;0.065699607;0.012822134
0.068430834;0.065699607;0.012822134
0.068430834;0.067675889;0.0049169962
0.068430834;0.065699607;0.0049169962
0.068430834;0.065699607;0.012822134
0.068430834;0.067675889;0.012822134
0.070407115;0.067675889;0.012822134
0.068430834;0.065699607;0.012822134
0.068430834;0.065699607;0.0049169962
0.068430834;0.065699607;0.012822134
0.068430834;0.067675889;0.0049169962
0.068430834;0.067675889;0.0049169962
0.068430834;0.065699607;0.0049169962
0.066454545;0.067675889;0.012822134
0.068430834;0.065699607;0.012822134
0.068430834;0.065699607;0.012822134
0.066454545;0.065699607;0.0049169962
0.068430834;0.065699607;0.012822134
0.066454545;0.065699607;0.012822134
0.068430834;0.065699607;0.012822134
0.066454545;0.063723318;0.0049169962
0.068430834;0.065699607;0.012822134
0.068430834;0.065699607;0.012822134
0.066454545;0.065699607;0.0049169962
0.066454545;0.065699607;0.012822134
0.068430834;0.065699607;0.0049169962
0.066454545;0.065699607;0.012822134
0.066454545;0.065699607;0.012822134
0.066454545;0.065699607;0.0049169962
0.068430834;0.065699607;0.012822134
0.066454545;0.065699607;0.0049169962
0.066454545;0.065699607;0.0049169962
0.066454545;0.063723318;0.012822134
0.066454545;0.065699607;0.0049169962
0.068430834;0.063723318;0.012822134
0.068430834;0.067675889;0.012822134
0.066454545;0.065699607;0.012822134
0.066454545;0.065699607;0.012822134
0.066454545;0.065699607;0.012822134
0.066454545;0.063723318;0.012822134
0.066454545;0.063723318;0.0049169962
0.066454545;0.063723318;0.0049169962
0.066454545;0.063723318;0.0049169962
0.066454545;0.065699607;0.0049169962
0.066454545;0.063723318;0.012822134
0.066454545;0.063723318;0.012822134
0.066454545;0.063723318;0.0049169962
0.064478263;0.063723318;0.0049169962
0.066454545;0.065699607;0.012822134
0.068430834;0.063723318;0.0049169962
0.066454545;0.065699607;0.0049169962
0.066454545;0.063723318;0.0049169962
0.066454545;0.063723318;0.0049169962
0.066454545;0.063723318;0.0049169962
0.066454545;0.061747037;0.0049169962
0.064478263;0.063723318;0.012822134
0.066454545;0.063723318;0.012822134
0.066454545;0.063723318;0.012822134
0.066454545;0.063723318;0.0049169962
0.064478263;0.063723318;0.0049169962
0.064478263;0.063723318;0.012822134
0.064478263;0.061747037;0.0049169962
0.066454545;0.063723318;0.0049169962
0.064478263;0.061747037;0.012822134
0.066454545;0.061747037;0.0049169962
0.066454545;0.063723318;0.012822134
0.064478263;0.063723318;0.012822134
0.066454545;0.061747037;0.012822134
0.066454545;0.061747037;0.012822134
0.064478263;0.063723318;0.0049169962
0.064478263;0.063723318;0.012822134
0.064478263;0.061747037;0.012822134
0.064478263;0.063723318;0.0049169962
0.064478263;0.061747037;0.012822134
0.064478263;0.061747037;0.0049169962
0.064478263;0.061747037;0.0049169962
0.064478263;0.061747037;0.0049169962
0.064478263;0.061747037;0.0049169962
0.062501974;0.063723318;0.0049169962
0.064478263;0.061747037;0.012822134
0.062501974;0.061747037;0.0049169962
0.064478263;0.063723318;0.0049169962
0.064478263;0.061747037;0.0049169962
0.064478263;0.061747037;0.0049169962
0.064478263;0.061747037;0.012822134
0.064478263;0.061747037;0.0049169962
0.064478263;0.061747037;0.012822134
0.064478263;0.061747037;0.0049169962
0.064478263;0.061747037;0.012822134
0.064478263;0.061747037;0.012822134
0.064478263;0.059770752;0.0049169962
0.062501974;0.061747037;0.0049169962
0.062501974;0.061747037;0.0049169962
0.064478263;0.059770752;0.0049169962
0.062501974;0.059770752;0.012822134
0.062501974;0.061747037;0.012822134
0.062501974;0.061747037;0.0049169962
0.064478263;0.061747037;0.012822134
0.062501974;0.059770752;0.0049169962
0.062501974;0.059770752;0.012822134
0.062501974;0.061747037;0.0049169962
0.064478263;0.061747037;0.0049169962
0.062501974;0.059770752;0.0049169962
0.064478263;0.061747037;0.012822134
0.062501974;0.061747037;0.012822134
0.062501974;0.059770752;0.0049169962
0.062501974;0.061747037;0.012822134
0.062501974;0.059770752;0.0049169962
0.064478263;0.059770752;0.012822134
0.062501974;0.059770752;0.012822134
0.062501974;0.059770752;0.012822134
0.062501974;0.059770752;0.0049169962
0.062501974;0.059770752;0.0049169962
0.062501974;0.059770752;0.012822134
0.060525693;0.059770752;0.012822134
0.062501974;0.059770752;0.0049169962
0.062501974;0.059770752;0.0049169962
0.062501974;0.059770752;0.0049169962
0.062501974;0.059770752;0.0049169962
0.060525693;0.059770752;0.012822134
0.062501974;0.059770752;0.0049169962
0.062501974;0.059770752;0.0049169962
0.060525693;0.059770752;0.012822134
0.060525693;0.059770752;0.012822134
0.062501974;0.059770752;0.012822134
0.060525693;0.059770752;0.0049169962
0.060525693;0.057794467;0.0049169962
0.062501974;0.057794467;0.0049169962
0.060525693;0.059770752;0.0049169962
0.060525693;0.059770752;0.0049169962
0.060525693;0.057794467;0.0049169962
0.060525693;0.059770752;0.0049169962
0.060525693;0.057794467;0.0049169962
0.060525693;0.057794467;0.012822134
0.060525693;0.059770752;0.012822134
0.058549408;0.057794467;0.012822134
0.060525693;0.057794467;0.012822134
0.060525693;0.059770752;0.012822134
0.058549408;0.059770752;0.0049169962
0.060525693;0.057794467;0.0049169962
0.060525693;0.057794467;0.020727273
0.058549408;0.059770752;0.0049169962
0.060525693;0.057794467;0.0049169962
0.060525693;0.057794467;0.012822134
0.060525693;0.059770752;0.012822134
0.060525693;0.057794467;0.012822134
0.058549408;0.057794467;0.012822134
0.058549408;0.057794467;0.0049169962
0.058549408;0.057794467;0.0049169962
0.058549408;0.057794467;0.012822134
0.060525693;0.057794467;0.0049169962
0.058549408;0.057794467;0.0049169962
0.058549408;0.057794467;0.0049169962
0.060525693;0.057794467;0.0049169962
0.058549408;0.055818181;0.0049169962
0.058549408;0.055818181;0.012822134
0.058549408;0.055818181;0.012822134
0.056573123;0.055818181;0.0049169962
0.060525693;0.057794467;0.0049169962
0.058549408;0.055818181;0.012822134
0.058549408;0.055818181;0.012822134
0.058549408;0.055818181;0.012822134
0.058549408;0.055818181;0.012822134
0.058549408;0.055818181;0.0049169962
0.058549408;0.055818181;0.012822134
0.058549408;0.055818181;0.012822134
0.056573123;0.055818181;0.012822134
0.058549408;0.055818181;0.012822134
0.058549408;0.055818181;0.0049169962
0.056573123;0.055818181;0.012822134
0.058549408;0.055818181;0.0049169962
0.056573123;0.055818181;0.012822134
0.056573123;0.055818181;0.012822134
0.056573123;0.055818181;0.012822134
0.056573123;0.055818181;0.0049169962
0.058549408;0.053841896;0.0049169962
0.056573123;0.055818181;0.0049169962
0.056573123;0.055818181;0.0049169962
0.056573123;0.053841896;0.0049169962
0.056573123;0.053841896;0.0049169962
0.054596838;0.053841896;0.0049169962
0.056573123;0.053841896;0.012822134
0.056573123;0.053841896;0.0049169962
0.056573123;0.053841896;0.0049169962
0.056573123;0.053841896;0.0049169962
0.054596838;0.053841896;0.012822134
0.054596838;0.053841896;0.012822134
0.056573123;0.051865611;0.012822134
0.056573123;0.053841896;0.012822134
0.054596838;0.055818181;0.012822134
0.056573123;0.053841896;0.0049169962
0.056573123;0.053841896;0.0049169962
0.056573123;0.053841896;0.0049169962
0.054596838;0.051865611;0.012822134
0.056573123;0.053841896;0.012822134
0.054596838;0.053841896;0.012822134
0.056573123;0.053841896;0.012822134
0.054596838;0.051865611;0.0049169962
0.054596838;0.051865611;0.012822134
0.054596838;0.051865611;0.012822134
0.054596838;0.051865611;0.012822134
0.052620552;0.051865611;0.012822134
0.054596838;0.053841896;0.012822134
0.054596838;0.051865611;0.012822134
0.054596838;0.051865611;0.012822134
0.054596838;0.051865611;0.0049169962
0.054596838;0.053841896;0.012822134
0.054596838;0.051865611;0.012822134
0.054596838;0.051865611;0.012822134
0.052620552;0.051865611;0.0049169962
0.052620552;0.051865611;0.012822134
0.052620552;0.051865611;0.0049169962
0.052620552;0.051865611;0.012822134
0.052620552;0.051865611;0.0049169962
0.054596838;0.051865611;0.0049169962
0.052620552;0.051865611;0.012822134
0.052620552;0.051865611;0.012822134
0.052620552;0.051865611;0.0049169962
0.052620552;0.051865611;0.0049169962
0.052620552;0.04988933;0.012822134
0.052620552;0.04988933;0.012822134
0.052620552;0.04988933;0.0049169962
0.052620552;0.04988933;0.0049169962
0.052620552;0.04988933;0.012822134
0.054596838;0.04988933;0.012822134
0.052620552;0.04988933;0.012822134
0.050644267;0.051865611;0.012822134
0.052620552;0.04988933;0.012822134
0.052620552;0.04988933;0.0049169962
0.052620552;0.04988933;0.012822134
0.050644267;0.047913045;0.012822134
0.050644267;0.04988933;0.0049169962
0.050644267;0.04988933;0.0049169962
0.052620552;0.04988933;0.012822134
0.050644267;0.04988933;0.0049169962
0.050644267;0.047913045;0.0049169962
0.048667986;0.04988933;0.012822134
0.050644267;0.047913045;0.0049169962
0.050644267;0.04988933;0.0049169962
0.052620552;0.047913045;0.012822134
0.050644267;0.047913045;0.012822134
0.050644267;0.04988933;0.0049169962
0.050644267;0.047913045;0.012822134
0.048667986;0.047913045;0.0049169962
0.050644267;0.047913045;0.012822134
0.048667986;0.047913045;0.0049169962
0.050644267;0.047913045;0.0049169962
0.050644267;0.047913045;0.0049169962
0.050644267;0.04593676;0.012822134
0.050644267;0.047913045;0.0049169962
0.048667986;0.047913045;0.012822134
0.050644267;0.047913045;0.0049169962
0.048667986;0.047913045;0.0049169962
0.050644267;0.047913045;0.0049169962
0.048667986;0.047913045;0.012822134
0.048667986;0.047913045;0.0049169962
0.048667986;0.047913045;0.012822134
0.048667986;0.04593676;0.0049169962
0.046691701;0.04593676;0.0049169962
0.048667986;0.047913045;0.0049169962
0.048667986;0.04593676;0.012822134
0.048667986;0.047913045;0.0049169962
0.048667986;0.047913045;0.012822134
0.048667986;0.04593676;0.0049169962
0.048667986;0.047913045;0.012822134
0.048667986;0.047913045;0.0049169962
0.048667986;0.047913045;0.012822134
0.046691701;0.04593676;0.012822134
0.048667986;0.04593676;0.0049169962
0.046691701;0.04593676;0.012822134
0.048667986;0.04593676;0.012822134
0.046691701;0.047913045;0.012822134
0.046691701;0.04593676;0.0049169962
0.046691701;0.04593676;0.0049169962
0.046691701;0.04593676;0.0049169962
0.046691701;0.043960474;0.012822134
0.046691701;0.043960474;0.012822134
0.046691701;0.04593676;0.0049169962
0.046691701;0.04593676;0.0049169962
0.046691701;0.043960474;0.0049169962
0.046691701;0.04593676;0.012822134
0.044715416;0.04593676;0.0049169962
0.044715416;0.04593676;0.012822134
0.046691701;0.041984189;0.012822134
0.046691701;0.043960474;0.0049169962
0.046691701;0.043960474;0.012822134
0.044715416;0.043960474;0.0049169962
0.046691701;0.043960474;0.0049169962
0.044715416;0.04593676;0.012822134
0.046691701;0.043960474;0.0049169962
0.044715416;0.043960474;0.0049169962
0.044715416;0.04593676;0.012822134
0.046691701;0.043960474;0.0049169962
0.044715416;0.043960474;0.0049169962
0.044715416;0.043960474;0.012822134
0.044715416;0.043960474;0.0049169962
0.044715416;0.043960474;0.0049169962
0.044715416;0.043960474;0.012822134
0.042739131;0.043960474;0.012822134
0.044715416;0.043960474;0.0049169962
0.044715416;0.041984189;0.012822134
0.042739131;0.043960474;0.012822134
0.044715416;0.043960474;0.0049169962
0.042739131;0.043960474;0.012822134
0.044715416;0.041984189;0.0049169962
0.042739131;0.043960474;0.012822134
0.044715416;0.041984189;0.0049169962
0.040762845;0.041984189;0.0049169962
0.042739131;0.041984189;0.012822134
0.044715416;0.041984189;0.0049169962
0.042739131;0.041984189;0.0049169962
0.042739131;0.041984189;0.0049169962
0.042739131;0.041984189;0.0049169962
0.042739131;0.041984189;0.012822134
0.040762845;0.041984189;0.012822134
0.042739131;0.041984189;0.012822134
0.042739131;0.041984189;0.012822134
0.044715416;0.040007904;0.012822134
0.042739131;0.041984189;0.012822134
0.042739131;0.040007904;0.012822134
0.040762845;0.040007904;0.012822134
0.042739131;0.041984189;0.0049169962
0.040762845;0.040007904;0.0049169962
0.042739131;0.040007904;0.012822134
0.040762845;0.040007904;0.0049169962
0.040762845;0.040007904;0.012822134
0.040762845;0.041984189;0.0049169962
0.040762845;0.040007904;0.012822134
0.042739131;0.040007904;0.012822134
0.040762845;0.040007904;0.012822134
0.040762845;0.040007904;0.012822134
0.042739131;0.040007904;0.0049169962
0.040762845;0.040007904;0.012822134
0.03878656;0.040007904;0.012822134
0.040762845;0.040007904;0.0049169962
0.040762845;0.040007904;0.0049169962
0.040762845;0.038031619;0.0049169962
0.040762845;0.040007904;0.012822134
0.040762845;0.038031619;0.012822134
0.040762845;0.038031619;0.012822134
0.040762845;0.040007904;0.0049169962
0.03878656;0.038031619;0.0049169962
0.040762845;0.040007904;0.012822134
0.03878656;0.038031619;0.012822134
0.040762845;0.040007904;0.012822134
0.03878656;0.038031619;0.012822134
0.03878656;0.038031619;0.0049169962
0.03878656;0.036055338;0.0049169962
0.040762845;0.038031619;0.012822134
0.03878656;0.038031619;0.012822134
0.03878656;0.038031619;0.012822134
0.03878656;0.038031619;0.0049169962
0.03878656;0.038031619;0.012822134
0.03878656;0.036055338;0.0049169962
0.03878656;0.038031619;0.012822134
0.03878656;0.038031619;0.0049169962
0.03878656;0.038031619;0.012822134
0.036810275;0.036055338;0.0049169962
0.03878656;0.036055338;0.0049169962
0.036810275;0.036055338;0.0049169962
0.03878656;0.036055338;0.012822134
0.03878656;0.036055338;0.0049169962
0.03878656;0.036055338;0.0049169962
0.036810275;0.036055338;0.012822134
0.034833994;0.036055338;0.012822134
0.036810275;0.036055338;0.012822134
0.036810275;0.036055338;0.012822134
0.034833994;0.034079053;0.012822134
0.036810275;0.036055338;0.012822134
0.034833994;0.036055338;0.0049169962
0.036810275;0.034079053;0.012822134
0.036810275;0.034079053;0.012822134
0.036810275;0.036055338;0.0049169962
0.034833994;0.034079053;0.012822134
0.036810275;0.036055338;0.012822134
0.036810275;0.036055338;0.0049169962
0.034833994;0.034079053;0.012822134
0.034833994;0.034079053;0.0049169962
0.036810275;0.034079053;0.0049169962
0.034833994;0.034079053;0.0049169962
0.032857709;0.034079053;0.012822134
0.034833994;0.034079053;0.012822134
0.034833994;0.034079053;0.012822134
0.034833994;0.034079053;0.0049169962
0.032857709;0.034079053;0.012822134
0.032857709;0.034079053;0.0049169962
0.034833994;0.034079053;0.0049169962
0.034833994;0.034079053;0.012822134
0.032857709;0.034079053;0.0049169962
0.032857709;0.034079053;0.012822134
0.034833994;0.034079053;0.012822134
0.032857709;0.034079053;0.012822134
0.032857709;0.034079053;0.0049169962
0.032857709;0.032102767;0.0049169962
0.032857709;0.032102767;0.012822134
0.032857709;0.032102767;0.0049169962
0.032857709;0.032102767;0.012822134
0.032857709;0.032102767;0.012822134
0.032857709;0.032102767;0.0049169962
0.032857709;0.032102767;0.012822134
0.032857709;0.032102767;0.0049169962
0.032857709;0.032102767;0.012822134
0.030881424;0.032102767;0.012822134
0.030881424;0.032102767;0.012822134
0.032857709;0.032102767;0.0049169962
0.032857709;0.032102767;0.0049169962
0.032857709;0.032102767;0.0049169962
0.030881424;0.032102767;0.0049169962
0.030881424;0.030126482;0.012822134
0.032857709;0.032102767;0.012822134
0.030881424;0.032102767;0.0049169962
0.030881424;0.030126482;0.012822134
0.030881424;0.030126482;0.0049169962
0.030881424;0.030126482;0.012822134
0.030881424;0.032102767;0.0049169962
0.030881424;0.032102767;0.0049169962
0.030881424;0.030126482;0.012822134
0.030881424;0.030126482;0.0049169962
0.030881424;0.030126482;0.012822134
0.030881424;0.030126482;0.012822134
0.030881424;0.030126482;0.012822134
0.030881424;0.030126482;0.0049169962
0.030881424;0.030126482;0.012822134
0.028905138;0.030126482;0.012822134
0.028905138;0.030126482;0.012822134
0.030881424;0.030126482;0.012822134
0.028905138;0.028150197;0.012822134
0.028905138;0.028150197;0.012822134
0.028905138;0.028150197;0.012822134
0.028905138;0.028150197;0.0049169962
0.028905138;0.028150197;0.0049169962
0.028905138;0.028150197;0.012822134
0.028905138;0.028150197;0.012822134
0.028905138;0.028150197;0.012822134
0.028905138;0.028150197;0.0049169962
0.028905138;0.030126482;0.012822134
0.026928853;0.028150197;0.0049169962
0.026928853;0.028150197;0.012822134
0.026928853;0.028150197;0.0049169962
0.026928853;0.028150197;0.012822134
0.026928853;0.028150197;0.012822134
0.026928853;0.028150197;0.0049169962
0.026928853;0.026173914;0.0049169962
0.026928853;0.028150197;0.012822134
0.026928853;0.028150197;0.0049169962
0.026928853;0.026173914;0.012822134
0.026928853;0.026173914;0.0049169962
0.026928853;0.028150197;0.0049169962
0.026928853;0.028150197;0.012822134
0.026928853;0.026173914;0.0049169962
0.026928853;0.026173914;0.012822134
0.02495257;0.026173914;0.0049169962
0.02495257;0.026173914;0.012822134
0.02495257;0.026173914;0.012822134
0.026928853;0.026173914;0.012822134
0.02495257;0.026173914;0.0049169962
0.02495257;0.026173914;0.0049169962
0.026928853;0.026173914;0.0049169962
0.02495257;0.026173914;0.0049169962
0.02495257;0.024197629;0.0049169962
0.02495257;0.024197629;0.012822134
0.02495257;0.024197629;0.012822134
0.02495257;0.024197629;0.012822134
0.02495257;0.024197629;0.012822134
0.02495257;0.024197629;0.012822134
0.02495257;0.024197629;0.012822134
0.02495257;0.024197629;0.012822134
0.02495257;0.024197629;0.012822134
0.02495257;0.024197629;0.0049169962
0.022976285;0.024197629;0.0049169962
0.022976285;0.024197629;0.012822134
0.02495257;0.024197629;0.0049169962
0.02495257;0.022221344;0.0049169962
0.02495257;0.024197629;0.0049169962
0.022976285;0.022221344;0.0049169962
0.021;0.022221344;0.012822134
0.022976285;0.024197629;0.0049169962
0.022976285;0.024197629;0.012822134
0.022976285;0.022221344;0.0049169962
0.022976285;0.024197629;0.012822134
0.022976285;0.022221344;0.0049169962
0.022976285;0.022221344;0.0049169962
0.022976285;0.020245058;0.0049169962
0.021;0.022221344;0.0049169962
0.022976285;0.022221344;0.0049169962
0.022976285;0.022221344;0.012822134
0.022976285;0.022221344;0.012822134
0.021;0.022221344;0.0049169962
0.022976285;0.020245058;0.012822134
0.022976285;0.020245058;0.0049169962
0.021;0.022221344;0.012822134
0.021;0.020245058;0.0049169962
0.019023715;0.020245058;0.012822134
0.021;0.020245058;0.0049169962
0.021;0.020245058;0.0049169962
0.021;0.020245058;0.012822134
0.021;0.020245058;0.012822134
0.021;0.020245058;0.012822134
0.021;0.020245058;0.012822134
0.019023715;0.020245058;0.012822134
0.019023715;0.020245058;0.012822134
0.021;0.020245058;0.012822134
0.019023715;0.020245058;0.0049169962
0.021;0.018268775;0.012822134
0.019023715;0.020245058;0.0049169962
0.019023715;0.018268775;0.012822134
0.019023715;0.020245058;0.012822134
0.019023715;0.020245058;0.012822134
0.019023715;0.020245058;0.0049169962
0.019023715;0.020245058;0.012822134
0.019023715;0.020245058;0.012822134
0.019023715;0.020245058;0.0049169962
0.019023715;0.020245058;0.0049169962
0.019023715;0.018268775;0.012822134
0.019023715;0.018268775;0.0049169962
0.019023715;0.018268775;0.0049169962
0.017047431;0.018268775;0.012822134
0.019023715;0.020245058;0.0049169962
0.019023715;0.018268775;0.012822134
0.017047431;0.018268775;0.012822134
0.019023715;0.018268775;0.012822134
0.017047431;0.018268775;0.012822134
0.019023715;0.018268775;0.012822134
0.017047431;0.018268775;0.012822134
0.017047431;0.01629249;0.0049169962
0.017047431;0.01629249;0.0049169962
0.017047431;0.01629249;0.012822134
0.017047431;0.01629249;0.012822134
0.017047431;0.018268775;0.012822134
0.017047431;0.01629249;0.0049169962
0.015071146;0.01629249;0.0049169962
0.015071146;0.01629249;0.0049169962
0.015071146;0.01629249;0.0049169962
0.017047431;0.01629249;0.012822134
0.015071146;0.01629249;0.012822134
0.017047431;0.01629249;0.0049169962
0.015071146;0.01629249;0.0049169962
0.017047431;0.014316206;0.0049169962
0.015071146;0.01629249;0.012822134
0.015071146;0.01629249;0.0049169962
0.015071146;0.01629249;0.0049169962
0.015071146;0.014316206;0.0049169962
0.015071146;0.01629249;0.0049169962
0.015071146;0.014316206;0.0049169962
0.015071146;0.014316206;0.0049169962
0.013094862;0.014316206;0.012822134
0.015071146;0.014316206;0.012822134
0.015071146;0.01629249;0.0049169962
0.015071146;0.014316206;0.0049169962
0.015071146;0.014316206;0.0049169962
0.013094862;0.014316206;0.0049169962
0.015071146;0.012339921;0.012822134
0.015071146;0.014316206;0.012822134
0.013094862;0.014316206;0.0049169962
0.013094862;0.012339921;0.012822134
0.013094862;0.014316206;0.012822134
0.015071146;0.014316206;0.012822134
0.015071146;0.014316206;0.012822134
0.013094862;0.012339921;0.0049169962
0.013094862;0.012339921;0.0049169962
0.013094862;0.012339921;0.012822134
0.013094862;0.012339921;0.012822134
0.013094862;0.010363637;0.0049169962
0.013094862;0.012339921;0.0049169962
0.013094862;0.012339921;0.0049169962
0.011118577;0.014316206;0.0049169962
0.011118577;0.012339921;0.0049169962
0.011118577;0.012339921;0.012822134
0.013094862;0.012339921;0.012822134
0.011118577;0.012339921;0.012822134
0.011118577;0.012339921;0.0049169962
0.011118577;0.012339921;0.0049169962
0.013094862;0.012339921;0.012822134
0.011118577;0.010363637;0.012822134
0.011118577;0.012339921;0.0049169962
0.013094862;0.010363637;0.0049169962
0.011118577;0.012339921;0.012822134
0.011118577;0.010363637;0.012822134
0.011118577;0.010363637;0.0049169962
0.011118577;0.010363637;0.012822134
0.011118577;0.010363637;0.012822134
0.011118577;0.010363637;0.0049169962
0.011118577;0.010363637;0.0049169962
0.0091422927;0.0083873514;0.0049169962
0.0091422927;0.010363637;0.012822134
0.0091422927;0.010363637;0.0049169962
0.0091422927;0.010363637;0.0049169962
0.0091422927;0.010363637;0.0049169962
0.0091422927;0.010363637;0.012822134
0.007166008;0.010363637;0.012822134
0.011118577;0.010363637;0.012822134
0.0091422927;0.0083873514;0.0049169962
0.0091422927;0.010363637;0.012822134
0.0091422927;0.0083873514;0.0049169962
0.007166008;0.010363637;0.012822134
0.007166008;0.0083873514;0.012822134
0.007166008;0.0083873514;0.0049169962
0.007166008;0.0083873514;0.012822134
0.007166008;0.0083873514;0.012822134
0.007166008;0.0064110672;0.012822134
0.0091422927;0.0083873514;0.0049169962
0.007166008;0.0083873514;0.0049169962
0.007166008;0.0083873514;0.0049169962
0.007166008;0.0083873514;0.0049169962
0.0091422927;0.0064110672;0.012822134
0.007166008;0.0064110672;0.0049169962
0.007166008;0.0064110672;0.012822134
0.007166008;0.0083873514;0.012822134
0.007166008;0.0083873514;0.012822134
0.007166008;0.0064110672;0.0049169962
0.007166008;0.0064110672;0.012822134
0.007166008;0.0064110672;0.012822134
0.007166008;0.0064110672;0.012822134
0.0051897233;0.0064110672;0.012822134
0.0051897233;0.0064110672;0.0049169962
0.007166008;0.0064110672;0.012822134
0.0051897233;0.0064110672;0.012822134
0.0051897233;0.0064110672;0.012822134
0.0051897233;0.0044347825;0.0049169962
0.0051897233;0.0064110672;0.0049169962
0.0051897233;0.0064110672;0.0049169962
0.0051897233;0.0064110672;0.0049169962
0.0051897233;0.0064110672;0.012822134
0.0051897233;0.0044347825;0.012822134
0.0051897233;0.0044347825;0.012822134
0.0051897233;0.0064110672;0.0049169962
0.0032134387;0.0044347825;0.012822134
0.0051897233;0.0044347825;0.012822134
0.0051897233;0.0044347825;0.012822134
0.0051897233;0.0044347825;0.012822134
0.0051897233;0.0044347825;0.012822134
0.0032134387;0.0044347825;0.0049169962
0.0032134387;0.0044347825;0.012822134
0.0032134387;0.0044347825;0.012822134
0.0032134387;0.0064110672;0.012822134
0.0032134387;0.0044347825;0.0049169962
0.0051897233;0.0044347825;0.012822134
0.0032134387;0.0044347825;0.012822134
0.0032134387;0.0044347825;0.0049169962
0.0032134387;0.0044347825;0.0049169962
0.0032134387;0.0044347825;0.012822134
0.0012371541;0.0044347825;0.012822134
0.0012371541;0.0024584981;0.0049169962
0.0032134387;0.0044347825;0.012822134
0.0012371541;0.0044347825;0.012822134
0.0012371541;0.0024584981;0.012822134
0.0012371541;0.0024584981;0.0049169962
0.0012371541;0.0024584981;0.0049169962
0.0032134387;0.0024584981;0.012822134
0.0012371541;0.0024584981;0.0049169962
0.0012371541;0.0024584981;0.012822134
0.0012371541;0.0024584981;0.012822134
0.0012371541;0.00048221345;0.0049169962
0.0012371541;0.0024584981;0.012822134
-0.00073913042;0.00048221345;0.0049169962
-0.00073913042;0.0024584981;0.0049169962
-0.00073913042;0.0024584981;0.012822134
0.0012371541;0.0024584981;0.012822134
0.0012371541;0.0024584981;0.012822134
0.0012371541;0.00048221345;0.012822134
-0.0027154151;0.0024584981;0.012822134
-0.00073913042;0.00048221345;0.012822134
-0.00073913042;0.00048221345;0.012822134
-0.00073913042;0.00048221345;0.0049169962
-0.00073913042;0.00048221345;0.012822134
-0.00073913042;0.00048221345;0.012822134
-0.00073913042;0.00048221345;0.012822134
-0.00073913042;0.00048221345;0.012822134
-0.00073913042;0.00048221345;0.0049169962
-0.00073913042;0.00048221345;0.0049169962
-0.00073913042;-0.0014940711;0.0049169962
-0.00073913042;0.00048221345;0.012822134
-0.00073913042;-0.0014940711;0.012822134
-0.00073913042;0.00048221345;0.012822134
-0.0027154151;0.00048221345;0.0049169962
-0.00073913042;0.00048221345;0.012822134
-0.00073913042;0.00048221345;0.012822134
-0.00073913042;0.00048221345;0.012822134
-0.00073913042;-0.0014940711;0.0049169962
-0.00073913042;0.00048221345;0.0049169962
-0.0027154151;-0.0014940711;0.0049169962
-0.0027154151;-0.0014940711;0.012822134
-0.0027154151;-0.0014940711;0.0049169962
-0.0027154151;-0.0014940711;0.012822134
-0.00073913042;-0.0014940711;0.0049169962
-0.0027154151;-0.0014940711;0.0049169962
-0.0027154151;-0.0014940711;0.012822134
-0.0027154151;-0.0034703556;0.0049169962
-0.0027154151;-0.0014940711;0.012822134
-0.0027154151;-0.0014940711;0.012822134
-0.0027154151;-0.0014940711;0.0049169962
-0.0027154151;-0.0014940711;0.012822134
-0.0027154151;-0.0014940711;0.0049169962
-0.0046916995;-0.0014940711;0.0049169962
-0.0046916995;-0.0034703556;0.0049169962
-0.0027154151;-0.0034703556;0.012822134
-0.0046916995;-0.0014940711;0.0049169962
-0.0046916995;-0.0014940711;0.012822134
-0.0027154151;-0.0014940711;0.0049169962
-0.0046916995;-0.0014940711;0.012822134
-0.0027154151;-0.0014940711;0.012822134
-0.0046916995;-0.0034703556;0.012822134
-0.0027154151;-0.0034703556;0.0049169962
-0.0046916995;-0.0034703556;0.012822134
-0.0046916995;-0.0034703556;0.0049169962
-0.0027154151;-0.0034703556;0.012822134
-0.0046916995;-0.0034703556;0.0049169962
-0.0046916995;-0.0034703556;0.012822134
-0.0027154151;-0.0034703556;0.012822134
-0.0046916995;-0.0034703556;0.0049169962
-0.0046916995;-0.0054466403;0.012822134
-0.0046916995;-0.0034703556;0.0049169962
-0.0046916995;-0.0034703556;0.012822134
-0.0046916995;-0.0034703556;0.0049169962
-0.0066679842;-0.0054466403;0.012822134
-0.0046916995;-0.0034703556;0.012822134
-0.0066679842;-0.0034703556;0.0049169962
-0.0046916995;-0.0054466403;0.0049169962
-0.0046916995;-0.0054466403;0.012822134
-0.0046916995;-0.0054466403;0.012822134
-0.0066679842;-0.0054466403;0.0049169962
-0.0066679842;-0.0034703556;0.0049169962
-0.0086442688;-0.0054466403;0.0049169962
-0.0066679842;-0.0034703556;0.012822134
-0.0066679842;-0.0054466403;0.0049169962
-0.0066679842;-0.0054466403;0.0049169962
-0.0046916995;-0.0054466403;0.0049169962
-0.0066679842;-0.007422925;0.0049169962
-0.0066679842;-0.0054466403;0.012822134
-0.0066679842;-0.0054466403;0.012822134
-0.0066679842;-0.0054466403;0.012822134
-0.0066679842;-0.0054466403;0.0049169962
-0.0046916995;-0.0054466403;0.0049169962
-0.0066679842;-0.0054466403;0.0049169962
-0.0066679842;-0.0054466403;0.0049169962
-0.0086442688;-0.0054466403;0.0049169962
-0.0066679842;-0.0054466403;0.012822134
-0.0086442688;-0.0054466403;0.0049169962
-0.0066679842;-0.0054466403;0.0049169962
-0.0066679842;-0.007422925;0.012822134
-0.0086442688;-0.007422925;0.012822134
-0.0086442688;-0.007422925;0.0049169962
-0.0086442688;-0.007422925;0.0049169962
-0.0086442688;-0.007422925;0.0049169962
-0.0086442688;-0.007422925;0.0049169962
-0.0086442688;-0.007422925;0.0049169962
-0.0086442688;-0.007422925;0.012822134
-0.010620553;-0.007422925;0.012822134
-0.0086442688;-0.007422925;0.0049169962
-0.010620553;-0.007422925;0.012822134
-0.0086442688;-0.007422925;0.0049169962
-0.0086442688;-0.007422925;0.0049169962
-0.0086442688;-0.007422925;0.012822134
-0.010620553;-0.0093992092;0.012822134
-0.0086442688;-0.0093992092;0.012822134
-0.0086442688;-0.007422925;0.012822134
-0.010620553;-0.0093992092;0.0049169962
-0.0086442688;-0.007422925;0.012822134
-0.010620553;-0.007422925;0.0049169962
-0.010620553;-0.007422925;0.012822134
-0.010620553;-0.0093992092;0.0049169962
-0.0086442688;-0.007422925;0.0049169962
-0.010620553;-0.0093992092;0.012822134
-0.010620553;-0.007422925;0.012822134
-0.010620553;-0.0093992092;0.012822134
-0.010620553;-0.0093992092;0.0049169962
-0.010620553;-0.0093992092;0.012822134
-0.010620553;-0.0093992092;0.0049169962
-0.010620553;-0.0093992092;0.0049169962
-0.010620553;-0.0093992092;0.012822134
-0.010620553;-0.0093992092;0.012822134
-0.0086442688;-0.007422925;0.0049169962
-0.010620553;-0.0093992092;0.012822134
-0.010620553;-0.0093992092;0.012822134
-0.010620553;-0.0093992092;0.0049169962
-0.012596838;-0.0093992092;0.0049169962
-0.010620553;-0.0093992092;0.012822134
-0.010620553;-0.011375494;0.012822134
-0.012596838;-0.0093992092;0.0049169962
-0.010620553;-0.011375494;0.012822134
-0.010620553;-0.0093992092;0.012822134
-0.010620553;-0.0093992092;0.012822134
-0.010620553;-0.011375494;0.0049169962
-0.012596838;-0.0093992092;0.0049169962
-0.012596838;-0.0093992092;0.012822134
-0.012596838;-0.011375494;0.0049169962
-0.012596838;-0.011375494;0.012822134
-0.010620553;-0.0093992092;0.012822134
-0.012596838;-0.011375494;0.0049169962
-0.010620553;-0.011375494;0.0049169962
-0.012596838;-0.0093992092;0.0049169962
-0.012596838;-0.0093992092;0.0049169962
-0.012596838;-0.011375494;0.0049169962
-0.012596838;-0.011375494;0.0049169962
-0.012596838;-0.011375494;0.012822134
-0.010620553;-0.011375494;0.0049169962
-0.012596838;-0.011375494;0.0049169962
-0.014573122;-0.011375494;0.0049169962
-0.012596838;-0.011375494;0.0049169962
-0.012596838;-0.011375494;0.012822134
-0.012596838;-0.011375494;0.012822134
-0.012596838;-0.011375494;0.0049169962
-0.012596838;-0.011375494;0.0049169962
-0.012596838;-0.011375494;0.0049169962
-0.014573122;-0.011375494;0.0049169962
-0.014573122;-0.013351778;0.0049169962
-0.014573122;-0.013351778;0.012822134
-0.012596838;-0.013351778;0.0049169962
-0.014573122;-0.011375494;0.0049169962
-0.014573122;-0.011375494;0.012822134
-0.014573122;-0.013351778;0.012822134
-0.014573122;-0.013351778;0.0049169962
-0.014573122;-0.013351778;0.012822134
-0.014573122;-0.013351778;0.012822134
-0.014573122;-0.013351778;0.012822134
-0.014573122;-0.013351778;0.012822134
-0.014573122;-0.013351778;0.012822134
-0.012596838;-0.013351778;0.012822134
-0.014573122;-0.013351778;0.0049169962
-0.014573122;-0.013351778;0.0049169962
-0.014573122;-0.015328064;0.0049169962
-0.014573122;-0.013351778;0.0049169962
-0.014573122;-0.013351778;0.012822134
-0.014573122;-0.013351778;0.012822134
-0.016549407;-0.013351778;0.0049169962
-0.014573122;-0.013351778;0.012822134
-0.014573122;-0.013351778;0.0049169962
-0.014573122;-0.013351778;0.012822134
-0.014573122;-0.015328064;0.012822134
-0.014573122;-0.015328064;0.012822134
-0.016549407;-0.013351778;0.012822134
-0.014573122;-0.015328064;0.0049169962
-0.016549407;-0.013351778;0.0049169962
-0.014573122;-0.015328064;0.012822134
-0.016549407;-0.013351778;0.012822134
-0.014573122;-0.015328064;0.0049169962
-0.014573122;-0.015328064;0.012822134
-0.016549407;-0.015328064;0.0049169962
-0.016549407;-0.015328064;0.0049169962
-0.016549407;-0.015328064;0.0049169962
-0.014573122;-0.015328064;0.0049169962
-0.016549407;-0.015328064;0.012822134
-0.016549407;-0.015328064;0.012822134
-0.016549407;-0.015328064;0.0049169962
-0.016549407;-0.015328064;0.012822134
-0.014573122;-0.017304348;0.012822134
-0.016549407;-0.015328064;0.0049169962
-0.018525692;-0.015328064;0.012822134
-0.016549407;-0.015328064;0.0049169962
-0.016549407;-0.017304348;0.0049169962
-0.016549407;-0.015328064;0.0049169962
-0.016549407;-0.015328064;0.0049169962
-0.016549407;-0.015328064;0.0049169962
-0.016549407;-0.015328064;0.0049169962
-0.016549407;-0.015328064;0.012822134
-0.018525692;-0.015328064;0.0049169962
-0.018525692;-0.015328064;0.0049169962
-0.016549407;-0.017304348;0.012822134
-0.018525692;-0.017304348;0.0049169962
-0.018525692;-0.015328064;0.0049169962
-0.018525692;-0.017304348;0.012822134
-0.018525692;-0.017304348;0.012822134
-0.018525692;-0.015328064;0.0049169962
-0.018525692;-0.017304348;0.012822134
-0.018525692;-0.017304348;0.0049169962
-0.018525692;-0.017304348;0.012822134
-0.018525692;-0.017304348;0.0049169962
-0.018525692;-0.017304348;0.0049169962
-0.018525692;-0.017304348;0.012822134
-0.018525692;-0.017304348;0.0049169962
-0.018525692;-0.017304348;0.0049169962
-0.018525692;-0.017304348;0.012822134
-0.018525692;-0.017304348;0.012822134
-0.018525692;-0.017304348;0.0049169962
-0.018525692;-0.017304348;0.0049169962
-0.018525692;-0.017304348;0.012822134
-0.018525692;-0.017304348;0.012822134
-0.018525692;-0.017304348;0.0049169962
-0.018525692;-0.015328064;0.012822134
-0.018525692;-0.019280633;0.012822134
-0.020501977;-0.017304348;0.012822134
-0.020501977;-0.019280633;0.0049169962
-0.020501977;-0.019280633;0.012822134
-0.020501977;-0.019280633;0.012822134
-0.020501977;-0.017304348;0.0049169962
-0.020501977;-0.019280633;0.012822134
-0.018525692;-0.017304348;0.0049169962
-0.018525692;-0.017304348;0.012822134
-0.020501977;-0.019280633;0.012822134
-0.020501977;-0.017304348;0.012822134
-0.020501977;-0.017304348;0.0049169962
-0.020501977;-0.017304348;0.012822134
-0.018525692;-0.019280633;0.0049169962
-0.018525692;-0.019280633;0.012822134
-0.020501977;-0.019280633;0.012822134
-0.020501977;-0.019280633;0.012822134
-0.020501977;-0.019280633;0.012822134
-0.020501977;-0.017304348;0.0049169962
-0.020501977;-0.019280633;0.0049169962
-0.020501977;-0.019280633;0.0049169962
-0.02247826;-0.019280633;0.0049169962
-0.020501977;-0.019280633;0.0049169962
-0.020501977;-0.019280633;0.012822134
-0.020501977;-0.017304348;0.0049169962
-0.020501977;-0.019280633;0.0049169962
-0.02247826;-0.019280633;0.012822134
-0.020501977;-0.019280633;0.012822134
-0.02247826;-0.019280633;0.0049169962
-0.020501977;-0.019280633;0.012822134
-0.02247826;-0.021256916;0.0049169962
-0.020501977;-0.021256916;0.0049169962
-0.020501977;-0.019280633;0.0049169962
-0.02247826;-0.019280633;0.0049169962
-0.02247826;-0.019280633;0.0049169962
-0.02247826;-0.021256916;0.012822134
-0.02247826;-0.019280633;0.012822134
-0.02247826;-0.019280633;0.012822134
-0.02247826;-0.021256916;0.012822134
-0.020501977;-0.019280633;0.0049169962
-0.020501977;-0.021256916;0.012822134
-0.02247826;-0.019280633;0.012822134
-0.02247826;-0.021256916;0.0049169962
-0.02247826;-0.019280633;0.012822134
-0.02247826;-0.021256916;0.012822134
-0.02247826;-0.021256916;0.0049169962
-0.02247826;-0.021256916;0.012822134
-0.02247826;-0.019280633;0.012822134
-0.02247826;-0.019280633;0.012822134
-0.02247826;-0.021256916;0.0049169962
-0.024454545;-0.021256916;0.0049169962
-0.02247826;-0.021256916;0.012822134
-0.02247826;-0.021256916;0.0049169962
-0.02247826;-0.021256916;0.0049169962
-0.02247826;-0.021256916;0.012822134
-0.02247826;-0.021256916;0.012822134
-0.024454545;-0.021256916;0.012822134
-0.02247826;-0.021256916;0.0049169962
-0.02247826;-0.021256916;0.012822134
-0.024454545;-0.021256916;0.0049169962
-0.02247826;-0.021256916;0.012822134
-0.02247826;-0.021256916;0.0049169962
-0.024454545;-0.021256916;0.0049169962
-0.02247826;-0.021256916;0.0049169962
-0.02247826;-0.021256916;0.012822134
-0.02247826;-0.021256916;0.012822134
-0.02247826;-0.021256916;0.012822134
-0.02247826;-0.021256916;0.012822134
-0.02247826;-0.021256916;0.0049169962
-0.024454545;-0.021256916;0.0049169962
-0.02247826;-0.023233201;0.0049169962
-0.024454545;-0.021256916;0.012822134
-0.02247826;-0.023233201;0.012822134
-0.024454545;-0.021256916;0.012822134
-0.02247826;-0.021256916;0.0049169962
-0.024454545;-0.021256916;0.0049169962
-0.024454545;-0.021256916;0.0049169962
-0.02247826;-0.021256916;0.0049169962
-0.02643083;-0.021256916;0.012822134
-0.024454545;-0.021256916;0.012822134
-0.024454545;-0.021256916;0.012822134
-0.02643083;-0.021256916;0.0049169962
-0.024454545;-0.023233201;0.012822134
-0.024454545;-0.023233201;0.012822134
-0.024454545;-0.021256916;0.012822134
-0.024454545;-0.021256916;0.012822134
-0.024454545;-0.023233201;0.0049169962
-0.024454545;-0.023233201;0.0049169962
-0.024454545;-0.023233201;0.012822134
-0.024454545;-0.023233201;0.012822134
-0.02247826;-0.021256916;0.0049169962
-0.024454545;-0.021256916;0.012822134
-0.024454545;-0.023233201;0.012822134
-0.02247826;-0.023233201;0.0049169962
-0.024454545;-0.023233201;0.0049169962
-0.024454545;-0.023233201;0.012822134
-0.024454545;-0.023233201;0.0049169962
-0.024454545;-0.023233201;0.012822134
-0.02643083;-0.023233201;0.012822134
-0.024454545;-0.023233201;0.012822134
-0.024454545;-0.021256916;0.012822134
-0.02643083;-0.023233201;0.012822134
-0.024454545;-0.023233201;0.012822134
-0.024454545;-0.023233201;0.012822134
-0.02643083;-0.023233201;0.012822134
-0.024454545;-0.023233201;0.0049169962
-0.024454545;-0.023233201;0.012822134
-0.024454545;-0.023233201;0.012822134
-0.02643083;-0.023233201;0.012822134
-0.024454545;-0.023233201;0.0049169962
-0.024454545;-0.023233201;0.0049169962
-0.024454545;-0.023233201;0.012822134
-0.024454545;-0.023233201;0.012822134
-0.024454545;-0.023233201;0.0049169962
-0.02643083;-0.023233201;0.0049169962
-0.02643083;-0.023233201;0.012822134
-0.024454545;-0.023233201;0.0049169962
-0.02643083;-0.023233201;0.0049169962
-0.02643083;-0.023233201;0.0049169962
-0.024454545;-0.023233201;0.012822134
-0.02643083;-0.023233201;0.012822134
-0.02643083;-0.025209486;0.0049169962
-0.024454545;-0.023233201;0.012822134
-0.024454545;-0.023233201;0.012822134
-0.02643083;-0.023233201;0.0049169962
-0.024454545;-0.023233201;0.012822134
-0.02643083;-0.023233201;0.012822134
-0.02643083;-0.023233201;0.012822134
-0.02643083;-0.023233201;0.012822134
-0.02643083;-0.025209486;0.0049169962
-0.02643083;-0.023233201;0.012822134
-0.02643083;-0.023233201;0.012822134
-0.02643083;-0.023233201;0.012822134
-0.02643083;-0.023233201;0.012822134
-0.02643083;-0.025209486;0.0049169962
-0.02643083;-0.023233201;0.0049169962
-0.02643083;-0.023233201;0.012822134
-0.02643083;-0.023233201;0.0049169962
-0.02643083;-0.023233201;0.012822134
-0.02643083;-0.023233201;0.0049169962
-0.02643083;-0.023233201;0.0049169962
-0.02643083;-0.025209486;0.012822134
-0.02643083;-0.023233201;0.0049169962
-0.02643083;-0.023233201;0.0049169962
-0.02643083;-0.023233201;0.012822134
-0.02643083;-0.023233201;0.0049169962
-0.02643083;-0.023233201;0.0049169962
-0.024454545;-0.025209486;0.0049169962
-0.028407115;-0.025209486;0.012822134
-0.02643083;-0.025209486;0.0049169962
-0.02643083;-0.025209486;0.0049169962
-0.02643083;-0.025209486;0.0049169962
-0.02643083;-0.025209486;0.0049169962
-0.02643083;-0.023233201;0.0049169962
-0.02643083;-0.025209486;0.0049169962
-0.02643083;-0.023233201;0.012822134
-0.02643083;-0.025209486;0.012822134
-0.02643083;-0.023233201;0.012822134
-0.028407115;-0.025209486;0.012822134
-0.02643083;-0.023233201;0.012822134
-0.02643083;-0.025209486;0.0049169962
-0.02643083;-0.025209486;0.012822134
-0.02643083;-0.025209486;0.012822134
-0.02643083;-0.023233201;0.0049169962
-0.028407115;-0.025209486;0.0049169962
-0.024454545;-0.025209486;0.012822134
-0.028407115;-0.025209486;0.012822134
-0.024454545;-0.025209486;0.012822134
-0.02643083;-0.025209486;0.0049169962
-0.028407115;-0.025209486;0.012822134
-0.02643083;-0.025209486;0.012822134
-0.02643083;-0.025209486;0.012822134
-0.02643083;-0.025209486;0.012822134
-0.028407115;-0.025209486;0.012822134
-0.028407115;-0.023233201;0.012822134
-0.02643083;-0.025209486;0.012822134
-0.028407115;-0.025209486;0.0049169962
-0.02643083;-0.025209486;0.012822134
-0.028407115;-0.025209486;0.012822134
-0.028407115;-0.025209486;0.012822134
-0.028407115;-0.025209486;0.0049169962
-0.02643083;-0.025209486;0.012822134
-0.02643083;-0.025209486;0.012822134
-0.02643083;-0.025209486;0.012822134
-0.028407115;-0.025209486;0.012822134
-0.028407115;-0.025209486;0.012822134
-0.02643083;-0.025209486;0.012822134
-0.02643083;-0.025209486;0.012822134
-0.02643083;-0.025209486;0.0049169962
-0.02643083;-0.025209486;0.0049169962
-0.028407115;-0.025209486;0.0049169962
-0.028407115;-0.025209486;0.0049169962
-0.02643083;-0.025209486;0.012822134
-0.02643083;-0.025209486;0.012822134
-0.028407115;-0.025209486;0.0049169962
-0.028407115;-0.025209486;0.012822134
-0.028407115;-0.025209486;0.012822134
-0.02643083;-0.025209486;0.012822134
-0.028407115;-0.025209486;0.0049169962
-0.02643083;-0.025209486;0.012822134
-0.028407115;-0.025209486;0.0049169962
-0.02643083;-0.025209486;0.0049169962
-0.02643083;-0.025209486;0.0049169962
-0.028407115;-0.027185772;0.012822134
-0.028407115;-0.025209486;0.0049169962
-0.028407115;-0.025209486;0.0049169962
-0.028407115;-0.027185772;0.0049169962
-0.02643083;-0.027185772;0.012822134
-0.028407115;-0.027185772;0.012822134
-0.02643083;-0.025209486;0.0049169962
-0.02643083;-0.025209486;0.0049169962
-0.028407115;-0.025209486;0.012822134
-0.02643083;-0.025209486;0.0049169962
-0.02643083;-0.025209486;0.0049169962
-0.028407115;-0.025209486;0.0049169962
-0.028407115;-0.025209486;0.0049169962
-0.02643083;-0.025209486;0.012822134
-0.028407115;-0.025209486;0.012822134
-0.02643083;-0.025209486;0.0049169962
-0.028407115;-0.027185772;0.0049169962
-0.02643083;-0.025209486;0.012822134
-0.02643083;-0.025209486;0.0049169962
-0.02643083;-0.025209486;0.0049169962
-0.028407115;-0.027185772;0.012822134
-0.02643083;-0.025209486;0.012822134
-0.028407115;-0.025209486;0.0049169962
-0.02643083;-0.025209486;0.0049169962
-0.028407115;-0.025209486;0.0049169962
-0.02643083;-0.025209486;0.012822134
-0.028407115;-0.025209486;0.0049169962
-0.02643083;-0.025209486;0.012822134
-0.02643083;-0.025209486;0.012822134
-0.02643083;-0.025209486;0.0049169962
-0.02643083;-0.025209486;0.012822134
-0.02643083;-0.025209486;0.0049169962
-0.02643083;-0.025209486;0.012822134
-0.028407115;-0.025209486;0.0049169962
-0.028407115;-0.027185772;0.012822134
-0.028407115;-0.027185772;0.0049169962
-0.028407115;-0.025209486;0.0049169962
-0.02643083;-0.025209486;0.0049169962
-0.028407115;-0.025209486;0.0049169962
-0.02643083;-0.025209486;0.012822134
-0.028407115;-0.025209486;0.0049169962
-0.02643083;-0.025209486;0.012822134
-0.028407115;-0.023233201;0.0049169962
-0.02643083;-0.025209486;0.0049169962
-0.028407115;-0.025209486;0.0049169962
-0.02643083;-0.025209486;0.0049169962
-0.028407115;-0.025209486;0.012822134
-0.028407115;-0.027185772;0.0049169962
-0.028407115;-0.025209486;0.0049169962
-0.028407115;-0.025209486;0.0049169962
-0.030383399;-0.027185772;0.0049169962
-0.02643083;-0.025209486;0.0049169962
-0.028407115;-0.025209486;0.0049169962
-0.028407115;-0.025209486;0.012822134
-0.028407115;-0.025209486;0.0049169962
-0.02643083;-0.025209486;0.0049169962
-0.028407115;-0.025209486;0.0049169962
-0.02643083;-0.025209486;0.0049169962
-0.028407115;-0.025209486;0.0049169962
-0.02643083;-0.025209486;0.012822134
-0.028407115;-0.025209486;0.012822134
-0.028407115;-0.025209486;0.0049169962
-0.02643083;-0.025209486;0.0049169962
-0.02643083;-0.025209486;0.0049169962
-0.02643083;-0.025209486;0.012822134
-0.02643083;-0.023233201;0.0049169962
-0.028407115;-0.025209486;0.012822134
-0.028407115;-0.025209486;0.012822134
-0.02643083;-0.025209486;0.012822134
-0.02643083;-0.027185772;0.012822134
-0.02643083;-0.025209486;0.012822134
-0.028407115;-0.025209486;0.0049169962
-0.02643083;-0.025209486;0.0049169962
-0.02643083;-0.025209486;0.0049169962
-0.028407115;-0.025209486;0.0049169962
-0.024454545;-0.023233201;0.012822134
-0.02643083;-0.025209486;0.0049169962
-0.02643083;-0.025209486;0.012822134
-0.028407115;-0.025209486;0.012822134
-0.02643083;-0.027185772;0.012822134
-0.028407115;-0.027185772;0.0049169962
-0.02643083;-0.025209486;0.0049169962
-0.02643083;-0.025209486;0.012822134
-0.02643083;-0.025209486;0.012822134
-0.028407115;-0.025209486;0.0049169962
-0.02643083;-0.027185772;0.012822134
-0.02643083;-0.025209486;0.012822134
-0.02643083;-0.025209486;0.012822134
-0.02643083;-0.025209486;0.0049169962
-0.02643083;-0.025209486;0.012822134
-0.02643083;-0.025209486;0.012822134
-0.02643083;-0.025209486;0.0049169962
-0.02643083;-0.025209486;0.0049169962
-0.02643083;-0.025209486;0.012822134
-0.028407115;-0.025209486;0.012822134
-0.02643083;-0.025209486;0.012822134
-0.024454545;-0.023233201;0.0049169962
-0.02643083;-0.025209486;0.0049169962
-0.02643083;-0.025209486;0.012822134
-0.02643083;-0.025209486;0.0049169962
-0.02643083;-0.025209486;0.012822134
-0.024454545;-0.025209486;0.0049169962
-0.02643083;-0.025209486;0.0049169962
-0.028407115;-0.025209486;0.0049169962
-0.02643083;-0.025209486;0.0049169962
-0.02643083;-0.025209486;0.012822134
-0.024454545;-0.025209486;0.012822134
-0.02643083;-0.027185772;0.0049169962
-0.02643083;-0.025209486;0.012822134
-0.024454545;-0.025209486;0.012822134
-0.028407115;-0.025209486;0.012822134
-0.024454545;-0.023233201;0.0049169962
-0.02643083;-0.023233201;0.012822134
-0.02643083;-0.023233201;0.012822134
-0.02643083;-0.025209486;0.012822134
-0.02643083;-0.023233201;0.0049169962
-0.024454545;-0.025209486;0.012822134
-0.02643083;-0.023233201;0.0049169962
-0.02643083;-0.025209486;0.0049169962
-0.02643083;-0.023233201;0.0049169962
-0.02643083;-0.025209486;0.012822134
-0.02247826;-0.023233201;0.0049169962
-0.02643083;-0.023233201;0.012822134
-0.024454545;-0.025209486;0.0049169962
-0.024454545;-0.025209486;0.012822134
-0.024454545;-0.025209486;0.012822134
-0.024454545;-0.023233201;0.012822134
-0.02643083;-0.025209486;0.0049169962
-0.024454545;-0.025209486;0.0049169962
-0.02643083;-0.023233201;0.012822134
-0.024454545;-0.025209486;0.0049169962
-0.02247826;-0.023233201;0.012822134
-0.02643083;-0.023233201;0.0049169962
-0.024454545;-0.021256916;0.012822134
-0.02643083;-0.023233201;0.0049169962
-0.02643083;-0.023233201;0.0049169962
-0.024454545;-0.023233201;0.012822134
-0.02643083;-0.025209486;0.012822134
-0.024454545;-0.025209486;0.012822134
-0.024454545;-0.023233201;0.012822134
-0.02643083;-0.023233201;0.012822134
-0.024454545;-0.023233201;0.0049169962
-0.024454545;-0.023233201;0.0049169962
-0.02643083;-0.023233201;0.012822134
-0.024454545;-0.023233201;0.012822134
-0.024454545;-0.023233201;0.0049169962
-0.024454545;-0.025209486;0.012822134
-0.024454545;-0.023233201;0.0049169962
-0.024454545;-0.023233201;0.0049169962
-0.024454545;-0.023233201;0.0049169962
-0.024454545;-0.023233201;0.0049169962
-0.024454545;-0.023233201;0.012822134
-0.024454545;-0.023233201;0.0049169962
-0.024454545;-0.023233201;0.0049169962
-0.024454545;-0.021256916;0.0049169962
-0.024454545;-0.023233201;0.012822134
-0.02247826;-0.023233201;0.0049169962
-0.024454545;-0.023233201;0.0049169962
-0.02247826;-0.023233201;0.0049169962
-0.024454545;-0.023233201;0.0049169962
-0.024454545;-0.021256916;0.012822134
-0.02247826;-0.023233201;0.0049169962
-0.024454545;-0.025209486;0.012822134
-0.02247826;-0.023233201;0.012822134
-0.02247826;-0.021256916;0.0049169962
-0.024454545;-0.023233201;0.0049169962
-0.02247826;-0.023233201;0.0049169962
-0.02247826;-0.023233201;0.012822134
-0.024454545;-0.021256916;0.0049169962
-0.02247826;-0.023233201;0.0049169962
-0.02247826;-0.023233201;0.012822134
-0.024454545;-0.023233201;0.0049169962
-0.024454545;-0.023233201;0.0049169962
-0.024454545;-0.023233201;0.012822134
-0.02247826;-0.023233201;0.0049169962
-0.02247826;-0.023233201;0.0049169962
-0.02247826;-0.021256916;0.012822134
-0.024454545;-0.023233201;0.0049169962
-0.02247826;-0.021256916;0.0049169962
-0.02247826;-0.023233201;0.0049169962
-0.024454545;-0.021256916;0.012822134
-0.02247826;-0.023233201;0.012822134
-0.02247826;-0.021256916;0.0049169962
-0.024454545;-0.021256916;0.012822134
-0.02247826;-0.021256916;0.012822134
-0.02247826;-0.023233201;0.0049169962
-0.02247826;-0.021256916;0.012822134
-0.02247826;-0.021256916;0.0049169962
-0.02247826;-0.021256916;0.0049169962
-0.024454545;-0.021256916;0.012822134
-0.02247826;-0.021256916;0.012822134
-0.024454545;-0.021256916;0.0049169962
-0.020501977;-0.023233201;0.012822134
-0.02247826;-0.021256916;0.012822134
-0.02247826;-0.021256916;0.0049169962
-0.02247826;-0.021256916;0.0049169962
-0.024454545;-0.021256916;0.012822134
-0.02247826;-0.021256916;0.0049169962
-0.02247826;-0.021256916;0.0049169962
-0.02247826;-0.021256916;0.0049169962
-0.020501977;-0.021256916;0.0049169962
-0.02247826;-0.021256916;0.0049169962
-0.02247826;-0.021256916;0.012822134
-0.02247826;-0.021256916;0.0049169962
-0.02247826;-0.021256916;0.0049169962
-0.02247826;-0.021256916;0.012822134
-0.02247826;-0.021256916;0.0049169962
-0.02247826;-0.021256916;0.0049169962
-0.02247826;-0.019280633;0.0049169962
-0.020501977;-0.021256916;0.012822134
-0.02247826;-0.021256916;0.0049169962
-0.02247826;-0.021256916;0.0049169962
-0.02247826;-0.021256916;0.012822134
-0.02247826;-0.021256916;0.0049169962
-0.020501977;-0.021256916;0.0049169962
-0.02247826;-0.021256916;0.0049169962
-0.02247826;-0.021256916;0.0049169962
-0.024454545;-0.021256916;0.012822134
-0.02247826;-0.021256916;0.0049169962
-0.02247826;-0.021256916;0.012822134
-0.02247826;-0.019280633;0.012822134
-0.02247826;-0.019280633;0.0049169962
-0.020501977;-0.021256916;0.0049169962
-0.02247826;-0.019280633;0.012822134
-0.020501977;-0.019280633;0.0049169962
-0.020501977;-0.021256916;0.0049169962
-0.020501977;-0.019280633;0.0049169962
-0.020501977;-0.019280633;0.0049169962
-0.020501977;-0.019280633;0.0049169962
-0.020501977;-0.019280633;0.0049169962
-0.020501977;-0.021256916;0.0049169962
-0.020501977;-0.019280633;0.012822134
-0.020501977;-0.019280633;0.0049169962
-0.020501977;-0.019280633;0.0049169962
-0.018525692;-0.019280633;0.012822134
-0.020501977;-0.019280633;0.012822134
-0.02247826;-0.019280633;0.012822134
-0.020501977;-0.019280633;0.0049169962
-0.020501977;-0.019280633;0.012822134
-0.020501977;-0.019280633;0.012822134
-0.018525692;-0.017304348;0.0049169962
-0.020501977;-0.019280633;0.012822134
-0.020501977;-0.019280633;0.0049169962
-0.020501977;-0.019280633;0.012822134
-0.020501977;-0.019280633;0.0049169962
-0.020501977;-0.019280633;0.0049169962
-0.020501977;-0.019280633;0.012822134
-0.020501977;-0.019280633;0.012822134
-0.018525692;-0.019280633;0.012822134
-0.020501977;-0.019280633;0.012822134
-0.018525692;-0.017304348;0.0049169962
-0.020501977;-0.017304348;0.0049169962
-0.018525692;-0.019280633;0.0049169962
-0.020501977;-0.019280633;0.0049169962
-0.020501977;-0.019280633;0.012822134
-0.020501977;-0.017304348;0.012822134
-0.020501977;-0.017304348;0.012822134
-0.016549407;-0.017304348;0.012822134
-0.018525692;-0.017304348;0.012822134
-0.020501977;-0.017304348;0.0049169962
-0.018525692;-0.017304348;0.0049169962
-0.018525692;-0.017304348;0.0049169962
-0.018525692;-0.019280633;0.012822134
-0.018525692;-0.019280633;0.012822134
-0.018525692;-0.019280633;0.0049169962
-0.018525692;-0.017304348;0.0049169962
-0.016549407;-0.017304348;0.012822134
-0.016549407;-0.017304348;0.012822134
-0.018525692;-0.017304348;0.0049169962
-0.016549407;-0.017304348;0.012822134
-0.018525692;-0.015328064;0.0049169962
-0.018525692;-0.017304348;0.012822134
-0.016549407;-0.017304348;0.0049169962
-0.018525692;-0.017304348;0.0049169962
-0.018525692;-0.017304348;0.012822134
-0.016549407;-0.015328064;0.0049169962
-0.018525692;-0.017304348;0.0049169962
-0.016549407;-0.015328064;0.0049169962
-0.018525692;-0.017304348;0.012822134
-0.018525692;-0.017304348;0.0049169962
-0.016549407;-0.015328064;0.0049169962
-0.018525692;-0.017304348;0.012822134
-0.018525692;-0.017304348;0.0049169962
-0.016549407;-0.017304348;0.012822134
-0.016549407;-0.017304348;0.0049169962
-0.016549407;-0.015328064;0.0049169962
-0.014573122;-0.015328064;0.012822134
-0.016549407;-0.017304348;0.0049169962
-0.016549407;-0.015328064;0.012822134
-0.014573122;-0.015328064;0.012822134
-0.016549407;-0.015328064;0.0049169962
-0.018525692;-0.015328064;0.012822134
-0.016549407;-0.017304348;0.012822134
-0.016549407;-0.015328064;0.012822134
-0.018525692;-0.015328064;0.012822134
-0.014573122;-0.015328064;0.012822134
-0.014573122;-0.015328064;0.0049169962
-0.016549407;-0.015328064;0.012822134
-0.014573122;-0.015328064;0.012822134
-0.014573122;-0.015328064;0.012822134
-0.014573122;-0.013351778;0.0049169962
-0.016549407;-0.015328064;0.0049169962
-0.016549407;-0.013351778;0.012822134
-0.016549407;-0.015328064;0.012822134
-0.016549407;-0.017304348;0.0049169962
-0.014573122;-0.015328064;0.0049169962
-0.014573122;-0.015328064;0.0049169962
-0.014573122;-0.015328064;0.0049169962
-0.014573122;-0.013351778;0.012822134
-0.016549407;-0.013351778;0.0049169962
-0.016549407;-0.015328064;0.012822134
-0.014573122;-0.015328064;0.012822134
-0.016549407;-0.015328064;0.0049169962
-0.014573122;-0.013351778;0.0049169962
-0.014573122;-0.013351778;0.0049169962
-0.014573122;-0.013351778;0.0049169962
-0.014573122;-0.013351778;0.0049169962
-0.014573122;-0.013351778;0.012822134
-0.012596838;-0.013351778;0.0049169962
-0.012596838;-0.015328064;0.0049169962
-0.014573122;-0.013351778;0.012822134
-0.014573122;-0.013351778;0.012822134
-0.014573122;-0.013351778;0.012822134
-0.014573122;-0.013351778;0.0049169962
-0.014573122;-0.013351778;0.012822134
-0.014573122;-0.013351778;0.0049169962
-0.014573122;-0.011375494;0.012822134
-0.012596838;-0.013351778;0.0049169962
-0.014573122;-0.011375494;0.0049169962
-0.014573122;-0.013351778;0.0049169962
-0.014573122;-0.011375494;0.012822134
-0.012596838;-0.013351778;0.0049169962
-0.012596838;-0.011375494;0.0049169962
-0.012596838;-0.013351778;0.0049169962
-0.012596838;-0.011375494;0.012822134
-0.014573122;-0.011375494;0.012822134
-0.012596838;-0.011375494;0.0049169962
-0.012596838;-0.013351778;0.012822134
-0.012596838;-0.011375494;0.0049169962
-0.010620553;-0.011375494;0.0049169962
-0.012596838;-0.011375494;0.012822134
-0.014573122;-0.011375494;0.012822134
-0.012596838;-0.011375494;0.012822134
-0.012596838;-0.011375494;0.012822134
-0.012596838;-0.011375494;0.0049169962
-0.012596838;-0.011375494;0.012822134
-0.012596838;-0.011375494;0.0049169962
-0.012596838;-0.011375494;0.0049169962
-0.012596838;-0.011375494;0.012822134
-0.012596838;-0.011375494;0.0049169962
-0.010620553;-0.011375494;0.0049169962
-0.010620553;-0.011375494;0.0049169962
-0.012596838;-0.011375494;0.012822134
-0.010620553;-0.0093992092;0.012822134
-0.010620553;-0.011375494;0.012822134
-0.010620553;-0.011375494;0.0049169962
-0.010620553;-0.011375494;0.0049169962
-0.012596838;-0.011375494;0.012822134
-0.010620553;-0.0093992092;0.0049169962
-0.012596838;-0.011375494;0.0049169962
-0.012596838;-0.0093992092;0.012822134
-0.010620553;-0.011375494;0.012822134
-0.010620553;-0.0093992092;0.0049169962
-0.012596838;-0.0093992092;0.0049169962
-0.010620553;-0.011375494;0.0049169962
-0.010620553;-0.0093992092;0.0049169962
-0.010620553;-0.0093992092;0.0049169962
-0.010620553;-0.0093992092;0.0049169962
-0.0086442688;-0.0093992092;0.012822134
-0.0086442688;-0.0093992092;0.0049169962
-0.010620553;-0.0093992092;0.0049169962
-0.0086442688;-0.0093992092;0.0049169962
-0.0086442688;-0.0093992092;0.012822134
-0.0086442688;-0.0093992092;0.0049169962
-0.010620553;-0.0093992092;0.012822134
-0.010620553;-0.0093992092;0.0049169962
-0.010620553;-0.0093992092;0.012822134
-0.0086442688;-0.0093992092;0.0049169962
-0.0086442688;-0.007422925;0.0049169962
-0.0086442688;-0.0093992092;0.012822134
-0.0086442688;-0.0093992092;0.0049169962
-0.010620553;-0.007422925;0.0049169962
-0.0086442688;-0.007422925;0.0049169962
-0.0086442688;-0.007422925;0.012822134
-0.0086442688;-0.007422925;0.0049169962
-0.0086442688;-0.007422925;0.012822134
-0.0086442688;-0.007422925;0.0049169962
-0.0086442688;-0.007422925;0.012822134
-0.0086442688;-0.007422925;0.012822134
-0.0066679842;-0.007422925;0.012822134
-0.0066679842;-0.007422925;0.0049169962
-0.0086442688;-0.007422925;0.012822134
-0.0086442688;-0.007422925;0.0049169962
-0.0066679842;-0.0054466403;0.0049169962
-0.0086442688;-0.0054466403;0.0049169962
-0.0066679842;-0.0054466403;0.0049169962
-0.0066679842;-0.0054466403;0.0049169962
-0.0066679842;-0.0054466403;0.012822134
-0.0066679842;-0.0054466403;0.0049169962
-0.0066679842;-0.0054466403;0.012822134
-0.0066679842;-0.0054466403;0.012822134
-0.0066679842;-0.0054466403;0.0049169962
-0.0066679842;-0.0054466403;0.0049169962
-0.0066679842;-0.0054466403;0.0049169962
-0.0086442688;-0.0054466403;0.012822134
-0.0066679842;-0.0054466403;0.012822134
-0.0066679842;-0.0054466403;0.0049169962
-0.0066679842;-0.0054466403;0.0049169962
-0.0046916995;-0.0054466403;0.012822134
-0.0066679842;-0.0054466403;0.012822134
-0.0066679842;-0.0054466403;0.012822134
-0.0066679842;-0.0054466403;0.012822134
-0.0066679842;-0.0054466403;0.0049169962
-0.0066679842;-0.0054466403;0.012822134
-0.0046916995;-0.0054466403;0.012822134
-0.0046916995;-0.0054466403;0.0049169962
-0.0066679842;-0.0054466403;0.012822134
-0.0066679842;-0.0054466403;0.012822134
-0.0066679842;-0.0054466403;0.012822134
-0.0066679842;-0.0054466403;0.0049169962
-0.0066679842;-0.0054466403;0.0049169962
-0.0046916995;-0.0034703556;0.012822134
-0.0046916995;-0.0054466403;0.0049169962
-0.0046916995;-0.0054466403;0.012822134
-0.0046916995;-0.0034703556;0.0049169962
-0.0027154151;-0.0054466403;0.012822134
-0.0027154151;-0.0034703556;0.0049169962
-0.0046916995;-0.0034703556;0.0049169962
-0.0027154151;-0.0034703556;0.0049169962
-0.0027154151;-0.0034703556;0.012822134
-0.0046916995;-0.0034703556;0.012822134
-0.0046916995;-0.0034703556;0.012822134
-0.0046916995;-0.0034703556;0.012822134
-0.0027154151;-0.0034703556;0.0049169962
-0.0027154151;-0.0034703556;0.012822134
-0.0046916995;-0.0034703556;0.012822134
-0.0046916995;-0.0034703556;0.012822134
-0.0027154151;-0.0034703556;0.012822134
-0.0027154151;-0.0034703556;0.012822134
-0.0027154151;-0.0014940711;0.012822134
-0.0027154151;-0.0034703556;0.012822134
-0.0027154151;-0.0034703556;0.012822134
-0.0027154151;-0.0034703556;0.012822134
-0.0027154151;-0.0034703556;0.012822134
-0.0027154151;-0.0034703556;0.012822134
-0.0027154151;-0.0014940711;0.012822134
-0.0027154151;-0.0034703556;0.0049169962
-0.0027154151;-0.0014940711;0.012822134
-0.0027154151;-0.0034703556;0.0049169962
-0.0027154151;-0.0034703556;0.012822134
-0.00073913042;-0.0034703556;0.0049169962
-0.00073913042;-0.0034703556;0.012822134
-0.0027154151;-0.0014940711;0.0049169962
-0.0027154151;-0.0014940711;0.012822134
-0.0027154151;-0.0014940711;0.012822134
-0.0027154151;-0.0014940711;0.0049169962
-0.0027154151;-0.0014940711;0.0049169962
-0.0027154151;-0.0014940711;0.0049169962
-0.00073913042;-0.0014940711;0.012822134
-0.0027154151;-0.0014940711;0.012822134
0.0012371541;-0.0014940711;0.0049169962
-0.00073913042;0.00048221345;0.012822134
-0.00073913042;-0.0014940711;0.012822134
-0.00073913042;-0.0014940711;0.012822134
-0.00073913042;0.00048221345;0.0049169962
-0.00073913042;-0.0014940711;0.012822134
-0.00073913042;-0.0014940711;0.0049169962
-0.00073913042;0.00048221345;0.0049169962
-0.00073913042;-0.0014940711;0.0049169962
0.0012371541;0.00048221345;0.0049169962
0.0012371541;-0.0014940711;0.012822134
-0.0027154151;0.00048221345;0.012822134
-0.00073913042;-0.0014940711;0.0049169962
-0.00073913042;0.00048221345;0.0049169962
-0.00073913042;0.00048221345;0.0049169962
-0.00073913042;0.0024584981;0.0049169962
0.0012371541;0.00048221345;0.0049169962
-0.00073913042;0.00048221345;0.012822134
0.0012371541;0.00048221345;0.0049169962
0.0012371541;0.00048221345;0.012822134
0.0012371541;0.0024584981;0.012822134
0.0012371541;0.00048221345;0.012822134
0.0012371541;0.0024584981;0.012822134
0.0012371541;0.00048221345;0.012822134
0.0012371541;0.00048221345;0.012822134
0.0012371541;0.0024584981;0.0049169962
0.0032134387;0.0024584981;0.012822134
0.0012371541;0.0024584981;0.012822134
0.0012371541;0.00048221345;0.012822134
0.0032134387;0.0024584981;0.0049169962
0.0032134387;0.0024584981;0.012822134
0.0032134387;0.0024584981;0.012822134
0.0012371541;0.00048221345;0.0049169962
0.0051897233;0.0024584981;0.0049169962
0.0032134387;0.00048221345;0.0049169962
0.0051897233;0.00048221345;0.0049169962
0.0032134387;0.0024584981;0.012822134
0.0032134387;0.0024584981;0.012822134
0.0032134387;0.0024584981;0.012822134
0.0032134387;0.0024584981;0.012822134
0.0032134387;0.0024584981;0.012822134
0.0051897233;0.0024584981;0.0049169962
0.0051897233;0.0024584981;0.0049169962
0.0032134387;0.0024584981;0.0049169962
0.0051897233;0.0044347825;0.012822134
0.0032134387;0.0024584981;0.012822134
0.0051897233;0.0044347825;0.0049169962
0.0051897233;0.0044347825;0.012822134
0.0032134387;0.0024584981;0.012822134
0.0051897233;0.0024584981;0.0049169962
0.0051897233;0.0044347825;0.012822134
0.0051897233;0.0024584981;0.012822134
0.0051897233;0.0044347825;0.012822134
0.0051897233;0.0044347825;0.0049169962
0.0051897233;0.0044347825;0.012822134
0.0051897233;0.0044347825;0.0049169962
0.0051897233;0.0044347825;0.012822134
0.0051897233;0.0044347825;0.012822134
0.007166008;0.0044347825;0.012822134
0.0051897233;0.0044347825;0.0049169962
0.0051897233;0.0044347825;0.0049169962
0.007166008;0.0044347825;0.012822134
0.007166008;0.0044347825;0.0049169962
0.007166008;0.0044347825;0.012822134
0.0051897233;0.0044347825;0.012822134
0.007166008;0.0044347825;0.012822134
0.007166008;0.0064110672;0.0049169962
0.007166008;0.0064110672;0.012822134
0.007166008;0.0064110672;0.012822134
0.007166008;0.0064110672;0.012822134
0.0051897233;0.0064110672;0.0049169962
0.0091422927;0.0064110672;0.012822134
0.007166008;0.0064110672;0.0049169962
0.007166008;0.0083873514;0.0049169962
0.007166008;0.0064110672;0.012822134
0.0091422927;0.0083873514;0.0049169962
0.0091422927;0.0083873514;0.012822134
0.0091422927;0.0064110672;0.0049169962
0.0091422927;0.0083873514;0.012822134
0.007166008;0.0083873514;0.012822134
0.011118577;0.0083873514;0.012822134
0.007166008;0.0083873514;0.012822134
0.0091422927;0.0083873514;0.012822134
0.0091422927;0.0083873514;0.012822134
0.0091422927;0.0064110672;0.012822134
0.007166008;0.0083873514;0.0049169962
0.0091422927;0.0083873514;0.012822134
0.0091422927;0.010363637;0.012822134
0.0091422927;0.0083873514;0.012822134
0.0091422927;0.010363637;0.012822134
0.0091422927;0.0083873514;0.0049169962
0.0091422927;0.0083873514;0.012822134
0.0091422927;0.0083873514;0.0049169962
0.011118577;0.010363637;0.012822134
0.0091422927;0.010363637;0.012822134
0.0091422927;0.0083873514;0.012822134
0.011118577;0.0083873514;0.012822134
0.011118577;0.010363637;0.0049169962
0.011118577;0.010363637;0.0049169962
0.011118577;0.0083873514;0.0049169962
0.011118577;0.010363637;0.012822134
0.0091422927;0.010363637;0.012822134
0.011118577;0.010363637;0.012822134
0.0091422927;0.010363637;0.012822134
0.013094862;0.010363637;0.0049169962
0.0091422927;0.010363637;0.012822134
0.011118577;0.010363637;0.012822134
0.011118577;0.010363637;0.012822134
0.011118577;0.010363637;0.0049169962
0.013094862;0.010363637;0.0049169962
0.013094862;0.012339921;0.0049169962
0.013094862;0.012339921;0.012822134
0.011118577;0.012339921;0.012822134
0.011118577;0.012339921;0.012822134
0.013094862;0.010363637;0.012822134
0.013094862;0.012339921;0.012822134
0.011118577;0.010363637;0.0049169962
0.013094862;0.012339921;0.0049169962
0.015071146;0.012339921;0.0049169962
0.013094862;0.012339921;0.012822134
0.013094862;0.010363637;0.012822134
0.013094862;0.014316206;0.0049169962
0.013094862;0.012339921;0.0049169962
0.015071146;0.012339921;0.0049169962
0.013094862;0.012339921;0.012822134
0.015071146;0.012339921;0.012822134
0.015071146;0.012339921;0.0049169962
0.015071146;0.012339921;0.0049169962
0.015071146;0.012339921;0.012822134
0.013094862;0.012339921;0.012822134
0.015071146;0.014316206;0.012822134
0.017047431;0.014316206;0.012822134
0.015071146;0.012339921;0.0049169962
0.015071146;0.014316206;0.0049169962
0.015071146;0.012339921;0.012822134
0.015071146;0.012339921;0.0049169962
0.015071146;0.012339921;0.0049169962
0.017047431;0.014316206;0.0049169962
0.017047431;0.014316206;0.0049169962
0.017047431;0.014316206;0.0049169962
0.017047431;0.014316206;0.0049169962
0.017047431;0.014316206;0.0049169962
0.017047431;0.014316206;0.012822134
0.017047431;0.014316206;0.012822134
0.019023715;0.014316206;0.012822134
0.017047431;0.01629249;0.012822134
0.017047431;0.01629249;0.012822134
0.019023715;0.01629249;0.012822134
0.017047431;0.01629249;0.012822134
0.017047431;0.014316206;0.0049169962
0.017047431;0.01629249;0.012822134
0.017047431;0.01629249;0.0049169962
0.017047431;0.01629249;0.012822134
0.017047431;0.01629249;0.0049169962
0.019023715;0.01629249;0.012822134
0.017047431;0.01629249;0.012822134
0.017047431;0.01629249;0.0049169962
0.017047431;0.018268775;0.012822134
0.019023715;0.01629249;0.012822134
0.019023715;0.018268775;0.012822134
0.019023715;0.018268775;0.0049169962
0.019023715;0.018268775;0.012822134
0.021;0.018268775;0.0049169962
0.017047431;0.018268775;0.012822134
0.019023715;0.01629249;0.012822134
0.019023715;0.018268775;0.0049169962
0.019023715;0.018268775;0.012822134
0.021;0.018268775;0.012822134
0.019023715;0.01629249;0.012822134
0.019023715;0.018268775;0.012822134
0.019023715;0.020245058;0.0049169962
0.019023715;0.018268775;0.0049169962
0.021;0.018268775;0.012822134
0.021;0.018268775;0.0049169962
0.019023715;0.018268775;0.012822134
0.021;0.018268775;0.012822134
0.019023715;0.018268775;0.012822134
0.021;0.018268775;0.0049169962
0.021;0.018268775;0.012822134
0.021;0.020245058;0.0049169962
0.021;0.020245058;0.012822134
0.021;0.020245058;0.0049169962
0.021;0.020245058;0.0049169962
0.021;0.020245058;0.012822134
0.021;0.020245058;0.012822134
0.021;0.020245058;0.0049169962
0.021;0.020245058;0.012822134
0.021;0.020245058;0.012822134
0.021;0.020245058;0.0049169962
0.022976285;0.020245058;0.012822134
0.021;0.020245058;0.0049169962
0.022976285;0.022221344;0.0049169962
0.021;0.022221344;0.0049169962
0.021;0.020245058;0.012822134
0.022976285;0.022221344;0.0049169962
0.021;0.020245058;0.012822134
0.022976285;0.022221344;0.0049169962
0.022976285;0.022221344;0.0049169962
0.022976285;0.022221344;0.012822134
0.022976285;0.022221344;0.012822134
0.022976285;0.022221344;0.0049169962
0.022976285;0.022221344;0.012822134
0.022976285;0.022221344;0.012822134
0.022976285;0.022221344;0.0049169962
0.022976285;0.022221344;0.012822134
0.02495257;0.022221344;0.0049169962
0.022976285;0.022221344;0.0049169962
0.022976285;0.024197629;0.012822134
0.02495257;0.024197629;0.012822134
0.02495257;0.022221344;0.0049169962
0.02495257;0.022221344;0.0049169962
0.02495257;0.024197629;0.012822134
0.022976285;0.024197629;0.012822134
0.022976285;0.024197629;0.012822134
0.02495257;0.024197629;0.012822134
0.02495257;0.022221344;0.012822134
0.02495257;0.024197629;0.012822134
0.02495257;0.022221344;0.012822134
0.02495257;0.024197629;0.012822134
0.02495257;0.024197629;0.012822134
0.02495257;0.024197629;0.0049169962
0.02495257;0.024197629;0.012822134
0.02495257;0.024197629;0.012822134
0.02495257;0.024197629;0.0049169962
0.026928853;0.026173914;0.0049169962
0.026928853;0.024197629;0.0049169962
0.02495257;0.024197629;0.012822134
0.026928853;0.026173914;0.012822134
0.026928853;0.026173914;0.012822134
0.026928853;0.024197629;0.0049169962
0.026928853;0.024197629;0.0049169962
0.026928853;0.026173914;0.0049169962
0.026928853;0.026173914;0.0049169962
0.026928853;0.026173914;0.012822134
0.026928853;0.026173914;0.012822134
0.026928853;0.028150197;0.012822134
0.028905138;0.026173914;0.012822134
0.026928853;0.026173914;0.012822134
0.028905138;0.026173914;0.0049169962
0.028905138;0.026173914;0.0049169962
0.028905138;0.028150197;0.012822134
0.028905138;0.026173914;0.0049169962
0.028905138;0.028150197;0.0049169962
0.028905138;0.028150197;0.0049169962
0.028905138;0.028150197;0.012822134
0.030881424;0.026173914;0.012822134
0.028905138;0.028150197;0.012822134
0.030881424;0.028150197;0.012822134
0.028905138;0.028150197;0.0049169962
0.028905138;0.026173914;0.0049169962
0.028905138;0.026173914;0.0049169962
0.028905138;0.030126482;0.012822134
0.028905138;0.028150197;0.0049169962
0.028905138;0.028150197;0.012822134
0.030881424;0.028150197;0.0049169962
0.030881424;0.028150197;0.012822134
0.030881424;0.030126482;0.012822134
0.030881424;0.028150197;0.012822134
0.030881424;0.030126482;0.0049169962
0.030881424;0.030126482;0.012822134
0.030881424;0.028150197;0.0049169962
0.032857709;0.028150197;0.0049169962
0.030881424;0.030126482;0.012822134
0.032857709;0.028150197;0.0049169962
0.030881424;0.028150197;0.0049169962
0.030881424;0.028150197;0.0049169962
0.030881424;0.028150197;0.012822134
0.030881424;0.030126482;0.0049169962
0.032857709;0.030126482;0.012822134
0.028905138;0.030126482;0.012822134
0.032857709;0.030126482;0.012822134
0.032857709;0.030126482;0.012822134
0.030881424;0.030126482;0.012822134
0.032857709;0.032102767;0.012822134
0.030881424;0.030126482;0.0049169962
0.032857709;0.030126482;0.0049169962
0.032857709;0.030126482;0.012822134
0.030881424;0.030126482;0.012822134
0.032857709;0.030126482;0.012822134
0.032857709;0.032102767;0.0049169962
0.032857709;0.030126482;0.0049169962
0.030881424;0.032102767;0.0049169962
0.032857709;0.032102767;0.0049169962
0.032857709;0.032102767;0.0049169962
0.032857709;0.032102767;0.0049169962
0.032857709;0.032102767;0.012822134
0.034833994;0.032102767;0.0049169962
0.032857709;0.032102767;0.0049169962
0.032857709;0.032102767;0.012822134
0.032857709;0.034079053;0.012822134
0.034833994;0.032102767;0.012822134
0.034833994;0.032102767;0.012822134
0.032857709;0.032102767;0.012822134
0.034833994;0.032102767;0.0049169962
0.034833994;0.034079053;0.0049169962
0.034833994;0.032102767;0.012822134
0.034833994;0.034079053;0.012822134
0.034833994;0.034079053;0.012822134
0.034833994;0.032102767;0.012822134
0.034833994;0.034079053;0.012822134
0.034833994;0.034079053;0.0049169962
0.036810275;0.034079053;0.012822134
0.036810275;0.034079053;0.0049169962
0.036810275;0.034079053;0.0049169962
0.036810275;0.034079053;0.0049169962
0.036810275;0.034079053;0.0049169962
0.036810275;0.034079053;0.0049169962
0.034833994;0.034079053;0.0049169962
0.036810275;0.036055338;0.012822134
0.036810275;0.034079053;0.012822134
0.03878656;0.036055338;0.012822134
0.036810275;0.036055338;0.012822134
0.03878656;0.036055338;0.012822134
0.036810275;0.036055338;0.012822134
0.036810275;0.034079053;0.012822134
0.036810275;0.036055338;0.012822134
0.036810275;0.036055338;0.012822134
0.03878656;0.036055338;0.0049169962
0.036810275;0.034079053;0.0049169962
0.03878656;0.036055338;0.0049169962
0.03878656;0.036055338;0.0049169962
0.036810275;0.038031619;0.0049169962
0.03878656;0.036055338;0.0049169962
0.036810275;0.036055338;0.012822134
0.03878656;0.036055338;0.012822134
0.03878656;0.036055338;0.012822134
0.03878656;0.036055338;0.012822134
0.040762845;0.038031619;0.012822134
0.040762845;0.036055338;0.0049169962
0.03878656;0.038031619;0.012822134
0.040762845;0.038031619;0.012822134
0.03878656;0.038031619;0.0049169962
0.040762845;0.038031619;0.012822134
0.03878656;0.038031619;0.0049169962
0.040762845;0.038031619;0.0049169962
0.03878656;0.038031619;0.0049169962
0.040762845;0.038031619;0.0049169962
0.040762845;0.038031619;0.0049169962
0.03878656;0.036055338;0.0049169962
0.03878656;0.038031619;0.0049169962
0.040762845;0.038031619;0.012822134
0.040762845;0.038031619;0.012822134
0.040762845;0.040007904;0.0049169962
0.040762845;0.038031619;0.012822134
0.03878656;0.038031619;0.012822134
0.040762845;0.038031619;0.0049169962
0.03878656;0.040007904;0.0049169962
0.040762845;0.040007904;0.012822134
0.03878656;0.040007904;0.0049169962
0.042739131;0.040007904;0.0049169962
0.040762845;0.040007904;0.012822134
0.040762845;0.040007904;0.012822134
0.040762845;0.040007904;0.0049169962
0.040762845;0.040007904;0.0049169962
0.042739131;0.040007904;0.012822134
0.040762845;0.040007904;0.0049169962
0.040762845;0.041984189;0.0049169962
0.042739131;0.040007904;0.012822134
0.042739131;0.040007904;0.012822134
0.044715416;0.040007904;0.0049169962
0.042739131;0.040007904;0.0049169962
0.042739131;0.040007904;0.012822134
0.042739131;0.041984189;0.0049169962
0.042739131;0.041984189;0.012822134
0.044715416;0.041984189;0.0049169962
0.044715416;0.040007904;0.0049169962
0.042739131;0.041984189;0.012822134
0.042739131;0.040007904;0.0049169962
0.044715416;0.041984189;0.0049169962
0.044715416;0.041984189;0.012822134
0.042739131;0.040007904;0.012822134
0.042739131;0.041984189;0.0049169962
0.042739131;0.041984189;0.0049169962
0.042739131;0.041984189;0.0049169962
0.042739131;0.041984189;0.0049169962
0.044715416;0.041984189;0.0049169962
0.044715416;0.041984189;0.012822134
0.042739131;0.041984189;0.0049169962
0.042739131;0.041984189;0.0049169962
0.044715416;0.041984189;0.0049169962
0.044715416;0.041984189;0.0049169962
0.044715416;0.041984189;0.0049169962
0.044715416;0.043960474;0.0049169962
0.044715416;0.043960474;0.0049169962
0.044715416;0.041984189;0.0049169962
0.044715416;0.043960474;0.012822134
0.044715416;0.041984189;0.0049169962
0.044715416;0.041984189;0.0049169962
0.044715416;0.043960474;0.012822134
0.046691701;0.043960474;0.012822134
0.044715416;0.043960474;0.0049169962
0.046691701;0.043960474;0.012822134
0.046691701;0.043960474;0.0049169962
0.046691701;0.043960474;0.0049169962
0.046691701;0.043960474;0.012822134
0.046691701;0.04593676;0.0049169962
0.048667986;0.043960474;0.0049169962
0.046691701;0.04593676;0.012822134
0.046691701;0.043960474;0.0049169962
0.046691701;0.043960474;0.012822134
0.046691701;0.04593676;0.012822134
0.046691701;0.04593676;0.0049169962
0.048667986;0.04593676;0.012822134
0.046691701;0.04593676;0.0049169962
0.048667986;0.04593676;0.0049169962
0.046691701;0.04593676;0.012822134
0.048667986;0.043960474;0.0049169962
0.048667986;0.04593676;0.0049169962
0.048667986;0.04593676;0.0049169962
0.048667986;0.04593676;0.012822134
0.048667986;0.047913045;0.012822134
0.048667986;0.04593676;0.0049169962
0.048667986;0.04593676;0.0049169962
0.048667986;0.04593676;0.0049169962
0.046691701;0.04593676;0.012822134
0.048667986;0.04593676;0.012822134
0.048667986;0.04593676;0.012822134
0.048667986;0.04593676;0.012822134
0.048667986;0.047913045;0.0049169962
0.048667986;0.04593676;0.0049169962
0.048667986;0.047913045;0.012822134
0.048667986;0.047913045;0.0049169962
0.048667986;0.047913045;0.0049169962
0.050644267;0.047913045;0.0049169962
0.048667986;0.047913045;0.0049169962
0.050644267;0.047913045;0.0049169962
0.050644267;0.047913045;0.012822134
0.048667986;0.047913045;0.012822134
0.048667986;0.047913045;0.012822134
0.048667986;0.04988933;0.012822134
0.048667986;0.04988933;0.0049169962
0.050644267;0.047913045;0.0049169962
0.050644267;0.047913045;0.0049169962
0.050644267;0.047913045;0.0049169962
0.050644267;0.047913045;0.012822134
0.050644267;0.04988933;0.012822134
0.050644267;0.047913045;0.012822134
0.050644267;0.047913045;0.012822134
0.050644267;0.047913045;0.0049169962
0.048667986;0.047913045;0.012822134
0.050644267;0.047913045;0.012822134
0.050644267;0.047913045;0.012822134
0.050644267;0.04988933;0.0049169962
0.050644267;0.047913045;0.012822134
0.052620552;0.04988933;0.0049169962
0.052620552;0.04988933;0.0049169962
0.050644267;0.047913045;0.0049169962
0.052620552;0.04988933;0.012822134
0.052620552;0.04988933;0.012822134
0.052620552;0.04988933;0.012822134
0.052620552;0.04988933;0.0049169962
0.052620552;0.04988933;0.0049169962
0.052620552;0.04988933;0.0049169962
0.052620552;0.04988933;0.0049169962
0.050644267;0.04988933;0.0049169962
0.052620552;0.04988933;0.012822134
0.054596838;0.04988933;0.012822134
0.054596838;0.04988933;0.012822134
0.054596838;0.04988933;0.012822134
0.052620552;0.051865611;0.012822134
0.052620552;0.04988933;0.0049169962
0.054596838;0.04988933;0.0049169962
0.054596838;0.051865611;0.012822134
0.054596838;0.04988933;0.012822134
0.054596838;0.04988933;0.012822134
0.054596838;0.04988933;0.0049169962
0.054596838;0.04988933;0.0049169962
0.054596838;0.04988933;0.012822134
0.054596838;0.051865611;0.0049169962
0.054596838;0.051865611;0.012822134
0.054596838;0.051865611;0.012822134
0.054596838;0.051865611;0.0049169962
0.054596838;0.04988933;0.012822134
0.054596838;0.051865611;0.0049169962
0.056573123;0.051865611;0.0049169962
0.054596838;0.053841896;0.012822134
0.054596838;0.051865611;0.0049169962
0.054596838;0.053841896;0.0049169962
0.054596838;0.053841896;0.0049169962
0.054596838;0.051865611;0.0049169962
0.056573123;0.051865611;0.012822134
0.054596838;0.051865611;0.012822134
0.054596838;0.051865611;0.0049169962
0.056573123;0.051865611;0.0049169962
0.054596838;0.051865611;0.012822134
0.056573123;0.053841896;0.012822134
0.056573123;0.053841896;0.0049169962
0.056573123;0.053841896;0.0049169962
0.056573123;0.053841896;0.012822134
0.056573123;0.053841896;0.0049169962
0.056573123;0.053841896;0.012822134
0.056573123;0.053841896;0.012822134
0.056573123;0.053841896;0.0049169962
0.058549408;0.053841896;0.0049169962
0.056573123;0.053841896;0.0049169962
0.056573123;0.053841896;0.012822134
0.056573123;0.053841896;0.0049169962
0.056573123;0.053841896;0.012822134
0.056573123;0.053841896;0.012822134
0.058549408;0.053841896;0.0049169962
0.056573123;0.055818181;0.0049169962
0.056573123;0.053841896;0.0049169962
0.056573123;0.053841896;0.012822134
0.056573123;0.053841896;0.012822134
0.054596838;0.053841896;0.012822134
0.058549408;0.053841896;0.0049169962
0.058549408;0.055818181;0.012822134
0.058549408;0.053841896;0.0049169962
0.058549408;0.055818181;0.0049169962
0.058549408;0.055818181;0.0049169962
0.058549408;0.055818181;0.0049169962
0.056573123;0.055818181;0.0049169962
0.058549408;0.055818181;0.012822134
0.058549408;0.055818181;0.012822134
0.058549408;0.053841896;0.0049169962
0.058549408;0.055818181;0.0049169962
0.058549408;0.057794467;0.012822134
0.058549408;0.055818181;0.012822134
0.058549408;0.055818181;0.0049169962
0.058549408;0.055818181;0.012822134
0.058549408;0.055818181;0.012822134
0.060525693;0.055818181;0.012822134
0.058549408;0.055818181;0.0049169962
0.058549408;0.057794467;0.012822134
0.058549408;0.055818181;0.0049169962
0.058549408;0.057794467;0.012822134
0.058549408;0.057794467;0.0049169962
0.058549408;0.057794467;0.0049169962
0.058549408;0.057794467;0.0049169962
0.060525693;0.055818181;0.012822134
0.060525693;0.057794467;0.0049169962
0.060525693;0.057794467;0.012822134
0.060525693;0.057794467;0.0049169962
0.058549408;0.055818181;0.012822134
0.060525693;0.057794467;0.0049169962
0.060525693;0.057794467;0.012822134
0.060525693;0.057794467;0.012822134
0.062501974;0.057794467;0.0049169962
0.060525693;0.057794467;0.012822134
0.058549408;0.057794467;0.012822134
0.060525693;0.057794467;0.0049169962
0.060525693;0.057794467;0.0049169962
0.060525693;0.057794467;0.012822134
0.060525693;0.057794467;0.0049169962
0.060525693;0.057794467;0.0049169962
0.062501974;0.057794467;0.0049169962
0.060525693;0.057794467;0.0049169962
0.060525693;0.059770752;0.0049169962
0.060525693;0.057794467;0.0049169962
0.060525693;0.057794467;0.0049169962
0.060525693;0.059770752;0.0049169962
0.062501974;0.059770752;0.0049169962
0.062501974;0.057794467;0.0049169962
0.062501974;0.057794467;0.0049169962
0.062501974;0.057794467;0.012822134
0.062501974;0.057794467;0.012822134
0.060525693;0.059770752;0.012822134
0.062501974;0.059770752;0.012822134
0.062501974;0.059770752;0.0049169962
0.062501974;0.059770752;0.0049169962
0.062501974;0.057794467;0.012822134
0.062501974;0.059770752;0.0049169962
0.062501974;0.059770752;0.012822134
0.062501974;0.059770752;0.0049169962
0.062501974;0.059770752;0.012822134
0.062501974;0.059770752;0.012822134
0.062501974;0.059770752;0.0049169962
0.062501974;0.059770752;0.012822134
0.064478263;0.059770752;0.0049169962
0.064478263;0.059770752;0.012822134
0.062501974;0.059770752;0.012822134
0.062501974;0.059770752;0.012822134
0.062501974;0.061747037;0.012822134
0.064478263;0.059770752;0.012822134
0.062501974;0.059770752;0.0049169962
0.062501974;0.059770752;0.0049169962
0.062501974;0.059770752;0.012822134
0.064478263;0.061747037;0.012822134
0.064478263;0.059770752;0.0049169962
0.062501974;0.059770752;0.0049169962
0.064478263;0.061747037;0.0049169962
0.062501974;0.059770752;0.0049169962
0.062501974;0.059770752;0.0049169962
0.062501974;0.059770752;0.0049169962
0.064478263;0.059770752;0.012822134
0.062501974;0.061747037;0.0049169962
0.064478263;0.061747037;0.0049169962
0.062501974;0.061747037;0.0049169962
0.062501974;0.059770752;0.0049169962
0.064478263;0.061747037;0.012822134
0.062501974;0.061747037;0.012822134
0.064478263;0.059770752;0.0049169962
0.064478263;0.061747037;0.0049169962
0.064478263;0.061747037;0.0049169962
0.064478263;0.061747037;0.012822134
0.064478263;0.061747037;0.012822134
0.064478263;0.059770752;0.012822134
0.064478263;0.061747037;0.012822134
0.064478263;0.061747037;0.012822134
0.066454545;0.061747037;0.012822134
0.064478263;0.061747037;0.012822134
0.064478263;0.061747037;0.0049169962
0.066454545;0.061747037;0.012822134
0.066454545;0.061747037;0.0049169962
0.064478263;0.061747037;0.0049169962
0.066454545;0.061747037;0.0049169962
0.064478263;0.061747037;0.012822134
0.064478263;0.061747037;0.0049169962
0.066454545;0.061747037;0.012822134
0.064478263;0.061747037;0.012822134
0.064478263;0.061747037;0.012822134
0.066454545;0.061747037;0.0049169962
0.066454545;0.061747037;0.012822134
0.066454545;0.063723318;0.012822134
0.066454545;0.061747037;0.0049169962
0.066454545;0.061747037;0.012822134
0.066454545;0.063723318;0.012822134
0.064478263;0.061747037;0.0049169962
0.066454545;0.063723318;0.0049169962
0.066454545;0.061747037;0.012822134
0.066454545;0.061747037;0.0049169962
0.066454545;0.063723318;0.0049169962
0.066454545;0.063723318;0.012822134
0.066454545;0.063723318;0.0049169962
0.068430834;0.063723318;0.012822134
0.066454545;0.063723318;0.0049169962
0.066454545;0.063723318;0.012822134
0.068430834;0.063723318;0.012822134
0.066454545;0.061747037;0.012822134
0.066454545;0.063723318;0.012822134
0.066454545;0.063723318;0.012822134
0.068430834;0.065699607;0.012822134
0.066454545;0.063723318;0.0049169962
0.066454545;0.063723318;0.0049169962
0.066454545;0.065699607;0.0049169962
0.066454545;0.063723318;0.0049169962
0.068430834;0.063723318;0.0049169962
0.068430834;0.065699607;0.012822134
0.066454545;0.063723318;0.0049169962
0.066454545;0.063723318;0.0049169962
0.068430834;0.063723318;0.0049169962
0.068430834;0.063723318;0.0049169962
0.066454545;0.063723318;0.0049169962
0.068430834;0.065699607;0.0049169962
0.068430834;0.065699607;0.0049169962
0.066454545;0.063723318;0.012822134
0.066454545;0.063723318;0.012822134
0.066454545;0.065699607;0.012822134
0.066454545;0.063723318;0.012822134
0.068430834;0.065699607;0.0049169962
0.066454545;0.065699607;0.0049169962
0.066454545;0.065699607;0.012822134
0.068430834;0.065699607;0.0049169962
0.066454545;0.065699607;0.0049169962
0.066454545;0.065699607;0.012822134
0.066454545;0.065699607;0.0049169962
0.070407115;0.065699607;0.012822134
0.068430834;0.065699607;0.0049169962
0.066454545;0.065699607;0.012822134
0.068430834;0.065699607;0.012822134
0.068430834;0.063723318;0.0049169962
0.068430834;0.063723318;0.012822134
0.070407115;0.065699607;0.012822134
0.068430834;0.065699607;0.0049169962
0.068430834;0.065699607;0.012822134
0.068430834;0.065699607;0.012822134
0.068430834;0.065699607;0.0049169962
0.068430834;0.065699607;0.012822134
0.068430834;0.067675889;0.0049169962
0.068430834;0.067675889;0.0049169962
0.068430834;0.067675889;0.012822134
0.068430834;0.065699607;0.0049169962
0.070407115;0.065699607;0.0049169962
0.068430834;0.065699607;0.0049169962
0.068430834;0.067675889;0.012822134
0.070407115;0.065699607;0.012822134
0.068430834;0.067675889;0.0049169962
0.068430834;0.067675889;0.012822134
0.068430834;0.065699607;0.0049169962
0.070407115;0.065699607;0.0049169962
0.068430834;0.065699607;0.0049169962
0.070407115;0.067675889;0.0049169962
0.070407115;0.065699607;0.012822134
0.070407115;0.067675889;0.0049169962
0.068430834;0.067675889;0.0049169962
0.070407115;0.067675889;0.0049169962
0.070407115;0.067675889;0.0049169962
0.070407115;0.067675889;0.0049169962
0.070407115;0.067675889;0.0049169962
0.070407115;0.067675889;0.012822134
0.068430834;0.065699607;0.012822134
0.070407115;0.067675889;0.012822134
0.068430834;0.067675889;0.012822134
0.070407115;0.067675889;0.012822134
0.068430834;0.067675889;0.012822134
0.070407115;0.067675889;0.0049169962
0.068430834;0.067675889;0.0049169962
0.070407115;0.067675889;0.012822134
0.070407115;0.067675889;0.0049169962
0.070407115;0.067675889;0.012822134
0.068430834;0.067675889;0.0049169962
0.070407115;0.067675889;0.0049169962
0.070407115;0.067675889;0.0049169962
0.070407115;0.067675889;0.0049169962
0.068430834;0.067675889;0.012822134
0.070407115;0.067675889;0.012822134
0.070407115;0.067675889;0.0049169962
0.070407115;0.067675889;0.012822134
0.070407115;0.067675889;0.0049169962
0.070407115;0.067675889;0.012822134
0.070407115;0.067675889;0.012822134
0.070407115;0.067675889;0.0049169962
0.070407115;0.067675889;0.0049169962
0.070407115;0.067675889;0.0049169962
0.070407115;0.067675889;0.012822134
0.072383396;0.067675889;0.0049169962
0.070407115;0.067675889;0.012822134
0.070407115;0.067675889;0.0049169962
0.070407115;0.067675889;0.012822134
0.070407115;0.067675889;0.0049169962
0.070407115;0.067675889;0.0049169962
0.070407115;0.067675889;0.0049169962
0.072383396;0.069652177;0.012822134
0.070407115;0.067675889;0.012822134
0.070407115;0.067675889;0.012822134
0.072383396;0.067675889;0.012822134
0.070407115;0.069652177;0.0049169962
0.072383396;0.067675889;0.012822134
0.072383396;0.067675889;0.012822134
0.070407115;0.069652177;0.0049169962
0.070407115;0.069652177;0.0049169962
0.070407115;0.067675889;0.0049169962
0.070407115;0.067675889;0.012822134
0.070407115;0.067675889;0.012822134
0.070407115;0.067675889;0.0049169962
0.072383396;0.069652177;0.012822134
0.070407115;0.067675889;0.0049169962
0.070407115;0.067675889;0.0049169962
0.070407115;0.067675889;0.0049169962
0.070407115;0.067675889;0.0049169962
0.070407115;0.067675889;0.0049169962
0.070407115;0.067675889;0.012822134
0.070407115;0.067675889;0.0049169962
0.070407115;0.067675889;0.0049169962
0.072383396;0.067675889;0.0049169962
0.072383396;0.067675889;0.0049169962
0.070407115;0.067675889;0.0049169962
0.070407115;0.067675889;0.012822134
0.072383396;0.067675889;0.0049169962
0.070407115;0.069652177;0.012822134
0.070407115;0.067675889;0.012822134
0.072383396;0.067675889;0.0049169962
0.070407115;0.067675889;0.012822134
0.072383396;0.067675889;0.012822134
0.072383396;0.069652177;0.012822134
0.072383396;0.067675889;0.012822134
0.070407115;0.069652177;0.0049169962
0.072383396;0.067675889;0.012822134
0.070407115;0.067675889;0.012822134
0.070407115;0.069652177;0.0049169962
0.072383396;0.067675889;0.012822134
0.070407115;0.067675889;0.0049169962
0.070407115;0.067675889;0.012822134
0.072383396;0.069652177;0.012822134
0.072383396;0.069652177;0.0049169962
0.072383396;0.069652177;0.0049169962
0.072383396;0.069652177;0.0049169962
0.072383396;0.067675889;0.0049169962
0.072383396;0.069652177;0.012822134
0.072383396;0.069652177;0.012822134
0.072383396;0.069652177;0.012822134
0.072383396;0.069652177;0.0049169962
0.072383396;0.069652177;0.0049169962
0.072383396;0.069652177;0.012822134
0.072383396;0.067675889;0.012822134
0.072383396;0.069652177;0.0049169962
0.072383396;0.069652177;0.012822134
0.072383396;0.069652177;0.012822134
0.072383396;0.069652177;0.012822134
0.072383396;0.069652177;0.0049169962
0.072383396;0.069652177;0.0049169962
0.072383396;0.069652177;0.012822134
0.072383396;0.069652177;0.0049169962
0.072383396;0.069652177;0.0049169962
0.072383396;0.069652177;0.0049169962
0.070407115;0.069652177;0.012822134
0.072383396;0.067675889;0.012822134
0.072383396;0.069652177;0.012822134
0.072383396;0.069652177;0.012822134
0.072383396;0.069652177;0.012822134
0.072383396;0.069652177;0.012822134
0.072383396;0.069652177;0.0049169962
0.070407115;0.069652177;0.012822134
0.072383396;0.069652177;0.012822134
0.072383396;0.067675889;0.0049169962
0.070407115;0.069652177;0.012822134
0.072383396;0.067675889;0.012822134
0.072383396;0.069652177;0.012822134
0.070407115;0.069652177;0.0049169962
0.072383396;0.069652177;0.0049169962
0.070407115;0.067675889;0.0049169962
0.072383396;0.067675889;0.012822134
0.072383396;0.067675889;0.012822134
0.072383396;0.069652177;0.012822134
0.072383396;0.069652177;0.012822134
0.072383396;0.067675889;0.012822134
0.072383396;0.069652177;0.012822134
0.070407115;0.067675889;0.012822134
0.072383396;0.069652177;0.012822134
0.072383396;0.069652177;0.0049169962
0.072383396;0.069652177;0.012822134
0.070407115;0.067675889;0.012822134
0.072383396;0.069652177;0.0049169962
0.070407115;0.069652177;0.0049169962
0.072383396;0.067675889;0.012822134
0.070407115;0.069652177;0.0049169962
0.072383396;0.069652177;0.012822134
0.072383396;0.069652177;0.0049169962
0.072383396;0.069652177;0.0049169962
0.072383396;0.067675889;0.012822134
0.070407115;0.067675889;0.0049169962
0.072383396;0.069652177;0.012822134
0.072383396;0.069652177;0.012822134
0.072383396;0.069652177;0.012822134
0.072383396;0.069652177;0.0049169962
0.072383396;0.069652177;0.0049169962
0.070407115;0.067675889;0.012822134
0.072383396;0.069652177;0.012822134
0.070407115;0.069652177;0.012822134
0.072383396;0.069652177;0.0049169962
0.072383396;0.067675889;0.0049169962
0.070407115;0.069652177;0.012822134
0.072383396;0.069652177;0.0049169962
0.072383396;0.069652177;0.012822134
0.072383396;0.069652177;0.012822134
0.072383396;0.069652177;0.012822134
0.072383396;0.069652177;0.012822134
0.072383396;0.069652177;0.012822134
0.072383396;0.069652177;0.012822134
0.070407115;0.069652177;0.012822134
0.072383396;0.069652177;0.0049169962
0.072383396;0.069652177;0.012822134
0.072383396;0.069652177;0.0049169962
0.072383396;0.069652177;0.0049169962
0.072383396;0.069652177;0.0049169962
0.070407115;0.069652177;0.0049169962
0.072383396;0.069652177;0.0049169962
0.070407115;0.069652177;0.0049169962
0.072383396;0.069652177;0.012822134
0.072383396;0.069652177;0.0049169962
0.072383396;0.069652177;0.012822134
0.070407115;0.069652177;0.012822134
0.072383396;0.069652177;0.012822134
0.072383396;0.069652177;0.012822134
0.070407115;0.069652177;0.0049169962
0.072383396;0.069652177;0.0049169962
0.070407115;0.069652177;0.012822134
0.074359685;0.069652177;0.0049169962
0.072383396;0.069652177;0.012822134
0.072383396;0.069652177;0.0049169962
0.072383396;0.069652177;0.012822134
0.070407115;0.067675889;0.0049169962
0.072383396;0.069652177;0.0049169962
0.070407115;0.067675889;0.0049169962
0.070407115;0.067675889;0.0049169962
0.072383396;0.067675889;0.0049169962
0.072383396;0.069652177;0.0049169962
0.070407115;0.067675889;0.012822134
0.072383396;0.069652177;0.0049169962
0.070407115;0.069652177;0.0049169962
0.072383396;0.069652177;0.012822134
0.070407115;0.069652177;0.012822134
0.070407115;0.069652177;0.0049169962
0.070407115;0.067675889;0.0049169962
0.070407115;0.069652177;0.0049169962
0.072383396;0.069652177;0.012822134
0.072383396;0.067675889;0.012822134
0.070407115;0.067675889;0.012822134
0.072383396;0.067675889;0.0049169962
0.070407115;0.069652177;0.0049169962
0.070407115;0.067675889;0.012822134
0.070407115;0.067675889;0.012822134
0.070407115;0.067675889;0.0049169962
0.070407115;0.067675889;0.012822134
0.072383396;0.067675889;0.012822134
0.070407115;0.067675889;0.0049169962
0.070407115;0.067675889;0.012822134
0.070407115;0.069652177;0.012822134
0.070407115;0.069652177;0.0049169962
0.070407115;0.067675889;0.0049169962
0.070407115;0.067675889;0.012822134
0.070407115;0.067675889;0.012822134
0.070407115;0.069652177;0.012822134
0.072383396;0.067675889;0.012822134
0.072383396;0.067675889;0.0049169962
0.072383396;0.067675889;0.0049169962
0.070407115;0.069652177;0.012822134
0.070407115;0.067675889;0.012822134
0.070407115;0.067675889;0.012822134
0.070407115;0.067675889;0.012822134
0.070407115;0.067675889;0.012822134
0.070407115;0.067675889;0.012822134
0.070407115;0.067675889;0.012822134
0.072383396;0.067675889;0.012822134
0.070407115;0.065699607;0.0049169962
0.070407115;0.067675889;0.012822134
0.070407115;0.069652177;0.012822134
0.070407115;0.067675889;0.012822134
0.068430834;0.067675889;0.012822134
0.070407115;0.067675889;0.0049169962
0.070407115;0.067675889;0.0049169962
0.070407115;0.069652177;0.012822134
0.072383396;0.067675889;0.0049169962
0.070407115;0.067675889;0.012822134
0.070407115;0.067675889;0.012822134
0.070407115;0.067675889;0.012822134
0.070407115;0.069652177;0.0049169962
0.072383396;0.067675889;0.012822134
0.070407115;0.067675889;0.0049169962
0.070407115;0.065699607;0.012822134
0.070407115;0.067675889;0.0049169962
0.068430834;0.067675889;0.0049169962
0.070407115;0.067675889;0.0049169962
0.070407115;0.067675889;0.012822134
0.070407115;0.069652177;0.012822134
0.068430834;0.067675889;0.012822134
0.068430834;0.067675889;0.0049169962
0.070407115;0.067675889;0.0049169962
0.070407115;0.067675889;0.012822134
0.070407115;0.067675889;0.0049169962
0.070407115;0.067675889;0.0049169962
0.070407115;0.067675889;0.0049169962
0.070407115;0.067675889;0.0049169962
0.070407115;0.067675889;0.012822134
0.068430834;0.067675889;0.012822134
0.070407115;0.067675889;0.012822134
0.068430834;0.069652177;0.0049169962
0.070407115;0.067675889;0.0049169962
0.068430834;0.067675889;0.0049169962
0.070407115;0.067675889;0.0049169962
0.070407115;0.067675889;0.012822134
0.068430834;0.067675889;0.012822134
0.068430834;0.065699607;0.012822134
0.068430834;0.067675889;0.0049169962
0.070407115;0.067675889;0.012822134
0.068430834;0.065699607;0.0049169962
0.068430834;0.067675889;0.012822134
0.070407115;0.067675889;0.0049169962
0.070407115;0.067675889;0.012822134
0.068430834;0.067675889;0.0049169962
0.070407115;0.067675889;0.012822134
0.068430834;0.067675889;0.0049169962
0.068430834;0.067675889;0.012822134
0.068430834;0.065699607;0.012822134
0.068430834;0.065699607;0.0049169962
0.070407115;0.065699607;0.0049169962
0.068430834;0.067675889;0.012822134
0.068430834;0.067675889;0.012822134
0.068430834;0.067675889;0.0049169962
0.068430834;0.067675889;0.012822134
0.068430834;0.067675889;0.0049169962
0.068430834;0.065699607;0.0049169962
0.068430834;0.067675889;0.012822134
0.068430834;0.067675889;0.012822134
0.068430834;0.067675889;0.0049169962
0.068430834;0.067675889;0.0049169962
0.066454545;0.065699607;0.0049169962
0.068430834;0.065699607;0.0049169962
0.068430834;0.067675889;0.012822134
0.068430834;0.067675889;0.012822134
0.068430834;0.067675889;0.012822134
0.068430834;0.067675889;0.012822134
0.068430834;0.065699607;0.0049169962
0.068430834;0.065699607;0.0049169962
0.066454545;0.065699607;0.0049169962
0.066454545;0.065699607;0.012822134
0.068430834;0.065699607;0.012822134
0.066454545;0.063723318;0.012822134
0.068430834;0.065699607;0.0049169962
0.068430834;0.063723318;0.0049169962
0.066454545;0.065699607;0.0049169962
0.068430834;0.065699607;0.0049169962
0.068430834;0.065699607;0.012822134
0.066454545;0.065699607;0.012822134
0.068430834;0.063723318;0.0049169962
0.066454545;0.063723318;0.0049169962
0.066454545;0.065699607;0.0049169962
0.068430834;0.065699607;0.012822134
0.068430834;0.065699607;0.012822134
0.066454545;0.065699607;0.0049169962
0.066454545;0.063723318;0.0049169962
0.066454545;0.063723318;0.012822134
0.066454545;0.063723318;0.012822134
0.070407115;0.065699607;0.0049169962
0.066454545;0.065699607;0.012822134
0.066454545;0.065699607;0.0049169962
0.066454545;0.065699607;0.0049169962
0.066454545;0.065699607;0.0049169962
0.066454545;0.065699607;0.0049169962
0.066454545;0.065699607;0.012822134
0.066454545;0.063723318;0.0049169962
0.068430834;0.063723318;0.012822134
0.066454545;0.063723318;0.012822134
0.066454545;0.065699607;0.0049169962
0.068430834;0.063723318;0.012822134
0.066454545;0.063723318;0.0049169962
0.066454545;0.063723318;0.012822134
0.066454545;0.063723318;0.012822134
0.068430834;0.065699607;0.0049169962
0.066454545;0.063723318;0.0049169962
0.066454545;0.063723318;0.012822134
0.064478263;0.063723318;0.0049169962
0.066454545;0.063723318;0.012822134
0.064478263;0.063723318;0.012822134
0.066454545;0.063723318;0.012822134
0.066454545;0.063723318;0.012822134
0.064478263;0.063723318;0.012822134
0.066454545;0.063723318;0.012822134
0.066454545;0.063723318;0.012822134
0.066454545;0.063723318;0.0049169962
0.064478263;0.063723318;0.0049169962
0.064478263;0.063723318;0.012822134
0.066454545;0.063723318;0.012822134
0.066454545;0.063723318;0.0049169962
0.066454545;0.063723318;0.0049169962
0.064478263;0.063723318;0.0049169962
0.064478263;0.063723318;0.0049169962
0.064478263;0.063723318;0.012822134
0.064478263;0.063723318;0.0049169962
0.064478263;0.063723318;0.012822134
0.064478263;0.061747037;0.012822134
0.064478263;0.063723318;0.012822134
0.064478263;0.063723318;0.012822134
0.064478263;0.063723318;0.012822134
0.062501974;0.063723318;0.012822134
0.064478263;0.061747037;0.0049169962
0.064478263;0.063723318;0.012822134
0.064478263;0.061747037;0.0049169962
0.064478263;0.061747037;0.0049169962
0.064478263;0.061747037;0.0049169962
0.064478263;0.061747037;0.0049169962
0.064478263;0.061747037;0.0049169962
0.064478263;0.061747037;0.012822134
0.064478263;0.061747037;0.0049169962
0.064478263;0.061747037;0.012822134
0.062501974;0.061747037;0.0049169962
0.064478263;0.061747037;0.012822134
0.064478263;0.061747037;0.0049169962
0.062501974;0.061747037;0.0049169962
0.064478263;0.061747037;0.0049169962
0.064478263;0.059770752;0.012822134
0.064478263;0.061747037;0.012822134
0.062501974;0.061747037;0.0049169962
0.062501974;0.061747037;0.0049169962
0.064478263;0.061747037;0.012822134
0.062501974;0.061747037;0.012822134
0.062501974;0.061747037;0.0049169962
0.064478263;0.061747037;0.0049169962
0.062501974;0.061747037;0.012822134
0.064478263;0.059770752;0.012822134
0.062501974;0.059770752;0.012822134
0.062501974;0.061747037;0.012822134
0.060525693;0.061747037;0.0049169962
0.062501974;0.061747037;0.0049169962
0.062501974;0.059770752;0.0049169962
0.060525693;0.061747037;0.0049169962
0.062501974;0.059770752;0.0049169962
0.062501974;0.061747037;0.012822134
0.060525693;0.061747037;0.0049169962
0.062501974;0.059770752;0.0049169962
0.062501974;0.059770752;0.012822134
0.062501974;0.059770752;0.012822134
0.060525693;0.059770752;0.012822134
0.060525693;0.059770752;0.0049169962
0.060525693;0.061747037;0.012822134
0.060525693;0.059770752;0.012822134
0.060525693;0.059770752;0.012822134
0.062501974;0.059770752;0.0049169962
0.062501974;0.059770752;0.012822134
0.060525693;0.059770752;0.0049169962
0.060525693;0.059770752;0.0049169962
0.060525693;0.057794467;0.0049169962
0.062501974;0.059770752;0.012822134
0.060525693;0.059770752;0.012822134
0.060525693;0.059770752;0.012822134
0.062501974;0.057794467;0.0049169962
0.062501974;0.059770752;0.0049169962
0.060525693;0.057794467;0.012822134
0.062501974;0.057794467;0.0049169962
0.060525693;0.059770752;0.0049169962
0.062501974;0.057794467;0.012822134
0.062501974;0.059770752;0.012822134
0.060525693;0.057794467;0.012822134
0.060525693;0.057794467;0.012822134
0.060525693;0.057794467;0.012822134
0.060525693;0.059770752;0.012822134
0.058549408;0.059770752;0.0049169962
0.060525693;0.059770752;0.0049169962
0.058549408;0.057794467;0.012822134
0.060525693;0.059770752;0.0049169962
0.060525693;0.059770752;0.012822134
0.060525693;0.057794467;0.0049169962
0.060525693;0.059770752;0.012822134
0.060525693;0.057794467;0.0049169962
0.060525693;0.057794467;0.0049169962
0.060525693;0.057794467;0.012822134
0.058549408;0.055818181;0.0049169962
0.060525693;0.057794467;0.012822134
0.058549408;0.057794467;0.0049169962
0.058549408;0.057794467;0.0049169962
0.058549408;0.057794467;0.012822134
0.058549408;0.055818181;0.012822134
0.060525693;0.057794467;0.012822134
0.058549408;0.055818181;0.0049169962
0.060525693;0.057794467;0.0049169962
0.058549408;0.055818181;0.012822134
0.058549408;0.057794467;0.0049169962
0.058549408;0.055818181;0.0049169962
0.058549408;0.057794467;0.012822134
0.058549408;0.055818181;0.012822134
0.058549408;0.055818181;0.0049169962
0.058549408;0.055818181;0.012822134
0.056573123;0.055818181;0.0049169962
0.058549408;0.055818181;0.012822134
0.058549408;0.055818181;0.0049169962
0.056573123;0.055818181;0.012822134
0.056573123;0.055818181;0.0049169962
0.056573123;0.055818181;0.012822134
0.056573123;0.055818181;0.012822134
0.056573123;0.055818181;0.0049169962
0.056573123;0.055818181;0.012822134
0.056573123;0.055818181;0.0049169962
0.056573123;0.053841896;0.012822134
0.056573123;0.055818181;0.012822134
0.056573123;0.053841896;0.0049169962
0.056573123;0.053841896;0.0049169962
0.054596838;0.053841896;0.012822134
0.056573123;0.055818181;0.0049169962
0.056573123;0.055818181;0.012822134
0.056573123;0.055818181;0.012822134
0.056573123;0.053841896;0.012822134
0.056573123;0.053841896;0.012822134
0.056573123;0.053841896;0.012822134
0.056573123;0.055818181;0.0049169962
0.056573123;0.053841896;0.012822134
0.054596838;0.053841896;0.0049169962
0.054596838;0.053841896;0.0049169962
0.054596838;0.053841896;0.0049169962
0.056573123;0.053841896;0.012822134
0.054596838;0.053841896;0.0049169962
0.056573123;0.053841896;0.012822134
0.056573123;0.053841896;0.0049169962
0.054596838;0.051865611;0.012822134
0.056573123;0.053841896;0.0049169962
0.054596838;0.051865611;0.0049169962
0.054596838;0.051865611;0.012822134
0.054596838;0.053841896;0.0049169962
0.052620552;0.051865611;0.012822134
0.054596838;0.051865611;0.012822134
0.054596838;0.051865611;0.0049169962
0.054596838;0.053841896;0.0049169962
0.054596838;0.053841896;0.0049169962
0.054596838;0.053841896;0.012822134
0.054596838;0.051865611;0.0049169962
0.054596838;0.051865611;0.0049169962
0.052620552;0.051865611;0.0049169962
0.054596838;0.051865611;0.0049169962
0.054596838;0.051865611;0.0049169962
0.054596838;0.051865611;0.012822134
0.054596838;0.051865611;0.0049169962
0.054596838;0.04988933;0.012822134
0.052620552;0.04988933;0.0049169962
0.054596838;0.051865611;0.0049169962
0.052620552;0.051865611;0.012822134
0.052620552;0.051865611;0.0049169962
0.052620552;0.051865611;0.012822134
0.052620552;0.04988933;0.012822134
0.052620552;0.051865611;0.012822134
0.052620552;0.04988933;0.0049169962
0.052620552;0.04988933;0.012822134
0.052620552;0.04988933;0.0049169962
0.050644267;0.04988933;0.0049169962
0.052620552;0.04988933;0.0049169962
0.052620552;0.04988933;0.0049169962
0.052620552;0.04988933;0.0049169962
0.050644267;0.04988933;0.0049169962
0.052620552;0.04988933;0.0049169962
0.052620552;0.04988933;0.012822134
0.050644267;0.04988933;0.012822134
0.050644267;0.04988933;0.012822134
0.050644267;0.04988933;0.012822134
0.050644267;0.04988933;0.0049169962
0.050644267;0.047913045;0.012822134
0.050644267;0.04988933;0.012822134
0.050644267;0.04988933;0.0049169962
0.050644267;0.04988933;0.012822134
0.050644267;0.04988933;0.0049169962
0.050644267;0.047913045;0.012822134
0.050644267;0.047913045;0.0049169962
0.050644267;0.04988933;0.012822134
0.050644267;0.047913045;0.0049169962
0.050644267;0.047913045;0.0049169962
0.050644267;0.047913045;0.012822134
0.050644267;0.047913045;0.0049169962
0.050644267;0.047913045;0.012822134
0.048667986;0.047913045;0.012822134
0.050644267;0.047913045;0.0049169962
0.050644267;0.047913045;0.0049169962
0.048667986;0.047913045;0.012822134
0.050644267;0.047913045;0.0049169962
0.048667986;0.047913045;0.012822134
0.050644267;0.047913045;0.0049169962
0.048667986;0.047913045;0.012822134
0.048667986;0.047913045;0.0049169962
0.048667986;0.047913045;0.012822134
0.048667986;0.047913045;0.012822134
0.048667986;0.047913045;0.012822134
0.050644267;0.047913045;0.0049169962
0.048667986;0.047913045;0.012822134
0.048667986;0.047913045;0.012822134
0.048667986;0.047913045;0.0049169962
0.046691701;0.047913045;0.0049169962
0.048667986;0.047913045;0.0049169962
0.046691701;0.04593676;0.012822134
0.048667986;0.04593676;0.012822134
0.048667986;0.04593676;0.012822134
0.048667986;0.04593676;0.012822134
0.048667986;0.04593676;0.012822134
0.046691701;0.04593676;0.012822134
0.048667986;0.04593676;0.012822134
0.048667986;0.04593676;0.012822134
0.046691701;0.04593676;0.0049169962
0.046691701;0.047913045;0.012822134
0.048667986;0.043960474;0.012822134
0.046691701;0.04593676;0.012822134
0.046691701;0.04593676;0.0049169962
0.046691701;0.04593676;0.0049169962
0.046691701;0.04593676;0.0049169962
0.048667986;0.043960474;0.012822134
0.044715416;0.043960474;0.012822134
0.046691701;0.043960474;0.012822134
0.046691701;0.043960474;0.012822134
0.046691701;0.043960474;0.0049169962
0.044715416;0.043960474;0.0049169962
0.046691701;0.043960474;0.012822134
0.046691701;0.043960474;0.0049169962
0.044715416;0.04593676;0.012822134
0.046691701;0.043960474;0.012822134
0.044715416;0.043960474;0.0049169962
0.044715416;0.043960474;0.012822134
0.046691701;0.043960474;0.0049169962
0.044715416;0.043960474;0.0049169962
0.042739131;0.043960474;0.0049169962
0.046691701;0.043960474;0.0049169962
0.044715416;0.041984189;0.0049169962
0.044715416;0.043960474;0.012822134
0.044715416;0.043960474;0.0049169962
0.044715416;0.041984189;0.012822134
0.044715416;0.043960474;0.012822134
0.042739131;0.041984189;0.0049169962
0.044715416;0.043960474;0.0049169962
0.044715416;0.041984189;0.0049169962
0.044715416;0.041984189;0.012822134
0.044715416;0.041984189;0.0049169962
0.044715416;0.041984189;0.012822134
0.042739131;0.041984189;0.0049169962
0.044715416;0.041984189;0.012822134
0.042739131;0.041984189;0.012822134
0.042739131;0.041984189;0.0049169962
0.042739131;0.041984189;0.012822134
0.042739131;0.041984189;0.012822134
0.044715416;0.041984189;0.0049169962
0.042739131;0.041984189;0.012822134
0.042739131;0.041984189;0.0049169962
0.042739131;0.041984189;0.012822134
0.042739131;0.040007904;0.0049169962
0.042739131;0.041984189;0.0049169962
0.042739131;0.041984189;0.0049169962
0.042739131;0.041984189;0.012822134
0.040762845;0.041984189;0.0049169962
0.040762845;0.040007904;0.012822134
0.040762845;0.041984189;0.0049169962
0.040762845;0.041984189;0.012822134
0.040762845;0.040007904;0.012822134
0.040762845;0.041984189;0.012822134
0.040762845;0.040007904;0.0049169962
0.040762845;0.040007904;0.012822134
0.040762845;0.038031619;0.0049169962
0.040762845;0.040007904;0.012822134
0.040762845;0.040007904;0.0049169962
0.040762845;0.041984189;0.0049169962
0.040762845;0.040007904;0.012822134
0.03878656;0.040007904;0.012822134
0.040762845;0.038031619;0.012822134
0.040762845;0.040007904;0.012822134
0.03878656;0.040007904;0.012822134
0.040762845;0.038031619;0.012822134
0.040762845;0.038031619;0.012822134
0.03878656;0.038031619;0.0049169962
0.03878656;0.038031619;0.0049169962
0.03878656;0.038031619;0.0049169962
0.03878656;0.038031619;0.012822134
0.03878656;0.040007904;0.0049169962
0.03878656;0.040007904;0.0049169962
0.03878656;0.040007904;0.012822134
0.03878656;0.040007904;0.0049169962
0.03878656;0.038031619;0.0049169962
0.03878656;0.038031619;0.0049169962
0.03878656;0.038031619;0.0049169962
0.03878656;0.038031619;0.0049169962
0.040762845;0.036055338;0.0049169962
0.03878656;0.038031619;0.012822134
0.03878656;0.038031619;0.0049169962
0.03878656;0.038031619;0.0049169962
0.03878656;0.036055338;0.0049169962
0.03878656;0.036055338;0.0049169962
0.036810275;0.038031619;0.0049169962
0.03878656;0.036055338;0.0049169962
0.036810275;0.038031619;0.0049169962
0.03878656;0.036055338;0.0049169962
0.036810275;0.036055338;0.0049169962
0.034833994;0.036055338;0.0049169962
0.03878656;0.036055338;0.0049169962
0.036810275;0.036055338;0.012822134
0.036810275;0.036055338;0.012822134
0.036810275;0.034079053;0.0049169962
0.036810275;0.036055338;0.012822134
0.036810275;0.036055338;0.0049169962
0.036810275;0.036055338;0.012822134
0.034833994;0.036055338;0.0049169962
0.034833994;0.036055338;0.0049169962
0.036810275;0.036055338;0.0049169962
0.036810275;0.036055338;0.012822134
0.034833994;0.036055338;0.012822134
0.034833994;0.034079053;0.012822134
0.036810275;0.034079053;0.0049169962
0.034833994;0.034079053;0.0049169962
0.034833994;0.034079053;0.012822134
0.032857709;0.034079053;0.0049169962
0.032857709;0.036055338;0.012822134
0.032857709;0.034079053;0.012822134
0.034833994;0.034079053;0.0049169962
0.034833994;0.034079053;0.012822134
0.034833994;0.034079053;0.0049169962
0.034833994;0.036055338;0.0049169962
0.034833994;0.034079053;0.0049169962
0.032857709;0.034079053;0.012822134
0.034833994;0.034079053;0.0049169962
0.032857709;0.034079053;0.0049169962
0.034833994;0.034079053;0.0049169962
0.032857709;0.034079053;0.012822134
0.034833994;0.032102767;0.012822134
0.032857709;0.032102767;0.0049169962
0.030881424;0.032102767;0.012822134
0.032857709;0.032102767;0.0049169962
0.032857709;0.032102767;0.0049169962
0.032857709;0.032102767;0.0049169962
0.030881424;0.032102767;0.0049169962
0.032857709;0.032102767;0.0049169962
0.032857709;0.032102767;0.0049169962
0.032857709;0.034079053;0.0049169962
0.030881424;0.032102767;0.012822134
0.032857709;0.032102767;0.012822134
0.032857709;0.032102767;0.0049169962
0.032857709;0.032102767;0.012822134
0.032857709;0.032102767;0.012822134
0.032857709;0.030126482;0.0049169962
0.030881424;0.030126482;0.0049169962
0.032857709;0.032102767;0.0049169962
0.030881424;0.030126482;0.012822134
0.030881424;0.030126482;0.0049169962
0.032857709;0.032102767;0.0049169962
0.030881424;0.030126482;0.0049169962
0.030881424;0.030126482;0.012822134
0.030881424;0.028150197;0.0049169962
0.030881424;0.030126482;0.0049169962
0.030881424;0.030126482;0.012822134
0.030881424;0.030126482;0.012822134
0.030881424;0.030126482;0.0049169962
0.030881424;0.030126482;0.0049169962
0.030881424;0.028150197;0.012822134
0.028905138;0.030126482;0.0049169962
0.030881424;0.030126482;0.012822134
0.028905138;0.030126482;0.0049169962
0.028905138;0.028150197;0.0049169962
0.028905138;0.030126482;0.0049169962
0.028905138;0.030126482;0.012822134
0.026928853;0.028150197;0.0049169962
0.028905138;0.028150197;0.0049169962
0.028905138;0.028150197;0.0049169962
0.028905138;0.028150197;0.0049169962
0.026928853;0.028150197;0.0049169962
0.028905138;0.028150197;0.0049169962
0.026928853;0.028150197;0.012822134
0.028905138;0.026173914;0.0049169962
0.026928853;0.028150197;0.0049169962
0.026928853;0.028150197;0.012822134
0.026928853;0.028150197;0.0049169962
0.026928853;0.028150197;0.0049169962
0.026928853;0.028150197;0.012822134
0.028905138;0.026173914;0.012822134
0.028905138;0.026173914;0.0049169962
0.026928853;0.026173914;0.0049169962
0.028905138;0.026173914;0.0049169962
0.026928853;0.028150197;0.012822134
0.02495257;0.026173914;0.0049169962
0.026928853;0.026173914;0.012822134
0.026928853;0.026173914;0.0049169962
0.02495257;0.026173914;0.012822134
0.026928853;0.026173914;0.0049169962
0.02495257;0.026173914;0.0049169962
0.02495257;0.026173914;0.012822134
0.02495257;0.026173914;0.012822134
0.026928853;0.024197629;0.012822134
0.02495257;0.026173914;0.0049169962
0.026928853;0.026173914;0.012822134
0.02495257;0.026173914;0.0049169962
0.02495257;0.026173914;0.0049169962
0.022976285;0.026173914;0.012822134
0.02495257;0.024197629;0.0049169962
0.02495257;0.026173914;0.012822134
0.02495257;0.024197629;0.012822134
0.02495257;0.024197629;0.0049169962
0.02495257;0.024197629;0.012822134
0.02495257;0.024197629;0.0049169962
0.022976285;0.024197629;0.012822134
0.02495257;0.022221344;0.0049169962
0.022976285;0.024197629;0.012822134
0.022976285;0.024197629;0.012822134
0.022976285;0.024197629;0.012822134
0.02495257;0.024197629;0.0049169962
0.022976285;0.022221344;0.012822134
0.022976285;0.024197629;0.0049169962
0.022976285;0.022221344;0.012822134
0.022976285;0.022221344;0.012822134
0.022976285;0.024197629;0.012822134
0.022976285;0.022221344;0.012822134
0.022976285;0.022221344;0.0049169962
0.021;0.022221344;0.012822134
0.022976285;0.022221344;0.0049169962
0.022976285;0.022221344;0.0049169962
0.022976285;0.020245058;0.012822134
0.022976285;0.022221344;0.012822134
0.021;0.022221344;0.012822134
0.022976285;0.022221344;0.0049169962
0.022976285;0.020245058;0.0049169962
0.021;0.022221344;0.012822134
0.021;0.022221344;0.012822134
0.021;0.020245058;0.0049169962
0.021;0.020245058;0.0049169962
0.021;0.022221344;0.012822134
0.021;0.020245058;0.0049169962
0.021;0.020245058;0.012822134
0.021;0.020245058;0.012822134
0.021;0.022221344;0.0049169962
0.021;0.020245058;0.0049169962
0.021;0.020245058;0.0049169962
0.019023715;0.020245058;0.012822134
0.021;0.020245058;0.0049169962
0.019023715;0.020245058;0.0049169962
0.019023715;0.020245058;0.012822134
0.019023715;0.020245058;0.012822134
0.019023715;0.020245058;0.012822134
0.019023715;0.020245058;0.012822134
0.021;0.018268775;0.0049169962
0.019023715;0.020245058;0.0049169962
0.019023715;0.020245058;0.0049169962
0.019023715;0.020245058;0.012822134
0.019023715;0.018268775;0.012822134
0.019023715;0.018268775;0.012822134
0.019023715;0.020245058;0.012822134
0.019023715;0.018268775;0.0049169962
0.019023715;0.018268775;0.0049169962
0.019023715;0.018268775;0.0049169962
0.017047431;0.018268775;0.0049169962
0.019023715;0.018268775;0.012822134
0.017047431;0.018268775;0.0049169962
0.017047431;0.018268775;0.0049169962
0.017047431;0.018268775;0.012822134
0.017047431;0.018268775;0.012822134
0.017047431;0.018268775;0.0049169962
0.017047431;0.018268775;0.0049169962
0.017047431;0.018268775;0.012822134
0.017047431;0.018268775;0.012822134
0.017047431;0.018268775;0.0049169962
0.015071146;0.01629249;0.012822134
0.017047431;0.01629249;0.012822134
0.017047431;0.01629249;0.012822134
0.017047431;0.01629249;0.0049169962
0.017047431;0.01629249;0.0049169962
0.017047431;0.01629249;0.0049169962
0.017047431;0.01629249;0.012822134
0.017047431;0.01629249;0.0049169962
0.017047431;0.01629249;0.012822134
0.017047431;0.01629249;0.012822134
0.015071146;0.01629249;0.0049169962
0.015071146;0.01629249;0.0049169962
0.015071146;0.01629249;0.012822134
0.017047431;0.01629249;0.0049169962
0.015071146;0.014316206;0.012822134
0.015071146;0.014316206;0.012822134
0.015071146;0.014316206;0.012822134
0.017047431;0.014316206;0.012822134
0.015071146;0.01629249;0.0049169962
0.015071146;0.014316206;0.0049169962
0.015071146;0.014316206;0.012822134
0.015071146;0.014316206;0.0049169962
0.013094862;0.014316206;0.012822134
0.015071146;0.014316206;0.0049169962
0.013094862;0.014316206;0.012822134
0.013094862;0.014316206;0.012822134
0.013094862;0.014316206;0.012822134
0.013094862;0.012339921;0.012822134
0.013094862;0.014316206;0.0049169962
0.015071146;0.012339921;0.012822134
0.013094862;0.012339921;0.012822134
0.013094862;0.012339921;0.012822134
0.013094862;0.014316206;0.0049169962
0.013094862;0.012339921;0.0049169962
0.013094862;0.012339921;0.012822134
0.011118577;0.012339921;0.012822134
0.013094862;0.014316206;0.012822134
0.011118577;0.014316206;0.012822134
0.011118577;0.010363637;0.012822134
0.011118577;0.012339921;0.012822134
0.011118577;0.012339921;0.0049169962
0.011118577;0.012339921;0.0049169962
0.013094862;0.012339921;0.012822134
0.013094862;0.012339921;0.0049169962
0.011118577;0.012339921;0.012822134
0.011118577;0.010363637;0.012822134
0.011118577;0.012339921;0.0049169962
0.011118577;0.012339921;0.012822134
0.011118577;0.010363637;0.0049169962
0.011118577;0.010363637;0.012822134
0.011118577;0.010363637;0.012822134
0.0091422927;0.010363637;0.012822134
0.011118577;0.010363637;0.0049169962
0.011118577;0.010363637;0.0049169962
0.011118577;0.010363637;0.0049169962
0.011118577;0.010363637;0.012822134
0.011118577;0.010363637;0.012822134
0.011118577;0.010363637;0.012822134
0.0091422927;0.0083873514;0.0049169962
0.0091422927;0.010363637;0.0049169962
0.0091422927;0.010363637;0.012822134
0.011118577;0.010363637;0.0049169962
0.011118577;0.0083873514;0.012822134
0.0091422927;0.0083873514;0.012822134
0.0091422927;0.0083873514;0.0049169962
0.0091422927;0.0083873514;0.012822134
0.0091422927;0.0083873514;0.012822134
0.0091422927;0.0083873514;0.0049169962
0.007166008;0.0083873514;0.012822134
0.007166008;0.0083873514;0.0049169962
0.0091422927;0.0083873514;0.012822134
0.0091422927;0.0083873514;0.0049169962
0.007166008;0.0083873514;0.0049169962
0.007166008;0.0083873514;0.0049169962
0.007166008;0.0083873514;0.0049169962
0.007166008;0.0083873514;0.0049169962
0.007166008;0.0083873514;0.0049169962
0.007166008;0.0083873514;0.0049169962
0.007166008;0.0083873514;0.0049169962
0.007166008;0.0083873514;0.012822134
0.007166008;0.0083873514;0.0049169962
0.007166008;0.0064110672;0.0049169962
0.007166008;0.0064110672;0.0049169962
0.007166008;0.0064110672;0.012822134
0.007166008;0.0064110672;0.0049169962
0.007166008;0.0083873514;0.0049169962
0.0051897233;0.0064110672;0.012822134
0.007166008;0.0064110672;0.0049169962
0.007166008;0.0064110672;0.0049169962
0.007166008;0.0044347825;0.0049169962
0.0051897233;0.0064110672;0.012822134
0.007166008;0.0064110672;0.0049169962
0.0051897233;0.0083873514;0.012822134
0.0051897233;0.0044347825;0.0049169962
0.0051897233;0.0064110672;0.012822134
0.0051897233;0.0064110672;0.012822134
0.0051897233;0.0064110672;0.0049169962
0.0051897233;0.0044347825;0.0049169962
0.0051897233;0.0064110672;0.012822134
0.0051897233;0.0044347825;0.0049169962
0.0051897233;0.0064110672;0.0049169962
0.0032134387;0.0044347825;0.0049169962
0.0051897233;0.0044347825;0.012822134
0.0051897233;0.0044347825;0.012822134
0.0032134387;0.0044347825;0.0049169962
0.0032134387;0.0044347825;0.0049169962
0.0032134387;0.0044347825;0.0049169962
0.0051897233;0.0044347825;0.0049169962
0.0051897233;0.0044347825;0.012822134
0.0051897233;0.0044347825;0.012822134
0.0032134387;0.0044347825;0.012822134
0.0032134387;0.0024584981;0.0049169962
0.0032134387;0.0044347825;0.0049169962
0.0032134387;0.0024584981;0.0049169962
0.0032134387;0.0044347825;0.0049169962
0.0032134387;0.0044347825;0.0049169962
0.0032134387;0.0044347825;0.0049169962
0.0012371541;0.0024584981;0.0049169962
0.0032134387;0.0024584981;0.0049169962
0.0012371541;0.0024584981;0.0049169962
0.0032134387;0.0024584981;0.012822134
0.0012371541;0.0024584981;0.012822134
0.0012371541;0.0044347825;0.0049169962
0.0012371541;0.0024584981;0.012822134
0.0012371541;0.0024584981;0.0049169962
-0.00073913042;0.00048221345;0.0049169962
-0.00073913042;0.00048221345;0.0049169962
0.0012371541;0.0024584981;0.012822134
-0.00073913042;0.00048221345;0.0049169962
-0.00073913042;0.00048221345;0.0049169962
0.0012371541;0.0024584981;0.012822134
0.0012371541;0.00048221345;0.0049169962
0.0012371541;0.00048221345;0.0049169962
-0.00073913042;0.00048221345;0.0049169962
0.0012371541;0.0024584981;0.0049169962
-0.00073913042;0.0024584981;0.0049169962
0.0012371541;0.0024584981;0.0049169962
-0.00073913042;0.00048221345;0.0049169962
-0.00073913042;0.0024584981;0.0049169962
-0.00073913042;0.00048221345;0.0049169962
-0.00073913042;0.00048221345;0.012822134
-0.00073913042;0.00048221345;0.0049169962
-0.00073913042;0.00048221345;0.012822134
-0.0027154151;0.00048221345;0.0049169962
-0.00073913042;0.00048221345;0.012822134
-0.00073913042;0.00048221345;0.012822134
-0.00073913042;0.00048221345;0.012822134
-0.0027154151;-0.0014940711;0.0049169962
-0.0027154151;-0.0014940711;0.0049169962
-0.0027154151;0.00048221345;0.0049169962
-0.0027154151;-0.0014940711;0.0049169962
-0.0027154151;-0.0014940711;0.0049169962
-0.00073913042;-0.0014940711;0.012822134
-0.00073913042;-0.0014940711;0.0049169962
-0.0027154151;0.00048221345;0.0049169962
-0.0027154151;-0.0014940711;0.012822134
-0.0027154151;-0.0014940711;0.0049169962
-0.0027154151;-0.0014940711;0.0049169962
-0.0027154151;-0.0014940711;0.0049169962
-0.0027154151;-0.0014940711;0.012822134
-0.0027154151;-0.0034703556;0.0049169962
-0.0027154151;-0.0014940711;0.012822134
-0.0027154151;-0.0014940711;0.012822134
-0.0046916995;-0.0034703556;0.0049169962
-0.0027154151;-0.0014940711;0.012822134
-0.0046916995;-0.0014940711;0.0049169962
-0.0027154151;-0.0034703556;0.012822134
-0.0046916995;-0.0014940711;0.012822134
-0.0027154151;-0.0034703556;0.012822134
-0.0027154151;-0.0034703556;0.0049169962
-0.0046916995;-0.0034703556;0.0049169962
-0.0046916995;-0.0034703556;0.0049169962
-0.0046916995;-0.0014940711;0.0049169962
-0.0066679842;-0.0034703556;0.012822134
-0.0046916995;-0.0034703556;0.012822134
-0.0027154151;-0.0034703556;0.0049169962
-0.0046916995;-0.0034703556;0.012822134
-0.0046916995;-0.0034703556;0.012822134
-0.0046916995;-0.0034703556;0.012822134
-0.0046916995;-0.0034703556;0.0049169962
-0.0046916995;-0.0054466403;0.0049169962
-0.0046916995;-0.0034703556;0.012822134
-0.0066679842;-0.0054466403;0.0049169962
-0.0046916995;-0.0034703556;0.012822134
-0.0046916995;-0.0034703556;0.0049169962
-0.0066679842;-0.0034703556;0.0049169962
-0.0046916995;-0.0034703556;0.0049169962
-0.0066679842;-0.0034703556;0.0049169962
-0.0046916995;-0.0054466403;0.0049169962
-0.0046916995;-0.0034703556;0.0049169962
-0.0066679842;-0.0054466403;0.012822134
-0.0046916995;-0.0034703556;0.012822134
-0.0066679842;-0.0054466403;0.012822134
-0.0066679842;-0.0054466403;0.0049169962
-0.0066679842;-0.0054466403;0.0049169962
-0.0066679842;-0.0054466403;0.0049169962
-0.0046916995;-0.0054466403;0.0049169962
-0.0066679842;-0.0054466403;0.012822134
-0.0066679842;-0.0054466403;0.0049169962
-0.0066679842;-0.0054466403;0.012822134
-0.0086442688;-0.0054466403;0.012822134
-0.0066679842;-0.0054466403;0.012822134
-0.0066679842;-0.0054466403;0.012822134
-0.0066679842;-0.007422925;0.0049169962
-0.0066679842;-0.007422925;0.0049169962
-0.0066679842;-0.0054466403;0.012822134
-0.0066679842;-0.007422925;0.0049169962
-0.0086442688;-0.0054466403;0.012822134
-0.0066679842;-0.0054466403;0.0049169962
-0.0066679842;-0.0054466403;0.0049169962
-0.0066679842;-0.0054466403;0.012822134
-0.0086442688;-0.0054466403;0.012822134
-0.0086442688;-0.0054466403;0.0049169962
-0.0086442688;-0.007422925;0.012822134
-0.0086442688;-0.0054466403;0.012822134
-0.0066679842;-0.007422925;0.0049169962
-0.0086442688;-0.0054466403;0.012822134
-0.0086442688;-0.007422925;0.0049169962
-0.0086442688;-0.007422925;0.012822134
-0.0086442688;-0.007422925;0.012822134
-0.0086442688;-0.007422925;0.0049169962
-0.0086442688;-0.007422925;0.0049169962
-0.0086442688;-0.007422925;0.012822134
-0.0086442688;-0.007422925;0.0049169962
-0.0086442688;-0.007422925;0.012822134
-0.010620553;-0.007422925;0.012822134
-0.010620553;-0.0093992092;0.0049169962
-0.0086442688;-0.007422925;0.012822134
-0.0086442688;-0.007422925;0.012822134
-0.0086442688;-0.007422925;0.0049169962
-0.0086442688;-0.007422925;0.0049169962
-0.0086442688;-0.007422925;0.0049169962
-0.010620553;-0.0093992092;0.0049169962
-0.010620553;-0.0093992092;0.0049169962
-0.010620553;-0.007422925;0.012822134
-0.010620553;-0.0093992092;0.0049169962
-0.010620553;-0.007422925;0.012822134
-0.010620553;-0.0093992092;0.0049169962
-0.010620553;-0.0093992092;0.012822134
-0.010620553;-0.0093992092;0.012822134
-0.010620553;-0.0093992092;0.012822134
-0.010620553;-0.0093992092;0.012822134
-0.012596838;-0.0093992092;0.0049169962
-0.0086442688;-0.0093992092;0.012822134
-0.0086442688;-0.0093992092;0.0049169962
-0.010620553;-0.0093992092;0.012822134
-0.010620553;-0.0093992092;0.012822134
-0.010620553;-0.0093992092;0.0049169962
-0.010620553;-0.0093992092;0.0049169962
-0.010620553;-0.0093992092;0.0049169962
-0.012596838;-0.011375494;0.0049169962
-0.010620553;-0.0093992092;0.0049169962
-0.010620553;-0.011375494;0.012822134
-0.010620553;-0.0093992092;0.0049169962
-0.012596838;-0.011375494;0.0049169962
-0.012596838;-0.011375494;0.012822134
-0.010620553;-0.0093992092;0.012822134
-0.010620553;-0.0093992092;0.0049169962
-0.012596838;-0.011375494;0.012822134
-0.012596838;-0.011375494;0.012822134
-0.010620553;-0.011375494;0.012822134
-0.012596838;-0.011375494;0.0049169962
-0.012596838;-0.011375494;0.0049169962
-0.010620553;-0.011375494;0.012822134
-0.012596838;-0.0093992092;0.012822134
-0.012596838;-0.011375494;0.012822134
-0.010620553;-0.011375494;0.0049169962
-0.012596838;-0.011375494;0.012822134
-0.012596838;-0.011375494;0.0049169962
-0.012596838;-0.011375494;0.0049169962
-0.014573122;-0.011375494;0.012822134
-0.012596838;-0.011375494;0.012822134
-0.014573122;-0.011375494;0.012822134
-0.014573122;-0.013351778;0.012822134
-0.014573122;-0.011375494;0.012822134
-0.014573122;-0.011375494;0.012822134
-0.012596838;-0.011375494;0.012822134
-0.012596838;-0.011375494;0.0049169962
-0.012596838;-0.011375494;0.0049169962
-0.012596838;-0.013351778;0.0049169962
-0.014573122;-0.011375494;0.0049169962
-0.014573122;-0.011375494;0.012822134
-0.014573122;-0.011375494;0.0049169962
-0.014573122;-0.011375494;0.0049169962
-0.014573122;-0.011375494;0.0049169962
-0.014573122;-0.013351778;0.0049169962
-0.014573122;-0.013351778;0.012822134
-0.014573122;-0.011375494;0.0049169962
-0.014573122;-0.013351778;0.0049169962
-0.016549407;-0.013351778;0.0049169962
-0.014573122;-0.013351778;0.0049169962
-0.014573122;-0.013351778;0.012822134
-0.014573122;-0.013351778;0.0049169962
-0.014573122;-0.013351778;0.012822134
-0.014573122;-0.013351778;0.0049169962
-0.016549407;-0.013351778;0.0049169962
-0.014573122;-0.015328064;0.012822134
-0.014573122;-0.013351778;0.012822134
-0.014573122;-0.013351778;0.012822134
-0.016549407;-0.013351778;0.012822134
-0.016549407;-0.013351778;0.0049169962
-0.016549407;-0.013351778;0.0049169962
-0.016549407;-0.013351778;0.012822134
-0.014573122;-0.013351778;0.012822134
-0.014573122;-0.015328064;0.012822134
-0.014573122;-0.013351778;0.012822134
-0.014573122;-0.013351778;0.0049169962
-0.016549407;-0.015328064;0.0049169962
-0.016549407;-0.015328064;0.0049169962
-0.016549407;-0.015328064;0.012822134
-0.016549407;-0.015328064;0.012822134
-0.016549407;-0.015328064;0.0049169962
-0.016549407;-0.015328064;0.0049169962
-0.014573122;-0.015328064;0.012822134
-0.016549407;-0.015328064;0.012822134
-0.016549407;-0.015328064;0.0049169962
-0.016549407;-0.015328064;0.0049169962
-0.014573122;-0.015328064;0.0049169962
-0.016549407;-0.015328064;0.012822134
-0.016549407;-0.015328064;0.012822134
-0.018525692;-0.015328064;0.0049169962
-0.016549407;-0.017304348;0.012822134
-0.016549407;-0.015328064;0.012822134
-0.016549407;-0.015328064;0.0049169962
-0.016549407;-0.015328064;0.0049169962
-0.016549407;-0.015328064;0.0049169962
-0.018525692;-0.015328064;0.012822134
-0.018525692;-0.017304348;0.012822134
-0.018525692;-0.015328064;0.0049169962
-0.018525692;-0.017304348;0.0049169962
-0.016549407;-0.017304348;0.012822134
-0.018525692;-0.015328064;0.012822134
-0.018525692;-0.017304348;0.012822134
-0.018525692;-0.017304348;0.0049169962
-0.018525692;-0.017304348;0.0049169962
-0.018525692;-0.017304348;0.012822134
-0.020501977;-0.015328064;0.0049169962
-0.016549407;-0.017304348;0.012822134
-0.018525692;-0.017304348;0.0049169962
-0.018525692;-0.017304348;0.012822134
-0.020501977;-0.017304348;0.0049169962
-0.020501977;-0.017304348;0.012822134
-0.020501977;-0.017304348;0.0049169962
-0.018525692;-0.017304348;0.012822134
-0.018525692;-0.017304348;0.0049169962
-0.020501977;-0.017304348;0.0049169962
-0.018525692;-0.017304348;0.012822134
-0.018525692;-0.017304348;0.0049169962
-0.020501977;-0.017304348;0.0049169962
-0.018525692;-0.017304348;0.0049169962
-0.018525692;-0.017304348;0.012822134
-0.018525692;-0.017304348;0.012822134
-0.018525692;-0.017304348;0.012822134
-0.018525692;-0.017304348;0.0049169962
-0.018525692;-0.017304348;0.012822134
-0.018525692;-0.017304348;0.012822134
-0.020501977;-0.017304348;0.012822134
-0.020501977;-0.017304348;0.012822134
-0.018525692;-0.017304348;0.012822134
-0.020501977;-0.017304348;0.0049169962
-0.018525692;-0.019280633;0.0049169962
-0.020501977;-0.017304348;0.012822134
-0.018525692;-0.019280633;0.0049169962
-0.020501977;-0.017304348;0.0049169962
-0.020501977;-0.019280633;0.012822134
-0.018525692;-0.019280633;0.0049169962
-0.018525692;-0.019280633;0.0049169962
-0.020501977;-0.019280633;0.0049169962
-0.020501977;-0.019280633;0.0049169962
-0.020501977;-0.019280633;0.0049169962
-0.020501977;-0.019280633;0.0049169962
-0.020501977;-0.019280633;0.0049169962
-0.020501977;-0.019280633;0.012822134
-0.020501977;-0.019280633;0.012822134
-0.020501977;-0.019280633;0.0049169962
-0.020501977;-0.019280633;0.0049169962
-0.02247826;-0.019280633;0.012822134
-0.020501977;-0.019280633;0.0049169962
-0.020501977;-0.019280633;0.0049169962
-0.02247826;-0.019280633;0.0049169962
-0.020501977;-0.019280633;0.0049169962
-0.02247826;-0.017304348;0.012822134
-0.020501977;-0.019280633;0.012822134
-0.020501977;-0.019280633;0.0049169962
-0.02247826;-0.021256916;0.0049169962
-0.02247826;-0.019280633;0.0049169962
-0.020501977;-0.019280633;0.0049169962
-0.020501977;-0.021256916;0.0049169962
-0.020501977;-0.021256916;0.012822134
-0.02247826;-0.021256916;0.012822134
-0.02247826;-0.021256916;0.012822134
-0.020501977;-0.019280633;0.012822134
-0.02247826;-0.019280633;0.0049169962
-0.02247826;-0.019280633;0.0049169962
-0.02247826;-0.019280633;0.012822134
-0.02247826;-0.019280633;0.012822134
-0.02247826;-0.023233201;0.012822134
-0.02247826;-0.021256916;0.012822134
-0.02247826;-0.021256916;0.0049169962
-0.020501977;-0.021256916;0.012822134
-0.02247826;-0.021256916;0.0049169962
-0.02247826;-0.021256916;0.012822134
-0.02247826;-0.021256916;0.012822134
-0.02247826;-0.021256916;0.012822134
-0.02247826;-0.021256916;0.0049169962
-0.02247826;-0.021256916;0.0049169962
-0.02247826;-0.021256916;0.012822134
-0.02247826;-0.021256916;0.0049169962
-0.02247826;-0.023233201;0.012822134
-0.02247826;-0.021256916;0.012822134
-0.02247826;-0.021256916;0.012822134
-0.02247826;-0.021256916;0.012822134
-0.024454545;-0.019280633;0.012822134
-0.02247826;-0.021256916;0.012822134
-0.02247826;-0.021256916;0.0049169962
-0.020501977;-0.021256916;0.0049169962
-0.02247826;-0.021256916;0.0049169962
-0.024454545;-0.021256916;0.012822134
-0.02247826;-0.021256916;0.0049169962
-0.024454545;-0.021256916;0.0049169962
-0.024454545;-0.021256916;0.0049169962
-0.024454545;-0.023233201;0.012822134
-0.02247826;-0.021256916;0.0049169962
-0.02247826;-0.021256916;0.0049169962
-0.02247826;-0.021256916;0.0049169962
-0.024454545;-0.021256916;0.012822134
-0.024454545;-0.021256916;0.012822134
-0.024454545;-0.021256916;0.0049169962
-0.024454545;-0.021256916;0.0049169962
-0.02247826;-0.023233201;0.0049169962
-0.024454545;-0.021256916;0.0049169962
-0.024454545;-0.021256916;0.0049169962
-0.024454545;-0.021256916;0.012822134
-0.024454545;-0.021256916;0.0049169962
-0.024454545;-0.023233201;0.0049169962
-0.024454545;-0.021256916;0.012822134
-0.024454545;-0.023233201;0.0049169962
-0.024454545;-0.021256916;0.012822134
-0.024454545;-0.023233201;0.012822134
-0.02247826;-0.021256916;0.012822134
-0.024454545;-0.023233201;0.012822134
-0.024454545;-0.021256916;0.012822134
-0.02643083;-0.023233201;0.012822134
-0.024454545;-0.023233201;0.012822134
-0.024454545;-0.023233201;0.012822134
-0.024454545;-0.023233201;0.012822134
-0.024454545;-0.023233201;0.012822134
-0.024454545;-0.023233201;0.012822134
-0.024454545;-0.021256916;0.012822134
-0.02643083;-0.023233201;0.0049169962
-0.024454545;-0.023233201;0.012822134
-0.024454545;-0.023233201;0.0049169962
-0.024454545;-0.021256916;0.0049169962
-0.02643083;-0.023233201;0.0049169962
-0.02643083;-0.023233201;0.012822134
-0.024454545;-0.023233201;0.0049169962
-0.02643083;-0.023233201;0.012822134
-0.024454545;-0.023233201;0.012822134
-0.024454545;-0.023233201;0.012822134
-0.02643083;-0.023233201;0.012822134
-0.024454545;-0.023233201;0.012822134
-0.024454545;-0.023233201;0.0049169962
-0.024454545;-0.023233201;0.0049169962
-0.024454545;-0.023233201;0.0049169962
-0.024454545;-0.023233201;0.0049169962
-0.02643083;-0.023233201;0.0049169962
-0.02643083;-0.023233201;0.0049169962
-0.02643083;-0.023233201;0.012822134
-0.02643083;-0.023233201;0.0049169962
-0.024454545;-0.023233201;0.0049169962
-0.024454545;-0.023233201;0.0049169962
-0.02643083;-0.023233201;0.0049169962
-0.024454545;-0.023233201;0.0049169962
-0.02643083;-0.023233201;0.012822134
-0.02643083;-0.023233201;0.012822134
-0.02643083;-0.023233201;0.0049169962
-0.02643083;-0.025209486;0.012822134
-0.024454545;-0.023233201;0.0049169962
-0.024454545;-0.023233201;0.0049169962
-0.02643083;-0.023233201;0.0049169962
-0.02643083;-0.025209486;0.012822134
-0.02643083;-0.023233201;0.012822134
-0.02643083;-0.023233201;0.012822134
-0.024454545;-0.025209486;0.0049169962
-0.024454545;-0.023233201;0.012822134
-0.02643083;-0.025209486;0.012822134
-0.02643083;-0.025209486;0.0049169962
-0.02643083;-0.023233201;0.012822134
-0.028407115;-0.023233201;0.012822134
-0.02643083;-0.025209486;0.012822134
-0.02643083;-0.023233201;0.0049169962
-0.024454545;-0.025209486;0.012822134
-0.02643083;-0.023233201;0.0049169962
-0.028407115;-0.025209486;0.0049169962
-0.028407115;-0.025209486;0.0049169962
-0.028407115;-0.023233201;0.0049169962
-0.02643083;-0.023233201;0.012822134
-0.02643083;-0.023233201;0.012822134
-0.02643083;-0.025209486;0.012822134
-0.02643083;-0.025209486;0.0049169962
-0.02643083;-0.025209486;0.0049169962
-0.02643083;-0.025209486;0.0049169962
-0.02643083;-0.023233201;0.0049169962
-0.02643083;-0.025209486;0.0049169962
-0.02643083;-0.025209486;0.0049169962
-0.02643083;-0.023233201;0.0049169962
-0.02643083;-0.025209486;0.012822134
-0.028407115;-0.025209486;0.012822134
-0.024454545;-0.025209486;0.012822134
-0.02643083;-0.023233201;0.012822134
-0.02643083;-0.025209486;0.0049169962
-0.028407115;-0.025209486;0.012822134
-0.028407115;-0.025209486;0.0049169962
-0.02643083;-0.025209486;0.0049169962
-0.02643083;-0.025209486;0.0049169962
-0.02643083;-0.025209486;0.0049169962
-0.024454545;-0.025209486;0.012822134
-0.02643083;-0.025209486;0.0049169962
-0.028407115;-0.025209486;0.012822134
-0.02643083;-0.023233201;0.012822134
-0.02643083;-0.025209486;0.0049169962
-0.02643083;-0.025209486;0.012822134
-0.02643083;-0.025209486;0.012822134
-0.028407115;-0.025209486;0.012822134
-0.028407115;-0.025209486;0.0049169962
-0.02643083;-0.025209486;0.012822134
-0.028407115;-0.023233201;0.012822134
-0.02643083;-0.027185772;0.012822134
-0.02643083;-0.025209486;0.012822134
-0.028407115;-0.025209486;0.0049169962
-0.02643083;-0.025209486;0.012822134
-0.02643083;-0.025209486;0.0049169962
-0.028407115;-0.025209486;0.012822134
-0.02643083;-0.025209486;0.012822134
-0.02643083;-0.025209486;0.0049169962
-0.028407115;-0.025209486;0.012822134
-0.028407115;-0.025209486;0.0049169962
-0.028407115;-0.023233201;0.0049169962
-0.028407115;-0.025209486;0.012822134
-0.028407115;-0.025209486;0.012822134
-0.02643083;-0.025209486;0.0049169962
-0.02643083;-0.025209486;0.0049169962
-0.028407115;-0.025209486;0.0049169962
-0.028407115;-0.025209486;0.012822134
-0.028407115;-0.025209486;0.012822134
-0.028407115;-0.025209486;0.0049169962
-0.028407115;-0.025209486;0.0049169962
-0.02643083;-0.025209486;0.012822134
-0.028407115;-0.025209486;0.0049169962
-0.02643083;-0.025209486;0.0049169962
-0.028407115;-0.025209486;0.012822134
-0.028407115;-0.025209486;0.012822134
-0.02643083;-0.025209486;0.0049169962
-0.02643083;-0.025209486;0.012822134
-0.028407115;-0.027185772;0.0049169962
-0.02643083;-0.025209486;0.0049169962
-0.028407115;-0.027185772;0.0049169962
-0.028407115;-0.025209486;0.0049169962
-0.028407115;-0.025209486;0.0049169962
-0.02643083;-0.025209486;0.012822134
-0.028407115;-0.025209486;0.0049169962
-0.02643083;-0.027185772;0.0049169962
-0.028407115;-0.025209486;0.012822134
-0.024454545;-0.027185772;0.012822134
-0.02643083;-0.027185772;0.0049169962
-0.02643083;-0.025209486;0.012822134
-0.02643083;-0.027185772;0.0049169962
-0.028407115;-0.027185772;0.012822134
-0.02643083;-0.025209486;0.0049169962
-0.02643083;-0.025209486;0.012822134
-0.028407115;-0.025209486;0.0049169962
-0.028407115;-0.027185772;0.012822134
-0.02643083;-0.027185772;0.0049169962
-0.02643083;-0.025209486;0.012822134
-0.02643083;-0.025209486;0.0049169962
-0.028407115;-0.025209486;0.012822134
-0.02643083;-0.025209486;0.0049169962
-0.02643083;-0.025209486;0.012822134
-0.02643083;-0.027185772;0.0049169962
-0.02643083;-0.025209486;0.0049169962
-0.02643083;-0.025209486;0.0049169962
-0.02643083;-0.025209486;0.012822134
-0.02643083;-0.025209486;0.0049169962
-0.028407115;-0.025209486;0.0049169962
-0.028407115;-0.025209486;0.012822134
-0.02643083;-0.025209486;0.0049169962
-0.028407115;-0.027185772;0.012822134
-0.02643083;-0.025209486;0.012822134
-0.02643083;-0.027185772;0.012822134
-0.028407115;-0.025209486;0.0049169962
-0.02643083;-0.025209486;0.012822134
-0.028407115;-0.025209486;0.012822134
-0.028407115;-0.025209486;0.012822134
-0.028407115;-0.025209486;0.0049169962
-0.028407115;-0.025209486;0.0049169962
-0.028407115;-0.025209486;0.0049169962
-0.02643083;-0.025209486;0.0049169962
-0.028407115;-0.025209486;0.012822134
-0.02643083;-0.027185772;0.012822134
-0.02643083;-0.025209486;0.0049169962
-0.02643083;-0.025209486;0.012822134
-0.028407115;-0.025209486;0.012822134
-0.02643083;-0.027185772;0.012822134
-0.02643083;-0.025209486;0.0049169962
-0.028407115;-0.025209486;0.0049169962
-0.028407115;-0.025209486;0.012822134
-0.028407115;-0.025209486;0.012822134
-0.028407115;-0.025209486;0.012822134
-0.02643083;-0.025209486;0.012822134
-0.028407115;-0.025209486;0.012822134
-0.02643083;-0.027185772;0.0049169962
-0.028407115;-0.027185772;0.0049169962
-0.02643083;-0.027185772;0.012822134
-0.028407115;-0.025209486;0.0049169962
-0.02643083;-0.027185772;0.0049169962
-0.028407115;-0.025209486;0.012822134
-0.02643083;-0.027185772;0.012822134
-0.02643083;-0.025209486;0.012822134
-0.02643083;-0.025209486;0.0049169962
-0.028407115;-0.025209486;0.012822134
-0.028407115;-0.025209486;0.012822134
-0.028407115;-0.025209486;0.012822134
-0.028407115;-0.025209486;0.0049169962
-0.02643083;-0.025209486;0.0049169962
-0.02643083;-0.025209486;0.012822134
-0.02643083;-0.027185772;0.0049169962
-0.028407115;-0.025209486;0.0049169962
-0.02643083;-0.027185772;0.012822134
-0.028407115;-0.025209486;0.0049169962
-0.024454545;-0.025209486;0.0049169962
-0.02643083;-0.025209486;0.012822134
-0.02643083;-0.025209486;0.0049169962
-0.02643083;-0.025209486;0.012822134
-0.028407115;-0.025209486;0.0049169962
-0.02643083;-0.025209486;0.0049169962
-0.02643083;-0.025209486;0.0049169962
-0.02643083;-0.025209486;0.0049169962
-0.02643083;-0.025209486;0.0049169962
-0.02643083;-0.025209486;0.012822134
-0.02643083;-0.027185772;0.012822134
-0.028407115;-0.023233201;0.0049169962
-0.028407115;-0.025209486;0.0049169962
-0.02643083;-0.025209486;0.0049169962
-0.02643083;-0.025209486;0.0049169962
-0.028407115;-0.025209486;0.012822134
-0.02643083;-0.025209486;0.0049169962
-0.02643083;-0.025209486;0.012822134
-0.02643083;-0.025209486;0.0049169962
-0.02643083;-0.025209486;0.012822134
-0.02643083;-0.023233201;0.012822134
-0.02643083;-0.025209486;0.0049169962
-0.028407115;-0.025209486;0.0049169962
-0.024454545;-0.025209486;0.0049169962
-0.02643083;-0.025209486;0.0049169962
-0.02643083;-0.025209486;0.0049169962
-0.024454545;-0.025209486;0.0049169962
-0.02643083;-0.025209486;0.0049169962
-0.028407115;-0.025209486;0.0049169962
-0.02643083;-0.023233201;0.0049169962
-0.02643083;-0.025209486;0.0049169962
-0.02643083;-0.025209486;0.012822134
-0.02643083;-0.023233201;0.012822134
-0.02643083;-0.025209486;0.012822134
-0.024454545;-0.023233201;0.012822134
-0.02643083;-0.023233201;0.0049169962
-0.02643083;-0.023233201;0.0049169962
-0.02643083;-0.025209486;0.012822134
-0.02643083;-0.025209486;0.012822134
-0.02643083;-0.025209486;0.0049169962
-0.02643083;-0.025209486;0.0049169962
-0.02643083;-0.023233201;0.0049169962
-0.02643083;-0.025209486;0.0049169962
-0.02643083;-0.023233201;0.0049169962
-0.024454545;-0.025209486;0.0049169962
-0.028407115;-0.023233201;0.0049169962
-0.024454545;-0.025209486;0.0049169962
-0.024454545;-0.025209486;0.0049169962
-0.02643083;-0.023233201;0.012822134
-0.02643083;-0.023233201;0.012822134
-0.02643083;-0.025209486;0.012822134
-0.024454545;-0.023233201;0.012822134
-0.02643083;-0.025209486;0.0049169962
-0.02643083;-0.023233201;0.0049169962
-0.024454545;-0.023233201;0.012822134
-0.024454545;-0.023233201;0.0049169962
-0.024454545;-0.025209486;0.0049169962
-0.024454545;-0.025209486;0.0049169962
-0.02643083;-0.023233201;0.012822134
-0.02643083;-0.023233201;0.0049169962
-0.024454545;-0.023233201;0.012822134
-0.024454545;-0.025209486;0.012822134
-0.024454545;-0.023233201;0.0049169962
-0.024454545;-0.025209486;0.012822134
-0.02643083;-0.025209486;0.012822134
-0.02643083;-0.025209486;0.012822134
-0.024454545;-0.025209486;0.0049169962
-0.024454545;-0.023233201;0.0049169962
-0.024454545;-0.023233201;0.0049169962
-0.02643083;-0.023233201;0.0049169962
-0.024454545;-0.023233201;0.012822134
-0.02247826;-0.023233201;0.0049169962
-0.024454545;-0.023233201;0.012822134
-0.024454545;-0.023233201;0.012822134
-0.024454545;-0.023233201;0.012822134
-0.024454545;-0.023233201;0.0049169962
-0.024454545;-0.023233201;0.0049169962
-0.024454545;-0.025209486;0.0049169962
-0.024454545;-0.023233201;0.012822134
-0.024454545;-0.023233201;0.012822134
-0.024454545;-0.023233201;0.0049169962
-0.024454545;-0.023233201;0.0049169962
-0.02247826;-0.023233201;0.0049169962
-0.024454545;-0.023233201;0.012822134
-0.024454545;-0.023233201;0.0049169962
-0.024454545;-0.023233201;0.012822134
-0.024454545;-0.021256916;0.012822134
-0.024454545;-0.023233201;0.012822134
-0.024454545;-0.021256916;0.012822134
-0.02247826;-0.023233201;0.012822134
-0.02247826;-0.023233201;0.012822134
-0.024454545;-0.023233201;0.0049169962
-0.02247826;-0.021256916;0.0049169962
-0.02247826;-0.023233201;0.0049169962
-0.024454545;-0.023233201;0.012822134
-0.024454545;-0.023233201;0.0049169962
-0.02247826;-0.021256916;0.012822134
-0.02247826;-0.023233201;0.0049169962
-0.02247826;-0.023233201;0.012822134
-0.02247826;-0.023233201;0.012822134
-0.02247826;-0.021256916;0.012822134
-0.02247826;-0.023233201;0.0049169962
-0.02247826;-0.023233201;0.0049169962
-0.024454545;-0.023233201;0.012822134
-0.02247826;-0.023233201;0.012822134
-0.024454545;-0.023233201;0.0049169962
-0.024454545;-0.023233201;0.0049169962
-0.02247826;-0.023233201;0.012822134
-0.02247826;-0.021256916;0.0049169962
-0.024454545;-0.021256916;0.0049169962
-0.024454545;-0.021256916;0.0049169962
-0.02247826;-0.021256916;0.012822134
-0.02247826;-0.021256916;0.012822134
-0.02247826;-0.023233201;0.012822134
-0.020501977;-0.021256916;0.012822134
-0.024454545;-0.021256916;0.0049169962
-0.024454545;-0.023233201;0.012822134
-0.024454545;-0.021256916;0.012822134
-0.02247826;-0.021256916;0.012822134
-0.02247826;-0.021256916;0.012822134
-0.02247826;-0.021256916;0.0049169962
-0.02247826;-0.021256916;0.0049169962
-0.02247826;-0.021256916;0.012822134
-0.02247826;-0.021256916;0.0049169962
-0.020501977;-0.021256916;0.012822134
-0.024454545;-0.021256916;0.0049169962
-0.02247826;-0.021256916;0.012822134
-0.02247826;-0.019280633;0.0049169962
-0.02247826;-0.021256916;0.0049169962
-0.02247826;-0.021256916;0.012822134
-0.02247826;-0.021256916;0.0049169962
-0.024454545;-0.021256916;0.012822134
-0.02247826;-0.021256916;0.012822134
-0.02247826;-0.019280633;0.012822134
-0.02247826;-0.019280633;0.012822134
-0.02247826;-0.021256916;0.012822134
-0.02247826;-0.021256916;0.012822134
-0.02247826;-0.019280633;0.012822134
-0.02247826;-0.019280633;0.012822134
-0.02247826;-0.019280633;0.0049169962
-0.020501977;-0.019280633;0.0049169962
-0.02247826;-0.021256916;0.012822134
-0.02247826;-0.021256916;0.0049169962
-0.02247826;-0.021256916;0.012822134
-0.020501977;-0.021256916;0.012822134
-0.02247826;-0.021256916;0.012822134
-0.02247826;-0.019280633;0.012822134
-0.02247826;-0.019280633;0.0049169962
-0.020501977;-0.021256916;0.012822134
-0.020501977;-0.019280633;0.0049169962
-0.020501977;-0.019280633;0.012822134
-0.02247826;-0.019280633;0.012822134
-0.02247826;-0.019280633;0.012822134
-0.020501977;-0.019280633;0.012822134
-0.02247826;-0.019280633;0.0049169962
-0.020501977;-0.019280633;0.012822134
-0.02247826;-0.021256916;0.0049169962
-0.020501977;-0.021256916;0.0049169962
-0.02247826;-0.019280633;0.012822134
-0.020501977;-0.019280633;0.0049169962
-0.020501977;-0.019280633;0.0049169962
-0.020501977;-0.019280633;0.0049169962
-0.02247826;-0.019280633;0.0049169962
-0.020501977;-0.019280633;0.012822134
-0.020501977;-0.019280633;0.0049169962
-0.02247826;-0.019280633;0.0049169962
-0.020501977;-0.019280633;0.0049169962
-0.020501977;-0.019280633;0.0049169962
-0.020501977;-0.019280633;0.012822134
-0.020501977;-0.019280633;0.012822134
-0.020501977;-0.017304348;0.0049169962
-0.020501977;-0.019280633;0.0049169962
-0.020501977;-0.019280633;0.012822134
-0.018525692;-0.019280633;0.0049169962
-0.020501977;-0.017304348;0.0049169962
-0.020501977;-0.019280633;0.012822134
-0.020501977;-0.019280633;0.012822134
-0.018525692;-0.017304348;0.0049169962
-0.018525692;-0.017304348;0.012822134
-0.018525692;-0.017304348;0.012822134
-0.018525692;-0.019280633;0.0049169962
-0.018525692;-0.019280633;0.012822134
-0.018525692;-0.017304348;0.012822134
-0.016549407;-0.019280633;0.012822134
-0.020501977;-0.017304348;0.0049169962
-0.020501977;-0.017304348;0.012822134
-0.020501977;-0.017304348;0.0049169962
-0.020501977;-0.017304348;0.0049169962
-0.018525692;-0.019280633;0.012822134
-0.018525692;-0.017304348;0.012822134
-0.018525692;-0.019280633;0.012822134
-0.018525692;-0.017304348;0.0049169962
-0.018525692;-0.017304348;0.0049169962
-0.018525692;-0.017304348;0.0049169962
-0.018525692;-0.019280633;0.0049169962
-0.018525692;-0.017304348;0.012822134
-0.018525692;-0.017304348;0.012822134
-0.018525692;-0.017304348;0.012822134
-0.018525692;-0.017304348;0.012822134
-0.018525692;-0.017304348;0.0049169962
-0.016549407;-0.017304348;0.0049169962
-0.018525692;-0.017304348;0.012822134
-0.018525692;-0.015328064;0.012822134
-0.016549407;-0.017304348;0.012822134
-0.018525692;-0.017304348;0.012822134
-0.018525692;-0.017304348;0.0049169962
-0.018525692;-0.017304348;0.0049169962
-0.016549407;-0.017304348;0.0049169962
-0.016549407;-0.017304348;0.012822134
-0.016549407;-0.017304348;0.0049169962
-0.016549407;-0.015328064;0.012822134
-0.018525692;-0.015328064;0.0049169962
-0.016549407;-0.015328064;0.012822134
-0.016549407;-0.017304348;0.0049169962
-0.016549407;-0.017304348;0.0049169962
-0.014573122;-0.017304348;0.0049169962
-0.016549407;-0.015328064;0.0049169962
-0.018525692;-0.015328064;0.0049169962
-0.016549407;-0.017304348;0.0049169962
-0.016549407;-0.015328064;0.012822134
-0.018525692;-0.015328064;0.012822134
-0.016549407;-0.013351778;0.012822134
-0.016549407;-0.015328064;0.0049169962
-0.014573122;-0.015328064;0.0049169962
-0.016549407;-0.015328064;0.012822134
-0.016549407;-0.013351778;0.012822134
-0.014573122;-0.013351778;0.0049169962
-0.016549407;-0.015328064;0.012822134
-0.014573122;-0.013351778;0.012822134
-0.014573122;-0.015328064;0.0049169962
-0.014573122;-0.015328064;0.012822134
-0.014573122;-0.015328064;0.0049169962
-0.016549407;-0.013351778;0.0049169962
-0.014573122;-0.015328064;0.0049169962
-0.016549407;-0.013351778;0.012822134
-0.014573122;-0.013351778;0.0049169962
-0.016549407;-0.013351778;0.0049169962
-0.014573122;-0.013351778;0.012822134
-0.016549407;-0.013351778;0.0049169962
-0.014573122;-0.013351778;0.0049169962
-0.014573122;-0.013351778;0.012822134
-0.014573122;-0.015328064;0.012822134
-0.014573122;-0.013351778;0.012822134
-0.014573122;-0.013351778;0.0049169962
-0.014573122;-0.013351778;0.0049169962
-0.014573122;-0.013351778;0.012822134
-0.016549407;-0.013351778;0.012822134
-0.014573122;-0.013351778;0.0049169962
-0.014573122;-0.013351778;0.012822134
-0.014573122;-0.013351778;0.012822134
-0.014573122;-0.011375494;0.012822134
-0.014573122;-0.013351778;0.0049169962
-0.014573122;-0.011375494;0.012822134
-0.014573122;-0.011375494;0.0049169962
-0.012596838;-0.013351778;0.0049169962
-0.014573122;-0.013351778;0.012822134
-0.014573122;-0.011375494;0.0049169962
-0.012596838;-0.013351778;0.012822134
-0.012596838;-0.011375494;0.012822134
-0.014573122;-0.011375494;0.0049169962
-0.012596838;-0.013351778;0.012822134
-0.012596838;-0.011375494;0.012822134
-0.014573122;-0.013351778;0.0049169962
-0.012596838;-0.011375494;0.012822134
-0.012596838;-0.011375494;0.0049169962
-0.010620553;-0.011375494;0.0049169962
-0.012596838;-0.011375494;0.012822134
-0.012596838;-0.011375494;0.012822134
-0.012596838;-0.011375494;0.012822134
-0.012596838;-0.011375494;0.0049169962
-0.012596838;-0.011375494;0.012822134
-0.012596838;-0.011375494;0.012822134
-0.012596838;-0.011375494;0.0049169962
-0.010620553;-0.011375494;0.012822134
-0.012596838;-0.011375494;0.012822134
-0.010620553;-0.0093992092;0.012822134
-0.010620553;-0.011375494;0.012822134
-0.010620553;-0.011375494;0.012822134
-0.012596838;-0.011375494;0.012822134
-0.010620553;-0.0093992092;0.012822134
-0.010620553;-0.011375494;0.012822134
-0.010620553;-0.011375494;0.012822134
-0.012596838;-0.011375494;0.0049169962
-0.012596838;-0.011375494;0.0049169962
-0.010620553;-0.011375494;0.012822134
-0.010620553;-0.011375494;0.012822134
-0.010620553;-0.0093992092;0.012822134
-0.010620553;-0.0093992092;0.0049169962
-0.010620553;-0.0093992092;0.012822134
-0.010620553;-0.0093992092;0.0049169962
-0.010620553;-0.0093992092;0.012822134
-0.010620553;-0.0093992092;0.0049169962
-0.0086442688;-0.0093992092;0.012822134
-0.010620553;-0.0093992092;0.012822134
-0.0086442688;-0.0093992092;0.012822134
-0.010620553;-0.0093992092;0.0049169962
-0.010620553;-0.0093992092;0.012822134
-0.0086442688;-0.0093992092;0.012822134
-0.0086442688;-0.0093992092;0.012822134
-0.0086442688;-0.0093992092;0.0049169962
-0.0086442688;-0.0093992092;0.0049169962
-0.0086442688;-0.0093992092;0.0049169962
-0.0086442688;-0.0093992092;0.012822134
-0.010620553;-0.0093992092;0.012822134
-0.0086442688;-0.007422925;0.012822134
-0.0086442688;-0.0093992092;0.0049169962
-0.0086442688;-0.0093992092;0.012822134
-0.0086442688;-0.007422925;0.0049169962
-0.0066679842;-0.0093992092;0.0049169962
-0.0086442688;-0.007422925;0.012822134
-0.0086442688;-0.007422925;0.0049169962
-0.0086442688;-0.007422925;0.012822134
-0.0086442688;-0.0093992092;0.0049169962
-0.0066679842;-0.007422925;0.012822134
-0.0066679842;-0.007422925;0.0049169962
-0.0066679842;-0.0093992092;0.012822134
-0.0066679842;-0.007422925;0.012822134
-0.0066679842;-0.007422925;0.0049169962
-0.0086442688;-0.007422925;0.012822134
-0.0066679842;-0.007422925;0.0049169962
-0.0066679842;-0.007422925;0.012822134
-0.0086442688;-0.007422925;0.0049169962
-0.0066679842;-0.0054466403;0.012822134
-0.0066679842;-0.0054466403;0.0049169962
-0.0066679842;-0.007422925;0.0049169962
-0.0046916995;-0.0054466403;0.0049169962
-0.0066679842;-0.0054466403;0.012822134
-0.0066679842;-0.007422925;0.012822134
-0.0066679842;-0.0054466403;0.012822134
-0.0066679842;-0.0054466403;0.012822134
-0.0046916995;-0.0054466403;0.0049169962
-0.0066679842;-0.007422925;0.0049169962
-0.0046916995;-0.0054466403;0.012822134
-0.0046916995;-0.0054466403;0.012822134
-0.0066679842;-0.0054466403;0.0049169962
-0.0066679842;-0.0034703556;0.0049169962
-0.0066679842;-0.0054466403;0.0049169962
-0.0046916995;-0.0054466403;0.0049169962
-0.0046916995;-0.0054466403;0.0049169962
-0.0046916995;-0.0054466403;0.012822134
-0.0066679842;-0.0054466403;0.012822134
-0.0066679842;-0.0054466403;0.0049169962
-0.0046916995;-0.0054466403;0.0049169962
-0.0046916995;-0.0054466403;0.012822134
-0.0046916995;-0.0054466403;0.012822134
-0.0066679842;-0.0054466403;0.0049169962
-0.0066679842;-0.0054466403;0.0049169962
-0.0066679842;-0.0054466403;0.0049169962
-0.0066679842;-0.0054466403;0.012822134
-0.0066679842;-0.0034703556;0.012822134
-0.0046916995;-0.0054466403;0.0049169962
-0.0046916995;-0.0054466403;0.0049169962
-0.0046916995;-0.0034703556;0.012822134
-0.0046916995;-0.0054466403;0.012822134
-0.0046916995;-0.0054466403;0.012822134
-0.0046916995;-0.0034703556;0.012822134
-0.0046916995;-0.0034703556;0.012822134
-0.0046916995;-0.0034703556;0.0049169962
-0.0027154151;-0.0034703556;0.012822134
-0.0046916995;-0.0034703556;0.0049169962
-0.0046916995;-0.0034703556;0.012822134
-0.0046916995;-0.0054466403;0.0049169962
-0.0027154151;-0.0034703556;0.012822134
-0.0046916995;-0.0034703556;0.0049169962
-0.0027154151;-0.0034703556;0.0049169962
-0.0027154151;-0.0034703556;0.012822134
-0.0027154151;-0.0034703556;0.0049169962
-0.0027154151;-0.0034703556;0.012822134
-0.0027154151;-0.0034703556;0.012822134
-0.0027154151;-0.0034703556;0.012822134
-0.0027154151;-0.0034703556;0.0049169962
-0.00073913042;-0.0034703556;0.0049169962
-0.0027154151;-0.0014940711;0.0049169962
-0.0027154151;-0.0034703556;0.012822134
-0.0046916995;-0.0034703556;0.0049169962
-0.0027154151;-0.0034703556;0.012822134
-0.0027154151;-0.0034703556;0.0049169962
-0.0027154151;-0.0034703556;0.0049169962
-0.0027154151;-0.0014940711;0.012822134
-0.0027154151;-0.0014940711;0.0049169962
-0.0027154151;-0.0014940711;0.012822134
-0.0027154151;-0.0014940711;0.012822134
-0.0027154151;-0.0014940711;0.012822134
-0.0027154151;-0.0014940711;0.0049169962
-0.00073913042;-0.0014940711;0.012822134
-0.0027154151;-0.0014940711;0.0049169962
-0.00073913042;-0.0014940711;0.012822134
-0.00073913042;-0.0014940711;0.012822134
-0.00073913042;-0.0014940711;0.012822134
-0.00073913042;-0.0014940711;0.012822134
-0.00073913042;-0.0014940711;0.012822134
-0.00073913042;-0.0014940711;0.012822134
-0.00073913042;-0.0014940711;0.0049169962
-0.00073913042;0.00048221345;0.012822134
-0.00073913042;0.00048221345;0.012822134
0.0012371541;0.00048221345;0.0049169962
-0.00073913042;-0.0014940711;0.012822134
0.0012371541;0.00048221345;0.012822134
-0.00073913042;0.00048221345;0.012822134
0.0012371541;0.00048221345;0.012822134
-0.00073913042;0.00048221345;0.012822134
-0.00073913042;0.00048221345;0.0049169962
0.0012371541;0.00048221345;0.012822134
-0.00073913042;0.00048221345;0.012822134
-0.00073913042;0.00048221345;0.012822134
-0.00073913042;0.00048221345;0.0049169962
0.0012371541;0.00048221345;0.0049169962
-0.00073913042;0.0024584981;0.0049169962
0.0012371541;0.00048221345;0.0049169962
0.0012371541;0.00048221345;0.012822134
0.0012371541;0.0024584981;0.0049169962
0.0032134387;0.00048221345;0.0049169962
0.0012371541;0.0024584981;0.0049169962
0.0032134387;0.0024584981;0.012822134
0.0012371541;0.00048221345;0.012822134
0.0012371541;0.0024584981;0.012822134
0.0012371541;0.0024584981;0.012822134
0.0032134387;0.0024584981;0.012822134
0.0032134387;0.0024584981;0.012822134
0.0032134387;0.0024584981;0.012822134
0.0012371541;0.0024584981;0.0049169962
0.0032134387;0.00048221345;0.012822134
0.0051897233;0.0024584981;0.0049169962
0.0032134387;0.0024584981;0.0049169962
0.0032134387;0.0044347825;0.0049169962
0.0032134387;0.0024584981;0.0049169962
0.0032134387;0.0024584981;0.012822134
0.0051897233;0.0024584981;0.012822134
0.0051897233;0.0024584981;0.0049169962
0.0051897233;0.0024584981;0.0049169962
0.0032134387;0.0024584981;0.012822134
0.0051897233;0.0024584981;0.012822134
0.0051897233;0.0024584981;0.012822134
0.0051897233;0.0024584981;0.0049169962
0.0051897233;0.0024584981;0.0049169962
0.0051897233;0.0044347825;0.0049169962
0.0051897233;0.0044347825;0.012822134
0.0032134387;0.0044347825;0.012822134
0.007166008;0.0024584981;0.0049169962
0.0051897233;0.0024584981;0.0049169962
0.0051897233;0.0044347825;0.012822134
0.0051897233;0.0044347825;0.0049169962
0.007166008;0.0044347825;0.0049169962
0.0051897233;0.0044347825;0.0049169962
0.007166008;0.0044347825;0.012822134
0.0051897233;0.0044347825;0.0049169962
0.0051897233;0.0044347825;0.012822134
0.0051897233;0.0044347825;0.012822134
0.007166008;0.0064110672;0.012822134
0.007166008;0.0044347825;0.0049169962
0.007166008;0.0044347825;0.012822134
0.0051897233;0.0064110672;0.0049169962
0.007166008;0.0064110672;0.012822134
0.007166008;0.0064110672;0.012822134
0.0051897233;0.0064110672;0.0049169962
0.007166008;0.0064110672;0.0049169962
0.007166008;0.0064110672;0.012822134
0.007166008;0.0064110672;0.0049169962
0.007166008;0.0044347825;0.0049169962
0.007166008;0.0064110672;0.012822134
0.007166008;0.0064110672;0.012822134
0.007166008;0.0064110672;0.0049169962
0.007166008;0.0064110672;0.0049169962
0.007166008;0.0083873514;0.0049169962
0.007166008;0.0064110672;0.012822134
0.0091422927;0.0083873514;0.0049169962
0.0091422927;0.0083873514;0.012822134
0.007166008;0.0064110672;0.020727273
0.0091422927;0.0064110672;0.012822134
0.0091422927;0.0083873514;0.012822134
0.0091422927;0.0083873514;0.0049169962
0.0091422927;0.0083873514;0.0049169962
0.0091422927;0.0064110672;0.012822134
0.0091422927;0.0083873514;0.0049169962
0.0091422927;0.0083873514;0.012822134
0.0091422927;0.010363637;0.0049169962
0.0091422927;0.0083873514;0.0049169962
0.0091422927;0.0083873514;0.0049169962
0.011118577;0.0083873514;0.0049169962
0.0091422927;0.0083873514;0.0049169962
0.011118577;0.0083873514;0.0049169962
0.011118577;0.0083873514;0.0049169962
0.0091422927;0.010363637;0.0049169962
0.011118577;0.010363637;0.012822134
0.011118577;0.010363637;0.0049169962
0.011118577;0.010363637;0.0049169962
0.0091422927;0.010363637;0.0049169962
0.0091422927;0.010363637;0.012822134
0.0091422927;0.010363637;0.012822134
0.011118577;0.010363637;0.012822134
0.013094862;0.010363637;0.0049169962
0.011118577;0.010363637;0.012822134
0.011118577;0.012339921;0.012822134
0.013094862;0.010363637;0.012822134
0.011118577;0.0083873514;0.012822134
0.011118577;0.010363637;0.012822134
0.011118577;0.010363637;0.0049169962
0.013094862;0.010363637;0.012822134
0.013094862;0.012339921;0.0049169962
0.011118577;0.010363637;0.012822134
0.011118577;0.010363637;0.012822134
0.013094862;0.010363637;0.0049169962
0.013094862;0.010363637;0.012822134
0.013094862;0.012339921;0.0049169962
0.013094862;0.012339921;0.0049169962
0.013094862;0.012339921;0.012822134
0.013094862;0.010363637;0.012822134
0.013094862;0.012339921;0.012822134
0.013094862;0.012339921;0.012822134
0.015071146;0.012339921;0.0049169962
0.015071146;0.012339921;0.012822134
0.013094862;0.012339921;0.0049169962
0.015071146;0.012339921;0.012822134
0.015071146;0.012339921;0.0049169962
0.013094862;0.012339921;0.0049169962
0.013094862;0.012339921;0.012822134
0.015071146;0.012339921;0.0049169962
0.015071146;0.014316206;0.012822134
0.015071146;0.014316206;0.0049169962
0.015071146;0.012339921;0.012822134
0.015071146;0.014316206;0.0049169962
0.017047431;0.012339921;0.0049169962
0.017047431;0.014316206;0.0049169962
0.017047431;0.014316206;0.0049169962
0.015071146;0.014316206;0.012822134
0.017047431;0.014316206;0.012822134
0.015071146;0.012339921;0.012822134
0.015071146;0.014316206;0.012822134
0.017047431;0.012339921;0.012822134
0.017047431;0.014316206;0.012822134
0.017047431;0.01629249;0.012822134
0.017047431;0.01629249;0.012822134
0.015071146;0.014316206;0.012822134
0.017047431;0.014316206;0.0049169962
0.017047431;0.01629249;0.012822134
0.017047431;0.01629249;0.012822134
0.017047431;0.014316206;0.0049169962
0.017047431;0.01629249;0.0049169962
0.017047431;0.01629249;0.012822134
0.019023715;0.01629249;0.012822134
0.017047431;0.01629249;0.0049169962
0.019023715;0.01629249;0.012822134
0.019023715;0.01629249;0.0049169962
0.019023715;0.018268775;0.012822134
0.017047431;0.01629249;0.012822134
0.019023715;0.01629249;0.0049169962
0.019023715;0.018268775;0.0049169962
0.019023715;0.018268775;0.0049169962
0.019023715;0.01629249;0.012822134
0.019023715;0.018268775;0.0049169962
0.021;0.018268775;0.012822134
0.017047431;0.018268775;0.0049169962
0.019023715;0.018268775;0.012822134
0.021;0.018268775;0.0049169962
0.021;0.018268775;0.0049169962
0.021;0.020245058;0.0049169962
0.019023715;0.018268775;0.0049169962
0.019023715;0.018268775;0.0049169962
0.019023715;0.020245058;0.012822134
0.019023715;0.018268775;0.0049169962
0.021;0.018268775;0.0049169962
0.021;0.020245058;0.012822134
0.021;0.020245058;0.0049169962
0.021;0.020245058;0.012822134
0.021;0.018268775;0.012822134
0.021;0.018268775;0.0049169962
0.021;0.020245058;0.0049169962
0.021;0.020245058;0.012822134
0.021;0.020245058;0.012822134
0.021;0.020245058;0.0049169962
0.021;0.020245058;0.0049169962
0.021;0.020245058;0.012822134
0.022976285;0.020245058;0.012822134
0.021;0.020245058;0.0049169962
0.022976285;0.020245058;0.012822134
0.021;0.020245058;0.0049169962
0.021;0.020245058;0.012822134
0.021;0.020245058;0.0049169962
0.022976285;0.020245058;0.0049169962
0.022976285;0.020245058;0.0049169962
0.022976285;0.020245058;0.0049169962
0.022976285;0.020245058;0.012822134
0.022976285;0.020245058;0.012822134
0.022976285;0.020245058;0.012822134
0.02495257;0.020245058;0.012822134
0.02495257;0.020245058;0.0049169962
0.022976285;0.022221344;0.012822134
0.022976285;0.022221344;0.0049169962
0.022976285;0.024197629;0.0049169962
0.022976285;0.022221344;0.0049169962
0.022976285;0.022221344;0.0049169962
0.02495257;0.020245058;0.012822134
0.022976285;0.022221344;0.0049169962
0.022976285;0.024197629;0.012822134
0.02495257;0.022221344;0.012822134
0.02495257;0.022221344;0.0049169962
0.022976285;0.024197629;0.0049169962
0.02495257;0.022221344;0.0049169962
0.02495257;0.024197629;0.012822134
0.02495257;0.024197629;0.012822134
0.02495257;0.024197629;0.0049169962
0.02495257;0.024197629;0.0049169962
0.02495257;0.024197629;0.0049169962
0.026928853;0.024197629;0.0049169962
0.02495257;0.024197629;0.0049169962
0.026928853;0.024197629;0.0049169962
0.022976285;0.024197629;0.012822134
0.02495257;0.024197629;0.012822134
0.026928853;0.022221344;0.012822134
0.02495257;0.024197629;0.012822134
0.026928853;0.024197629;0.0049169962
0.02495257;0.024197629;0.012822134
0.026928853;0.026173914;0.012822134
0.026928853;0.024197629;0.0049169962
0.026928853;0.026173914;0.012822134
0.026928853;0.024197629;0.012822134
0.026928853;0.024197629;0.0049169962
0.026928853;0.026173914;0.0049169962
0.026928853;0.026173914;0.0049169962
0.026928853;0.026173914;0.0049169962
0.028905138;0.026173914;0.012822134
0.026928853;0.026173914;0.012822134
0.028905138;0.026173914;0.0049169962
0.028905138;0.026173914;0.0049169962
0.026928853;0.026173914;0.012822134
0.026928853;0.026173914;0.012822134
0.028905138;0.026173914;0.0049169962
0.026928853;0.026173914;0.0049169962
0.028905138;0.026173914;0.0049169962
0.026928853;0.026173914;0.0049169962
0.028905138;0.028150197;0.0049169962
0.028905138;0.026173914;0.012822134
0.028905138;0.026173914;0.0049169962
0.030881424;0.026173914;0.012822134
0.028905138;0.026173914;0.012822134
0.030881424;0.028150197;0.012822134
0.030881424;0.028150197;0.012822134
0.030881424;0.028150197;0.0049169962
0.030881424;0.028150197;0.012822134
0.028905138;0.028150197;0.0049169962
0.030881424;0.028150197;0.0049169962
0.028905138;0.030126482;0.012822134
0.030881424;0.028150197;0.012822134
0.030881424;0.028150197;0.012822134
0.030881424;0.030126482;0.012822134
0.028905138;0.028150197;0.012822134
0.030881424;0.028150197;0.0049169962
0.030881424;0.030126482;0.0049169962
0.030881424;0.028150197;0.012822134
0.030881424;0.030126482;0.0049169962
0.032857709;0.030126482;0.0049169962
0.032857709;0.030126482;0.012822134
0.032857709;0.030126482;0.0049169962
0.030881424;0.030126482;0.0049169962
0.030881424;0.030126482;0.012822134
0.030881424;0.030126482;0.0049169962
0.030881424;0.030126482;0.012822134
0.032857709;0.030126482;0.012822134
0.032857709;0.032102767;0.012822134
0.032857709;0.030126482;0.0049169962
0.030881424;0.030126482;0.012822134
0.032857709;0.032102767;0.012822134
0.032857709;0.030126482;0.012822134
0.032857709;0.030126482;0.012822134
0.032857709;0.030126482;0.012822134
0.032857709;0.032102767;0.0049169962
0.032857709;0.032102767;0.012822134
0.032857709;0.032102767;0.0049169962
0.032857709;0.032102767;0.0049169962
0.032857709;0.032102767;0.0049169962
0.032857709;0.032102767;0.012822134
0.030881424;0.032102767;0.0049169962
0.034833994;0.030126482;0.0049169962
0.032857709;0.032102767;0.0049169962
0.034833994;0.032102767;0.0049169962
0.032857709;0.032102767;0.0049169962
0.034833994;0.032102767;0.0049169962
0.034833994;0.032102767;0.0049169962
0.034833994;0.032102767;0.012822134
0.034833994;0.034079053;0.0049169962
0.036810275;0.034079053;0.0049169962
0.032857709;0.034079053;0.012822134
0.034833994;0.034079053;0.0049169962
0.034833994;0.032102767;0.0049169962
0.034833994;0.034079053;0.012822134
0.034833994;0.034079053;0.0049169962
0.034833994;0.034079053;0.0049169962
0.034833994;0.034079053;0.0049169962
0.036810275;0.034079053;0.012822134
0.034833994;0.034079053;0.012822134
0.036810275;0.036055338;0.0049169962
0.034833994;0.036055338;0.012822134
0.034833994;0.034079053;0.012822134
0.034833994;0.036055338;0.012822134
0.034833994;0.036055338;0.0049169962
0.036810275;0.036055338;0.012822134
0.036810275;0.034079053;0.0049169962
0.036810275;0.036055338;0.0049169962
0.03878656;0.036055338;0.012822134
0.036810275;0.036055338;0.0049169962
0.03878656;0.036055338;0.012822134
0.036810275;0.034079053;0.0049169962
0.03878656;0.034079053;0.0049169962
0.03878656;0.036055338;0.012822134
0.03878656;0.034079053;0.0049169962
0.03878656;0.036055338;0.012822134
0.03878656;0.036055338;0.0049169962
0.03878656;0.036055338;0.012822134
0.03878656;0.036055338;0.0049169962
0.036810275;0.038031619;0.0049169962
0.03878656;0.036055338;0.0049169962
0.03878656;0.036055338;0.0049169962
0.036810275;0.038031619;0.012822134
0.03878656;0.036055338;0.012822134
0.03878656;0.036055338;0.012822134
0.03878656;0.036055338;0.012822134
0.03878656;0.038031619;0.0049169962
0.03878656;0.038031619;0.012822134
0.03878656;0.038031619;0.0049169962
0.040762845;0.038031619;0.012822134
0.03878656;0.038031619;0.012822134
0.03878656;0.038031619;0.012822134
0.03878656;0.038031619;0.0049169962
0.040762845;0.038031619;0.012822134
0.03878656;0.040007904;0.0049169962
0.040762845;0.038031619;0.0049169962
0.040762845;0.038031619;0.012822134
0.040762845;0.038031619;0.0049169962
0.040762845;0.038031619;0.012822134
0.040762845;0.038031619;0.0049169962
0.040762845;0.038031619;0.012822134
0.040762845;0.040007904;0.012822134
0.042739131;0.038031619;0.0049169962
0.040762845;0.040007904;0.012822134
0.040762845;0.040007904;0.012822134
0.040762845;0.040007904;0.012822134
0.040762845;0.040007904;0.012822134
0.040762845;0.040007904;0.012822134
0.042739131;0.040007904;0.0049169962
0.040762845;0.040007904;0.012822134
0.040762845;0.040007904;0.0049169962
0.042739131;0.040007904;0.0049169962
0.042739131;0.040007904;0.012822134
0.042739131;0.040007904;0.0049169962
0.042739131;0.040007904;0.0049169962
0.042739131;0.040007904;0.0049169962
0.040762845;0.041984189;0.0049169962
0.042739131;0.040007904;0.012822134
0.042739131;0.040007904;0.0049169962
0.044715416;0.041984189;0.012822134
0.042739131;0.041984189;0.0049169962
0.042739131;0.041984189;0.0049169962
0.044715416;0.040007904;0.0049169962
0.044715416;0.041984189;0.0049169962
0.044715416;0.041984189;0.0049169962
0.042739131;0.041984189;0.012822134
0.044715416;0.041984189;0.0049169962
0.044715416;0.041984189;0.012822134
0.044715416;0.041984189;0.0049169962
0.042739131;0.041984189;0.012822134
0.042739131;0.041984189;0.012822134
0.044715416;0.043960474;0.0049169962
0.042739131;0.041984189;0.0049169962
0.044715416;0.041984189;0.0049169962
0.042739131;0.041984189;0.012822134
0.044715416;0.041984189;0.0049169962
0.044715416;0.041984189;0.012822134
0.044715416;0.041984189;0.0049169962
0.046691701;0.041984189;0.012822134
0.044715416;0.041984189;0.0049169962
0.044715416;0.043960474;0.0049169962
0.044715416;0.041984189;0.0049169962
0.044715416;0.041984189;0.012822134
0.044715416;0.043960474;0.0049169962
0.044715416;0.043960474;0.0049169962
0.046691701;0.043960474;0.0049169962
0.044715416;0.043960474;0.012822134
0.046691701;0.043960474;0.0049169962
0.046691701;0.04593676;0.012822134
0.044715416;0.043960474;0.0049169962
0.046691701;0.043960474;0.0049169962
0.046691701;0.043960474;0.012822134
0.046691701;0.04593676;0.0049169962
0.044715416;0.043960474;0.0049169962
0.046691701;0.043960474;0.012822134
0.046691701;0.043960474;0.012822134
0.046691701;0.04593676;0.012822134
0.046691701;0.04593676;0.012822134
0.048667986;0.043960474;0.012822134
0.048667986;0.04593676;0.0049169962
0.046691701;0.043960474;0.012822134
0.048667986;0.043960474;0.0049169962
0.046691701;0.04593676;0.012822134
0.048667986;0.04593676;0.012822134
0.046691701;0.04593676;0.0049169962
0.048667986;0.04593676;0.012822134
0.048667986;0.04593676;0.0049169962
0.046691701;0.04593676;0.0049169962
0.048667986;0.043960474;0.0049169962
0.048667986;0.04593676;0.012822134
0.048667986;0.04593676;0.012822134
0.048667986;0.047913045;0.0049169962
0.048667986;0.047913045;0.012822134
0.050644267;0.047913045;0.012822134
0.048667986;0.047913045;0.0049169962
0.048667986;0.04593676;0.012822134
0.048667986;0.04593676;0.012822134
0.050644267;0.047913045;0.012822134
0.048667986;0.047913045;0.0049169962
0.048667986;0.047913045;0.012822134
0.050644267;0.047913045;0.012822134
0.050644267;0.04593676;0.012822134
0.048667986;0.047913045;0.012822134
0.050644267;0.047913045;0.012822134
0.048667986;0.047913045;0.0049169962
0.050644267;0.047913045;0.012822134
0.050644267;0.047913045;0.0049169962
0.050644267;0.047913045;0.012822134
0.048667986;0.047913045;0.012822134
0.048667986;0.047913045;0.012822134
0.050644267;0.047913045;0.0049169962
0.050644267;0.04988933;0.0049169962
0.048667986;0.047913045;0.0049169962
0.050644267;0.047913045;0.012822134
0.050644267;0.04988933;0.0049169962
0.050644267;0.047913045;0.012822134
0.050644267;0.04988933;0.0049169962
0.050644267;0.04988933;0.012822134
0.052620552;0.04988933;0.012822134
0.050644267;0.047913045;0.012822134
0.050644267;0.04988933;0.012822134
0.052620552;0.04988933;0.0049169962
0.050644267;0.047913045;0.012822134
0.052620552;0.04988933;0.012822134
0.052620552;0.04988933;0.012822134
0.050644267;0.04988933;0.012822134
0.050644267;0.04988933;0.012822134
0.052620552;0.04988933;0.0049169962
0.052620552;0.04988933;0.012822134
0.052620552;0.04988933;0.012822134
0.052620552;0.04988933;0.012822134
0.052620552;0.04988933;0.0049169962
0.052620552;0.04988933;0.0049169962
0.052620552;0.051865611;0.0049169962
0.054596838;0.04988933;0.0049169962
0.054596838;0.04988933;0.0049169962
0.054596838;0.04988933;0.0049169962
0.052620552;0.051865611;0.0049169962
0.052620552;0.04988933;0.0049169962
0.054596838;0.051865611;0.012822134
0.054596838;0.04988933;0.0049169962
0.052620552;0.04988933;0.0049169962
0.052620552;0.04988933;0.012822134
0.054596838;0.053841896;0.0049169962
0.054596838;0.051865611;0.012822134
0.054596838;0.051865611;0.012822134
0.054596838;0.04988933;0.012822134
0.054596838;0.051865611;0.012822134
0.054596838;0.051865611;0.012822134
0.054596838;0.051865611;0.0049169962
0.054596838;0.051865611;0.012822134
0.056573123;0.051865611;0.012822134
0.056573123;0.051865611;0.012822134
0.058549408;0.051865611;0.012822134
0.054596838;0.051865611;0.0049169962
0.054596838;0.051865611;0.0049169962
0.056573123;0.053841896;0.012822134
0.054596838;0.051865611;0.012822134
0.056573123;0.051865611;0.012822134
0.054596838;0.051865611;0.012822134
0.056573123;0.051865611;0.012822134
0.056573123;0.053841896;0.0049169962
0.056573123;0.051865611;0.012822134
0.056573123;0.053841896;0.012822134
0.056573123;0.053841896;0.012822134
0.056573123;0.051865611;0.012822134
0.056573123;0.053841896;0.0049169962
0.056573123;0.053841896;0.012822134
0.056573123;0.053841896;0.0049169962
0.056573123;0.053841896;0.012822134
0.056573123;0.053841896;0.012822134
0.056573123;0.053841896;0.012822134
0.056573123;0.053841896;0.0049169962
0.056573123;0.053841896;0.012822134
0.056573123;0.053841896;0.0049169962
0.056573123;0.053841896;0.012822134
0.056573123;0.055818181;0.012822134
0.056573123;0.053841896;0.0049169962
0.056573123;0.053841896;0.0049169962
0.056573123;0.055818181;0.0049169962
0.056573123;0.053841896;0.0049169962
0.056573123;0.053841896;0.0049169962
0.058549408;0.055818181;0.012822134
0.056573123;0.053841896;0.0049169962
0.058549408;0.055818181;0.012822134
0.058549408;0.055818181;0.012822134
0.058549408;0.053841896;0.012822134
0.058549408;0.055818181;0.012822134
0.058549408;0.055818181;0.012822134
0.058549408;0.053841896;0.012822134
0.056573123;0.053841896;0.0049169962
0.058549408;0.055818181;0.0049169962
0.056573123;0.053841896;0.012822134
0.058549408;0.055818181;0.0049169962
0.058549408;0.055818181;0.012822134
0.058549408;0.055818181;0.0049169962
0.058549408;0.055818181;0.012822134
0.062501974;0.055818181;0.0049169962
0.060525693;0.055818181;0.012822134
0.058549408;0.055818181;0.012822134
0.060525693;0.057794467;0.0049169962
0.060525693;0.055818181;0.012822134
0.060525693;0.055818181;0.0049169962
0.060525693;0.055818181;0.0049169962
0.058549408;0.057794467;0.012822134
0.060525693;0.055818181;0.012822134
0.062501974;0.057794467;0.0049169962
0.060525693;0.057794467;0.012822134
0.060525693;0.055818181;0.012822134
0.060525693;0.057794467;0.0049169962
0.060525693;0.057794467;0.0049169962
0.058549408;0.057794467;0.012822134
0.058549408;0.057794467;0.012822134
0.060525693;0.057794467;0.012822134
0.060525693;0.057794467;0.0049169962
0.060525693;0.057794467;0.0049169962
0.060525693;0.057794467;0.0049169962
0.060525693;0.057794467;0.0049169962
0.060525693;0.057794467;0.0049169962
0.060525693;0.057794467;0.012822134
0.060525693;0.057794467;0.012822134
0.060525693;0.057794467;0.012822134
0.060525693;0.057794467;0.0049169962
0.060525693;0.057794467;0.0049169962
0.060525693;0.057794467;0.0049169962
0.062501974;0.057794467;0.0049169962
0.060525693;0.057794467;0.012822134
0.060525693;0.059770752;0.0049169962
0.060525693;0.057794467;0.0049169962
0.062501974;0.059770752;0.0049169962
0.060525693;0.057794467;0.0049169962
0.062501974;0.057794467;0.0049169962
0.062501974;0.059770752;0.012822134
0.062501974;0.059770752;0.0049169962
0.062501974;0.059770752;0.0049169962
0.062501974;0.059770752;0.0049169962
0.062501974;0.057794467;0.0049169962
0.062501974;0.057794467;0.012822134
0.060525693;0.059770752;0.012822134
0.062501974;0.059770752;0.012822134
0.062501974;0.059770752;0.0049169962
0.060525693;0.059770752;0.0049169962
0.062501974;0.059770752;0.012822134
0.062501974;0.059770752;0.0049169962
0.062501974;0.061747037;0.012822134
0.062501974;0.061747037;0.0049169962
0.064478263;0.059770752;0.0049169962
0.064478263;0.059770752;0.012822134
0.062501974;0.059770752;0.0049169962
0.064478263;0.061747037;0.0049169962
0.064478263;0.059770752;0.012822134
0.062501974;0.061747037;0.0049169962
0.064478263;0.059770752;0.012822134
0.064478263;0.059770752;0.0049169962
0.062501974;0.061747037;0.012822134
0.064478263;0.061747037;0.012822134
0.064478263;0.061747037;0.0049169962
0.064478263;0.061747037;0.012822134
0.064478263;0.059770752;0.012822134
0.064478263;0.059770752;0.0049169962
0.064478263;0.061747037;0.012822134
0.064478263;0.061747037;0.0049169962
0.064478263;0.061747037;0.012822134
0.064478263;0.061747037;0.012822134
0.064478263;0.061747037;0.0049169962
0.064478263;0.061747037;0.0049169962
0.064478263;0.061747037;0.012822134
0.064478263;0.061747037;0.0049169962
0.064478263;0.059770752;0.012822134
0.062501974;0.061747037;0.012822134
0.064478263;0.059770752;0.012822134
0.062501974;0.059770752;0.0049169962
0.064478263;0.061747037;0.012822134
0.064478263;0.061747037;0.0049169962
0.064478263;0.061747037;0.012822134
0.066454545;0.061747037;0.012822134
0.064478263;0.061747037;0.0049169962
0.064478263;0.061747037;0.012822134
0.064478263;0.059770752;0.012822134
0.064478263;0.061747037;0.012822134
0.064478263;0.061747037;0.0049169962
0.066454545;0.061747037;0.012822134
0.066454545;0.061747037;0.012822134
0.064478263;0.061747037;0.012822134
0.066454545;0.061747037;0.0049169962
0.066454545;0.061747037;0.012822134
0.066454545;0.063723318;0.0049169962
0.066454545;0.061747037;0.012822134
0.064478263;0.061747037;0.0049169962
0.066454545;0.061747037;0.0049169962
0.064478263;0.061747037;0.012822134
0.066454545;0.063723318;0.012822134
0.064478263;0.063723318;0.0049169962
0.066454545;0.061747037;0.0049169962
0.066454545;0.063723318;0.0049169962
0.064478263;0.063723318;0.012822134
0.066454545;0.065699607;0.012822134
0.066454545;0.061747037;0.0049169962
0.066454545;0.063723318;0.0049169962
0.066454545;0.063723318;0.0049169962
0.066454545;0.065699607;0.0049169962
0.066454545;0.063723318;0.0049169962
0.066454545;0.063723318;0.012822134
0.066454545;0.063723318;0.0049169962
0.066454545;0.063723318;0.012822134
0.068430834;0.063723318;0.0049169962
0.066454545;0.063723318;0.012822134
0.066454545;0.063723318;0.0049169962
0.066454545;0.063723318;0.012822134
0.066454545;0.061747037;0.012822134
0.066454545;0.063723318;0.012822134
0.066454545;0.063723318;0.0049169962
0.066454545;0.063723318;0.0049169962
0.066454545;0.063723318;0.012822134
0.068430834;0.065699607;0.0049169962
0.068430834;0.065699607;0.012822134
0.066454545;0.065699607;0.012822134
0.066454545;0.063723318;0.0049169962
0.066454545;0.063723318;0.0049169962
0.068430834;0.063723318;0.0049169962
0.068430834;0.065699607;0.0049169962
0.066454545;0.063723318;0.0049169962
0.066454545;0.063723318;0.0049169962
0.066454545;0.065699607;0.0049169962
0.068430834;0.063723318;0.0049169962
0.068430834;0.065699607;0.0049169962
0.066454545;0.065699607;0.0049169962
0.068430834;0.065699607;0.012822134
0.068430834;0.065699607;0.012822134
0.068430834;0.065699607;0.0049169962
0.068430834;0.065699607;0.012822134
0.068430834;0.065699607;0.012822134
0.068430834;0.065699607;0.0049169962
0.066454545;0.065699607;0.012822134
0.068430834;0.065699607;0.012822134
0.066454545;0.065699607;0.0049169962
0.068430834;0.065699607;0.012822134
0.068430834;0.065699607;0.0049169962
0.068430834;0.065699607;0.012822134
0.068430834;0.065699607;0.0049169962
0.068430834;0.065699607;0.012822134
0.068430834;0.065699607;0.0049169962
0.068430834;0.065699607;0.012822134
0.068430834;0.065699607;0.012822134
0.070407115;0.065699607;0.012822134
0.068430834;0.067675889;0.012822134
0.068430834;0.067675889;0.012822134
0.070407115;0.065699607;0.012822134
0.070407115;0.067675889;0.012822134
0.068430834;0.065699607;0.0049169962
0.070407115;0.065699607;0.0049169962
0.070407115;0.065699607;0.0049169962
0.068430834;0.067675889;0.0049169962
0.070407115;0.067675889;0.012822134
0.068430834;0.065699607;0.012822134
0.070407115;0.067675889;0.012822134
0.068430834;0.065699607;0.012822134
0.068430834;0.065699607;0.0049169962
0.070407115;0.067675889;0.012822134
0.070407115;0.067675889;0.012822134
0.070407115;0.065699607;0.012822134
0.070407115;0.065699607;0.0049169962
0.068430834;0.065699607;0.0049169962
0.068430834;0.067675889;0.0049169962
0.068430834;0.067675889;0.012822134
0.068430834;0.067675889;0.012822134
0.068430834;0.067675889;0.012822134
0.068430834;0.067675889;0.0049169962
0.068430834;0.067675889;0.012822134
0.068430834;0.067675889;0.012822134
0.070407115;0.067675889;0.0049169962
0.070407115;0.067675889;0.0049169962
0.070407115;0.065699607;0.012822134
0.068430834;0.067675889;0.012822134
0.070407115;0.065699607;0.0049169962
0.070407115;0.067675889;0.012822134
0.070407115;0.067675889;0.0049169962
0.070407115;0.067675889;0.012822134
0.070407115;0.067675889;0.0049169962
0.070407115;0.067675889;0.0049169962
0.070407115;0.067675889;0.012822134
0.072383396;0.067675889;0.012822134
0.070407115;0.067675889;0.0049169962
0.070407115;0.067675889;0.0049169962
0.072383396;0.067675889;0.0049169962
0.070407115;0.067675889;0.012822134
0.070407115;0.067675889;0.012822134
0.070407115;0.067675889;0.0049169962
0.070407115;0.067675889;0.0049169962
0.070407115;0.067675889;0.0049169962
0.070407115;0.067675889;0.0049169962
0.070407115;0.067675889;0.0049169962
0.070407115;0.067675889;0.0049169962
0.070407115;0.067675889;0.0049169962
0.070407115;0.067675889;0.012822134
0.070407115;0.067675889;0.012822134
0.070407115;0.067675889;0.0049169962
0.070407115;0.067675889;0.012822134
0.070407115;0.069652177;0.0049169962
0.070407115;0.067675889;0.012822134
0.070407115;0.067675889;0.0049169962
0.070407115;0.067675889;0.0049169962
0.070407115;0.067675889;0.0049169962
0.070407115;0.067675889;0.012822134
0.070407115;0.069652177;0.012822134
0.072383396;0.067675889;0.0049169962
0.072383396;0.067675889;0.0049169962
0.070407115;0.067675889;0.0049169962
0.072383396;0.069652177;0.0049169962
0.070407115;0.067675889;0.0049169962
0.070407115;0.067675889;0.012822134
0.070407115;0.067675889;0.012822134
0.070407115;0.067675889;0.0049169962
0.070407115;0.067675889;0.012822134
0.070407115;0.067675889;0.0049169962
0.070407115;0.067675889;0.012822134
0.070407115;0.069652177;0.0049169962
0.070407115;0.067675889;0.012822134
0.070407115;0.067675889;0.0049169962
0.070407115;0.067675889;0.012822134
0.072383396;0.069652177;0.0049169962
0.070407115;0.067675889;0.012822134
0.070407115;0.067675889;0.012822134
0.072383396;0.067675889;0.012822134
0.070407115;0.069652177;0.0049169962
0.070407115;0.067675889;0.012822134
0.072383396;0.069652177;0.012822134
0.072383396;0.067675889;0.0049169962
0.070407115;0.067675889;0.0049169962
0.072383396;0.067675889;0.012822134
0.070407115;0.069652177;0.0049169962
0.070407115;0.067675889;0.0049169962
0.072383396;0.067675889;0.012822134
0.070407115;0.067675889;0.0049169962
0.072383396;0.067675889;0.0049169962
0.072383396;0.069652177;0.0049169962
0.072383396;0.069652177;0.0049169962
0.072383396;0.067675889;0.012822134
0.070407115;0.067675889;0.0049169962
0.070407115;0.069652177;0.0049169962
0.072383396;0.067675889;0.0049169962
0.072383396;0.069652177;0.0049169962
0.070407115;0.067675889;0.0049169962
0.070407115;0.067675889;0.0049169962
0.072383396;0.067675889;0.0049169962
0.070407115;0.069652177;0.012822134
0.072383396;0.069652177;0.0049169962
0.070407115;0.069652177;0.0049169962
0.072383396;0.067675889;0.0049169962
0.070407115;0.067675889;0.012822134
0.072383396;0.067675889;0.0049169962
0.070407115;0.067675889;0.0049169962
0.072383396;0.069652177;0.012822134
0.072383396;0.069652177;0.012822134
0.074359685;0.069652177;0.0049169962
0.072383396;0.069652177;0.0049169962
0.070407115;0.069652177;0.0049169962
0.072383396;0.069652177;0.012822134
0.072383396;0.069652177;0.012822134
0.072383396;0.069652177;0.012822134
0.070407115;0.069652177;0.0049169962
0.072383396;0.067675889;0.012822134
0.072383396;0.069652177;0.012822134
0.072383396;0.069652177;0.0049169962
0.072383396;0.069652177;0.012822134
0.072383396;0.069652177;0.0049169962
0.072383396;0.067675889;0.012822134
0.070407115;0.069652177;0.012822134
0.072383396;0.069652177;0.012822134
0.072383396;0.069652177;0.0049169962
0.070407115;0.069652177;0.0049169962
0.070407115;0.069652177;0.0049169962
0.068430834;0.069652177;0.012822134
0.072383396;0.067675889;0.0049169962
0.070407115;0.069652177;0.0049169962
0.072383396;0.069652177;0.0049169962
0.072383396;0.069652177;0.012822134
0.072383396;0.069652177;0.0049169962
0.072383396;0.069652177;0.012822134
0.072383396;0.069652177;0.0049169962
0.070407115;0.069652177;0.012822134
0.072383396;0.069652177;0.012822134
0.070407115;0.069652177;0.012822134
0.072383396;0.069652177;0.0049169962
0.072383396;0.069652177;0.0049169962
0.072383396;0.069652177;0.012822134
0.072383396;0.069652177;0.0049169962
0.072383396;0.067675889;0.0049169962
0.070407115;0.067675889;0.0049169962
0.072383396;0.067675889;0.0049169962
0.070407115;0.069652177;0.012822134
0.070407115;0.069652177;0.012822134
0.072383396;0.069652177;0.012822134
0.072383396;0.069652177;0.0049169962
0.072383396;0.069652177;0.0049169962
0.070407115;0.067675889;0.0049169962
0.072383396;0.067675889;0.012822134
0.072383396;0.069652177;0.0049169962
0.070407115;0.069652177;0.0049169962
0.072383396;0.069652177;0.0049169962
0.072383396;0.069652177;0.0049169962
0.072383396;0.069652177;0.012822134
0.072383396;0.069652177;0.0049169962
0.072383396;0.069652177;0.0049169962
0.072383396;0.069652177;0.0049169962
0.070407115;0.069652177;0.012822134
0.070407115;0.069652177;0.0049169962
0.070407115;0.069652177;0.0049169962
0.072383396;0.069652177;0.012822134
0.072383396;0.069652177;0.012822134
0.070407115;0.069652177;0.0049169962
0.070407115;0.067675889;0.0049169962
0.072383396;0.067675889;0.012822134
0.072383396;0.069652177;0.012822134
0.072383396;0.069652177;0.012822134
0.072383396;0.069652177;0.012822134
0.072383396;0.069652177;0.0049169962
0.072383396;0.069652177;0.0049169962
0.072383396;0.069652177;0.012822134
0.072383396;0.069652177;0.0049169962
0.072383396;0.069652177;0.012822134
0.070407115;0.071628459;0.0049169962
0.070407115;0.069652177;0.0049169962
0.072383396;0.067675889;0.012822134
0.070407115;0.069652177;0.0049169962
0.072383396;0.069652177;0.0049169962
0.072383396;0.067675889;0.012822134
0.072383396;0.067675889;0.0049169962
0.072383396;0.069652177;0.0049169962
0.072383396;0.069652177;0.012822134
0.070407115;0.069652177;0.012822134
0.072383396;0.069652177;0.0049169962
0.070407115;0.067675889;0.012822134
0.072383396;0.067675889;0.012822134
0.070407115;0.067675889;0.012822134
0.072383396;0.069652177;0.0049169962
0.072383396;0.069652177;0.0049169962
0.072383396;0.069652177;0.012822134
0.072383396;0.069652177;0.0049169962
0.070407115;0.067675889;0.012822134
0.072383396;0.069652177;0.012822134
0.070407115;0.067675889;0.012822134
0.072383396;0.069652177;0.0049169962
0.072383396;0.067675889;0.0049169962
0.072383396;0.067675889;0.012822134
0.072383396;0.067675889;0.0049169962
0.072383396;0.069652177;0.0049169962
0.070407115;0.067675889;0.012822134
0.070407115;0.069652177;0.0049169962
0.070407115;0.067675889;0.0049169962
0.070407115;0.069652177;0.0049169962
0.072383396;0.069652177;0.012822134
0.070407115;0.069652177;0.012822134
0.072383396;0.067675889;0.0049169962
0.070407115;0.069652177;0.0049169962
0.072383396;0.069652177;0.012822134
0.070407115;0.067675889;0.0049169962
0.072383396;0.067675889;0.0049169962
0.072383396;0.067675889;0.0049169962
0.072383396;0.067675889;0.012822134
0.070407115;0.067675889;0.0049169962
0.070407115;0.067675889;0.0049169962
0.070407115;0.069652177;0.012822134
0.072383396;0.067675889;0.0049169962
0.070407115;0.069652177;0.012822134
0.070407115;0.067675889;0.0049169962
0.070407115;0.069652177;0.012822134
0.070407115;0.067675889;0.012822134
0.070407115;0.067675889;0.0049169962
0.072383396;0.067675889;0.012822134
0.070407115;0.067675889;0.0049169962
0.072383396;0.067675889;0.012822134
0.070407115;0.067675889;0.0049169962
0.070407115;0.069652177;0.012822134
0.070407115;0.067675889;0.012822134
0.070407115;0.067675889;0.012822134
0.070407115;0.067675889;0.012822134
0.070407115;0.067675889;0.0049169962
0.070407115;0.067675889;0.0049169962
0.072383396;0.067675889;0.012822134
0.068430834;0.067675889;0.012822134
0.070407115;0.067675889;0.012822134
0.070407115;0.069652177;0.0049169962
0.070407115;0.067675889;0.0049169962
0.070407115;0.067675889;0.012822134
0.070407115;0.067675889;0.0049169962
0.070407115;0.067675889;0.0049169962
0.070407115;0.067675889;0.012822134
0.070407115;0.069652177;0.012822134
0.070407115;0.069652177;0.012822134
0.070407115;0.067675889;0.012822134
0.070407115;0.069652177;0.012822134
0.070407115;0.067675889;0.012822134
0.070407115;0.067675889;0.0049169962
0.070407115;0.067675889;0.0049169962
0.070407115;0.067675889;0.012822134
0.070407115;0.069652177;0.0049169962
0.070407115;0.067675889;0.012822134
0.070407115;0.067675889;0.012822134
0.070407115;0.067675889;0.0049169962
0.070407115;0.065699607;0.012822134
0.070407115;0.067675889;0.012822134
0.070407115;0.067675889;0.0049169962
0.070407115;0.067675889;0.012822134
0.070407115;0.067675889;0.0049169962
0.070407115;0.067675889;0.0049169962
0.070407115;0.067675889;0.0049169962
0.070407115;0.067675889;0.012822134
0.070407115;0.067675889;0.012822134
0.070407115;0.067675889;0.0049169962
0.068430834;0.067675889;0.0049169962
0.070407115;0.065699607;0.0049169962
0.070407115;0.067675889;0.012822134
0.068430834;0.067675889;0.012822134
0.070407115;0.067675889;0.012822134
0.068430834;0.067675889;0.012822134
0.068430834;0.067675889;0.0049169962
0.068430834;0.067675889;0.0049169962
0.068430834;0.067675889;0.0049169962
0.068430834;0.065699607;0.0049169962
0.070407115;0.065699607;0.012822134
0.068430834;0.067675889;0.0049169962
0.068430834;0.067675889;0.012822134
0.068430834;0.067675889;0.0049169962
0.070407115;0.067675889;0.012822134
0.068430834;0.067675889;0.0049169962
0.070407115;0.065699607;0.012822134
0.068430834;0.067675889;0.012822134
0.068430834;0.067675889;0.012822134
0.066454545;0.065699607;0.0049169962
0.068430834;0.065699607;0.0049169962
0.070407115;0.067675889;0.012822134
0.068430834;0.065699607;0.0049169962
0.070407115;0.067675889;0.0049169962
0.068430834;0.065699607;0.0049169962
0.068430834;0.065699607;0.0049169962
0.068430834;0.065699607;0.012822134
0.068430834;0.065699607;0.012822134
0.068430834;0.065699607;0.012822134
0.068430834;0.065699607;0.012822134
0.068430834;0.065699607;0.012822134
0.066454545;0.067675889;0.0049169962
0.068430834;0.067675889;0.0049169962
0.068430834;0.065699607;0.0049169962
0.068430834;0.067675889;0.0049169962
0.068430834;0.067675889;0.012822134
0.066454545;0.065699607;0.012822134
0.066454545;0.067675889;0.0049169962
0.068430834;0.065699607;0.0049169962
0.068430834;0.065699607;0.0049169962
0.066454545;0.067675889;0.0049169962
0.068430834;0.065699607;0.012822134
0.066454545;0.065699607;0.012822134
0.068430834;0.065699607;0.012822134
0.066454545;0.065699607;0.012822134
0.066454545;0.065699607;0.012822134
0.068430834;0.067675889;0.012822134
0.068430834;0.065699607;0.0049169962
0.068430834;0.065699607;0.0049169962
0.068430834;0.063723318;0.012822134
0.068430834;0.063723318;0.012822134
0.066454545;0.065699607;0.012822134
0.066454545;0.063723318;0.0049169962
0.066454545;0.063723318;0.0049169962
0.066454545;0.065699607;0.012822134
0.066454545;0.063723318;0.012822134
0.066454545;0.065699607;0.0049169962
0.068430834;0.063723318;0.0049169962
0.066454545;0.063723318;0.0049169962
0.066454545;0.065699607;0.012822134
0.068430834;0.063723318;0.012822134
0.064478263;0.065699607;0.012822134
0.068430834;0.063723318;0.0049169962
0.066454545;0.063723318;0.012822134
0.066454545;0.063723318;0.012822134
0.066454545;0.063723318;0.012822134
0.068430834;0.063723318;0.0049169962
0.066454545;0.063723318;0.012822134
0.064478263;0.063723318;0.012822134
0.066454545;0.065699607;0.012822134
0.066454545;0.065699607;0.0049169962
0.066454545;0.063723318;0.012822134
0.066454545;0.065699607;0.0049169962
0.066454545;0.063723318;0.0049169962
0.066454545;0.063723318;0.0049169962
0.066454545;0.063723318;0.012822134
0.064478263;0.063723318;0.012822134
0.066454545;0.063723318;0.0049169962
0.064478263;0.065699607;0.012822134
0.064478263;0.063723318;0.0049169962
0.066454545;0.063723318;0.012822134
0.066454545;0.061747037;0.0049169962
0.066454545;0.063723318;0.012822134
0.066454545;0.061747037;0.0049169962
0.064478263;0.063723318;0.012822134
0.066454545;0.061747037;0.012822134
0.064478263;0.063723318;0.0049169962
0.066454545;0.063723318;0.012822134
0.066454545;0.063723318;0.0049169962
0.066454545;0.063723318;0.012822134
0.066454545;0.065699607;0.012822134
0.066454545;0.063723318;0.0049169962
0.066454545;0.063723318;0.012822134
0.064478263;0.061747037;0.012822134
0.066454545;0.063723318;0.0049169962
0.064478263;0.061747037;0.0049169962
0.064478263;0.063723318;0.0049169962
0.066454545;0.061747037;0.012822134
0.064478263;0.063723318;0.012822134
0.064478263;0.061747037;0.0049169962
0.066454545;0.061747037;0.0049169962
0.064478263;0.061747037;0.012822134
0.064478263;0.063723318;0.012822134
0.064478263;0.061747037;0.0049169962
0.064478263;0.061747037;0.012822134
0.064478263;0.061747037;0.0049169962
0.064478263;0.061747037;0.012822134
0.064478263;0.061747037;0.0049169962
0.064478263;0.061747037;0.0049169962
0.064478263;0.061747037;0.0049169962
0.064478263;0.061747037;0.012822134
0.064478263;0.061747037;0.012822134
0.062501974;0.061747037;0.012822134
0.062501974;0.061747037;0.012822134
0.064478263;0.061747037;0.012822134
0.064478263;0.061747037;0.012822134
0.064478263;0.059770752;0.012822134
0.064478263;0.061747037;0.0049169962
0.064478263;0.061747037;0.0049169962
0.064478263;0.061747037;0.0049169962
0.064478263;0.059770752;0.0049169962
0.062501974;0.061747037;0.0049169962
0.064478263;0.059770752;0.012822134
0.062501974;0.061747037;0.012822134
0.062501974;0.061747037;0.0049169962
0.064478263;0.059770752;0.012822134
0.064478263;0.059770752;0.012822134
0.062501974;0.061747037;0.012822134
0.062501974;0.061747037;0.012822134
0.062501974;0.059770752;0.012822134
0.064478263;0.059770752;0.0049169962
0.062501974;0.059770752;0.0049169962
0.062501974;0.059770752;0.012822134
0.060525693;0.059770752;0.012822134
0.062501974;0.059770752;0.0049169962
0.062501974;0.059770752;0.012822134
0.062501974;0.059770752;0.012822134
0.062501974;0.061747037;0.012822134
0.062501974;0.059770752;0.012822134
0.062501974;0.059770752;0.012822134
0.060525693;0.059770752;0.0049169962
0.060525693;0.059770752;0.0049169962
0.062501974;0.057794467;0.0049169962
0.062501974;0.059770752;0.0049169962
0.060525693;0.059770752;0.0049169962
0.060525693;0.059770752;0.0049169962
0.060525693;0.057794467;0.012822134
0.062501974;0.059770752;0.012822134
0.062501974;0.059770752;0.0049169962
0.062501974;0.059770752;0.012822134
0.060525693;0.059770752;0.0049169962
0.062501974;0.057794467;0.0049169962
0.060525693;0.059770752;0.012822134
0.062501974;0.057794467;0.0049169962
0.060525693;0.057794467;0.0049169962
0.060525693;0.057794467;0.0049169962
0.058549408;0.057794467;0.012822134
0.060525693;0.057794467;0.012822134
0.060525693;0.057794467;0.012822134
0.060525693;0.057794467;0.0049169962
0.060525693;0.057794467;0.0049169962
0.060525693;0.059770752;0.0049169962
0.060525693;0.057794467;0.0049169962
0.060525693;0.057794467;0.0049169962
0.058549408;0.059770752;0.0049169962
0.060525693;0.057794467;0.012822134
0.058549408;0.057794467;0.0049169962
0.058549408;0.059770752;0.0049169962
0.058549408;0.057794467;0.012822134
0.060525693;0.057794467;0.0049169962
0.058549408;0.055818181;0.0049169962
0.058549408;0.057794467;0.012822134
0.058549408;0.055818181;0.012822134
0.058549408;0.057794467;0.012822134
0.058549408;0.057794467;0.012822134
0.058549408;0.057794467;0.0049169962
0.058549408;0.057794467;0.0049169962
0.060525693;0.057794467;0.012822134
0.058549408;0.057794467;0.0049169962
0.060525693;0.057794467;0.012822134
0.060525693;0.055818181;0.0049169962
0.056573123;0.055818181;0.012822134
0.060525693;0.057794467;0.012822134
0.056573123;0.057794467;0.0049169962
0.058549408;0.055818181;0.0049169962
0.058549408;0.055818181;0.0049169962
0.058549408;0.055818181;0.0049169962
0.058549408;0.057794467;0.0049169962
0.056573123;0.055818181;0.012822134
0.058549408;0.055818181;0.012822134
0.056573123;0.055818181;0.0049169962
0.056573123;0.055818181;0.0049169962
0.056573123;0.055818181;0.012822134
0.058549408;0.055818181;0.012822134
0.056573123;0.055818181;0.0049169962
0.056573123;0.055818181;0.012822134
0.058549408;0.055818181;0.012822134
0.056573123;0.053841896;0.0049169962
0.056573123;0.053841896;0.012822134
0.058549408;0.053841896;0.012822134
0.056573123;0.055818181;0.012822134
0.058549408;0.055818181;0.0049169962
0.056573123;0.055818181;0.012822134
0.056573123;0.055818181;0.012822134
0.056573123;0.053841896;0.0049169962
0.056573123;0.055818181;0.012822134
0.056573123;0.053841896;0.0049169962
0.056573123;0.053841896;0.0049169962
0.056573123;0.053841896;0.012822134
0.054596838;0.053841896;0.012822134
0.056573123;0.053841896;0.012822134
0.054596838;0.053841896;0.012822134
0.054596838;0.053841896;0.012822134
0.054596838;0.053841896;0.012822134
0.056573123;0.053841896;0.012822134
0.056573123;0.053841896;0.0049169962
0.054596838;0.051865611;0.0049169962
0.054596838;0.053841896;0.0049169962
0.054596838;0.051865611;0.012822134
0.054596838;0.051865611;0.0049169962
0.056573123;0.051865611;0.0049169962
0.054596838;0.051865611;0.0049169962
0.054596838;0.053841896;0.0049169962
0.054596838;0.051865611;0.012822134
0.054596838;0.053841896;0.0049169962
0.054596838;0.051865611;0.0049169962
0.054596838;0.051865611;0.0049169962
0.054596838;0.051865611;0.012822134
0.054596838;0.051865611;0.012822134
0.054596838;0.053841896;0.0049169962
0.054596838;0.051865611;0.0049169962
0.054596838;0.051865611;0.012822134
0.054596838;0.051865611;0.0049169962
0.054596838;0.051865611;0.0049169962
0.052620552;0.051865611;0.0049169962
0.054596838;0.051865611;0.0049169962
0.052620552;0.051865611;0.0049169962
0.052620552;0.04988933;0.012822134
0.052620552;0.051865611;0.0049169962
0.052620552;0.051865611;0.012822134
0.052620552;0.051865611;0.0049169962
0.052620552;0.051865611;0.012822134
0.052620552;0.051865611;0.012822134
0.052620552;0.051865611;0.0049169962
0.050644267;0.04988933;0.012822134
0.052620552;0.04988933;0.0049169962
0.050644267;0.04988933;0.0049169962
0.052620552;0.04988933;0.0049169962
0.052620552;0.04988933;0.012822134
0.050644267;0.051865611;0.0049169962
0.052620552;0.04988933;0.0049169962
0.052620552;0.04988933;0.0049169962
0.052620552;0.04988933;0.0049169962
0.052620552;0.04988933;0.0049169962
0.050644267;0.04988933;0.012822134
0.050644267;0.04988933;0.0049169962
0.052620552;0.04988933;0.012822134
0.052620552;0.04988933;0.0049169962
0.050644267;0.047913045;0.0049169962
0.050644267;0.04988933;0.012822134
0.050644267;0.047913045;0.0049169962
0.052620552;0.047913045;0.012822134
0.052620552;0.047913045;0.0049169962
0.050644267;0.047913045;0.012822134
0.048667986;0.04988933;0.0049169962
0.048667986;0.047913045;0.012822134
0.050644267;0.047913045;0.012822134
0.048667986;0.047913045;0.0049169962
0.048667986;0.047913045;0.012822134
0.048667986;0.047913045;0.012822134
0.050644267;0.047913045;0.0049169962
0.048667986;0.047913045;0.012822134
0.050644267;0.047913045;0.012822134
0.048667986;0.047913045;0.0049169962
0.048667986;0.047913045;0.0049169962
0.048667986;0.04593676;0.0049169962
0.048667986;0.047913045;0.0049169962
0.050644267;0.047913045;0.0049169962
0.046691701;0.04593676;0.012822134
0.048667986;0.047913045;0.012822134
0.048667986;0.047913045;0.012822134
0.048667986;0.047913045;0.012822134
0.048667986;0.047913045;0.0049169962
0.048667986;0.047913045;0.012822134
0.048667986;0.04593676;0.012822134
0.048667986;0.04593676;0.012822134
0.048667986;0.04593676;0.0049169962
0.046691701;0.04593676;0.0049169962
0.048667986;0.04593676;0.0049169962
0.048667986;0.047913045;0.0049169962
0.048667986;0.047913045;0.0049169962
0.048667986;0.04593676;0.012822134
0.048667986;0.04593676;0.012822134
0.048667986;0.04593676;0.012822134
0.046691701;0.04593676;0.012822134
0.046691701;0.04593676;0.0049169962
0.046691701;0.04593676;0.012822134
0.046691701;0.04593676;0.0049169962
0.046691701;0.04593676;0.012822134
0.046691701;0.04593676;0.0049169962
0.046691701;0.04593676;0.0049169962
0.046691701;0.04593676;0.0049169962
0.046691701;0.04593676;0.0049169962
0.046691701;0.043960474;0.0049169962
0.046691701;0.04593676;0.0049169962
0.046691701;0.04593676;0.0049169962
0.046691701;0.04593676;0.0049169962
0.046691701;0.043960474;0.0049169962
0.046691701;0.043960474;0.012822134
0.046691701;0.043960474;0.012822134
0.046691701;0.043960474;0.012822134
0.044715416;0.043960474;0.0049169962
0.046691701;0.043960474;0.012822134
0.046691701;0.043960474;0.012822134
0.046691701;0.043960474;0.0049169962
0.044715416;0.043960474;0.012822134
0.046691701;0.043960474;0.012822134
0.044715416;0.041984189;0.012822134
0.044715416;0.043960474;0.012822134
0.044715416;0.041984189;0.0049169962
0.044715416;0.043960474;0.0049169962
0.044715416;0.043960474;0.012822134
0.044715416;0.043960474;0.0049169962
0.046691701;0.043960474;0.0049169962
0.044715416;0.041984189;0.0049169962
0.044715416;0.043960474;0.012822134
0.044715416;0.041984189;0.0049169962
0.044715416;0.041984189;0.0049169962
0.042739131;0.041984189;0.0049169962
0.044715416;0.041984189;0.0049169962
0.044715416;0.041984189;0.012822134
0.040762845;0.041984189;0.0049169962
0.042739131;0.041984189;0.012822134
0.042739131;0.041984189;0.0049169962
0.042739131;0.041984189;0.012822134
0.042739131;0.041984189;0.012822134
0.042739131;0.041984189;0.0049169962
0.042739131;0.040007904;0.012822134
0.042739131;0.040007904;0.012822134
0.042739131;0.040007904;0.0049169962
0.042739131;0.041984189;0.012822134
0.042739131;0.041984189;0.012822134
0.042739131;0.041984189;0.0049169962
0.042739131;0.041984189;0.0049169962
0.042739131;0.040007904;0.0049169962
0.040762845;0.041984189;0.012822134
0.040762845;0.040007904;0.012822134
0.040762845;0.040007904;0.012822134
0.040762845;0.040007904;0.0049169962
0.042739131;0.040007904;0.0049169962
0.040762845;0.040007904;0.012822134
0.040762845;0.040007904;0.0049169962
0.042739131;0.040007904;0.0049169962
0.040762845;0.041984189;0.0049169962
0.040762845;0.040007904;0.0049169962
0.040762845;0.041984189;0.012822134
0.040762845;0.040007904;0.012822134
0.040762845;0.040007904;0.0049169962
0.040762845;0.038031619;0.012822134
0.040762845;0.038031619;0.0049169962
0.040762845;0.038031619;0.0049169962
0.040762845;0.040007904;0.012822134
0.040762845;0.040007904;0.012822134
0.040762845;0.038031619;0.0049169962
0.040762845;0.038031619;0.0049169962
0.040762845;0.040007904;0.0049169962
0.03878656;0.038031619;0.0049169962
0.03878656;0.040007904;0.0049169962
0.03878656;0.038031619;0.012822134
0.03878656;0.038031619;0.012822134
0.03878656;0.038031619;0.0049169962
0.03878656;0.038031619;0.0049169962
0.03878656;0.038031619;0.012822134
0.03878656;0.038031619;0.0049169962
0.03878656;0.038031619;0.0049169962
0.03878656;0.038031619;0.012822134
0.03878656;0.036055338;0.012822134
0.03878656;0.038031619;0.012822134
0.036810275;0.038031619;0.0049169962
0.03878656;0.038031619;0.0049169962
0.03878656;0.038031619;0.012822134
0.03878656;0.036055338;0.012822134
0.03878656;0.038031619;0.012822134
0.03878656;0.036055338;0.0049169962
0.036810275;0.038031619;0.012822134
0.03878656;0.036055338;0.0049169962
0.036810275;0.036055338;0.0049169962
0.036810275;0.036055338;0.012822134
0.036810275;0.036055338;0.0049169962
0.036810275;0.036055338;0.0049169962
0.036810275;0.036055338;0.0049169962
0.034833994;0.036055338;0.0049169962
0.036810275;0.036055338;0.0049169962
0.034833994;0.036055338;0.0049169962
0.036810275;0.036055338;0.012822134
0.036810275;0.034079053;0.0049169962
0.034833994;0.036055338;0.0049169962
0.034833994;0.036055338;0.0049169962
0.034833994;0.036055338;0.0049169962
0.034833994;0.034079053;0.0049169962
0.034833994;0.034079053;0.0049169962
0.036810275;0.036055338;0.0049169962
0.034833994;0.034079053;0.0049169962
0.034833994;0.034079053;0.0049169962
0.034833994;0.036055338;0.012822134
0.034833994;0.034079053;0.0049169962
0.034833994;0.032102767;0.012822134
0.034833994;0.034079053;0.012822134
0.032857709;0.034079053;0.012822134
0.032857709;0.034079053;0.0049169962
0.034833994;0.034079053;0.0049169962
0.032857709;0.034079053;0.0049169962
0.034833994;0.034079053;0.012822134
0.032857709;0.034079053;0.0049169962
0.034833994;0.034079053;0.0049169962
0.032857709;0.034079053;0.012822134
0.032857709;0.034079053;0.012822134
0.032857709;0.032102767;0.0049169962
0.034833994;0.034079053;0.0049169962
0.032857709;0.032102767;0.012822134
0.032857709;0.032102767;0.0049169962
0.032857709;0.032102767;0.0049169962
0.032857709;0.032102767;0.0049169962
0.030881424;0.032102767;0.012822134
0.032857709;0.032102767;0.012822134
0.032857709;0.032102767;0.012822134
0.032857709;0.032102767;0.0049169962
0.032857709;0.032102767;0.0049169962
0.032857709;0.032102767;0.012822134
0.032857709;0.032102767;0.012822134
0.032857709;0.032102767;0.0049169962
0.032857709;0.032102767;0.0049169962
0.032857709;0.030126482;0.012822134
0.030881424;0.032102767;0.012822134
0.030881424;0.030126482;0.0049169962
0.030881424;0.032102767;0.0049169962
0.030881424;0.030126482;0.0049169962
0.030881424;0.032102767;0.0049169962
0.030881424;0.030126482;0.0049169962
0.032857709;0.030126482;0.012822134
0.030881424;0.030126482;0.0049169962
0.030881424;0.030126482;0.0049169962
0.030881424;0.030126482;0.0049169962
0.030881424;0.028150197;0.012822134
0.030881424;0.030126482;0.0049169962
0.028905138;0.030126482;0.012822134
0.030881424;0.030126482;0.012822134
0.028905138;0.028150197;0.012822134
0.028905138;0.030126482;0.0049169962
0.026928853;0.030126482;0.0049169962
0.028905138;0.030126482;0.012822134
0.028905138;0.030126482;0.012822134
0.028905138;0.028150197;0.012822134
0.028905138;0.028150197;0.0049169962
0.028905138;0.028150197;0.012822134
0.028905138;0.030126482;0.0049169962
0.028905138;0.028150197;0.0049169962
0.028905138;0.028150197;0.012822134
0.028905138;0.028150197;0.012822134
0.026928853;0.028150197;0.0049169962
0.026928853;0.028150197;0.012822134
0.026928853;0.028150197;0.0049169962
0.026928853;0.028150197;0.012822134
0.028905138;0.028150197;0.0049169962
0.026928853;0.026173914;0.0049169962
0.026928853;0.028150197;0.0049169962
0.026928853;0.026173914;0.012822134
0.026928853;0.028150197;0.0049169962
0.026928853;0.026173914;0.0049169962
0.026928853;0.026173914;0.0049169962
0.026928853;0.026173914;0.0049169962
0.02495257;0.026173914;0.012822134
0.026928853;0.026173914;0.012822134
0.026928853;0.026173914;0.012822134
0.026928853;0.026173914;0.0049169962
0.026928853;0.026173914;0.012822134
0.02495257;0.026173914;0.0049169962
0.02495257;0.026173914;0.012822134
0.02495257;0.026173914;0.012822134
0.02495257;0.026173914;0.0049169962
0.026928853;0.024197629;0.012822134
0.02495257;0.024197629;0.012822134
0.02495257;0.024197629;0.0049169962
0.02495257;0.024197629;0.0049169962
0.02495257;0.024197629;0.012822134
0.02495257;0.024197629;0.012822134
0.026928853;0.024197629;0.012822134
0.02495257;0.026173914;0.012822134
0.02495257;0.026173914;0.012822134
0.02495257;0.026173914;0.012822134
0.02495257;0.026173914;0.0049169962
0.02495257;0.024197629;0.0049169962
0.022976285;0.024197629;0.012822134
0.022976285;0.024197629;0.012822134
0.02495257;0.024197629;0.012822134
0.022976285;0.024197629;0.012822134
0.022976285;0.022221344;0.0049169962
0.02495257;0.024197629;0.012822134
0.022976285;0.024197629;0.0049169962
0.022976285;0.024197629;0.012822134
0.022976285;0.024197629;0.012822134
0.022976285;0.024197629;0.0049169962
0.02495257;0.022221344;0.0049169962
0.022976285;0.022221344;0.0049169962
0.021;0.022221344;0.0049169962
0.021;0.022221344;0.012822134
0.022976285;0.022221344;0.0049169962
0.022976285;0.022221344;0.012822134
0.022976285;0.022221344;0.0049169962
0.022976285;0.022221344;0.012822134
0.021;0.022221344;0.012822134
0.022976285;0.022221344;0.012822134
0.022976285;0.020245058;0.0049169962
0.021;0.022221344;0.0049169962
0.021;0.022221344;0.012822134
0.021;0.020245058;0.0049169962
0.021;0.020245058;0.012822134
0.021;0.020245058;0.0049169962
0.021;0.020245058;0.012822134
0.019023715;0.020245058;0.012822134
0.021;0.020245058;0.012822134
0.019023715;0.020245058;0.012822134
0.021;0.020245058;0.0049169962
0.021;0.020245058;0.0049169962
0.021;0.020245058;0.0049169962
0.021;0.020245058;0.012822134
0.019023715;0.020245058;0.012822134
0.021;0.020245058;0.0049169962
0.021;0.020245058;0.0049169962
0.019023715;0.020245058;0.012822134
0.019023715;0.018268775;0.012822134
0.019023715;0.018268775;0.0049169962
0.019023715;0.020245058;0.0049169962
0.019023715;0.020245058;0.012822134
0.019023715;0.018268775;0.0049169962
0.019023715;0.018268775;0.012822134
0.019023715;0.018268775;0.0049169962
0.019023715;0.018268775;0.0049169962
0.017047431;0.018268775;0.0049169962
0.017047431;0.018268775;0.0049169962
0.017047431;0.018268775;0.0049169962
0.017047431;0.018268775;0.012822134
0.017047431;0.018268775;0.012822134
0.017047431;0.018268775;0.012822134
0.017047431;0.018268775;0.012822134
0.017047431;0.018268775;0.012822134
0.017047431;0.018268775;0.0049169962
0.017047431;0.01629249;0.0049169962
0.017047431;0.01629249;0.012822134
0.017047431;0.01629249;0.012822134
0.017047431;0.018268775;0.012822134
0.015071146;0.01629249;0.012822134
0.015071146;0.01629249;0.012822134
0.015071146;0.01629249;0.0049169962
0.017047431;0.01629249;0.012822134
0.017047431;0.01629249;0.0049169962
0.017047431;0.01629249;0.0049169962
0.015071146;0.01629249;0.0049169962
0.017047431;0.01629249;0.0049169962
0.017047431;0.014316206;0.0049169962
0.015071146;0.014316206;0.0049169962
0.015071146;0.01629249;0.012822134
0.015071146;0.01629249;0.012822134
0.015071146;0.014316206;0.0049169962
0.015071146;0.014316206;0.0049169962
0.015071146;0.014316206;0.0049169962
0.015071146;0.01629249;0.012822134
0.015071146;0.014316206;0.012822134
0.015071146;0.014316206;0.012822134
0.015071146;0.014316206;0.012822134
0.015071146;0.012339921;0.0049169962
0.013094862;0.014316206;0.012822134
0.013094862;0.014316206;0.012822134
0.015071146;0.012339921;0.012822134
0.015071146;0.012339921;0.012822134
0.013094862;0.014316206;0.0049169962
0.015071146;0.014316206;0.0049169962
0.013094862;0.012339921;0.012822134
0.013094862;0.012339921;0.0049169962
0.015071146;0.014316206;0.012822134
0.013094862;0.012339921;0.012822134
0.011118577;0.012339921;0.012822134
0.013094862;0.012339921;0.0049169962
0.013094862;0.012339921;0.012822134
0.011118577;0.012339921;0.0049169962
0.013094862;0.012339921;0.012822134
0.013094862;0.012339921;0.0049169962
0.013094862;0.010363637;0.012822134
0.013094862;0.012339921;0.012822134
0.013094862;0.012339921;0.012822134
0.011118577;0.012339921;0.012822134
0.013094862;0.012339921;0.012822134
0.011118577;0.012339921;0.0049169962
0.011118577;0.012339921;0.012822134
0.011118577;0.012339921;0.0049169962
0.0091422927;0.012339921;0.012822134
0.011118577;0.010363637;0.0049169962
0.011118577;0.010363637;0.0049169962
0.0091422927;0.012339921;0.012822134
0.011118577;0.010363637;0.012822134
0.011118577;0.010363637;0.012822134
0.011118577;0.010363637;0.012822134
0.0091422927;0.010363637;0.012822134
0.0091422927;0.012339921;0.012822134
0.0091422927;0.010363637;0.0049169962
0.0091422927;0.010363637;0.0049169962
0.0091422927;0.010363637;0.012822134
0.011118577;0.010363637;0.0049169962
0.0091422927;0.010363637;0.0049169962
0.011118577;0.010363637;0.012822134
0.0091422927;0.0083873514;0.012822134
0.0091422927;0.010363637;0.0049169962
0.0091422927;0.010363637;0.0049169962
0.0091422927;0.0083873514;0.012822134
0.0091422927;0.010363637;0.0049169962
0.0091422927;0.010363637;0.0049169962
0.007166008;0.0083873514;0.012822134
0.0091422927;0.0083873514;0.012822134
0.007166008;0.0083873514;0.0049169962
0.007166008;0.0083873514;0.0049169962
0.0091422927;0.0083873514;0.012822134
0.007166008;0.0083873514;0.012822134
0.007166008;0.0083873514;0.0049169962
0.007166008;0.0083873514;0.012822134
0.007166008;0.0083873514;0.012822134
0.0091422927;0.0083873514;0.0049169962
0.0051897233;0.0083873514;0.0049169962
0.007166008;0.0083873514;0.0049169962
0.007166008;0.0083873514;0.0049169962
0.007166008;0.0083873514;0.0049169962
0.007166008;0.0083873514;0.012822134
0.007166008;0.0064110672;0.0049169962
0.007166008;0.0083873514;0.0049169962
0.0051897233;0.0064110672;0.0049169962
0.007166008;0.0064110672;0.012822134
0.007166008;0.0064110672;0.0049169962
0.007166008;0.0064110672;0.0049169962
0.0051897233;0.0064110672;0.012822134
0.007166008;0.0064110672;0.0049169962
0.007166008;0.0064110672;0.012822134
0.007166008;0.0064110672;0.0049169962
0.0051897233;0.0064110672;0.012822134
0.007166008;0.0064110672;0.012822134
0.0051897233;0.0044347825;0.0049169962
0.0051897233;0.0064110672;0.0049169962
0.007166008;0.0064110672;0.0049169962
0.0051897233;0.0044347825;0.0049169962
0.0051897233;0.0044347825;0.0049169962
0.0051897233;0.0064110672;0.0049169962
0.0051897233;0.0044347825;0.012822134
0.0051897233;0.0044347825;0.0049169962
0.0051897233;0.0044347825;0.0049169962
0.0051897233;0.0044347825;0.012822134
0.0051897233;0.0064110672;0.0049169962
0.0051897233;0.0044347825;0.012822134
0.0032134387;0.0044347825;0.0049169962
0.0051897233;0.0044347825;0.012822134
0.0032134387;0.0024584981;0.012822134
0.0032134387;0.0044347825;0.0049169962
0.0032134387;0.0044347825;0.0049169962
0.0051897233;0.0044347825;0.0049169962
0.0032134387;0.0024584981;0.0049169962
0.0032134387;0.0044347825;0.0049169962
0.0032134387;0.0024584981;0.012822134
0.0032134387;0.0024584981;0.0049169962
0.0032134387;0.0024584981;0.0049169962
0.0032134387;0.0044347825;0.0049169962
0.0032134387;0.0024584981;0.0049169962
0.0032134387;0.0024584981;0.020727273
0.0032134387;0.0044347825;0.012822134
0.0012371541;0.0024584981;0.012822134
0.0032134387;0.0044347825;0.0049169962
0.0012371541;0.0024584981;0.012822134
0.0012371541;0.0024584981;0.012822134
0.0012371541;0.0024584981;0.012822134
0.0012371541;0.0024584981;0.012822134
0.0012371541;0.00048221345;0.0049169962
0.0012371541;0.0024584981;0.012822134
0.0032134387;0.0024584981;0.0049169962
-0.00073913042;0.0024584981;0.0049169962
-0.00073913042;0.0024584981;0.012822134
-0.00073913042;0.00048221345;0.012822134
-0.00073913042;0.00048221345;0.012822134
0.0012371541;0.00048221345;0.012822134
-0.00073913042;0.00048221345;0.012822134
-0.00073913042;0.0024584981;0.012822134
-0.00073913042;0.00048221345;0.0049169962
-0.00073913042;0.00048221345;0.0049169962
-0.00073913042;0.00048221345;0.0049169962
-0.00073913042;0.00048221345;0.012822134
-0.00073913042;0.00048221345;0.0049169962
-0.0027154151;0.00048221345;0.0049169962
-0.00073913042;0.00048221345;0.012822134
-0.00073913042;0.00048221345;0.012822134
-0.00073913042;0.00048221345;0.012822134
-0.00073913042;0.00048221345;0.0049169962
-0.00073913042;-0.0014940711;0.012822134
-0.0027154151;-0.0014940711;0.012822134
-0.00073913042;0.00048221345;0.0049169962
-0.00073913042;0.00048221345;0.012822134
-0.00073913042;0.00048221345;0.0049169962
-0.00073913042;0.00048221345;0.0049169962
-0.00073913042;-0.0014940711;0.012822134
-0.00073913042;-0.0014940711;0.0049169962
-0.0027154151;0.00048221345;0.012822134
-0.0027154151;0.00048221345;0.0049169962
-0.00073913042;-0.0014940711;0.012822134
-0.0027154151;-0.0014940711;0.012822134
-0.0027154151;-0.0014940711;0.012822134
-0.0027154151;-0.0014940711;0.0049169962
-0.0027154151;-0.0034703556;0.0049169962
-0.00073913042;-0.0014940711;0.012822134
-0.0027154151;-0.0014940711;0.0049169962
-0.00073913042;-0.0014940711;0.0049169962
-0.0027154151;-0.0014940711;0.012822134
-0.0027154151;-0.0014940711;0.0049169962
-0.0027154151;-0.0014940711;0.0049169962
-0.0027154151;-0.0014940711;0.012822134
-0.0046916995;-0.0014940711;0.012822134
-0.0027154151;-0.0014940711;0.012822134
-0.0027154151;-0.0014940711;0.0049169962
-0.0027154151;-0.0014940711;0.012822134
-0.0046916995;-0.0034703556;0.012822134
-0.0046916995;-0.0034703556;0.012822134
-0.0027154151;-0.0034703556;0.0049169962
-0.0046916995;-0.0034703556;0.012822134
-0.0027154151;-0.0014940711;0.012822134
-0.0046916995;-0.0034703556;0.012822134
-0.0046916995;-0.0034703556;0.0049169962
-0.0027154151;-0.0014940711;0.012822134
-0.0066679842;-0.0034703556;0.0049169962
-0.0046916995;-0.0054466403;0.012822134
-0.0066679842;-0.0034703556;0.0049169962
-0.0046916995;-0.0034703556;0.0049169962
-0.0066679842;-0.0054466403;0.0049169962
-0.0046916995;-0.0054466403;0.012822134
-0.0066679842;-0.0034703556;0.0049169962
-0.0066679842;-0.0034703556;0.0049169962
-0.0066679842;-0.0034703556;0.012822134
-0.0066679842;-0.0054466403;0.0049169962
-0.0046916995;-0.0034703556;0.012822134
-0.0046916995;-0.0054466403;0.012822134
-0.0066679842;-0.0054466403;0.0049169962
-0.0066679842;-0.0054466403;0.012822134
-0.0066679842;-0.0054466403;0.0049169962
-0.0066679842;-0.0054466403;0.0049169962
-0.0066679842;-0.0054466403;0.012822134
-0.0066679842;-0.0034703556;0.0049169962
-0.0066679842;-0.0054466403;0.012822134
-0.0066679842;-0.0054466403;0.012822134
-0.0066679842;-0.0054466403;0.0049169962
-0.0066679842;-0.0054466403;0.0049169962
-0.0066679842;-0.0054466403;0.0049169962
-0.0066679842;-0.0054466403;0.012822134
-0.0066679842;-0.0054466403;0.012822134
-0.0066679842;-0.0054466403;0.012822134
-0.0066679842;-0.0054466403;0.0049169962
-0.0066679842;-0.0054466403;0.0049169962
-0.0086442688;-0.007422925;0.0049169962
-0.0066679842;-0.0054466403;0.012822134
-0.0066679842;-0.0054466403;0.012822134
-0.0086442688;-0.007422925;0.012822134
-0.0086442688;-0.007422925;0.0049169962
-0.0066679842;-0.007422925;0.012822134
-0.0086442688;-0.007422925;0.012822134
-0.0066679842;-0.007422925;0.012822134
-0.0086442688;-0.007422925;0.012822134
-0.0086442688;-0.007422925;0.0049169962
-0.0086442688;-0.007422925;0.012822134
-0.0086442688;-0.007422925;0.0049169962
-0.0086442688;-0.007422925;0.0049169962
-0.0086442688;-0.007422925;0.012822134
-0.0086442688;-0.007422925;0.0049169962
-0.0086442688;-0.007422925;0.0049169962
-0.010620553;-0.007422925;0.012822134
-0.0086442688;-0.007422925;0.012822134
-0.0086442688;-0.007422925;0.0049169962
-0.0086442688;-0.007422925;0.012822134
-0.010620553;-0.007422925;0.012822134
-0.0086442688;-0.007422925;0.012822134
-0.010620553;-0.007422925;0.0049169962
-0.0086442688;-0.007422925;0.0049169962
-0.010620553;-0.007422925;0.012822134
-0.010620553;-0.007422925;0.0049169962
-0.010620553;-0.0093992092;0.012822134
-0.010620553;-0.0093992092;0.0049169962
-0.010620553;-0.0093992092;0.0049169962
-0.0086442688;-0.0093992092;0.0049169962
-0.010620553;-0.0093992092;0.0049169962
-0.010620553;-0.0093992092;0.0049169962
-0.010620553;-0.0093992092;0.012822134
-0.010620553;-0.0093992092;0.0049169962
-0.010620553;-0.0093992092;0.0049169962
-0.010620553;-0.0093992092;0.012822134
-0.0086442688;-0.0093992092;0.012822134
-0.010620553;-0.0093992092;0.0049169962
-0.012596838;-0.0093992092;0.012822134
-0.0086442688;-0.0093992092;0.012822134
-0.012596838;-0.0093992092;0.012822134
-0.010620553;-0.0093992092;0.012822134
-0.010620553;-0.0093992092;0.012822134
-0.012596838;-0.0093992092;0.012822134
-0.010620553;-0.0093992092;0.0049169962
-0.010620553;-0.011375494;0.0049169962
-0.010620553;-0.0093992092;0.0049169962
-0.010620553;-0.0093992092;0.012822134
-0.010620553;-0.011375494;0.012822134
-0.010620553;-0.011375494;0.0049169962
-0.010620553;-0.011375494;0.0049169962
-0.012596838;-0.011375494;0.012822134
-0.012596838;-0.011375494;0.012822134
-0.012596838;-0.011375494;0.0049169962
-0.012596838;-0.011375494;0.012822134
-0.012596838;-0.011375494;0.012822134
-0.010620553;-0.011375494;0.0049169962
-0.012596838;-0.011375494;0.0049169962
-0.012596838;-0.011375494;0.012822134
-0.012596838;-0.011375494;0.012822134
-0.012596838;-0.011375494;0.0049169962
-0.010620553;-0.011375494;0.012822134
-0.012596838;-0.011375494;0.0049169962
-0.012596838;-0.011375494;0.0049169962
-0.012596838;-0.011375494;0.012822134
-0.012596838;-0.011375494;0.012822134
-0.012596838;-0.011375494;0.0049169962
-0.012596838;-0.011375494;0.012822134
-0.012596838;-0.011375494;0.0049169962
-0.012596838;-0.013351778;0.0049169962
-0.014573122;-0.013351778;0.0049169962
-0.014573122;-0.011375494;0.012822134
-0.012596838;-0.011375494;0.012822134
-0.012596838;-0.011375494;0.0049169962
-0.012596838;-0.013351778;0.0049169962
-0.014573122;-0.011375494;0.012822134
-0.014573122;-0.015328064;0.0049169962
-0.014573122;-0.011375494;0.0049169962
-0.014573122;-0.013351778;0.0049169962
-0.014573122;-0.013351778;0.0049169962
-0.014573122;-0.013351778;0.0049169962
-0.014573122;-0.013351778;0.012822134
-0.014573122;-0.013351778;0.0049169962
-0.014573122;-0.013351778;0.012822134
-0.014573122;-0.013351778;0.0049169962
-0.014573122;-0.013351778;0.012822134
-0.014573122;-0.013351778;0.0049169962
-0.016549407;-0.013351778;0.012822134
-0.016549407;-0.015328064;0.0049169962
-0.016549407;-0.013351778;0.012822134
-0.014573122;-0.015328064;0.0049169962
-0.016549407;-0.013351778;0.0049169962
-0.014573122;-0.013351778;0.012822134
-0.014573122;-0.013351778;0.012822134
-0.014573122;-0.013351778;0.0049169962
-0.014573122;-0.013351778;0.012822134
-0.014573122;-0.015328064;0.012822134
-0.014573122;-0.013351778;0.012822134
-0.014573122;-0.013351778;0.0049169962
-0.016549407;-0.015328064;0.0049169962
-0.016549407;-0.015328064;0.0049169962
-0.016549407;-0.015328064;0.012822134
-0.016549407;-0.015328064;0.012822134
-0.016549407;-0.015328064;0.0049169962
-0.016549407;-0.015328064;0.0049169962
-0.016549407;-0.015328064;0.012822134
-0.016549407;-0.015328064;0.012822134
-0.016549407;-0.015328064;0.0049169962
-0.016549407;-0.015328064;0.012822134
-0.016549407;-0.015328064;0.0049169962
-0.016549407;-0.015328064;0.0049169962
-0.018525692;-0.013351778;0.012822134
-0.016549407;-0.015328064;0.0049169962
-0.016549407;-0.015328064;0.012822134
-0.016549407;-0.015328064;0.012822134
-0.016549407;-0.015328064;0.012822134
-0.018525692;-0.015328064;0.0049169962
-0.018525692;-0.015328064;0.0049169962
-0.018525692;-0.015328064;0.012822134
-0.016549407;-0.015328064;0.0049169962
-0.018525692;-0.017304348;0.0049169962
-0.016549407;-0.015328064;0.012822134
-0.018525692;-0.015328064;0.0049169962
-0.016549407;-0.015328064;0.012822134
-0.018525692;-0.015328064;0.012822134
-0.018525692;-0.015328064;0.012822134
-0.018525692;-0.017304348;0.012822134
-0.018525692;-0.017304348;0.012822134
-0.018525692;-0.017304348;0.0049169962
-0.018525692;-0.017304348;0.0049169962
-0.018525692;-0.017304348;0.012822134
-0.018525692;-0.017304348;0.012822134
-0.018525692;-0.017304348;0.0049169962
-0.018525692;-0.017304348;0.012822134
-0.018525692;-0.017304348;0.0049169962
-0.018525692;-0.017304348;0.0049169962
-0.018525692;-0.017304348;0.0049169962
-0.018525692;-0.019280633;0.0049169962
-0.018525692;-0.019280633;0.012822134
-0.018525692;-0.017304348;0.012822134
-0.020501977;-0.017304348;0.012822134
-0.020501977;-0.017304348;0.012822134
-0.018525692;-0.017304348;0.0049169962
-0.018525692;-0.017304348;0.012822134
-0.020501977;-0.017304348;0.0049169962
-0.018525692;-0.019280633;0.0049169962
-0.018525692;-0.017304348;0.0049169962
-0.020501977;-0.017304348;0.0049169962
-0.020501977;-0.017304348;0.0049169962
-0.020501977;-0.017304348;0.012822134
-0.02247826;-0.017304348;0.012822134
-0.020501977;-0.017304348;0.0049169962
-0.020501977;-0.017304348;0.0049169962
-0.020501977;-0.019280633;0.0049169962
-0.020501977;-0.019280633;0.012822134
-0.020501977;-0.019280633;0.012822134
-0.020501977;-0.019280633;0.012822134
-0.020501977;-0.019280633;0.012822134
-0.020501977;-0.017304348;0.012822134
-0.020501977;-0.017304348;0.012822134
-0.020501977;-0.017304348;0.012822134
-0.020501977;-0.019280633;0.0049169962
-0.020501977;-0.019280633;0.012822134
-0.020501977;-0.019280633;0.012822134
-0.020501977;-0.019280633;0.0049169962
-0.018525692;-0.019280633;0.012822134
-0.020501977;-0.019280633;0.012822134
-0.020501977;-0.019280633;0.012822134
-0.020501977;-0.019280633;0.0049169962
-0.020501977;-0.019280633;0.0049169962
-0.020501977;-0.019280633;0.012822134
-0.020501977;-0.019280633;0.0049169962
-0.02247826;-0.019280633;0.0049169962
-0.020501977;-0.019280633;0.012822134
-0.020501977;-0.019280633;0.012822134
-0.02247826;-0.019280633;0.012822134
-0.02247826;-0.021256916;0.0049169962
-0.020501977;-0.019280633;0.0049169962
-0.020501977;-0.019280633;0.012822134
-0.020501977;-0.019280633;0.012822134
-0.020501977;-0.019280633;0.012822134
-0.020501977;-0.019280633;0.012822134
-0.02247826;-0.019280633;0.012822134
-0.02247826;-0.019280633;0.012822134
-0.020501977;-0.019280633;0.012822134
-0.02247826;-0.019280633;0.012822134
-0.02247826;-0.019280633;0.0049169962
-0.02247826;-0.019280633;0.0049169962
-0.02247826;-0.021256916;0.0049169962
-0.02247826;-0.021256916;0.0049169962
-0.02247826;-0.021256916;0.012822134
-0.02247826;-0.019280633;0.0049169962
-0.020501977;-0.021256916;0.012822134
-0.02247826;-0.021256916;0.012822134
-0.02247826;-0.021256916;0.0049169962
-0.02247826;-0.021256916;0.0049169962
-0.020501977;-0.019280633;0.012822134
-0.02247826;-0.021256916;0.012822134
-0.02247826;-0.021256916;0.0049169962
-0.02247826;-0.021256916;0.0049169962
-0.02247826;-0.021256916;0.012822134
-0.02247826;-0.021256916;0.0049169962
-0.02247826;-0.019280633;0.0049169962
-0.02247826;-0.021256916;0.012822134
-0.024454545;-0.021256916;0.0049169962
-0.02247826;-0.019280633;0.012822134
-0.02247826;-0.021256916;0.012822134
-0.02247826;-0.021256916;0.012822134
-0.02247826;-0.021256916;0.0049169962
-0.02247826;-0.021256916;0.0049169962
-0.02247826;-0.021256916;0.0049169962
-0.02247826;-0.021256916;0.0049169962
-0.02247826;-0.021256916;0.0049169962
-0.02247826;-0.021256916;0.012822134
-0.024454545;-0.021256916;0.0049169962
-0.02247826;-0.021256916;0.0049169962
-0.02247826;-0.021256916;0.0049169962
-0.024454545;-0.021256916;0.012822134
-0.02247826;-0.021256916;0.012822134
-0.02247826;-0.021256916;0.012822134
-0.024454545;-0.021256916;0.0049169962
-0.024454545;-0.023233201;0.0049169962
-0.024454545;-0.021256916;0.012822134
-0.024454545;-0.021256916;0.0049169962
-0.024454545;-0.023233201;0.0049169962
-0.024454545;-0.021256916;0.012822134
-0.024454545;-0.021256916;0.012822134
-0.02643083;-0.023233201;0.012822134
-0.024454545;-0.021256916;0.0049169962
-0.02247826;-0.023233201;0.0049169962
-0.02643083;-0.023233201;0.0049169962
-0.024454545;-0.023233201;0.0049169962
-0.024454545;-0.023233201;0.0049169962
-0.02643083;-0.023233201;0.012822134
-0.024454545;-0.023233201;0.0049169962
-0.024454545;-0.023233201;0.0049169962
-0.024454545;-0.023233201;0.012822134
-0.024454545;-0.023233201;0.012822134
-0.02643083;-0.021256916;0.012822134
-0.024454545;-0.021256916;0.012822134
-0.024454545;-0.021256916;0.0049169962
-0.024454545;-0.021256916;0.012822134
-0.024454545;-0.023233201;0.0049169962
-0.024454545;-0.023233201;0.0049169962
-0.024454545;-0.023233201;0.0049169962
-0.02643083;-0.023233201;0.0049169962
-0.024454545;-0.023233201;0.0049169962
-0.024454545;-0.023233201;0.0049169962
-0.024454545;-0.023233201;0.012822134
-0.024454545;-0.023233201;0.012822134
-0.024454545;-0.023233201;0.012822134
-0.024454545;-0.023233201;0.012822134
-0.024454545;-0.023233201;0.0049169962
-0.02643083;-0.023233201;0.012822134
-0.024454545;-0.023233201;0.0049169962
-0.024454545;-0.023233201;0.0049169962
-0.024454545;-0.023233201;0.0049169962
-0.02643083;-0.023233201;0.0049169962
-0.024454545;-0.023233201;0.0049169962
-0.02643083;-0.023233201;0.012822134
-0.024454545;-0.023233201;0.0049169962
-0.024454545;-0.025209486;0.0049169962
-0.024454545;-0.023233201;0.0049169962
-0.024454545;-0.023233201;0.0049169962
-0.024454545;-0.023233201;0.0049169962
-0.02643083;-0.023233201;0.0049169962
-0.028407115;-0.023233201;0.0049169962
-0.024454545;-0.023233201;0.012822134
-0.02643083;-0.021256916;0.0049169962
-0.02643083;-0.023233201;0.0049169962
-0.024454545;-0.023233201;0.012822134
-0.02643083;-0.023233201;0.012822134
-0.024454545;-0.025209486;0.012822134
-0.02643083;-0.025209486;0.0049169962
-0.02643083;-0.023233201;0.0049169962
-0.024454545;-0.023233201;0.0049169962
-0.02643083;-0.023233201;0.0049169962
-0.02643083;-0.023233201;0.012822134
-0.02643083;-0.023233201;0.0049169962
-0.02643083;-0.025209486;0.012822134
-0.02643083;-0.025209486;0.012822134
-0.02643083;-0.025209486;0.0049169962
-0.02643083;-0.025209486;0.012822134
-0.02643083;-0.025209486;0.0049169962
-0.02643083;-0.023233201;0.0049169962
-0.024454545;-0.025209486;0.0049169962
-0.02643083;-0.025209486;0.0049169962
-0.02643083;-0.025209486;0.012822134
-0.02643083;-0.025209486;0.0049169962
-0.02643083;-0.025209486;0.012822134
-0.02643083;-0.023233201;0.0049169962
-0.02643083;-0.025209486;0.012822134
-0.02643083;-0.023233201;0.0049169962
-0.02643083;-0.025209486;0.0049169962
-0.02643083;-0.025209486;0.0049169962
-0.02643083;-0.023233201;0.0049169962
-0.02643083;-0.025209486;0.012822134
-0.028407115;-0.025209486;0.012822134
-0.02643083;-0.023233201;0.012822134
-0.02643083;-0.025209486;0.012822134
-0.02643083;-0.025209486;0.0049169962
-0.02643083;-0.025209486;0.012822134
-0.02643083;-0.023233201;0.012822134
-0.02643083;-0.025209486;0.0049169962
-0.02643083;-0.023233201;0.012822134
-0.02643083;-0.025209486;0.0049169962
-0.02643083;-0.025209486;0.012822134
-0.02643083;-0.025209486;0.0049169962
-0.02643083;-0.025209486;0.012822134
-0.02643083;-0.025209486;0.012822134
-0.02643083;-0.025209486;0.012822134
-0.02643083;-0.025209486;0.0049169962
-0.02643083;-0.025209486;0.012822134
-0.028407115;-0.025209486;0.0049169962
-0.02643083;-0.025209486;0.012822134
-0.02643083;-0.025209486;0.012822134
-0.02643083;-0.025209486;0.0049169962
-0.02643083;-0.025209486;0.0049169962
-0.028407115;-0.025209486;0.0049169962
-0.02643083;-0.025209486;0.012822134
-0.02643083;-0.025209486;0.0049169962
-0.02643083;-0.025209486;0.0049169962
-0.02643083;-0.025209486;0.012822134
-0.028407115;-0.025209486;0.0049169962
-0.028407115;-0.025209486;0.0049169962
-0.02643083;-0.025209486;0.0049169962
-0.028407115;-0.025209486;0.012822134
-0.02643083;-0.025209486;0.012822134
-0.02643083;-0.025209486;0.012822134
-0.028407115;-0.025209486;0.0049169962
-0.028407115;-0.025209486;0.0049169962
-0.02643083;-0.025209486;0.0049169962
-0.028407115;-0.025209486;0.012822134
-0.02643083;-0.025209486;0.0049169962
-0.02643083;-0.025209486;0.0049169962
-0.02643083;-0.025209486;0.0049169962
-0.028407115;-0.025209486;0.0049169962
-0.02643083;-0.027185772;0.0049169962
-0.02643083;-0.027185772;0.0049169962
-0.02643083;-0.025209486;0.012822134
-0.02643083;-0.025209486;0.012822134
-0.028407115;-0.025209486;0.012822134
-0.028407115;-0.025209486;0.0049169962
-0.028407115;-0.025209486;0.0049169962
-0.02643083;-0.025209486;0.012822134
-0.02643083;-0.025209486;0.0049169962
-0.028407115;-0.027185772;0.012822134
-0.02643083;-0.025209486;0.012822134
-0.02643083;-0.025209486;0.012822134
-0.02643083;-0.027185772;0.0049169962
-0.028407115;-0.025209486;0.012822134
-0.028407115;-0.027185772;0.0049169962
-0.02643083;-0.025209486;0.0049169962
-0.028407115;-0.025209486;0.0049169962
-0.028407115;-0.025209486;0.012822134
-0.028407115;-0.025209486;0.012822134
-0.02643083;-0.025209486;0.0049169962
-0.02643083;-0.025209486;0.012822134
-0.028407115;-0.025209486;0.012822134
-0.028407115;-0.027185772;0.012822134
-0.02643083;-0.025209486;0.012822134
-0.02643083;-0.025209486;0.0049169962
-0.02643083;-0.025209486;0.012822134
-0.02643083;-0.025209486;0.012822134
-0.028407115;-0.027185772;0.012822134
-0.02643083;-0.027185772;0.012822134
-0.028407115;-0.025209486;0.012822134
-0.02643083;-0.025209486;0.012822134
-0.028407115;-0.025209486;0.012822134
-0.028407115;-0.025209486;0.0049169962
-0.02643083;-0.025209486;0.012822134
-0.02643083;-0.025209486;0.0049169962
-0.028407115;-0.025209486;0.0049169962
-0.02643083;-0.025209486;0.0049169962
-0.028407115;-0.023233201;0.012822134
-0.02643083;-0.025209486;0.0049169962
-0.028407115;-0.025209486;0.012822134
-0.028407115;-0.027185772;0.0049169962
-0.02643083;-0.027185772;0.012822134
-0.02643083;-0.027185772;0.012822134
-0.02643083;-0.025209486;0.0049169962
-0.02643083;-0.025209486;0.012822134
-0.028407115;-0.025209486;0.0049169962
-0.028407115;-0.025209486;0.0049169962
-0.028407115;-0.025209486;0.012822134
-0.02643083;-0.027185772;0.0049169962
-0.02643083;-0.025209486;0.0049169962
-0.02643083;-0.025209486;0.012822134
-0.02643083;-0.023233201;0.0049169962
-0.028407115;-0.025209486;0.012822134
-0.028407115;-0.025209486;0.0049169962
-0.02643083;-0.027185772;0.0049169962
-0.02643083;-0.025209486;0.0049169962
-0.02643083;-0.025209486;0.0049169962
-0.02643083;-0.025209486;0.012822134
-0.02643083;-0.027185772;0.0049169962
-0.028407115;-0.025209486;0.012822134
-0.02643083;-0.027185772;0.012822134
-0.028407115;-0.025209486;0.012822134
-0.02643083;-0.027185772;0.012822134
-0.028407115;-0.025209486;0.0049169962
-0.028407115;-0.025209486;0.0049169962
-0.02643083;-0.025209486;0.0049169962
-0.028407115;-0.027185772;0.0049169962
-0.028407115;-0.025209486;0.0049169962
-0.028407115;-0.025209486;0.012822134
-0.028407115;-0.025209486;0.012822134
-0.028407115;-0.025209486;0.012822134
-0.02643083;-0.025209486;0.012822134
-0.02643083;-0.025209486;0.012822134
-0.02643083;-0.025209486;0.012822134
-0.02643083;-0.027185772;0.0049169962
-0.02643083;-0.025209486;0.0049169962
-0.02643083;-0.025209486;0.012822134
-0.02643083;-0.025209486;0.012822134
-0.028407115;-0.025209486;0.012822134
-0.02643083;-0.025209486;0.012822134
-0.02643083;-0.025209486;0.012822134
-0.02643083;-0.025209486;0.0049169962
-0.028407115;-0.025209486;0.0049169962
-0.02643083;-0.025209486;0.012822134
-0.02643083;-0.025209486;0.012822134
-0.028407115;-0.025209486;0.012822134
-0.02643083;-0.025209486;0.012822134
-0.02643083;-0.025209486;0.012822134
-0.02643083;-0.025209486;0.0049169962
-0.02643083;-0.025209486;0.012822134
-0.02643083;-0.025209486;0.0049169962
-0.02643083;-0.025209486;0.0049169962
-0.02643083;-0.025209486;0.0049169962
-0.02643083;-0.025209486;0.0049169962
-0.02643083;-0.025209486;0.0049169962
-0.02643083;-0.027185772;0.012822134
-0.02643083;-0.023233201;0.012822134
-0.024454545;-0.025209486;0.012822134
-0.02643083;-0.025209486;0.012822134
-0.02643083;-0.025209486;0.012822134
-0.028407115;-0.025209486;0.012822134
-0.02643083;-0.025209486;0.0049169962
-0.024454545;-0.027185772;0.012822134
-0.02643083;-0.025209486;0.012822134
-0.02643083;-0.025209486;0.012822134
-0.02643083;-0.025209486;0.012822134
-0.02643083;-0.025209486;0.0049169962
-0.02643083;-0.023233201;0.0049169962
-0.02643083;-0.025209486;0.012822134
-0.02643083;-0.025209486;0.012822134
-0.02643083;-0.025209486;0.012822134
-0.02643083;-0.025209486;0.0049169962
-0.02643083;-0.025209486;0.0049169962
-0.02643083;-0.025209486;0.012822134
-0.02643083;-0.025209486;0.0049169962
-0.02643083;-0.023233201;0.012822134
-0.02643083;-0.025209486;0.0049169962
-0.02643083;-0.025209486;0.0049169962
-0.02643083;-0.025209486;0.012822134
-0.02643083;-0.025209486;0.012822134
-0.02643083;-0.025209486;0.0049169962
-0.024454545;-0.023233201;0.0049169962
-0.02643083;-0.023233201;0.012822134
-0.02643083;-0.023233201;0.012822134
-0.024454545;-0.025209486;0.0049169962
-0.02643083;-0.025209486;0.012822134
-0.02643083;-0.025209486;0.012822134
-0.02643083;-0.025209486;0.012822134
-0.02643083;-0.025209486;0.012822134
-0.024454545;-0.025209486;0.012822134
-0.02643083;-0.023233201;0.0049169962
-0.024454545;-0.025209486;0.0049169962
-0.024454545;-0.025209486;0.0049169962
-0.02643083;-0.023233201;0.012822134
-0.024454545;-0.025209486;0.012822134
-0.02643083;-0.023233201;0.012822134
-0.02643083;-0.025209486;0.0049169962
-0.02643083;-0.025209486;0.012822134
-0.02643083;-0.025209486;0.012822134
-0.024454545;-0.025209486;0.0049169962
-0.024454545;-0.023233201;0.0049169962
-0.02247826;-0.025209486;0.0049169962
-0.024454545;-0.023233201;0.012822134
-0.024454545;-0.023233201;0.0049169962
-0.02643083;-0.023233201;0.0049169962
-0.024454545;-0.023233201;0.012822134
-0.024454545;-0.023233201;0.0049169962
-0.024454545;-0.025209486;0.0049169962
-0.02643083;-0.023233201;0.0049169962
-0.02643083;-0.025209486;0.0049169962
-0.024454545;-0.023233201;0.012822134
-0.024454545;-0.023233201;0.012822134
-0.024454545;-0.023233201;0.0049169962
-0.024454545;-0.023233201;0.0049169962
-0.02643083;-0.023233201;0.0049169962
-0.024454545;-0.021256916;0.0049169962
-0.024454545;-0.025209486;0.012822134
-0.024454545;-0.023233201;0.012822134
-0.02247826;-0.023233201;0.0049169962
-0.024454545;-0.023233201;0.012822134
-0.024454545;-0.023233201;0.0049169962
-0.024454545;-0.023233201;0.0049169962
-0.024454545;-0.023233201;0.0049169962
-0.024454545;-0.023233201;0.012822134
-0.024454545;-0.023233201;0.012822134
-0.024454545;-0.023233201;0.012822134
-0.024454545;-0.023233201;0.012822134
-0.024454545;-0.025209486;0.0049169962
-0.024454545;-0.023233201;0.012822134
-0.024454545;-0.023233201;0.0049169962
-0.02247826;-0.023233201;0.0049169962
-0.024454545;-0.021256916;0.0049169962
-0.024454545;-0.023233201;0.012822134
-0.024454545;-0.023233201;0.012822134
-0.024454545;-0.023233201;0.012822134
-0.024454545;-0.021256916;0.012822134
-0.024454545;-0.023233201;0.012822134
-0.024454545;-0.021256916;0.012822134
-0.02247826;-0.023233201;0.012822134
-0.024454545;-0.021256916;0.012822134
-0.02247826;-0.023233201;0.012822134
-0.024454545;-0.021256916;0.012822134
-0.024454545;-0.023233201;0.0049169962
-0.02247826;-0.021256916;0.0049169962
-0.024454545;-0.021256916;0.012822134
-0.024454545;-0.021256916;0.0049169962
-0.02247826;-0.023233201;0.0049169962
-0.02247826;-0.021256916;0.0049169962
-0.02247826;-0.023233201;0.012822134
-0.02247826;-0.023233201;0.012822134
-0.02247826;-0.021256916;0.0049169962
-0.02247826;-0.023233201;0.012822134
-0.02247826;-0.023233201;0.012822134
-0.02247826;-0.021256916;0.0049169962
-0.02247826;-0.021256916;0.012822134
-0.02247826;-0.021256916;0.0049169962
-0.024454545;-0.021256916;0.012822134
-0.02247826;-0.021256916;0.012822134
-0.02247826;-0.021256916;0.012822134
-0.02247826;-0.021256916;0.012822134
-0.024454545;-0.021256916;0.012822134
-0.02247826;-0.021256916;0.0049169962
-0.02247826;-0.021256916;0.012822134
-0.02247826;-0.021256916;0.012822134
-0.024454545;-0.021256916;0.0049169962
-0.02247826;-0.021256916;0.012822134
-0.02247826;-0.021256916;0.012822134
-0.024454545;-0.021256916;0.012822134
-0.02247826;-0.021256916;0.012822134
-0.02247826;-0.021256916;0.012822134
-0.02247826;-0.019280633;0.0049169962
-0.02247826;-0.021256916;0.012822134
-0.02247826;-0.019280633;0.0049169962
-0.02247826;-0.023233201;0.0049169962
-0.024454545;-0.021256916;0.0049169962
-0.02247826;-0.021256916;0.012822134
-0.02247826;-0.019280633;0.0049169962
-0.02247826;-0.021256916;0.0049169962
-0.02247826;-0.019280633;0.0049169962
-0.020501977;-0.019280633;0.012822134
-0.02247826;-0.021256916;0.012822134
-0.02247826;-0.019280633;0.012822134
-0.02247826;-0.019280633;0.012822134
-0.020501977;-0.021256916;0.012822134
-0.02247826;-0.019280633;0.012822134
-0.020501977;-0.021256916;0.012822134
-0.02247826;-0.019280633;0.0049169962
-0.020501977;-0.021256916;0.0049169962
-0.02247826;-0.021256916;0.012822134
-0.02247826;-0.021256916;0.012822134
-0.020501977;-0.021256916;0.0049169962
-0.020501977;-0.021256916;0.0049169962
-0.02247826;-0.019280633;0.012822134
-0.02247826;-0.019280633;0.012822134
-0.02247826;-0.019280633;0.012822134
-0.020501977;-0.019280633;0.0049169962
-0.02247826;-0.019280633;0.0049169962
-0.020501977;-0.021256916;0.0049169962
-0.020501977;-0.019280633;0.0049169962
-0.02247826;-0.019280633;0.0049169962
-0.018525692;-0.021256916;0.0049169962
-0.020501977;-0.021256916;0.012822134
-0.020501977;-0.021256916;0.0049169962
-0.020501977;-0.019280633;0.0049169962
-0.02247826;-0.019280633;0.0049169962
-0.020501977;-0.019280633;0.0049169962
-0.020501977;-0.019280633;0.012822134
-0.02247826;-0.017304348;0.012822134
-0.020501977;-0.019280633;0.012822134
-0.020501977;-0.019280633;0.012822134
-0.020501977;-0.021256916;0.0049169962
-0.020501977;-0.019280633;0.0049169962
-0.020501977;-0.019280633;0.0049169962
-0.020501977;-0.019280633;0.0049169962
-0.018525692;-0.017304348;0.012822134
-0.020501977;-0.019280633;0.0049169962
-0.02247826;-0.019280633;0.0049169962
-0.020501977;-0.019280633;0.0049169962
-0.018525692;-0.017304348;0.012822134
-0.018525692;-0.019280633;0.0049169962
-0.020501977;-0.019280633;0.012822134
-0.020501977;-0.017304348;0.0049169962
-0.020501977;-0.019280633;0.0049169962
-0.020501977;-0.019280633;0.012822134
-0.020501977;-0.019280633;0.012822134
-0.020501977;-0.019280633;0.0049169962
-0.020501977;-0.019280633;0.0049169962
-0.020501977;-0.017304348;0.0049169962
-0.020501977;-0.017304348;0.0049169962
-0.020501977;-0.017304348;0.0049169962
-0.020501977;-0.017304348;0.0049169962
-0.020501977;-0.017304348;0.012822134
-0.018525692;-0.017304348;0.012822134
-0.018525692;-0.019280633;0.012822134
-0.020501977;-0.019280633;0.0049169962
-0.020501977;-0.017304348;0.012822134
-0.018525692;-0.019280633;0.012822134
-0.018525692;-0.019280633;0.012822134
-0.018525692;-0.017304348;0.012822134
-0.018525692;-0.017304348;0.0049169962
-0.018525692;-0.017304348;0.012822134
-0.018525692;-0.017304348;0.012822134
-0.018525692;-0.017304348;0.012822134
-0.018525692;-0.017304348;0.012822134
-0.018525692;-0.017304348;0.012822134
-0.018525692;-0.017304348;0.012822134
-0.018525692;-0.017304348;0.0049169962
-0.018525692;-0.017304348;0.0049169962
-0.016549407;-0.015328064;0.012822134
-0.016549407;-0.015328064;0.012822134
-0.018525692;-0.015328064;0.012822134
-0.016549407;-0.015328064;0.012822134
-0.016549407;-0.017304348;0.012822134
-0.016549407;-0.017304348;0.012822134
-0.016549407;-0.017304348;0.012822134
-0.016549407;-0.017304348;0.012822134
-0.016549407;-0.017304348;0.0049169962
-0.016549407;-0.017304348;0.012822134
-0.016549407;-0.015328064;0.0049169962
-0.016549407;-0.017304348;0.0049169962
-0.016549407;-0.015328064;0.0049169962
-0.014573122;-0.015328064;0.012822134
-0.018525692;-0.015328064;0.012822134
-0.016549407;-0.017304348;0.012822134
-0.014573122;-0.015328064;0.012822134
-0.016549407;-0.015328064;0.012822134
-0.016549407;-0.015328064;0.012822134
-0.016549407;-0.015328064;0.0049169962
-0.016549407;-0.015328064;0.012822134
-0.016549407;-0.015328064;0.012822134
-0.016549407;-0.015328064;0.012822134
-0.014573122;-0.015328064;0.0049169962
-0.016549407;-0.015328064;0.012822134
-0.016549407;-0.013351778;0.0049169962
-0.016549407;-0.015328064;0.0049169962
-0.016549407;-0.015328064;0.0049169962
-0.016549407;-0.015328064;0.0049169962
-0.014573122;-0.015328064;0.012822134
-0.014573122;-0.013351778;0.0049169962
-0.014573122;-0.015328064;0.0049169962
-0.014573122;-0.015328064;0.0049169962
-0.014573122;-0.015328064;0.0049169962
-0.014573122;-0.015328064;0.012822134
-0.016549407;-0.013351778;0.0049169962
-0.014573122;-0.013351778;0.012822134
-0.016549407;-0.013351778;0.012822134
-0.014573122;-0.013351778;0.012822134
-0.014573122;-0.015328064;0.012822134
-0.014573122;-0.013351778;0.0049169962
-0.014573122;-0.015328064;0.0049169962
-0.012596838;-0.013351778;0.012822134
-0.014573122;-0.013351778;0.012822134
-0.014573122;-0.013351778;0.012822134
-0.014573122;-0.013351778;0.0049169962
-0.014573122;-0.013351778;0.012822134
-0.014573122;-0.011375494;0.012822134
-0.014573122;-0.013351778;0.0049169962
-0.012596838;-0.011375494;0.012822134
-0.014573122;-0.011375494;0.0049169962
-0.012596838;-0.013351778;0.0049169962
-0.012596838;-0.011375494;0.012822134
-0.012596838;-0.011375494;0.012822134
-0.012596838;-0.011375494;0.0049169962
-0.012596838;-0.011375494;0.012822134
-0.012596838;-0.013351778;0.0049169962
-0.014573122;-0.013351778;0.0049169962
-0.012596838;-0.013351778;0.012822134
-0.012596838;-0.011375494;0.012822134
-0.012596838;-0.011375494;0.012822134
-0.010620553;-0.013351778;0.0049169962
-0.012596838;-0.013351778;0.012822134
-0.012596838;-0.013351778;0.0049169962
-0.012596838;-0.011375494;0.0049169962
-0.012596838;-0.0093992092;0.0049169962
-0.012596838;-0.011375494;0.012822134
-0.012596838;-0.011375494;0.0049169962
-0.012596838;-0.011375494;0.0049169962
-0.012596838;-0.011375494;0.0049169962
-0.012596838;-0.011375494;0.0049169962
-0.012596838;-0.011375494;0.012822134
-0.012596838;-0.011375494;0.0049169962
-0.012596838;-0.0093992092;0.012822134
-0.010620553;-0.0093992092;0.0049169962
-0.012596838;-0.0093992092;0.012822134
-0.010620553;-0.0093992092;0.0049169962
-0.010620553;-0.011375494;0.012822134
-0.010620553;-0.011375494;0.0049169962
-0.010620553;-0.011375494;0.012822134
-0.012596838;-0.0093992092;0.012822134
-0.010620553;-0.0093992092;0.012822134
-0.010620553;-0.0093992092;0.012822134
-0.010620553;-0.0093992092;0.012822134
-0.010620553;-0.0093992092;0.012822134
-0.010620553;-0.0093992092;0.0049169962
-0.010620553;-0.0093992092;0.0049169962
-0.010620553;-0.0093992092;0.012822134
-0.010620553;-0.0093992092;0.012822134
-0.010620553;-0.0093992092;0.012822134
-0.010620553;-0.0093992092;0.012822134
-0.010620553;-0.007422925;0.012822134
-0.010620553;-0.011375494;0.0049169962
-0.010620553;-0.0093992092;0.0049169962
-0.0086442688;-0.0093992092;0.0049169962
-0.0086442688;-0.007422925;0.0049169962
-0.010620553;-0.0093992092;0.0049169962
-0.0086442688;-0.0093992092;0.0049169962
-0.0086442688;-0.0093992092;0.012822134
-0.010620553;-0.007422925;0.0049169962
-0.0086442688;-0.0093992092;0.0049169962
-0.010620553;-0.007422925;0.012822134
-0.0086442688;-0.0093992092;0.012822134
-0.0086442688;-0.007422925;0.012822134
-0.0086442688;-0.007422925;0.0049169962
-0.0086442688;-0.0093992092;0.0049169962
-0.0066679842;-0.0093992092;0.012822134
-0.0086442688;-0.007422925;0.0049169962
-0.0086442688;-0.007422925;0.012822134
-0.0086442688;-0.007422925;0.0049169962
-0.0066679842;-0.007422925;0.012822134
-0.0086442688;-0.007422925;0.0049169962
-0.0086442688;-0.007422925;0.0049169962
-0.0086442688;-0.007422925;0.012822134
-0.0086442688;-0.007422925;0.0049169962
-0.0066679842;-0.007422925;0.0049169962
-0.0086442688;-0.0054466403;0.012822134
-0.0066679842;-0.007422925;0.012822134
-0.0066679842;-0.007422925;0.012822134
-0.0066679842;-0.007422925;0.012822134
-0.0066679842;-0.0054466403;0.0049169962
-0.0066679842;-0.007422925;0.0049169962
-0.0066679842;-0.007422925;0.012822134
-0.0066679842;-0.0054466403;0.012822134
-0.0066679842;-0.0054466403;0.0049169962
-0.0066679842;-0.0054466403;0.0049169962
-0.0066679842;-0.0054466403;0.012822134
-0.0066679842;-0.007422925;0.0049169962
-0.0066679842;-0.007422925;0.0049169962
-0.0066679842;-0.0054466403;0.012822134
-0.0046916995;-0.0054466403;0.012822134
-0.0066679842;-0.0034703556;0.012822134
-0.0066679842;-0.0054466403;0.012822134
-0.0066679842;-0.0054466403;0.0049169962
-0.0066679842;-0.0054466403;0.012822134
-0.0066679842;-0.0054466403;0.0049169962
-0.0066679842;-0.0054466403;0.0049169962
-0.0066679842;-0.0054466403;0.012822134
-0.0046916995;-0.0054466403;0.012822134
-0.0046916995;-0.0054466403;0.0049169962
-0.0066679842;-0.0054466403;0.012822134
-0.0046916995;-0.0054466403;0.012822134
-0.0066679842;-0.0054466403;0.012822134
-0.0066679842;-0.0054466403;0.012822134
-0.0046916995;-0.0054466403;0.012822134
-0.0046916995;-0.0054466403;0.0049169962
-0.0027154151;-0.0054466403;0.012822134
-0.0027154151;-0.0054466403;0.0049169962
-0.0046916995;-0.0034703556;0.0049169962
-0.0046916995;-0.0034703556;0.012822134
-0.0027154151;-0.0034703556;0.012822134
-0.0046916995;-0.0034703556;0.0049169962
-0.0046916995;-0.0034703556;0.0049169962
-0.0027154151;-0.0034703556;0.0049169962
-0.0027154151;-0.0054466403;0.012822134
-0.0027154151;-0.0034703556;0.012822134
-0.0046916995;-0.0034703556;0.012822134
-0.0046916995;-0.0034703556;0.0049169962
-0.0046916995;-0.0054466403;0.0049169962
-0.0027154151;-0.0034703556;0.0049169962
-0.0027154151;-0.0014940711;0.0049169962
-0.0027154151;-0.0014940711;0.0049169962
-0.0027154151;-0.0034703556;0.0049169962
-0.0027154151;-0.0034703556;0.0049169962
-0.0027154151;-0.0034703556;0.0049169962
-0.0027154151;-0.0034703556;0.0049169962
-0.0027154151;-0.0034703556;0.0049169962
-0.0027154151;-0.0034703556;0.012822134
-0.0027154151;-0.0034703556;0.012822134
-0.0027154151;-0.0034703556;0.012822134
-0.0027154151;-0.0014940711;0.0049169962
-0.0027154151;-0.0014940711;0.0049169962
-0.0027154151;-0.0014940711;0.0049169962
-0.0027154151;-0.0014940711;0.012822134
-0.0027154151;-0.0034703556;0.0049169962
-0.0027154151;-0.0034703556;0.0049169962
-0.0027154151;-0.0014940711;0.012822134
-0.0027154151;-0.0014940711;0.012822134
-0.0027154151;-0.0034703556;0.012822134
-0.00073913042;-0.0014940711;0.012822134
-0.0027154151;-0.0034703556;0.012822134
-0.00073913042;-0.0014940711;0.012822134
-0.00073913042;-0.0014940711;0.012822134
-0.00073913042;-0.0014940711;0.0049169962
-0.0027154151;-0.0014940711;0.012822134
-0.00073913042;-0.0014940711;0.012822134
-0.00073913042;-0.0014940711;0.012822134
-0.00073913042;0.00048221345;0.012822134
-0.00073913042;-0.0014940711;0.012822134
-0.00073913042;0.00048221345;0.0049169962
-0.0027154151;-0.0014940711;0.012822134
-0.00073913042;0.00048221345;0.0049169962
-0.00073913042;-0.0014940711;0.012822134
-0.00073913042;0.00048221345;0.012822134
-0.00073913042;0.00048221345;0.012822134
-0.00073913042;-0.0014940711;0.0049169962
-0.00073913042;0.0024584981;0.012822134
0.0012371541;0.00048221345;0.012822134
0.0012371541;0.00048221345;0.012822134
0.0012371541;0.00048221345;0.012822134
-0.00073913042;0.0024584981;0.0049169962
0.0012371541;0.00048221345;0.012822134
0.0012371541;0.0024584981;0.0049169962
-0.00073913042;0.0024584981;0.012822134
-0.00073913042;0.0024584981;0.0049169962
-0.00073913042;0.0024584981;0.0049169962
0.0012371541;0.0024584981;0.0049169962
0.0012371541;0.0024584981;0.0049169962
0.0012371541;0.0024584981;0.0049169962
0.0012371541;0.0024584981;0.0049169962
0.0012371541;0.00048221345;0.0049169962
0.0012371541;0.00048221345;0.012822134
0.0012371541;0.0024584981;0.012822134
0.0032134387;0.00048221345;0.0049169962
0.0032134387;0.0024584981;0.0049169962
0.0032134387;0.0024584981;0.0049169962
0.0032134387;0.0024584981;0.0049169962
0.0032134387;0.0024584981;0.012822134
0.0012371541;0.0024584981;0.0049169962
0.0032134387;0.0024584981;0.0049169962
0.0032134387;0.0024584981;0.012822134
0.0012371541;0.0024584981;0.0049169962
0.0032134387;0.0024584981;0.012822134
0.0012371541;0.0024584981;0.0049169962
0.0032134387;0.0024584981;0.012822134
0.0032134387;0.0024584981;0.012822134
0.0032134387;0.0044347825;0.012822134
0.0051897233;0.0044347825;0.0049169962
0.0032134387;0.0044347825;0.0049169962
0.0051897233;0.0044347825;0.012822134
0.0051897233;0.0024584981;0.012822134
0.0051897233;0.0044347825;0.012822134
0.0051897233;0.0044347825;0.0049169962
0.0051897233;0.0044347825;0.0049169962
0.0051897233;0.0044347825;0.0049169962
0.0051897233;0.0044347825;0.012822134
0.0051897233;0.0044347825;0.0049169962
0.0051897233;0.0044347825;0.012822134
0.0051897233;0.0044347825;0.012822134
0.0051897233;0.0044347825;0.0049169962
0.0051897233;0.0044347825;0.0049169962
0.0051897233;0.0044347825;0.0049169962
0.007166008;0.0044347825;0.012822134
0.0051897233;0.0044347825;0.012822134
0.0051897233;0.0044347825;0.012822134
0.0051897233;0.0064110672;0.012822134
0.0051897233;0.0044347825;0.012822134
0.007166008;0.0064110672;0.0049169962
0.0051897233;0.0064110672;0.012822134
0.007166008;0.0064110672;0.012822134
0.007166008;0.0064110672;0.012822134
0.0051897233;0.0064110672;0.0049169962
0.007166008;0.0064110672;0.012822134
0.007166008;0.0064110672;0.0049169962
0.007166008;0.0064110672;0.012822134
0.007166008;0.0064110672;0.0049169962
0.007166008;0.0064110672;0.012822134
0.007166008;0.0064110672;0.0049169962
0.007166008;0.0083873514;0.012822134
0.007166008;0.0064110672;0.012822134
0.0091422927;0.0083873514;0.012822134
0.0091422927;0.0083873514;0.0049169962
0.007166008;0.0064110672;0.012822134
0.007166008;0.0083873514;0.012822134
0.007166008;0.0064110672;0.0049169962
0.0091422927;0.0083873514;0.012822134
0.0091422927;0.0064110672;0.012822134
0.0091422927;0.0083873514;0.0049169962
0.0091422927;0.0083873514;0.0049169962
0.0091422927;0.0083873514;0.012822134
0.0091422927;0.0083873514;0.0049169962
0.0091422927;0.0083873514;0.012822134
0.0091422927;0.010363637;0.0049169962
0.0091422927;0.0083873514;0.012822134
0.0091422927;0.0083873514;0.0049169962
0.0091422927;0.0083873514;0.012822134
0.011118577;0.010363637;0.0049169962
0.011118577;0.010363637;0.012822134
0.011118577;0.0083873514;0.012822134
0.0091422927;0.010363637;0.012822134
0.0091422927;0.010363637;0.012822134
0.011118577;0.010363637;0.0049169962
0.0091422927;0.010363637;0.012822134
0.011118577;0.010363637;0.012822134
0.0091422927;0.010363637;0.012822134
0.011118577;0.010363637;0.0049169962
0.013094862;0.010363637;0.012822134
0.013094862;0.010363637;0.0049169962
0.011118577;0.010363637;0.0049169962
0.011118577;0.010363637;0.0049169962
0.011118577;0.012339921;0.0049169962
0.011118577;0.010363637;0.012822134
0.013094862;0.010363637;0.0049169962
0.011118577;0.010363637;0.012822134
0.013094862;0.010363637;0.0049169962
0.013094862;0.010363637;0.012822134
0.011118577;0.010363637;0.0049169962
0.011118577;0.012339921;0.012822134
0.011118577;0.010363637;0.012822134
0.013094862;0.010363637;0.012822134
0.013094862;0.012339921;0.012822134
0.013094862;0.014316206;0.012822134
0.013094862;0.012339921;0.012822134
0.013094862;0.012339921;0.012822134
0.013094862;0.012339921;0.012822134
0.013094862;0.012339921;0.0049169962
0.013094862;0.012339921;0.012822134
0.015071146;0.012339921;0.0049169962
0.015071146;0.012339921;0.0049169962
0.013094862;0.012339921;0.0049169962
0.015071146;0.012339921;0.0049169962
0.015071146;0.012339921;0.0049169962
0.015071146;0.014316206;0.0049169962
0.015071146;0.012339921;0.0049169962
0.015071146;0.014316206;0.0049169962
0.015071146;0.014316206;0.0049169962
0.015071146;0.014316206;0.0049169962
0.017047431;0.014316206;0.012822134
0.017047431;0.012339921;0.012822134
0.015071146;0.014316206;0.0049169962
0.017047431;0.014316206;0.0049169962
0.017047431;0.012339921;0.0049169962
0.017047431;0.014316206;0.0049169962
0.017047431;0.014316206;0.0049169962
0.015071146;0.014316206;0.0049169962
0.017047431;0.01629249;0.0049169962
0.017047431;0.014316206;0.0049169962
0.017047431;0.01629249;0.0049169962
0.017047431;0.01629249;0.012822134
0.017047431;0.014316206;0.012822134
0.017047431;0.014316206;0.012822134
0.019023715;0.01629249;0.012822134
0.017047431;0.01629249;0.0049169962
0.017047431;0.01629249;0.0049169962
0.017047431;0.01629249;0.012822134
0.017047431;0.01629249;0.0049169962
0.019023715;0.01629249;0.012822134
0.019023715;0.01629249;0.012822134
0.019023715;0.01629249;0.012822134
0.019023715;0.018268775;0.012822134
0.017047431;0.018268775;0.0049169962
0.019023715;0.01629249;0.0049169962
0.017047431;0.01629249;0.0049169962
0.019023715;0.01629249;0.0049169962
0.021;0.01629249;0.0049169962
0.019023715;0.01629249;0.0049169962
0.019023715;0.018268775;0.012822134
0.019023715;0.018268775;0.0049169962
0.019023715;0.01629249;0.0049169962
0.019023715;0.018268775;0.0049169962
0.021;0.018268775;0.0049169962
0.017047431;0.018268775;0.0049169962
0.019023715;0.018268775;0.0049169962
0.021;0.020245058;0.0049169962
0.019023715;0.01629249;0.012822134
0.019023715;0.018268775;0.0049169962
0.019023715;0.018268775;0.0049169962
0.021;0.018268775;0.0049169962
0.021;0.018268775;0.0049169962
0.019023715;0.020245058;0.012822134
0.019023715;0.020245058;0.0049169962
0.021;0.018268775;0.0049169962
0.021;0.018268775;0.012822134
0.021;0.018268775;0.0049169962
0.021;0.018268775;0.012822134
0.021;0.018268775;0.0049169962
0.021;0.020245058;0.0049169962
0.021;0.020245058;0.0049169962
0.022976285;0.020245058;0.0049169962
0.021;0.020245058;0.012822134
0.021;0.020245058;0.0049169962
0.022976285;0.020245058;0.0049169962
0.021;0.020245058;0.012822134
0.022976285;0.020245058;0.0049169962
0.022976285;0.022221344;0.0049169962
0.021;0.020245058;0.012822134
0.022976285;0.020245058;0.0049169962
0.022976285;0.020245058;0.0049169962
0.022976285;0.020245058;0.012822134
0.022976285;0.020245058;0.012822134
0.022976285;0.022221344;0.0049169962
0.022976285;0.022221344;0.0049169962
0.022976285;0.022221344;0.0049169962
0.022976285;0.022221344;0.0049169962
0.022976285;0.022221344;0.0049169962
0.022976285;0.022221344;0.012822134
0.02495257;0.022221344;0.0049169962
0.022976285;0.022221344;0.0049169962
0.02495257;0.022221344;0.012822134
0.022976285;0.022221344;0.012822134
0.022976285;0.022221344;0.012822134
0.02495257;0.022221344;0.0049169962
0.02495257;0.022221344;0.012822134
0.022976285;0.022221344;0.0049169962
0.022976285;0.022221344;0.0049169962
0.022976285;0.024197629;0.0049169962
0.02495257;0.022221344;0.012822134
0.02495257;0.024197629;0.0049169962
0.02495257;0.024197629;0.012822134
0.02495257;0.024197629;0.012822134
0.026928853;0.022221344;0.012822134
0.02495257;0.024197629;0.0049169962
0.02495257;0.024197629;0.012822134
0.02495257;0.024197629;0.012822134
0.026928853;0.024197629;0.0049169962
0.026928853;0.024197629;0.012822134
0.02495257;0.024197629;0.012822134
0.026928853;0.024197629;0.0049169962
0.02495257;0.024197629;0.0049169962
0.026928853;0.024197629;0.012822134
0.026928853;0.026173914;0.012822134
0.026928853;0.024197629;0.012822134
0.026928853;0.026173914;0.012822134
0.026928853;0.026173914;0.012822134
0.026928853;0.026173914;0.012822134
0.026928853;0.026173914;0.0049169962
0.026928853;0.024197629;0.0049169962
0.026928853;0.024197629;0.0049169962
0.026928853;0.026173914;0.0049169962
0.030881424;0.026173914;0.012822134
0.026928853;0.026173914;0.0049169962
0.028905138;0.026173914;0.0049169962
0.028905138;0.026173914;0.0049169962
0.028905138;0.028150197;0.012822134
0.026928853;0.026173914;0.012822134
0.028905138;0.026173914;0.012822134
0.028905138;0.026173914;0.012822134
0.028905138;0.028150197;0.012822134
0.028905138;0.028150197;0.0049169962
0.030881424;0.026173914;0.0049169962
0.030881424;0.028150197;0.0049169962
0.028905138;0.028150197;0.012822134
0.030881424;0.028150197;0.0049169962
0.030881424;0.028150197;0.012822134
0.028905138;0.028150197;0.012822134
0.028905138;0.028150197;0.012822134
0.028905138;0.030126482;0.012822134
0.030881424;0.028150197;0.0049169962
0.030881424;0.028150197;0.012822134
0.030881424;0.028150197;0.012822134
0.030881424;0.028150197;0.0049169962
0.032857709;0.030126482;0.012822134
0.030881424;0.028150197;0.0049169962
0.030881424;0.028150197;0.0049169962
0.030881424;0.030126482;0.0049169962
0.030881424;0.030126482;0.0049169962
0.030881424;0.028150197;0.012822134
0.030881424;0.030126482;0.0049169962
0.030881424;0.030126482;0.012822134
0.030881424;0.030126482;0.0049169962
0.030881424;0.030126482;0.0049169962
0.030881424;0.030126482;0.012822134
0.030881424;0.030126482;0.0049169962
0.030881424;0.030126482;0.012822134
0.030881424;0.032102767;0.0049169962
0.032857709;0.030126482;0.0049169962
0.030881424;0.030126482;0.0049169962
0.030881424;0.030126482;0.0049169962
0.032857709;0.030126482;0.0049169962
0.032857709;0.032102767;0.0049169962
0.032857709;0.030126482;0.012822134
0.032857709;0.030126482;0.012822134
0.032857709;0.032102767;0.012822134
0.032857709;0.032102767;0.0049169962
0.032857709;0.032102767;0.012822134
0.030881424;0.030126482;0.0049169962
0.032857709;0.032102767;0.0049169962
0.032857709;0.030126482;0.012822134
0.032857709;0.032102767;0.0049169962
0.034833994;0.032102767;0.0049169962
0.034833994;0.032102767;0.0049169962
0.034833994;0.032102767;0.012822134
0.032857709;0.032102767;0.012822134
0.034833994;0.032102767;0.012822134
0.034833994;0.032102767;0.012822134
0.032857709;0.034079053;0.012822134
0.034833994;0.032102767;0.0049169962
0.034833994;0.032102767;0.012822134
0.034833994;0.032102767;0.0049169962
0.034833994;0.034079053;0.0049169962
0.034833994;0.032102767;0.012822134
0.034833994;0.034079053;0.0049169962
0.034833994;0.034079053;0.012822134
0.034833994;0.034079053;0.0049169962
0.034833994;0.034079053;0.012822134
0.036810275;0.034079053;0.0049169962
0.034833994;0.036055338;0.012822134
0.034833994;0.034079053;0.0049169962
0.034833994;0.034079053;0.0049169962
0.036810275;0.034079053;0.0049169962
0.036810275;0.034079053;0.012822134
0.036810275;0.036055338;0.012822134
0.036810275;0.036055338;0.012822134
0.036810275;0.036055338;0.012822134
0.036810275;0.034079053;0.0049169962
0.036810275;0.036055338;0.012822134
0.03878656;0.034079053;0.0049169962
0.03878656;0.036055338;0.012822134
0.036810275;0.034079053;0.0049169962
0.03878656;0.036055338;0.0049169962
0.03878656;0.036055338;0.012822134
0.036810275;0.036055338;0.0049169962
0.03878656;0.036055338;0.0049169962
0.03878656;0.036055338;0.0049169962
0.03878656;0.036055338;0.0049169962
0.03878656;0.036055338;0.012822134
0.03878656;0.038031619;0.012822134
0.03878656;0.036055338;0.012822134
0.040762845;0.036055338;0.012822134
0.03878656;0.036055338;0.012822134
0.03878656;0.036055338;0.0049169962
0.03878656;0.038031619;0.0049169962
0.03878656;0.036055338;0.0049169962
0.03878656;0.038031619;0.012822134
0.036810275;0.038031619;0.0049169962
0.040762845;0.036055338;0.0049169962
0.040762845;0.038031619;0.012822134
0.03878656;0.038031619;0.0049169962
0.03878656;0.038031619;0.0049169962
0.03878656;0.038031619;0.0049169962
0.040762845;0.038031619;0.0049169962
0.03878656;0.040007904;0.0049169962
0.03878656;0.038031619;0.0049169962
0.03878656;0.038031619;0.0049169962
0.040762845;0.038031619;0.0049169962
0.040762845;0.038031619;0.0049169962
0.03878656;0.038031619;0.0049169962
0.03878656;0.038031619;0.0049169962
0.040762845;0.040007904;0.0049169962
0.040762845;0.040007904;0.0049169962
0.040762845;0.038031619;0.012822134
0.040762845;0.040007904;0.012822134
0.040762845;0.040007904;0.012822134
0.040762845;0.040007904;0.012822134
0.042739131;0.040007904;0.012822134
0.040762845;0.040007904;0.0049169962
0.040762845;0.040007904;0.012822134
0.042739131;0.040007904;0.012822134
0.042739131;0.040007904;0.0049169962
0.040762845;0.040007904;0.012822134
0.040762845;0.040007904;0.0049169962
0.042739131;0.040007904;0.0049169962
0.042739131;0.040007904;0.0049169962
0.042739131;0.040007904;0.012822134
0.042739131;0.040007904;0.012822134
0.042739131;0.040007904;0.012822134
0.042739131;0.041984189;0.012822134
0.042739131;0.041984189;0.0049169962
0.042739131;0.041984189;0.0049169962
0.042739131;0.041984189;0.012822134
0.042739131;0.041984189;0.012822134
0.042739131;0.041984189;0.012822134
0.042739131;0.041984189;0.0049169962
0.044715416;0.041984189;0.0049169962
0.042739131;0.040007904;0.0049169962
0.044715416;0.041984189;0.0049169962
0.044715416;0.041984189;0.012822134
0.044715416;0.041984189;0.012822134
0.044715416;0.041984189;0.012822134
0.042739131;0.041984189;0.0049169962
0.044715416;0.041984189;0.012822134
0.044715416;0.041984189;0.0049169962
0.044715416;0.041984189;0.012822134
0.044715416;0.041984189;0.012822134
0.044715416;0.041984189;0.0049169962
0.044715416;0.041984189;0.012822134
0.044715416;0.041984189;0.012822134
0.044715416;0.041984189;0.0049169962
0.046691701;0.043960474;0.0049169962
0.046691701;0.041984189;0.0049169962
0.044715416;0.041984189;0.0049169962
0.044715416;0.043960474;0.012822134
0.046691701;0.041984189;0.0049169962
0.046691701;0.043960474;0.0049169962
0.046691701;0.043960474;0.012822134
0.046691701;0.043960474;0.012822134
0.046691701;0.043960474;0.0049169962
0.046691701;0.043960474;0.012822134
0.046691701;0.043960474;0.0049169962
0.046691701;0.043960474;0.0049169962
0.046691701;0.041984189;0.0049169962
0.046691701;0.043960474;0.012822134
0.048667986;0.043960474;0.0049169962
0.046691701;0.043960474;0.012822134
0.046691701;0.043960474;0.012822134
0.046691701;0.04593676;0.012822134
0.046691701;0.043960474;0.0049169962
0.046691701;0.04593676;0.0049169962
0.048667986;0.04593676;0.0049169962
0.046691701;0.04593676;0.0049169962
0.046691701;0.04593676;0.0049169962
0.046691701;0.04593676;0.0049169962
0.048667986;0.04593676;0.0049169962
0.046691701;0.04593676;0.012822134
0.048667986;0.04593676;0.012822134
0.048667986;0.04593676;0.012822134
0.046691701;0.04593676;0.0049169962
0.048667986;0.047913045;0.0049169962
0.048667986;0.047913045;0.012822134
0.048667986;0.04593676;0.0049169962
0.048667986;0.04593676;0.012822134
0.048667986;0.04593676;0.0049169962
0.048667986;0.047913045;0.012822134
0.048667986;0.047913045;0.012822134
0.048667986;0.047913045;0.0049169962
0.048667986;0.047913045;0.012822134
0.048667986;0.047913045;0.012822134
0.048667986;0.047913045;0.0049169962
0.050644267;0.047913045;0.0049169962
0.050644267;0.047913045;0.0049169962
0.048667986;0.047913045;0.012822134
0.050644267;0.047913045;0.012822134
0.050644267;0.047913045;0.0049169962
0.050644267;0.047913045;0.0049169962
0.050644267;0.047913045;0.012822134
0.052620552;0.047913045;0.012822134
0.050644267;0.047913045;0.012822134
0.050644267;0.047913045;0.012822134
0.050644267;0.04988933;0.0049169962
0.050644267;0.047913045;0.012822134
0.050644267;0.047913045;0.0049169962
0.050644267;0.047913045;0.012822134
0.048667986;0.047913045;0.012822134
0.050644267;0.047913045;0.0049169962
0.050644267;0.04988933;0.0049169962
0.050644267;0.047913045;0.012822134
0.050644267;0.047913045;0.012822134
0.050644267;0.047913045;0.012822134
0.052620552;0.04988933;0.0049169962
0.052620552;0.04988933;0.0049169962
0.050644267;0.04988933;0.012822134
0.054596838;0.04988933;0.012822134
0.050644267;0.04988933;0.012822134
0.052620552;0.04988933;0.012822134
0.052620552;0.04988933;0.0049169962
0.052620552;0.051865611;0.012822134
0.052620552;0.04988933;0.012822134
0.052620552;0.04988933;0.012822134
0.054596838;0.04988933;0.012822134
0.052620552;0.04988933;0.012822134
0.052620552;0.04988933;0.0049169962
0.052620552;0.04988933;0.012822134
0.054596838;0.04988933;0.0049169962
0.054596838;0.04988933;0.012822134
0.054596838;0.04988933;0.012822134
0.054596838;0.051865611;0.0049169962
0.052620552;0.04988933;0.012822134
0.054596838;0.04988933;0.0049169962
0.054596838;0.051865611;0.0049169962
0.054596838;0.04988933;0.0049169962
0.054596838;0.051865611;0.0049169962
0.054596838;0.051865611;0.012822134
0.054596838;0.051865611;0.0049169962
0.054596838;0.051865611;0.0049169962
0.054596838;0.051865611;0.012822134
0.054596838;0.051865611;0.0049169962
0.054596838;0.051865611;0.0049169962
0.056573123;0.051865611;0.0049169962
0.054596838;0.051865611;0.012822134
0.054596838;0.051865611;0.0049169962
0.056573123;0.053841896;0.012822134
0.054596838;0.051865611;0.0049169962
0.056573123;0.051865611;0.0049169962
0.056573123;0.051865611;0.012822134
0.054596838;0.051865611;0.012822134
0.056573123;0.051865611;0.012822134
0.054596838;0.053841896;0.012822134
0.056573123;0.053841896;0.0049169962
0.054596838;0.051865611;0.0049169962
0.056573123;0.053841896;0.012822134
0.056573123;0.053841896;0.0049169962
0.056573123;0.053841896;0.0049169962
0.056573123;0.053841896;0.0049169962
0.056573123;0.053841896;0.012822134
0.056573123;0.053841896;0.0049169962
0.056573123;0.053841896;0.0049169962
0.056573123;0.055818181;0.0049169962
0.056573123;0.053841896;0.0049169962
0.056573123;0.053841896;0.012822134
0.058549408;0.053841896;0.0049169962
0.056573123;0.053841896;0.0049169962
0.056573123;0.051865611;0.012822134
0.056573123;0.053841896;0.0049169962
0.056573123;0.053841896;0.0049169962
0.056573123;0.053841896;0.012822134
0.056573123;0.053841896;0.012822134
0.056573123;0.053841896;0.012822134
0.056573123;0.053841896;0.0049169962
0.058549408;0.055818181;0.0049169962
0.058549408;0.055818181;0.012822134
0.058549408;0.055818181;0.0049169962
0.058549408;0.055818181;0.012822134
0.058549408;0.055818181;0.0049169962
0.058549408;0.055818181;0.012822134
0.058549408;0.053841896;0.012822134
0.058549408;0.055818181;0.0049169962
0.056573123;0.053841896;0.012822134
0.058549408;0.055818181;0.0049169962
0.060525693;0.055818181;0.0049169962
0.058549408;0.055818181;0.012822134
0.058549408;0.055818181;0.012822134
0.058549408;0.055818181;0.012822134
0.058549408;0.055818181;0.012822134
0.058549408;0.055818181;0.0049169962
0.060525693;0.057794467;0.0049169962
0.058549408;0.057794467;0.0049169962
0.058549408;0.057794467;0.012822134
0.060525693;0.057794467;0.012822134
0.060525693;0.057794467;0.0049169962
0.058549408;0.057794467;0.0049169962
0.058549408;0.057794467;0.012822134
0.060525693;0.057794467;0.012822134
0.060525693;0.057794467;0.012822134
0.060525693;0.055818181;0.012822134
0.060525693;0.057794467;0.0049169962
0.060525693;0.057794467;0.0049169962
0.060525693;0.057794467;0.012822134
0.060525693;0.057794467;0.012822134
0.060525693;0.057794467;0.012822134
0.060525693;0.057794467;0.0049169962
0.060525693;0.057794467;0.0049169962
0.060525693;0.057794467;0.0049169962
0.060525693;0.057794467;0.012822134
0.060525693;0.057794467;0.0049169962
0.060525693;0.057794467;0.0049169962
0.058549408;0.057794467;0.012822134
0.060525693;0.057794467;0.0049169962
0.060525693;0.057794467;0.012822134
0.060525693;0.057794467;0.0049169962
0.060525693;0.057794467;0.0049169962
0.060525693;0.057794467;0.012822134
0.060525693;0.057794467;0.0049169962
0.062501974;0.059770752;0.0049169962
0.060525693;0.059770752;0.0049169962
0.062501974;0.057794467;0.012822134
0.062501974;0.059770752;0.012822134
0.060525693;0.059770752;0.0049169962
0.062501974;0.059770752;0.012822134
0.062501974;0.059770752;0.012822134
0.062501974;0.059770752;0.0049169962
0.062501974;0.059770752;0.012822134
0.062501974;0.059770752;0.0049169962
0.062501974;0.057794467;0.0049169962
0.060525693;0.059770752;0.0049169962
0.064478263;0.057794467;0.0049169962
0.062501974;0.057794467;0.0049169962
0.062501974;0.059770752;0.012822134
0.062501974;0.059770752;0.012822134
0.062501974;0.059770752;0.012822134
0.062501974;0.059770752;0.0049169962
0.062501974;0.059770752;0.012822134
0.062501974;0.059770752;0.0049169962
0.062501974;0.059770752;0.012822134
0.064478263;0.059770752;0.012822134
0.064478263;0.059770752;0.0049169962
0.062501974;0.059770752;0.0049169962
0.064478263;0.059770752;0.0049169962
0.064478263;0.059770752;0.0049169962
0.062501974;0.059770752;0.012822134
0.062501974;0.059770752;0.012822134
0.064478263;0.059770752;0.012822134
0.062501974;0.061747037;0.012822134
0.062501974;0.059770752;0.0049169962
0.062501974;0.059770752;0.012822134
0.064478263;0.061747037;0.012822134
0.064478263;0.061747037;0.0049169962
0.064478263;0.061747037;0.012822134
0.064478263;0.061747037;0.0049169962
0.062501974;0.061747037;0.012822134
0.064478263;0.061747037;0.0049169962
0.064478263;0.061747037;0.0049169962
0.064478263;0.061747037;0.012822134
0.064478263;0.061747037;0.012822134
0.062501974;0.061747037;0.012822134
0.064478263;0.059770752;0.0049169962
0.064478263;0.061747037;0.0049169962
0.064478263;0.061747037;0.0049169962
0.064478263;0.061747037;0.0049169962
0.064478263;0.061747037;0.0049169962
0.064478263;0.061747037;0.0049169962
0.064478263;0.061747037;0.0049169962
0.064478263;0.061747037;0.0049169962
0.064478263;0.061747037;0.0049169962
0.064478263;0.063723318;0.012822134
0.064478263;0.061747037;0.0049169962
0.064478263;0.061747037;0.012822134
0.064478263;0.061747037;0.0049169962
0.064478263;0.061747037;0.012822134
0.066454545;0.061747037;0.0049169962
0.064478263;0.061747037;0.0049169962
0.064478263;0.061747037;0.0049169962
0.066454545;0.061747037;0.012822134
0.064478263;0.061747037;0.012822134
0.066454545;0.061747037;0.012822134
0.066454545;0.063723318;0.0049169962
0.064478263;0.061747037;0.012822134
0.066454545;0.063723318;0.012822134
0.066454545;0.063723318;0.0049169962
0.066454545;0.063723318;0.0049169962
0.066454545;0.063723318;0.0049169962
0.066454545;0.063723318;0.0049169962
0.066454545;0.065699607;0.0049169962
0.066454545;0.063723318;0.012822134
0.066454545;0.063723318;0.0049169962
0.066454545;0.063723318;0.012822134
0.066454545;0.063723318;0.0049169962
0.066454545;0.063723318;0.0049169962
0.066454545;0.063723318;0.0049169962
0.066454545;0.063723318;0.0049169962
0.066454545;0.061747037;0.012822134
0.066454545;0.063723318;0.012822134
0.066454545;0.063723318;0.0049169962
0.066454545;0.065699607;0.012822134
0.066454545;0.063723318;0.012822134
0.066454545;0.063723318;0.012822134
0.066454545;0.065699607;0.0049169962
0.066454545;0.063723318;0.0049169962
0.068430834;0.063723318;0.0049169962
0.066454545;0.063723318;0.0049169962
0.066454545;0.063723318;0.012822134
0.066454545;0.063723318;0.012822134
0.066454545;0.063723318;0.0049169962
0.066454545;0.065699607;0.012822134
0.066454545;0.063723318;0.0049169962
0.066454545;0.063723318;0.0049169962
0.066454545;0.065699607;0.0049169962
0.066454545;0.063723318;0.0049169962
0.066454545;0.065699607;0.012822134
0.066454545;0.063723318;0.012822134
0.068430834;0.063723318;0.0049169962
0.068430834;0.065699607;0.0049169962
0.066454545;0.065699607;0.0049169962
0.068430834;0.065699607;0.012822134
0.066454545;0.065699607;0.012822134
0.068430834;0.065699607;0.0049169962
0.068430834;0.065699607;0.012822134
0.068430834;0.065699607;0.0049169962
0.068430834;0.065699607;0.012822134
0.068430834;0.065699607;0.012822134
0.068430834;0.065699607;0.012822134
0.068430834;0.065699607;0.0049169962
0.066454545;0.065699607;0.012822134
0.068430834;0.065699607;0.0049169962
0.070407115;0.065699607;0.012822134
0.068430834;0.065699607;0.012822134
0.068430834;0.067675889;0.0049169962
0.068430834;0.065699607;0.0049169962
0.068430834;0.065699607;0.0049169962
0.068430834;0.065699607;0.0049169962
0.070407115;0.065699607;0.012822134
0.068430834;0.065699607;0.012822134
0.068430834;0.065699607;0.012822134
0.068430834;0.067675889;0.012822134
0.070407115;0.065699607;0.0049169962
0.068430834;0.065699607;0.012822134
0.070407115;0.067675889;0.0049169962
0.070407115;0.065699607;0.012822134
0.068430834;0.065699607;0.0049169962
0.070407115;0.067675889;0.012822134
0.068430834;0.067675889;0.0049169962
0.070407115;0.065699607;0.012822134
0.068430834;0.067675889;0.012822134
0.068430834;0.067675889;0.0049169962
0.070407115;0.065699607;0.0049169962
0.068430834;0.065699607;0.012822134
0.070407115;0.065699607;0.0049169962
0.070407115;0.067675889;0.012822134
0.068430834;0.067675889;0.0049169962
0.068430834;0.067675889;0.0049169962
0.070407115;0.067675889;0.012822134
0.068430834;0.067675889;0.012822134
0.070407115;0.067675889;0.0049169962
0.068430834;0.065699607;0.012822134
0.070407115;0.067675889;0.012822134
0.070407115;0.067675889;0.012822134
0.068430834;0.067675889;0.012822134
0.068430834;0.067675889;0.0049169962
0.068430834;0.067675889;0.0049169962
0.070407115;0.067675889;0.0049169962
0.070407115;0.067675889;0.012822134
0.068430834;0.065699607;0.012822134
0.070407115;0.067675889;0.012822134
0.070407115;0.067675889;0.0049169962
0.068430834;0.065699607;0.012822134
0.070407115;0.067675889;0.0049169962
0.070407115;0.067675889;0.012822134
0.070407115;0.067675889;0.0049169962
0.070407115;0.067675889;0.012822134
0.068430834;0.067675889;0.012822134
0.070407115;0.065699607;0.0049169962
0.070407115;0.067675889;0.0049169962
0.070407115;0.067675889;0.012822134
0.070407115;0.067675889;0.012822134
0.070407115;0.067675889;0.012822134
0.072383396;0.067675889;0.0049169962
0.070407115;0.067675889;0.0049169962
0.070407115;0.067675889;0.0049169962
0.070407115;0.067675889;0.012822134
0.070407115;0.067675889;0.012822134
0.070407115;0.067675889;0.012822134
0.070407115;0.067675889;0.0049169962
0.070407115;0.067675889;0.0049169962
0.070407115;0.067675889;0.0049169962
0.070407115;0.065699607;0.0049169962
0.070407115;0.067675889;0.0049169962
0.072383396;0.067675889;0.0049169962
0.070407115;0.067675889;0.012822134
0.070407115;0.069652177;0.012822134
0.070407115;0.067675889;0.012822134
0.070407115;0.067675889;0.0049169962
0.070407115;0.067675889;0.012822134
0.070407115;0.069652177;0.0049169962
0.070407115;0.067675889;0.012822134
0.070407115;0.067675889;0.012822134
0.072383396;0.067675889;0.0049169962
0.072383396;0.067675889;0.012822134
0.070407115;0.067675889;0.012822134
0.070407115;0.067675889;0.0049169962
0.070407115;0.069652177;0.0049169962
0.070407115;0.067675889;0.0049169962
0.070407115;0.069652177;0.012822134
0.072383396;0.067675889;0.0049169962
0.070407115;0.067675889;0.0049169962
0.070407115;0.067675889;0.012822134
0.070407115;0.069652177;0.012822134
0.072383396;0.069652177;0.012822134
0.070407115;0.069652177;0.0049169962
0.072383396;0.067675889;0.012822134
0.070407115;0.069652177;0.012822134
0.070407115;0.069652177;0.0049169962
0.070407115;0.069652177;0.0049169962
0.070407115;0.067675889;0.0049169962
0.070407115;0.067675889;0.012822134
0.072383396;0.069652177;0.0049169962
0.070407115;0.069652177;0.0049169962
0.070407115;0.067675889;0.012822134
0.070407115;0.069652177;0.012822134
0.072383396;0.067675889;0.012822134
0.072383396;0.067675889;0.012822134
0.070407115;0.069652177;0.012822134
0.072383396;0.067675889;0.0049169962
0.070407115;0.067675889;0.0049169962
0.072383396;0.067675889;0.012822134
0.072383396;0.067675889;0.0049169962
0.070407115;0.067675889;0.0049169962
0.072383396;0.067675889;0.012822134
0.072383396;0.067675889;0.012822134
0.072383396;0.069652177;0.0049169962
0.070407115;0.069652177;0.012822134
0.072383396;0.069652177;0.0049169962
0.072383396;0.067675889;0.0049169962
0.070407115;0.067675889;0.012822134
0.072383396;0.069652177;0.012822134
0.070407115;0.067675889;0.0049169962
0.072383396;0.067675889;0.012822134
0.070407115;0.067675889;0.012822134
0.072383396;0.069652177;0.012822134
0.072383396;0.067675889;0.012822134
0.070407115;0.067675889;0.0049169962
0.070407115;0.067675889;0.0049169962
0.072383396;0.069652177;0.012822134
0.072383396;0.069652177;0.0049169962
0.070407115;0.069652177;0.0049169962
0.072383396;0.069652177;0.0049169962
0.070407115;0.069652177;0.0049169962
0.072383396;0.069652177;0.0049169962
0.070407115;0.069652177;0.012822134
0.072383396;0.069652177;0.0049169962
0.070407115;0.069652177;0.0049169962
0.070407115;0.069652177;0.0049169962
0.072383396;0.069652177;0.012822134
0.070407115;0.069652177;0.012822134
0.070407115;0.069652177;0.0049169962
0.074359685;0.069652177;0.012822134
0.072383396;0.069652177;0.012822134
0.070407115;0.069652177;0.0049169962
0.072383396;0.069652177;0.012822134
0.070407115;0.069652177;0.0049169962
0.072383396;0.069652177;0.0049169962
0.072383396;0.069652177;0.0049169962
0.072383396;0.069652177;0.012822134
0.072383396;0.069652177;0.0049169962
0.072383396;0.071628459;0.012822134
0.072383396;0.069652177;0.012822134
0.072383396;0.069652177;0.0049169962
0.072383396;0.067675889;0.012822134
0.070407115;0.069652177;0.0049169962
0.072383396;0.069652177;0.0049169962
0.072383396;0.067675889;0.012822134
0.072383396;0.069652177;0.0049169962
0.070407115;0.069652177;0.0049169962
0.072383396;0.069652177;0.012822134
0.072383396;0.069652177;0.0049169962
0.072383396;0.069652177;0.0049169962
0.072383396;0.069652177;0.0049169962
0.072383396;0.069652177;0.012822134
0.072383396;0.069652177;0.0049169962
0.072383396;0.069652177;0.012822134
0.072383396;0.069652177;0.012822134
0.072383396;0.069652177;0.0049169962
0.072383396;0.067675889;0.012822134
0.070407115;0.069652177;0.0049169962
0.072383396;0.067675889;0.012822134
0.072383396;0.067675889;0.012822134
0.072383396;0.069652177;0.012822134
0.072383396;0.069652177;0.012822134
0.072383396;0.067675889;0.012822134
0.072383396;0.069652177;0.012822134
0.072383396;0.069652177;0.012822134
0.072383396;0.067675889;0.0049169962
0.070407115;0.069652177;0.0049169962
0.072383396;0.069652177;0.012822134
0.072383396;0.069652177;0.0049169962
0.072383396;0.069652177;0.0049169962
0.070407115;0.067675889;0.0049169962
0.072383396;0.067675889;0.012822134
0.070407115;0.069652177;0.012822134
0.072383396;0.069652177;0.012822134
0.072383396;0.067675889;0.012822134
0.072383396;0.067675889;0.012822134
0.070407115;0.067675889;0.012822134
0.070407115;0.067675889;0.0049169962
0.072383396;0.069652177;0.012822134
0.072383396;0.069652177;0.0049169962
0.072383396;0.069652177;0.0049169962
0.072383396;0.069652177;0.012822134
0.070407115;0.069652177;0.0049169962
0.072383396;0.069652177;0.0049169962
0.072383396;0.069652177;0.012822134
0.072383396;0.069652177;0.0049169962
0.072383396;0.069652177;0.012822134
0.072383396;0.067675889;0.012822134
0.072383396;0.069652177;0.0049169962
0.072383396;0.069652177;0.0049169962
0.072383396;0.067675889;0.012822134
0.072383396;0.067675889;0.012822134
0.072383396;0.069652177;0.0049169962
0.070407115;0.069652177;0.012822134
0.072383396;0.069652177;0.012822134
0.072383396;0.069652177;0.012822134
0.072383396;0.069652177;0.012822134
0.072383396;0.069652177;0.0049169962
0.070407115;0.069652177;0.012822134
0.072383396;0.069652177;0.0049169962
0.072383396;0.067675889;0.012822134
0.070407115;0.069652177;0.0049169962
0.072383396;0.069652177;0.012822134
0.070407115;0.067675889;0.012822134
0.070407115;0.069652177;0.0049169962
0.072383396;0.069652177;0.0049169962
0.072383396;0.067675889;0.012822134
0.072383396;0.069652177;0.0049169962
0.070407115;0.069652177;0.0049169962
0.070407115;0.069652177;0.0049169962
0.070407115;0.069652177;0.0049169962
0.070407115;0.069652177;0.012822134
0.070407115;0.067675889;0.0049169962
0.072383396;0.069652177;0.0049169962
0.072383396;0.069652177;0.012822134
0.072383396;0.067675889;0.012822134
0.070407115;0.069652177;0.0049169962
0.070407115;0.069652177;0.012822134
0.070407115;0.067675889;0.0049169962
0.070407115;0.067675889;0.012822134
0.070407115;0.067675889;0.012822134
0.070407115;0.067675889;0.0049169962
0.072383396;0.067675889;0.012822134
0.070407115;0.069652177;0.0049169962
0.070407115;0.069652177;0.012822134
0.070407115;0.067675889;0.0049169962
0.070407115;0.069652177;0.0049169962
0.072383396;0.069652177;0.012822134
0.070407115;0.069652177;0.012822134
0.070407115;0.067675889;0.0049169962
0.070407115;0.067675889;0.012822134
0.070407115;0.067675889;0.0049169962
0.070407115;0.067675889;0.0049169962
0.070407115;0.067675889;0.0049169962
0.072383396;0.067675889;0.0049169962
0.070407115;0.067675889;0.0049169962
0.070407115;0.067675889;0.012822134
0.070407115;0.067675889;0.012822134
0.070407115;0.067675889;0.0049169962
0.070407115;0.067675889;0.0049169962
0.070407115;0.067675889;0.0049169962
0.072383396;0.067675889;0.012822134
0.070407115;0.067675889;0.0049169962
0.070407115;0.067675889;0.012822134
0.072383396;0.067675889;0.0049169962
0.070407115;0.067675889;0.012822134
0.070407115;0.069652177;0.0049169962
0.072383396;0.069652177;0.0049169962
0.070407115;0.069652177;0.012822134
0.070407115;0.067675889;0.012822134
0.070407115;0.067675889;0.012822134
0.070407115;0.067675889;0.0049169962
0.072383396;0.067675889;0.0049169962
0.070407115;0.067675889;0.012822134
0.070407115;0.067675889;0.0049169962
0.070407115;0.067675889;0.012822134
0.070407115;0.067675889;0.012822134
0.070407115;0.067675889;0.0049169962
0.070407115;0.067675889;0.012822134
0.070407115;0.067675889;0.0049169962
0.070407115;0.067675889;0.0049169962
0.070407115;0.067675889;0.0049169962
0.072383396;0.067675889;0.0049169962
0.070407115;0.067675889;0.012822134
0.068430834;0.067675889;0.0049169962
0.070407115;0.067675889;0.0049169962
0.070407115;0.067675889;0.0049169962
0.070407115;0.067675889;0.012822134
0.070407115;0.067675889;0.0049169962
0.070407115;0.067675889;0.0049169962
0.070407115;0.067675889;0.0049169962
0.068430834;0.067675889;0.012822134
0.070407115;0.067675889;0.0049169962
0.070407115;0.067675889;0.012822134
0.070407115;0.067675889;0.012822134
0.070407115;0.067675889;0.0049169962
0.068430834;0.067675889;0.0049169962
0.070407115;0.067675889;0.0049169962
0.068430834;0.067675889;0.0049169962
0.070407115;0.067675889;0.012822134
0.070407115;0.067675889;0.012822134
0.070407115;0.067675889;0.0049169962
0.070407115;0.065699607;0.0049169962
0.070407115;0.067675889;0.0049169962
0.068430834;0.065699607;0.012822134
0.070407115;0.065699607;0.012822134
0.068430834;0.067675889;0.012822134
0.068430834;0.067675889;0.0049169962
0.068430834;0.067675889;0.012822134
0.070407115;0.067675889;0.012822134
0.070407115;0.067675889;0.012822134
0.068430834;0.067675889;0.012822134
0.068430834;0.065699607;0.0049169962
0.070407115;0.067675889;0.0049169962
0.070407115;0.067675889;0.0049169962
0.070407115;0.067675889;0.0049169962
0.068430834;0.065699607;0.0049169962
0.068430834;0.067675889;0.0049169962
0.068430834;0.067675889;0.0049169962
0.068430834;0.065699607;0.0049169962
0.070407115;0.065699607;0.0049169962
0.068430834;0.065699607;0.0049169962
0.068430834;0.067675889;0.012822134
0.068430834;0.065699607;0.012822134
0.068430834;0.065699607;0.012822134
0.068430834;0.065699607;0.0049169962
0.070407115;0.065699607;0.012822134
0.066454545;0.067675889;0.0049169962
0.068430834;0.065699607;0.012822134
0.068430834;0.067675889;0.012822134
0.068430834;0.065699607;0.0049169962
0.068430834;0.065699607;0.0049169962
0.068430834;0.065699607;0.012822134
0.068430834;0.065699607;0.0049169962
0.066454545;0.067675889;0.0049169962
0.068430834;0.065699607;0.012822134
0.066454545;0.065699607;0.012822134
0.066454545;0.065699607;0.012822134
0.066454545;0.065699607;0.012822134
0.068430834;0.065699607;0.0049169962
0.068430834;0.065699607;0.0049169962
0.068430834;0.063723318;0.0049169962
0.068430834;0.065699607;0.0049169962
0.066454545;0.065699607;0.0049169962
0.066454545;0.065699607;0.012822134
0.068430834;0.065699607;0.0049169962
0.068430834;0.065699607;0.0049169962
0.066454545;0.065699607;0.012822134
0.066454545;0.065699607;0.0049169962
0.066454545;0.063723318;0.0049169962
0.066454545;0.065699607;0.012822134
0.066454545;0.065699607;0.0049169962
0.068430834;0.065699607;0.0049169962
0.068430834;0.065699607;0.012822134
0.068430834;0.065699607;0.012822134
0.066454545;0.065699607;0.012822134
0.068430834;0.063723318;0.012822134
0.066454545;0.063723318;0.0049169962
0.068430834;0.063723318;0.012822134
0.066454545;0.065699607;0.0049169962
0.066454545;0.063723318;0.0049169962
0.066454545;0.063723318;0.0049169962
0.066454545;0.063723318;0.0049169962
0.066454545;0.063723318;0.0049169962
0.066454545;0.063723318;0.012822134
0.066454545;0.065699607;0.012822134
0.068430834;0.065699607;0.012822134
0.066454545;0.065699607;0.0049169962
0.066454545;0.065699607;0.0049169962
0.064478263;0.063723318;0.012822134
0.066454545;0.063723318;0.0049169962
0.064478263;0.063723318;0.012822134
0.066454545;0.063723318;0.012822134
0.066454545;0.063723318;0.012822134
0.066454545;0.063723318;0.0049169962
0.064478263;0.063723318;0.012822134
0.066454545;0.063723318;0.012822134
0.066454545;0.063723318;0.012822134
0.066454545;0.063723318;0.0049169962
0.066454545;0.065699607;0.0049169962
0.064478263;0.065699607;0.0049169962
0.066454545;0.063723318;0.0049169962
0.066454545;0.063723318;0.0049169962
0.064478263;0.063723318;0.0049169962
0.064478263;0.063723318;0.012822134
0.064478263;0.063723318;0.012822134
0.066454545;0.063723318;0.0049169962
0.064478263;0.063723318;0.012822134
0.064478263;0.061747037;0.0049169962
0.062501974;0.061747037;0.012822134
0.064478263;0.063723318;0.012822134
0.064478263;0.063723318;0.0049169962
0.064478263;0.063723318;0.012822134
0.064478263;0.063723318;0.012822134
0.064478263;0.061747037;0.0049169962
0.064478263;0.063723318;0.0049169962
0.064478263;0.061747037;0.0049169962
0.064478263;0.061747037;0.0049169962
0.064478263;0.061747037;0.0049169962
0.066454545;0.061747037;0.0049169962
0.064478263;0.061747037;0.012822134
0.064478263;0.061747037;0.012822134
0.064478263;0.061747037;0.0049169962
0.064478263;0.061747037;0.012822134
0.062501974;0.061747037;0.012822134
0.064478263;0.061747037;0.012822134
0.064478263;0.061747037;0.012822134
0.064478263;0.061747037;0.0049169962
0.064478263;0.059770752;0.0049169962
0.064478263;0.059770752;0.0049169962
0.064478263;0.061747037;0.012822134
0.064478263;0.061747037;0.0049169962
0.064478263;0.061747037;0.012822134
0.064478263;0.061747037;0.012822134
0.062501974;0.061747037;0.0049169962
0.062501974;0.059770752;0.0049169962
0.062501974;0.061747037;0.012822134
0.062501974;0.059770752;0.012822134
0.064478263;0.059770752;0.0049169962
0.062501974;0.059770752;0.0049169962
0.062501974;0.061747037;0.012822134
0.062501974;0.059770752;0.012822134
0.062501974;0.061747037;0.012822134
0.062501974;0.059770752;0.012822134
0.062501974;0.059770752;0.0049169962
0.062501974;0.059770752;0.0049169962
0.062501974;0.059770752;0.012822134
0.062501974;0.059770752;0.0049169962
0.062501974;0.059770752;0.0049169962
0.062501974;0.059770752;0.012822134
0.062501974;0.061747037;0.0049169962
0.060525693;0.061747037;0.0049169962
0.062501974;0.061747037;0.012822134
0.062501974;0.059770752;0.0049169962
0.062501974;0.059770752;0.0049169962
0.060525693;0.059770752;0.012822134
0.062501974;0.059770752;0.012822134
0.062501974;0.059770752;0.012822134
0.062501974;0.059770752;0.0049169962
0.062501974;0.059770752;0.012822134
0.062501974;0.057794467;0.0049169962
0.062501974;0.057794467;0.0049169962
0.062501974;0.059770752;0.012822134
0.062501974;0.059770752;0.012822134
0.060525693;0.059770752;0.012822134
0.060525693;0.057794467;0.0049169962
0.062501974;0.057794467;0.0049169962
0.062501974;0.059770752;0.0049169962
0.060525693;0.057794467;0.012822134
0.060525693;0.059770752;0.0049169962
0.060525693;0.057794467;0.0049169962
0.060525693;0.057794467;0.0049169962
0.060525693;0.057794467;0.0049169962
0.060525693;0.057794467;0.0049169962
0.060525693;0.059770752;0.0049169962
0.062501974;0.057794467;0.012822134
0.060525693;0.057794467;0.012822134
0.060525693;0.057794467;0.012822134
0.060525693;0.057794467;0.012822134
0.060525693;0.057794467;0.0049169962
0.058549408;0.057794467;0.012822134
0.058549408;0.057794467;0.012822134
0.058549408;0.057794467;0.0049169962
0.058549408;0.057794467;0.0049169962
0.058549408;0.057794467;0.012822134
0.058549408;0.055818181;0.012822134
0.058549408;0.057794467;0.012822134
0.058549408;0.057794467;0.0049169962
0.058549408;0.057794467;0.0049169962
0.056573123;0.057794467;0.012822134
0.060525693;0.055818181;0.0049169962
0.058549408;0.057794467;0.012822134
0.058549408;0.057794467;0.0049169962
0.058549408;0.055818181;0.012822134
0.058549408;0.055818181;0.0049169962
0.058549408;0.057794467;0.0049169962
0.058549408;0.055818181;0.012822134
0.058549408;0.055818181;0.0049169962
0.056573123;0.055818181;0.012822134
0.058549408;0.055818181;0.0049169962
0.058549408;0.055818181;0.012822134
0.058549408;0.055818181;0.012822134
0.058549408;0.055818181;0.012822134
0.058549408;0.057794467;0.0049169962
0.056573123;0.055818181;0.012822134
0.058549408;0.055818181;0.0049169962
0.058549408;0.055818181;0.012822134
0.056573123;0.053841896;0.0049169962
0.056573123;0.057794467;0.0049169962
0.058549408;0.055818181;0.0049169962
0.058549408;0.055818181;0.0049169962
0.056573123;0.055818181;0.012822134
0.056573123;0.055818181;0.0049169962
0.056573123;0.055818181;0.012822134
0.056573123;0.053841896;0.0049169962
0.056573123;0.055818181;0.012822134
0.056573123;0.053841896;0.012822134
0.056573123;0.053841896;0.012822134
0.056573123;0.053841896;0.0049169962
0.056573123;0.053841896;0.012822134
0.056573123;0.053841896;0.0049169962
0.056573123;0.053841896;0.012822134
0.054596838;0.055818181;0.0049169962
0.056573123;0.051865611;0.012822134
0.054596838;0.053841896;0.0049169962
0.056573123;0.053841896;0.012822134
0.054596838;0.053841896;0.0049169962
0.056573123;0.053841896;0.0049169962
0.054596838;0.053841896;0.0049169962
0.056573123;0.053841896;0.012822134
0.054596838;0.053841896;0.0049169962
0.054596838;0.051865611;0.0049169962
0.054596838;0.053841896;0.0049169962
0.056573123;0.051865611;0.0049169962
0.056573123;0.053841896;0.0049169962
0.054596838;0.053841896;0.012822134
0.054596838;0.051865611;0.012822134
0.054596838;0.051865611;0.0049169962
0.054596838;0.051865611;0.012822134
0.054596838;0.051865611;0.0049169962
0.054596838;0.051865611;0.012822134
0.054596838;0.053841896;0.0049169962
0.052620552;0.051865611;0.012822134
0.054596838;0.051865611;0.0049169962
0.054596838;0.051865611;0.0049169962
0.052620552;0.051865611;0.012822134
0.052620552;0.051865611;0.0049169962
0.054596838;0.051865611;0.012822134
0.054596838;0.04988933;0.0049169962
0.054596838;0.04988933;0.0049169962
0.052620552;0.051865611;0.0049169962
0.052620552;0.04988933;0.012822134
0.054596838;0.051865611;0.0049169962
0.052620552;0.051865611;0.012822134
0.052620552;0.04988933;0.012822134
0.052620552;0.04988933;0.012822134
0.052620552;0.04988933;0.012822134
0.052620552;0.04988933;0.012822134
0.052620552;0.04988933;0.012822134
0.052620552;0.04988933;0.012822134
0.052620552;0.04988933;0.0049169962
0.050644267;0.04988933;0.0049169962
0.052620552;0.04988933;0.012822134
0.052620552;0.04988933;0.0049169962
0.052620552;0.04988933;0.0049169962
0.052620552;0.04988933;0.0049169962
0.052620552;0.04988933;0.012822134
0.050644267;0.04988933;0.0049169962
0.050644267;0.04988933;0.012822134
0.052620552;0.04988933;0.0049169962
0.052620552;0.04988933;0.0049169962
0.050644267;0.047913045;0.012822134
0.052620552;0.047913045;0.012822134
0.050644267;0.047913045;0.0049169962
0.050644267;0.047913045;0.012822134
0.052620552;0.047913045;0.0049169962
0.050644267;0.04988933;0.0049169962
0.050644267;0.04988933;0.012822134
0.050644267;0.047913045;0.012822134
0.048667986;0.047913045;0.012822134
0.048667986;0.04988933;0.012822134
0.048667986;0.047913045;0.0049169962
0.048667986;0.047913045;0.0049169962
0.048667986;0.047913045;0.0049169962
0.050644267;0.047913045;0.0049169962
0.048667986;0.047913045;0.012822134
0.048667986;0.047913045;0.0049169962
0.048667986;0.047913045;0.012822134
0.048667986;0.047913045;0.0049169962
0.050644267;0.047913045;0.0049169962
0.048667986;0.047913045;0.0049169962
0.048667986;0.047913045;0.0049169962
0.048667986;0.04593676;0.0049169962
0.048667986;0.04593676;0.0049169962
0.048667986;0.047913045;0.012822134
0.048667986;0.047913045;0.012822134
0.048667986;0.047913045;0.0049169962
0.048667986;0.047913045;0.012822134
0.048667986;0.04593676;0.0049169962
0.048667986;0.047913045;0.0049169962
0.048667986;0.04593676;0.0049169962
0.048667986;0.047913045;0.012822134
0.046691701;0.047913045;0.0049169962
0.046691701;0.047913045;0.0049169962
0.046691701;0.04593676;0.0049169962
0.048667986;0.04593676;0.0049169962
0.046691701;0.04593676;0.0049169962
0.046691701;0.04593676;0.012822134
0.046691701;0.04593676;0.012822134
0.044715416;0.04593676;0.012822134
0.046691701;0.04593676;0.0049169962
0.046691701;0.04593676;0.0049169962
0.046691701;0.043960474;0.012822134
0.046691701;0.043960474;0.0049169962
0.046691701;0.04593676;0.0049169962
0.048667986;0.04593676;0.0049169962
0.046691701;0.04593676;0.012822134
0.046691701;0.04593676;0.0049169962
0.046691701;0.04593676;0.012822134
0.046691701;0.04593676;0.0049169962
0.046691701;0.043960474;0.012822134
0.044715416;0.043960474;0.012822134
0.046691701;0.043960474;0.012822134
0.046691701;0.043960474;0.0049169962
0.046691701;0.043960474;0.012822134
0.046691701;0.043960474;0.012822134
0.044715416;0.041984189;0.0049169962
0.044715416;0.04593676;0.0049169962
0.044715416;0.043960474;0.012822134
0.046691701;0.043960474;0.0049169962
0.044715416;0.043960474;0.0049169962
0.044715416;0.041984189;0.012822134
0.044715416;0.043960474;0.0049169962
0.044715416;0.043960474;0.0049169962
0.044715416;0.041984189;0.0049169962
0.044715416;0.043960474;0.012822134
0.042739131;0.041984189;0.012822134
0.044715416;0.041984189;0.0049169962
0.044715416;0.041984189;0.0049169962
0.044715416;0.041984189;0.0049169962
0.044715416;0.041984189;0.012822134
0.042739131;0.041984189;0.0049169962
0.042739131;0.041984189;0.0049169962
0.042739131;0.041984189;0.012822134
0.042739131;0.041984189;0.012822134
0.042739131;0.041984189;0.0049169962
0.042739131;0.041984189;0.0049169962
0.042739131;0.041984189;0.012822134
0.042739131;0.041984189;0.0049169962
0.042739131;0.041984189;0.0049169962
0.042739131;0.041984189;0.0049169962
0.042739131;0.041984189;0.012822134
0.042739131;0.041984189;0.0049169962
0.042739131;0.040007904;0.012822134
0.042739131;0.041984189;0.0049169962
0.042739131;0.041984189;0.0049169962
0.042739131;0.041984189;0.012822134
0.042739131;0.040007904;0.0049169962
0.040762845;0.040007904;0.0049169962
0.040762845;0.040007904;0.012822134
0.042739131;0.041984189;0.0049169962
0.040762845;0.040007904;0.012822134
0.040762845;0.040007904;0.0049169962
0.042739131;0.040007904;0.0049169962
0.040762845;0.040007904;0.0049169962
0.040762845;0.040007904;0.0049169962
0.040762845;0.040007904;0.012822134
0.040762845;0.040007904;0.012822134
0.040762845;0.040007904;0.012822134
0.040762845;0.040007904;0.012822134
0.040762845;0.040007904;0.012822134
0.040762845;0.038031619;0.0049169962
0.040762845;0.038031619;0.0049169962
0.03878656;0.040007904;0.012822134
0.040762845;0.038031619;0.012822134
0.040762845;0.040007904;0.0049169962
0.040762845;0.040007904;0.0049169962
0.03878656;0.038031619;0.012822134
0.040762845;0.038031619;0.0049169962
0.040762845;0.038031619;0.012822134
0.03878656;0.038031619;0.012822134
0.03878656;0.038031619;0.012822134
0.03878656;0.040007904;0.0049169962
0.03878656;0.038031619;0.012822134
0.03878656;0.038031619;0.0049169962
0.03878656;0.038031619;0.0049169962
0.03878656;0.038031619;0.012822134
0.03878656;0.036055338;0.012822134
0.03878656;0.038031619;0.012822134
0.03878656;0.038031619;0.012822134
0.036810275;0.038031619;0.0049169962
0.03878656;0.038031619;0.012822134
0.036810275;0.038031619;0.012822134
0.03878656;0.038031619;0.012822134
0.03878656;0.036055338;0.012822134
0.036810275;0.038031619;0.0049169962
0.03878656;0.036055338;0.012822134
0.03878656;0.036055338;0.0049169962
0.03878656;0.036055338;0.0049169962
0.03878656;0.036055338;0.012822134
0.036810275;0.036055338;0.0049169962
0.03878656;0.036055338;0.0049169962
0.034833994;0.036055338;0.012822134
0.036810275;0.036055338;0.0049169962
0.036810275;0.036055338;0.0049169962
0.034833994;0.036055338;0.012822134
0.036810275;0.034079053;0.0049169962
0.036810275;0.036055338;0.012822134
0.034833994;0.034079053;0.0049169962
0.034833994;0.036055338;0.012822134
0.034833994;0.034079053;0.0049169962
0.036810275;0.036055338;0.0049169962
0.036810275;0.036055338;0.0049169962
0.034833994;0.034079053;0.012822134
0.034833994;0.034079053;0.0049169962
0.036810275;0.034079053;0.0049169962
0.034833994;0.034079053;0.0049169962
0.034833994;0.034079053;0.0049169962
0.034833994;0.034079053;0.012822134
0.034833994;0.034079053;0.0049169962
0.034833994;0.034079053;0.0049169962
0.032857709;0.034079053;0.012822134
0.034833994;0.034079053;0.012822134
0.034833994;0.034079053;0.012822134
0.032857709;0.034079053;0.012822134
0.032857709;0.034079053;0.0049169962
0.032857709;0.034079053;0.0049169962
0.036810275;0.034079053;0.012822134
0.034833994;0.034079053;0.0049169962
0.032857709;0.032102767;0.012822134
0.032857709;0.032102767;0.0049169962
0.032857709;0.032102767;0.0049169962
0.032857709;0.032102767;0.0049169962
0.032857709;0.032102767;0.0049169962
0.034833994;0.032102767;0.0049169962
0.032857709;0.034079053;0.012822134
0.032857709;0.032102767;0.012822134
0.032857709;0.034079053;0.0049169962
0.032857709;0.032102767;0.012822134
0.030881424;0.032102767;0.012822134
0.032857709;0.034079053;0.012822134
0.030881424;0.032102767;0.0049169962
0.032857709;0.032102767;0.0049169962
0.032857709;0.034079053;0.012822134
0.032857709;0.032102767;0.012822134
0.032857709;0.030126482;0.0049169962
0.030881424;0.032102767;0.0049169962
0.032857709;0.032102767;0.012822134
0.030881424;0.030126482;0.012822134
0.030881424;0.032102767;0.0049169962
0.030881424;0.030126482;0.012822134
0.030881424;0.030126482;0.0049169962
0.030881424;0.030126482;0.012822134
0.030881424;0.030126482;0.0049169962
0.030881424;0.030126482;0.012822134
0.030881424;0.030126482;0.0049169962
0.030881424;0.030126482;0.0049169962
0.030881424;0.030126482;0.0049169962
0.030881424;0.030126482;0.012822134
0.030881424;0.030126482;0.0049169962
0.028905138;0.030126482;0.012822134
0.028905138;0.030126482;0.0049169962
0.028905138;0.030126482;0.0049169962
0.028905138;0.028150197;0.0049169962
0.028905138;0.030126482;0.0049169962
0.028905138;0.030126482;0.012822134
0.028905138;0.028150197;0.0049169962
0.028905138;0.028150197;0.012822134
0.028905138;0.030126482;0.0049169962
0.026928853;0.028150197;0.0049169962
0.028905138;0.030126482;0.012822134
0.028905138;0.028150197;0.0049169962
0.026928853;0.028150197;0.012822134
0.026928853;0.026173914;0.012822134
0.028905138;0.028150197;0.0049169962
0.028905138;0.028150197;0.012822134
0.028905138;0.028150197;0.012822134
0.026928853;0.026173914;0.012822134
0.026928853;0.026173914;0.0049169962
0.026928853;0.028150197;0.0049169962
0.026928853;0.026173914;0.0049169962
0.026928853;0.028150197;0.0049169962
0.026928853;0.026173914;0.0049169962
0.026928853;0.026173914;0.012822134
0.02495257;0.026173914;0.012822134
0.026928853;0.024197629;0.012822134
0.026928853;0.026173914;0.012822134
0.02495257;0.026173914;0.0049169962
0.026928853;0.026173914;0.012822134
0.026928853;0.026173914;0.0049169962
0.02495257;0.024197629;0.0049169962
0.02495257;0.026173914;0.0049169962
0.026928853;0.026173914;0.012822134
0.02495257;0.024197629;0.0049169962
0.02495257;0.024197629;0.0049169962
0.02495257;0.026173914;0.0049169962
0.02495257;0.024197629;0.0049169962
0.02495257;0.024197629;0.012822134
0.02495257;0.026173914;0.0049169962
0.02495257;0.026173914;0.0049169962
0.02495257;0.024197629;0.0049169962
0.022976285;0.024197629;0.012822134
0.02495257;0.024197629;0.0049169962
0.02495257;0.024197629;0.012822134
0.02495257;0.024197629;0.012822134
0.02495257;0.024197629;0.0049169962
0.022976285;0.022221344;0.0049169962
0.022976285;0.024197629;0.012822134
0.021;0.024197629;0.0049169962
0.022976285;0.022221344;0.012822134
0.022976285;0.022221344;0.0049169962
0.021;0.022221344;0.0049169962
0.022976285;0.022221344;0.012822134
0.022976285;0.022221344;0.0049169962
0.022976285;0.022221344;0.012822134
0.022976285;0.022221344;0.012822134
0.022976285;0.024197629;0.0049169962
0.021;0.022221344;0.0049169962
0.022976285;0.022221344;0.0049169962
0.022976285;0.022221344;0.0049169962
0.021;0.020245058;0.0049169962
0.022976285;0.022221344;0.0049169962
0.022976285;0.022221344;0.0049169962
0.022976285;0.022221344;0.012822134
0.021;0.022221344;0.012822134
0.021;0.022221344;0.0049169962
0.022976285;0.022221344;0.0049169962
0.021;0.020245058;0.0049169962
0.022976285;0.020245058;0.0049169962
0.021;0.020245058;0.0049169962
0.021;0.020245058;0.0049169962
0.021;0.020245058;0.0049169962
0.021;0.022221344;0.012822134
0.021;0.020245058;0.0049169962
0.021;0.020245058;0.012822134
0.021;0.020245058;0.012822134
0.021;0.020245058;0.0049169962
0.021;0.020245058;0.012822134
0.021;0.020245058;0.0049169962
0.019023715;0.018268775;0.012822134
0.019023715;0.018268775;0.012822134
0.019023715;0.020245058;0.0049169962
0.019023715;0.018268775;0.0049169962
0.019023715;0.018268775;0.0049169962
0.019023715;0.020245058;0.012822134
0.019023715;0.020245058;0.012822134
0.019023715;0.020245058;0.0049169962
0.019023715;0.020245058;0.0049169962
0.019023715;0.018268775;0.0049169962
0.019023715;0.020245058;0.0049169962
0.017047431;0.018268775;0.0049169962
0.017047431;0.018268775;0.0049169962
0.017047431;0.018268775;0.012822134
0.019023715;0.018268775;0.012822134
0.017047431;0.018268775;0.0049169962
0.017047431;0.018268775;0.012822134
0.017047431;0.018268775;0.012822134
0.017047431;0.018268775;0.012822134
0.017047431;0.018268775;0.012822134
0.017047431;0.01629249;0.012822134
0.017047431;0.01629249;0.0049169962
0.017047431;0.01629249;0.0049169962
0.017047431;0.018268775;0.0049169962
0.015071146;0.01629249;0.012822134
0.015071146;0.018268775;0.0049169962
0.017047431;0.01629249;0.0049169962
0.015071146;0.01629249;0.0049169962
0.017047431;0.01629249;0.012822134
0.017047431;0.01629249;0.0049169962
0.015071146;0.01629249;0.012822134
0.017047431;0.01629249;0.0049169962
0.017047431;0.01629249;0.012822134
0.015071146;0.01629249;0.012822134
0.015071146;0.014316206;0.012822134
0.015071146;0.01629249;0.0049169962
0.015071146;0.014316206;0.0049169962
0.015071146;0.01629249;0.012822134
0.015071146;0.014316206;0.0049169962
0.015071146;0.014316206;0.012822134
0.015071146;0.01629249;0.0049169962
0.017047431;0.014316206;0.012822134
0.015071146;0.014316206;0.012822134
0.015071146;0.014316206;0.0049169962
0.015071146;0.014316206;0.012822134
0.015071146;0.014316206;0.0049169962
0.015071146;0.014316206;0.012822134
0.013094862;0.012339921;0.0049169962
0.015071146;0.012339921;0.0049169962
0.015071146;0.014316206;0.0049169962
0.013094862;0.012339921;0.0049169962
0.015071146;0.012339921;0.012822134
0.015071146;0.014316206;0.0049169962
0.015071146;0.014316206;0.0049169962
0.013094862;0.014316206;0.012822134
0.015071146;0.012339921;0.012822134
0.013094862;0.012339921;0.012822134
0.013094862;0.012339921;0.012822134
0.013094862;0.012339921;0.012822134
0.013094862;0.012339921;0.0049169962
0.013094862;0.012339921;0.012822134
0.011118577;0.012339921;0.012822134
0.011118577;0.012339921;0.0049169962
0.011118577;0.012339921;0.0049169962
0.011118577;0.012339921;0.012822134
0.011118577;0.012339921;0.0049169962
0.011118577;0.012339921;0.0049169962
0.011118577;0.010363637;0.0049169962
0.011118577;0.012339921;0.0049169962
0.0091422927;0.010363637;0.012822134
0.0091422927;0.010363637;0.0049169962
0.011118577;0.010363637;0.0049169962
0.011118577;0.012339921;0.0049169962
0.011118577;0.010363637;0.0049169962
0.011118577;0.010363637;0.0049169962
0.011118577;0.012339921;0.0049169962
0.0091422927;0.010363637;0.012822134
0.011118577;0.010363637;0.0049169962
0.011118577;0.010363637;0.012822134
0.0091422927;0.010363637;0.012822134
0.007166008;0.010363637;0.0049169962
0.011118577;0.010363637;0.0049169962
0.011118577;0.010363637;0.0049169962
0.011118577;0.010363637;0.012822134
0.0091422927;0.010363637;0.012822134
0.011118577;0.0083873514;0.0049169962
0.0091422927;0.010363637;0.012822134
0.0091422927;0.010363637;0.0049169962
0.0091422927;0.010363637;0.012822134
0.0091422927;0.0083873514;0.012822134
0.007166008;0.0083873514;0.012822134
0.0091422927;0.0083873514;0.012822134
0.0091422927;0.010363637;0.012822134
0.0091422927;0.0083873514;0.0049169962
0.007166008;0.0083873514;0.012822134
0.007166008;0.0083873514;0.0049169962
0.007166008;0.0083873514;0.0049169962
0.0091422927;0.0083873514;0.012822134
0.007166008;0.0083873514;0.012822134
0.007166008;0.0083873514;0.0049169962
0.007166008;0.0083873514;0.0049169962
0.0091422927;0.0083873514;0.012822134
0.0051897233;0.0083873514;0.012822134
0.007166008;0.0064110672;0.012822134
0.007166008;0.0083873514;0.012822134
0.007166008;0.0064110672;0.012822134
0.007166008;0.0064110672;0.012822134
0.0051897233;0.0083873514;0.0049169962
0.0051897233;0.0083873514;0.012822134
0.007166008;0.0064110672;0.012822134
0.0051897233;0.0083873514;0.012822134
0.0051897233;0.0064110672;0.012822134
0.0051897233;0.0064110672;0.0049169962
0.0051897233;0.0064110672;0.0049169962
0.0051897233;0.0064110672;0.0049169962
0.0051897233;0.0083873514;0.0049169962
0.0051897233;0.0044347825;0.012822134
0.0051897233;0.0064110672;0.0049169962
0.0051897233;0.0044347825;0.012822134
0.0051897233;0.0064110672;0.0049169962
0.0051897233;0.0044347825;0.012822134
0.0051897233;0.0044347825;0.0049169962
0.0051897233;0.0044347825;0.012822134
0.0051897233;0.0044347825;0.0049169962
0.0051897233;0.0044347825;0.0049169962
0.0051897233;0.0064110672;0.0049169962
0.0032134387;0.0044347825;0.012822134
0.0051897233;0.0044347825;0.0049169962
0.0051897233;0.0024584981;0.012822134
0.0032134387;0.0044347825;0.0049169962
0.0032134387;0.0044347825;0.012822134
0.0032134387;0.0044347825;0.0049169962
0.0032134387;0.0064110672;0.012822134
0.0032134387;0.0044347825;0.012822134
0.0032134387;0.0044347825;0.0049169962
0.0051897233;0.0044347825;0.0049169962
0.0032134387;0.0044347825;0.012822134
0.0012371541;0.0024584981;0.012822134
0.0012371541;0.0024584981;0.0049169962
0.0032134387;0.0024584981;0.012822134
0.0012371541;0.0024584981;0.0049169962
0.0012371541;0.0044347825;0.0049169962
0.0012371541;0.0024584981;0.012822134
0.0012371541;0.0024584981;0.0049169962
-0.00073913042;0.0024584981;0.012822134
0.0032134387;0.0024584981;0.012822134
0.0032134387;0.0024584981;0.0049169962
0.0012371541;0.0024584981;0.0049169962
0.0032134387;0.0024584981;0.0049169962
0.0012371541;0.0024584981;0.012822134
0.0012371541;0.00048221345;0.012822134
-0.00073913042;0.00048221345;0.012822134
0.0012371541;0.0024584981;0.0049169962
-0.00073913042;0.00048221345;0.012822134
-0.00073913042;0.00048221345;0.0049169962
-0.00073913042;0.00048221345;0.0049169962
-0.00073913042;0.00048221345;0.012822134
-0.00073913042;-0.0014940711;0.012822134
-0.00073913042;0.00048221345;0.0049169962
0.0012371541;0.00048221345;0.012822134
-0.00073913042;0.0024584981;0.0049169962
-0.00073913042;0.00048221345;0.0049169962
0.0012371541;-0.0014940711;0.012822134
-0.00073913042;0.00048221345;0.0049169962
-0.00073913042;0.00048221345;0.012822134
-0.00073913042;0.00048221345;0.0049169962
-0.00073913042;0.00048221345;0.012822134
-0.00073913042;-0.0014940711;0.012822134
-0.0027154151;0.00048221345;0.012822134
-0.0027154151;-0.0014940711;0.0049169962
-0.00073913042;0.00048221345;0.012822134
-0.0027154151;-0.0014940711;0.0049169962
-0.00073913042;0.00048221345;0.0049169962
-0.0027154151;-0.0014940711;0.012822134
-0.00073913042;0.00048221345;0.012822134
-0.00073913042;0.00048221345;0.0049169962
-0.00073913042;0.00048221345;0.0049169962
-0.0027154151;0.00048221345;0.0049169962
-0.0027154151;-0.0014940711;0.0049169962
-0.0027154151;-0.0014940711;0.012822134
-0.0027154151;-0.0014940711;0.012822134
-0.0027154151;0.00048221345;0.012822134
-0.0027154151;-0.0014940711;0.0049169962
-0.0027154151;-0.0034703556;0.012822134
-0.0027154151;-0.0014940711;0.012822134
-0.0027154151;-0.0034703556;0.012822134
-0.0027154151;-0.0014940711;0.012822134
-0.0027154151;-0.0014940711;0.0049169962
-0.0027154151;-0.0034703556;0.0049169962
-0.0027154151;-0.0014940711;0.0049169962
-0.0027154151;-0.0014940711;0.0049169962
-0.0027154151;-0.0034703556;0.0049169962
-0.0027154151;-0.0014940711;0.0049169962
-0.0027154151;-0.0034703556;0.012822134
-0.0027154151;-0.0034703556;0.012822134
-0.0046916995;-0.0014940711;0.0049169962
-0.0027154151;-0.0034703556;0.0049169962
-0.0046916995;-0.0034703556;0.012822134
-0.0046916995;-0.0014940711;0.012822134
-0.0046916995;-0.0034703556;0.012822134
-0.0046916995;-0.0034703556;0.012822134
-0.0027154151;-0.0034703556;0.0049169962
-0.0046916995;-0.0034703556;0.0049169962
-0.0027154151;-0.0034703556;0.012822134
-0.0046916995;-0.0034703556;0.012822134
-0.0066679842;-0.0034703556;0.0049169962
-0.0066679842;-0.0034703556;0.012822134
-0.0046916995;-0.0034703556;0.0049169962
-0.0046916995;-0.0034703556;0.0049169962
-0.0046916995;-0.0054466403;0.012822134
-0.0046916995;-0.0034703556;0.0049169962
-0.0046916995;-0.0034703556;0.0049169962
-0.0066679842;-0.0034703556;0.012822134
-0.0046916995;-0.0054466403;0.012822134
-0.0046916995;-0.0034703556;0.012822134
-0.0066679842;-0.0054466403;0.012822134
-0.0066679842;-0.0034703556;0.0049169962
-0.0066679842;-0.0034703556;0.012822134
-0.0066679842;-0.0054466403;0.0049169962
-0.0066679842;-0.0054466403;0.012822134
-0.0046916995;-0.0054466403;0.012822134
-0.0066679842;-0.0054466403;0.012822134
-0.0066679842;-0.0054466403;0.012822134
-0.0066679842;-0.0054466403;0.0049169962
-0.0066679842;-0.0034703556;0.0049169962
-0.0066679842;-0.0054466403;0.012822134
-0.0066679842;-0.0054466403;0.0049169962
-0.0066679842;-0.0054466403;0.0049169962
-0.0066679842;-0.0054466403;0.0049169962
-0.0046916995;-0.0054466403;0.0049169962
-0.0066679842;-0.0054466403;0.012822134
-0.0086442688;-0.0054466403;0.0049169962
-0.0066679842;-0.007422925;0.0049169962
-0.0066679842;-0.0054466403;0.012822134
-0.0086442688;-0.0054466403;0.012822134
-0.0066679842;-0.007422925;0.0049169962
-0.0066679842;-0.007422925;0.012822134
-0.0086442688;-0.007422925;0.012822134
-0.0086442688;-0.007422925;0.0049169962
-0.0086442688;-0.0054466403;0.0049169962
-0.0066679842;-0.007422925;0.012822134
-0.0086442688;-0.007422925;0.012822134
-0.0086442688;-0.0054466403;0.012822134
-0.0086442688;-0.0054466403;0.012822134
-0.0086442688;-0.007422925;0.012822134
-0.0086442688;-0.007422925;0.0049169962
-0.0086442688;-0.007422925;0.012822134
-0.0086442688;-0.007422925;0.0049169962
-0.0086442688;-0.007422925;0.0049169962
-0.0086442688;-0.007422925;0.012822134
-0.0086442688;-0.007422925;0.012822134
-0.010620553;-0.007422925;0.012822134
-0.010620553;-0.007422925;0.0049169962
-0.0086442688;-0.007422925;0.0049169962
-0.0086442688;-0.007422925;0.012822134
-0.0086442688;-0.007422925;0.012822134
-0.0086442688;-0.007422925;0.0049169962
-0.010620553;-0.007422925;0.012822134
-0.0086442688;-0.0093992092;0.0049169962
-0.0086442688;-0.007422925;0.012822134
-0.010620553;-0.0093992092;0.0049169962
-0.010620553;-0.0093992092;0.012822134
-0.010620553;-0.0093992092;0.0049169962
-0.010620553;-0.0093992092;0.0049169962
-0.0086442688;-0.0093992092;0.012822134
-0.010620553;-0.0093992092;0.0049169962
-0.010620553;-0.0093992092;0.012822134
-0.010620553;-0.0093992092;0.012822134
-0.010620553;-0.007422925;0.012822134
-0.010620553;-0.0093992092;0.012822134
-0.010620553;-0.0093992092;0.012822134
-0.010620553;-0.007422925;0.012822134
-0.012596838;-0.0093992092;0.0049169962
-0.012596838;-0.011375494;0.012822134
-0.010620553;-0.011375494;0.012822134
-0.010620553;-0.011375494;0.012822134
-0.012596838;-0.0093992092;0.0049169962
-0.010620553;-0.011375494;0.012822134
-0.012596838;-0.0093992092;0.012822134
-0.012596838;-0.0093992092;0.012822134
-0.010620553;-0.0093992092;0.012822134
-0.012596838;-0.0093992092;0.012822134
-0.012596838;-0.0093992092;0.0049169962
-0.012596838;-0.011375494;0.012822134
-0.012596838;-0.011375494;0.012822134
-0.010620553;-0.011375494;0.012822134
-0.012596838;-0.011375494;0.012822134
-0.012596838;-0.011375494;0.012822134
-0.012596838;-0.011375494;0.012822134
-0.012596838;-0.0093992092;0.0049169962
-0.012596838;-0.011375494;0.0049169962
-0.012596838;-0.011375494;0.0049169962
-0.010620553;-0.011375494;0.0049169962
-0.012596838;-0.011375494;0.012822134
-0.012596838;-0.011375494;0.0049169962
-0.014573122;-0.011375494;0.012822134
-0.012596838;-0.011375494;0.0049169962
-0.012596838;-0.011375494;0.0049169962
-0.012596838;-0.011375494;0.012822134
-0.012596838;-0.011375494;0.0049169962
-0.014573122;-0.011375494;0.012822134
-0.014573122;-0.011375494;0.0049169962
-0.012596838;-0.013351778;0.012822134
-0.012596838;-0.011375494;0.012822134
-0.014573122;-0.011375494;0.012822134
-0.014573122;-0.011375494;0.012822134
-0.014573122;-0.011375494;0.0049169962
-0.014573122;-0.011375494;0.012822134
-0.014573122;-0.015328064;0.012822134
-0.014573122;-0.011375494;0.012822134
-0.014573122;-0.013351778;0.012822134
-0.014573122;-0.013351778;0.012822134
-0.014573122;-0.013351778;0.012822134
-0.014573122;-0.013351778;0.0049169962
-0.014573122;-0.013351778;0.0049169962
-0.012596838;-0.013351778;0.0049169962
-0.014573122;-0.011375494;0.0049169962
-0.014573122;-0.011375494;0.0049169962
-0.014573122;-0.013351778;0.0049169962
-0.014573122;-0.013351778;0.012822134
-0.014573122;-0.013351778;0.012822134
-0.014573122;-0.013351778;0.0049169962
-0.014573122;-0.015328064;0.0049169962
-0.016549407;-0.013351778;0.012822134
-0.014573122;-0.013351778;0.012822134
-0.014573122;-0.013351778;0.012822134
-0.016549407;-0.013351778;0.012822134
-0.016549407;-0.013351778;0.012822134
-0.014573122;-0.013351778;0.012822134
-0.016549407;-0.015328064;0.0049169962
-0.016549407;-0.013351778;0.0049169962
-0.014573122;-0.013351778;0.0049169962
-0.016549407;-0.013351778;0.012822134
-0.016549407;-0.015328064;0.012822134
-0.016549407;-0.013351778;0.012822134
-0.016549407;-0.013351778;0.012822134
-0.016549407;-0.015328064;0.0049169962
-0.016549407;-0.015328064;0.0049169962
-0.016549407;-0.015328064;0.012822134
-0.018525692;-0.015328064;0.0049169962
-0.016549407;-0.013351778;0.012822134
-0.016549407;-0.015328064;0.0049169962
-0.016549407;-0.013351778;0.012822134
-0.016549407;-0.015328064;0.012822134
-0.016549407;-0.013351778;0.012822134
-0.018525692;-0.015328064;0.0049169962
-0.018525692;-0.015328064;0.0049169962
-0.018525692;-0.017304348;0.012822134
-0.018525692;-0.013351778;0.012822134
-0.016549407;-0.017304348;0.012822134
-0.018525692;-0.015328064;0.0049169962
-0.018525692;-0.015328064;0.012822134
-0.018525692;-0.015328064;0.0049169962
-0.018525692;-0.015328064;0.012822134
-0.018525692;-0.015328064;0.012822134
-0.018525692;-0.015328064;0.0049169962
-0.018525692;-0.017304348;0.012822134
-0.016549407;-0.015328064;0.0049169962
-0.018525692;-0.017304348;0.012822134
-0.018525692;-0.015328064;0.012822134
-0.018525692;-0.017304348;0.0049169962
-0.018525692;-0.015328064;0.012822134
-0.018525692;-0.017304348;0.012822134
-0.018525692;-0.017304348;0.012822134
-0.020501977;-0.017304348;0.0049169962
-0.020501977;-0.017304348;0.012822134
-0.018525692;-0.017304348;0.0049169962
-0.018525692;-0.017304348;0.0049169962
-0.018525692;-0.017304348;0.0049169962
-0.018525692;-0.017304348;0.0049169962
-0.020501977;-0.017304348;0.012822134
-0.018525692;-0.017304348;0.012822134
-0.020501977;-0.019280633;0.0049169962
-0.018525692;-0.017304348;0.012822134
-0.018525692;-0.017304348;0.012822134
-0.018525692;-0.019280633;0.012822134
-0.020501977;-0.019280633;0.012822134
-0.018525692;-0.019280633;0.0049169962
-0.018525692;-0.019280633;0.0049169962
-0.020501977;-0.017304348;0.0049169962
-0.018525692;-0.017304348;0.0049169962
-0.020501977;-0.017304348;0.012822134
-0.020501977;-0.017304348;0.012822134
-0.020501977;-0.019280633;0.0049169962
-0.018525692;-0.017304348;0.012822134
-0.020501977;-0.017304348;0.0049169962
-0.018525692;-0.017304348;0.012822134
-0.02247826;-0.019280633;0.0049169962
-0.018525692;-0.019280633;0.012822134
-0.020501977;-0.019280633;0.012822134
-0.018525692;-0.017304348;0.0049169962
-0.018525692;-0.019280633;0.0049169962
-0.020501977;-0.019280633;0.0049169962
-0.020501977;-0.017304348;0.012822134
-0.020501977;-0.017304348;0.0049169962
-0.020501977;-0.019280633;0.0049169962
-0.020501977;-0.019280633;0.012822134
-0.020501977;-0.019280633;0.0049169962
-0.02247826;-0.017304348;0.0049169962
-0.020501977;-0.019280633;0.0049169962
-0.020501977;-0.019280633;0.012822134
-0.02247826;-0.021256916;0.012822134
-0.020501977;-0.019280633;0.0049169962
-0.020501977;-0.019280633;0.0049169962
-0.020501977;-0.019280633;0.0049169962
-0.02247826;-0.019280633;0.012822134
-0.02247826;-0.019280633;0.0049169962
-0.02247826;-0.019280633;0.0049169962
-0.02247826;-0.019280633;0.012822134
-0.02247826;-0.019280633;0.0049169962
-0.02247826;-0.019280633;0.0049169962
-0.020501977;-0.021256916;0.0049169962
-0.02247826;-0.019280633;0.0049169962
-0.020501977;-0.019280633;0.012822134
-0.02247826;-0.019280633;0.0049169962
-0.020501977;-0.019280633;0.012822134
-0.020501977;-0.019280633;0.0049169962
-0.02247826;-0.019280633;0.0049169962
-0.020501977;-0.021256916;0.012822134
-0.020501977;-0.019280633;0.0049169962
-0.02247826;-0.019280633;0.012822134
-0.02247826;-0.019280633;0.012822134
-0.02247826;-0.021256916;0.012822134
-0.02247826;-0.019280633;0.0049169962
-0.02247826;-0.019280633;0.012822134
-0.02247826;-0.021256916;0.0049169962
-0.02247826;-0.019280633;0.012822134
-0.02247826;-0.021256916;0.0049169962
-0.020501977;-0.021256916;0.012822134
-0.02247826;-0.021256916;0.0049169962
-0.02247826;-0.021256916;0.012822134
-0.02247826;-0.021256916;0.012822134
-0.02247826;-0.021256916;0.012822134
-0.024454545;-0.021256916;0.012822134
-0.02247826;-0.019280633;0.0049169962
-0.02247826;-0.021256916;0.012822134
-0.024454545;-0.021256916;0.0049169962
-0.02247826;-0.019280633;0.012822134
-0.02247826;-0.021256916;0.012822134
-0.02247826;-0.021256916;0.012822134
-0.02247826;-0.021256916;0.0049169962
-0.024454545;-0.021256916;0.0049169962
-0.024454545;-0.021256916;0.012822134
-0.02247826;-0.021256916;0.0049169962
-0.02247826;-0.021256916;0.0049169962
-0.02247826;-0.019280633;0.0049169962
-0.024454545;-0.021256916;0.0049169962
-0.024454545;-0.021256916;0.012822134
-0.024454545;-0.021256916;0.0049169962
-0.024454545;-0.023233201;0.0049169962
-0.02247826;-0.021256916;0.0049169962
-0.02247826;-0.021256916;0.012822134
-0.02643083;-0.021256916;0.012822134
-0.024454545;-0.021256916;0.0049169962
-0.024454545;-0.021256916;0.012822134
-0.024454545;-0.023233201;0.012822134
-0.02247826;-0.021256916;0.0049169962
-0.024454545;-0.021256916;0.012822134
-0.024454545;-0.023233201;0.012822134
-0.02643083;-0.023233201;0.012822134
-0.02643083;-0.021256916;0.0049169962
-0.024454545;-0.023233201;0.012822134
-0.02247826;-0.023233201;0.0049169962
-0.024454545;-0.021256916;0.0049169962
-0.024454545;-0.021256916;0.0049169962
-0.024454545;-0.023233201;0.0049169962
-0.024454545;-0.023233201;0.012822134
-0.024454545;-0.023233201;0.012822134
-0.024454545;-0.023233201;0.0049169962
-0.02247826;-0.023233201;0.0049169962
-0.024454545;-0.023233201;0.012822134
-0.024454545;-0.023233201;0.012822134
-0.02643083;-0.023233201;0.012822134
-0.024454545;-0.023233201;0.0049169962
-0.024454545;-0.023233201;0.0049169962
-0.024454545;-0.023233201;0.012822134
-0.024454545;-0.023233201;0.012822134
-0.024454545;-0.023233201;0.012822134
-0.024454545;-0.023233201;0.0049169962
-0.024454545;-0.023233201;0.012822134
-0.02643083;-0.023233201;0.012822134
-0.024454545;-0.023233201;0.012822134
-0.02643083;-0.023233201;0.012822134
-0.024454545;-0.023233201;0.0049169962
-0.024454545;-0.023233201;0.012822134
-0.02643083;-0.025209486;0.012822134
-0.02643083;-0.025209486;0.012822134
-0.024454545;-0.023233201;0.012822134
-0.02643083;-0.023233201;0.0049169962
-0.02643083;-0.023233201;0.0049169962
-0.02643083;-0.023233201;0.012822134
-0.02643083;-0.023233201;0.0049169962
-0.024454545;-0.023233201;0.0049169962
-0.024454545;-0.023233201;0.012822134
-0.02643083;-0.025209486;0.012822134
-0.02643083;-0.023233201;0.0049169962
-0.02643083;-0.023233201;0.0049169962
-0.024454545;-0.023233201;0.012822134
-0.02643083;-0.023233201;0.012822134
-0.02643083;-0.025209486;0.012822134
-0.02643083;-0.023233201;0.0049169962
-0.02643083;-0.021256916;0.012822134
-0.024454545;-0.023233201;0.012822134
-0.024454545;-0.023233201;0.012822134
-0.02643083;-0.025209486;0.012822134
-0.02643083;-0.025209486;0.0049169962
-0.02643083;-0.023233201;0.0049169962
-0.02643083;-0.023233201;0.012822134
-0.02643083;-0.023233201;0.012822134
-0.02643083;-0.023233201;0.0049169962
-0.02643083;-0.023233201;0.0049169962
-0.02643083;-0.025209486;0.0049169962
-0.02643083;-0.025209486;0.0049169962
-0.02643083;-0.023233201;0.0049169962
-0.02643083;-0.023233201;0.0049169962
-0.02643083;-0.023233201;0.0049169962
-0.02643083;-0.025209486;0.012822134
-0.02643083;-0.023233201;0.0049169962
-0.02643083;-0.025209486;0.0049169962
-0.024454545;-0.025209486;0.0049169962
-0.02643083;-0.023233201;0.012822134
-0.02643083;-0.025209486;0.012822134
-0.02643083;-0.025209486;0.012822134
-0.02643083;-0.025209486;0.012822134
-0.02643083;-0.023233201;0.012822134
-0.028407115;-0.025209486;0.012822134
-0.02643083;-0.025209486;0.012822134
-0.02643083;-0.025209486;0.0049169962
-0.024454545;-0.025209486;0.012822134
-0.02643083;-0.025209486;0.0049169962
-0.02643083;-0.025209486;0.012822134
-0.02643083;-0.025209486;0.012822134
-0.028407115;-0.025209486;0.012822134
-0.02643083;-0.023233201;0.0049169962
-0.02643083;-0.025209486;0.0049169962
-0.024454545;-0.025209486;0.0049169962
-0.02643083;-0.025209486;0.0049169962
-0.02643083;-0.025209486;0.012822134
-0.02643083;-0.025209486;0.012822134
-0.028407115;-0.025209486;0.0049169962
-0.02643083;-0.023233201;0.012822134
-0.02643083;-0.025209486;0.012822134
-0.028407115;-0.025209486;0.012822134
-0.02643083;-0.025209486;0.0049169962
-0.02643083;-0.025209486;0.012822134
-0.02643083;-0.025209486;0.012822134
-0.02643083;-0.025209486;0.0049169962
-0.02643083;-0.025209486;0.0049169962
-0.028407115;-0.023233201;0.0049169962
-0.02643083;-0.025209486;0.012822134
-0.02643083;-0.023233201;0.012822134
-0.028407115;-0.023233201;0.012822134
-0.02643083;-0.025209486;0.0049169962
-0.02643083;-0.025209486;0.012822134
-0.028407115;-0.025209486;0.012822134
-0.02643083;-0.023233201;0.0049169962
-0.028407115;-0.025209486;0.0049169962
-0.02643083;-0.025209486;0.012822134
-0.02643083;-0.025209486;0.0049169962
-0.028407115;-0.025209486;0.012822134
-0.028407115;-0.025209486;0.012822134
-0.028407115;-0.023233201;0.0049169962
-0.028407115;-0.025209486;0.0049169962
-0.02643083;-0.025209486;0.012822134
-0.02643083;-0.025209486;0.0049169962
-0.028407115;-0.025209486;0.0049169962
-0.02643083;-0.025209486;0.012822134
-0.028407115;-0.025209486;0.012822134
-0.028407115;-0.025209486;0.012822134
-0.02643083;-0.025209486;0.012822134
-0.02643083;-0.025209486;0.0049169962
-0.02643083;-0.025209486;0.0049169962
-0.028407115;-0.025209486;0.012822134
-0.02643083;-0.025209486;0.012822134
-0.02643083;-0.025209486;0.012822134
-0.028407115;-0.025209486;0.0049169962
-0.02643083;-0.025209486;0.012822134
-0.02643083;-0.025209486;0.0049169962
-0.028407115;-0.025209486;0.012822134
-0.028407115;-0.025209486;0.012822134
-0.028407115;-0.025209486;0.0049169962
-0.028407115;-0.025209486;0.0049169962
-0.028407115;-0.025209486;0.012822134
-0.028407115;-0.025209486;0.012822134
-0.02643083;-0.025209486;0.012822134
-0.02643083;-0.025209486;0.0049169962
-0.02643083;-0.025209486;0.0049169962
-0.028407115;-0.025209486;0.012822134
-0.02643083;-0.027185772;0.0049169962
-0.02643083;-0.025209486;0.0049169962
-0.02643083;-0.025209486;0.012822134
-0.02643083;-0.025209486;0.012822134
-0.02643083;-0.025209486;0.0049169962
-0.02643083;-0.027185772;0.0049169962
-0.02643083;-0.025209486;0.0049169962
-0.02643083;-0.025209486;0.012822134
-0.028407115;-0.025209486;0.012822134
-0.028407115;-0.027185772;0.0049169962
-0.028407115;-0.025209486;0.012822134
-0.028407115;-0.025209486;0.012822134
-0.02643083;-0.025209486;0.012822134
-0.02643083;-0.025209486;0.012822134
-0.028407115;-0.025209486;0.0049169962
-0.02643083;-0.025209486;0.012822134
-0.028407115;-0.027185772;0.012822134
-0.028407115;-0.025209486;0.012822134
-0.028407115;-0.025209486;0.012822134
-0.028407115;-0.027185772;0.012822134
-0.028407115;-0.025209486;0.0049169962
-0.028407115;-0.025209486;0.012822134
-0.028407115;-0.025209486;0.0049169962
-0.028407115;-0.025209486;0.012822134
-0.028407115;-0.025209486;0.0049169962
-0.02643083;-0.025209486;0.012822134
-0.028407115;-0.025209486;0.012822134
-0.02643083;-0.025209486;0.0049169962
-0.02643083;-0.023233201;0.0049169962
-0.028407115;-0.025209486;0.012822134
-0.028407115;-0.025209486;0.0049169962
-0.028407115;-0.025209486;0.0049169962
-0.028407115;-0.025209486;0.012822134
-0.02643083;-0.025209486;0.012822134
-0.028407115;-0.025209486;0.0049169962
-0.028407115;-0.025209486;0.012822134
-0.028407115;-0.025209486;0.012822134
-0.02643083;-0.025209486;0.012822134
-0.028407115;-0.025209486;0.0049169962
-0.028407115;-0.027185772;0.0049169962
-0.028407115;-0.025209486;0.012822134
-0.02643083;-0.025209486;0.0049169962
-0.028407115;-0.025209486;0.012822134
-0.024454545;-0.025209486;0.012822134
-0.028407115;-0.025209486;0.0049169962
-0.028407115;-0.027185772;0.0049169962
-0.02643083;-0.025209486;0.012822134
-0.02643083;-0.027185772;0.012822134
-0.02643083;-0.025209486;0.0049169962
-0.02643083;-0.025209486;0.012822134
-0.02643083;-0.025209486;0.0049169962
-0.028407115;-0.025209486;0.012822134
-0.02643083;-0.027185772;0.0049169962
-0.028407115;-0.025209486;0.0049169962
-0.02643083;-0.025209486;0.012822134
-0.028407115;-0.025209486;0.0049169962
-0.02643083;-0.025209486;0.0049169962
-0.028407115;-0.027185772;0.0049169962
-0.028407115;-0.025209486;0.012822134
-0.02643083;-0.025209486;0.012822134
-0.02643083;-0.027185772;0.0049169962
-0.02643083;-0.025209486;0.012822134
-0.02643083;-0.027185772;0.012822134
-0.02643083;-0.027185772;0.012822134
-0.02643083;-0.025209486;0.012822134
-0.02643083;-0.027185772;0.0049169962
-0.02643083;-0.025209486;0.012822134
-0.02643083;-0.025209486;0.012822134
-0.028407115;-0.025209486;0.012822134
-0.02643083;-0.025209486;0.0049169962
-0.028407115;-0.025209486;0.0049169962
-0.02643083;-0.025209486;0.0049169962
-0.02643083;-0.025209486;0.0049169962
-0.024454545;-0.025209486;0.0049169962
-0.02643083;-0.025209486;0.012822134
-0.024454545;-0.025209486;0.012822134
-0.02643083;-0.027185772;0.012822134
-0.028407115;-0.025209486;0.012822134
-0.02643083;-0.025209486;0.012822134
-0.02643083;-0.025209486;0.0049169962
-0.02643083;-0.025209486;0.012822134
-0.02643083;-0.025209486;0.012822134
-0.02643083;-0.025209486;0.0049169962
-0.02643083;-0.025209486;0.012822134
-0.02643083;-0.025209486;0.012822134
-0.02643083;-0.025209486;0.012822134
-0.02643083;-0.023233201;0.0049169962
-0.02643083;-0.025209486;0.0049169962
-0.02643083;-0.025209486;0.0049169962
-0.02643083;-0.025209486;0.012822134
-0.02643083;-0.025209486;0.0049169962
-0.02643083;-0.025209486;0.0049169962
-0.024454545;-0.025209486;0.0049169962
-0.024454545;-0.025209486;0.0049169962
-0.02643083;-0.025209486;0.012822134
-0.028407115;-0.023233201;0.012822134
-0.02643083;-0.025209486;0.012822134
-0.02643083;-0.025209486;0.012822134
-0.02643083;-0.025209486;0.0049169962
-0.028407115;-0.025209486;0.012822134
-0.02643083;-0.025209486;0.0049169962
-0.024454545;-0.023233201;0.0049169962
-0.02643083;-0.023233201;0.0049169962
-0.02643083;-0.023233201;0.012822134
-0.02643083;-0.025209486;0.0049169962
-0.02643083;-0.025209486;0.0049169962
-0.02643083;-0.023233201;0.0049169962
-0.024454545;-0.023233201;0.012822134
-0.024454545;-0.025209486;0.0049169962
-0.02643083;-0.025209486;0.0049169962
-0.024454545;-0.023233201;0.012822134
-0.02643083;-0.023233201;0.012822134
-0.02643083;-0.023233201;0.0049169962
-0.024454545;-0.025209486;0.012822134
-0.02643083;-0.023233201;0.012822134
-0.02643083;-0.023233201;0.012822134
-0.02643083;-0.025209486;0.0049169962
-0.02643083;-0.025209486;0.0049169962
-0.024454545;-0.025209486;0.012822134
-0.02643083;-0.025209486;0.0049169962
-0.024454545;-0.023233201;0.0049169962
-0.024454545;-0.023233201;0.0049169962
-0.024454545;-0.023233201;0.0049169962
-0.024454545;-0.023233201;0.0049169962
-0.02643083;-0.023233201;0.012822134
-0.024454545;-0.023233201;0.0049169962
-0.02643083;-0.023233201;0.012822134
-0.024454545;-0.025209486;0.0049169962
-0.024454545;-0.023233201;0.0049169962
-0.02643083;-0.023233201;0.0049169962
-0.024454545;-0.023233201;0.0049169962
-0.024454545;-0.023233201;0.0049169962
-0.024454545;-0.023233201;0.012822134
-0.024454545;-0.025209486;0.0049169962
-0.02643083;-0.025209486;0.012822134
-0.02643083;-0.023233201;0.012822134
-0.024454545;-0.023233201;0.012822134
-0.024454545;-0.025209486;0.012822134
-0.024454545;-0.023233201;0.0049169962
-0.024454545;-0.023233201;0.0049169962
-0.024454545;-0.023233201;0.0049169962
-0.024454545;-0.021256916;0.0049169962
-0.024454545;-0.023233201;0.0049169962
-0.024454545;-0.023233201;0.0049169962
-0.024454545;-0.023233201;0.0049169962
-0.024454545;-0.023233201;0.012822134
-0.024454545;-0.023233201;0.0049169962
-0.024454545;-0.023233201;0.012822134
-0.024454545;-0.025209486;0.012822134
-0.024454545;-0.021256916;0.0049169962
-0.02247826;-0.023233201;0.0049169962
-0.024454545;-0.023233201;0.0049169962
-0.024454545;-0.023233201;0.012822134
-0.024454545;-0.023233201;0.012822134
-0.024454545;-0.021256916;0.0049169962
-0.024454545;-0.023233201;0.012822134
-0.02247826;-0.023233201;0.012822134
-0.02643083;-0.023233201;0.0049169962
-0.02247826;-0.023233201;0.012822134
-0.024454545;-0.023233201;0.012822134
-0.024454545;-0.023233201;0.012822134
-0.024454545;-0.021256916;0.012822134
-0.024454545;-0.023233201;0.0049169962
-0.024454545;-0.023233201;0.012822134
-0.02247826;-0.021256916;0.012822134
-0.02247826;-0.021256916;0.012822134
-0.024454545;-0.021256916;0.0049169962
-0.02247826;-0.023233201;0.012822134
-0.02247826;-0.021256916;0.0049169962
-0.024454545;-0.023233201;0.0049169962
-0.02247826;-0.021256916;0.0049169962
-0.02247826;-0.021256916;0.012822134
-0.02247826;-0.021256916;0.0049169962
-0.02247826;-0.023233201;0.012822134
-0.02247826;-0.021256916;0.0049169962
-0.024454545;-0.021256916;0.012822134
-0.024454545;-0.021256916;0.0049169962
-0.02247826;-0.021256916;0.012822134
-0.02247826;-0.021256916;0.012822134
-0.02247826;-0.021256916;0.0049169962
-0.02247826;-0.021256916;0.0049169962
-0.024454545;-0.021256916;0.012822134
-0.024454545;-0.023233201;0.012822134
-0.024454545;-0.023233201;0.0049169962
-0.024454545;-0.021256916;0.0049169962
-0.02247826;-0.021256916;0.0049169962
-0.02247826;-0.021256916;0.0049169962
-0.02247826;-0.021256916;0.0049169962
-0.024454545;-0.021256916;0.012822134
-0.024454545;-0.021256916;0.012822134
-0.02247826;-0.021256916;0.0049169962
-0.02247826;-0.021256916;0.012822134
-0.02247826;-0.021256916;0.012822134
-0.02247826;-0.019280633;0.012822134
-0.02247826;-0.021256916;0.0049169962
-0.024454545;-0.021256916;0.012822134
-0.02247826;-0.021256916;0.012822134
-0.02247826;-0.021256916;0.012822134
-0.02247826;-0.021256916;0.012822134
-0.02247826;-0.021256916;0.0049169962
-0.020501977;-0.021256916;0.0049169962
-0.02247826;-0.021256916;0.012822134
-0.02247826;-0.021256916;0.0049169962
-0.02247826;-0.021256916;0.0049169962
-0.02247826;-0.021256916;0.0049169962
-0.02247826;-0.019280633;0.0049169962
-0.02247826;-0.019280633;0.012822134
-0.02247826;-0.021256916;0.0049169962
-0.02247826;-0.021256916;0.012822134
-0.02247826;-0.019280633;0.0049169962
-0.02247826;-0.019280633;0.0049169962
-0.02247826;-0.019280633;0.012822134
-0.02247826;-0.019280633;0.012822134
-0.02247826;-0.021256916;0.012822134
-0.02247826;-0.021256916;0.0049169962
-0.02247826;-0.019280633;0.012822134
-0.02247826;-0.021256916;0.0049169962
-0.02247826;-0.019280633;0.0049169962
-0.02247826;-0.021256916;0.012822134
-0.020501977;-0.019280633;0.0049169962
-0.020501977;-0.021256916;0.0049169962
-0.020501977;-0.019280633;0.012822134
-0.020501977;-0.019280633;0.012822134
-0.020501977;-0.021256916;0.012822134
-0.020501977;-0.019280633;0.0049169962
-0.020501977;-0.021256916;0.012822134
-0.020501977;-0.019280633;0.012822134
-0.020501977;-0.019280633;0.0049169962
-0.020501977;-0.019280633;0.012822134
-0.020501977;-0.019280633;0.012822134
-0.020501977;-0.019280633;0.0049169962
-0.020501977;-0.019280633;0.012822134
-0.020501977;-0.019280633;0.0049169962
-0.020501977;-0.019280633;0.0049169962
-0.020501977;-0.019280633;0.012822134
-0.020501977;-0.019280633;0.012822134
-0.020501977;-0.017304348;0.0049169962
-0.020501977;-0.019280633;0.012822134
-0.018525692;-0.019280633;0.012822134
-0.018525692;-0.019280633;0.012822134
-0.020501977;-0.019280633;0.0049169962
-0.020501977;-0.019280633;0.0049169962
-0.018525692;-0.019280633;0.012822134
-0.020501977;-0.019280633;0.0049169962
-0.020501977;-0.019280633;0.0049169962
-0.020501977;-0.017304348;0.0049169962
-0.020501977;-0.019280633;0.012822134
-0.018525692;-0.017304348;0.012822134
-0.018525692;-0.017304348;0.012822134
-0.018525692;-0.017304348;0.012822134
-0.018525692;-0.019280633;0.0049169962
-0.018525692;-0.019280633;0.0049169962
-0.020501977;-0.017304348;0.012822134
-0.020501977;-0.017304348;0.0049169962
-0.018525692;-0.019280633;0.0049169962
-0.018525692;-0.017304348;0.0049169962
-0.018525692;-0.019280633;0.012822134
-0.018525692;-0.017304348;0.0049169962
-0.018525692;-0.017304348;0.012822134
-0.018525692;-0.017304348;0.0049169962
-0.018525692;-0.019280633;0.0049169962
-0.018525692;-0.017304348;0.0049169962
-0.018525692;-0.017304348;0.0049169962
-0.016549407;-0.017304348;0.0049169962
-0.016549407;-0.017304348;0.012822134
-0.018525692;-0.017304348;0.0049169962
-0.020501977;-0.017304348;0.012822134
-0.018525692;-0.017304348;0.012822134
-0.016549407;-0.017304348;0.0049169962
-0.018525692;-0.017304348;0.0049169962
-0.018525692;-0.017304348;0.012822134
-0.018525692;-0.017304348;0.012822134
-0.016549407;-0.015328064;0.0049169962
-0.018525692;-0.017304348;0.012822134
-0.018525692;-0.017304348;0.0049169962
-0.016549407;-0.015328064;0.0049169962
-0.018525692;-0.017304348;0.012822134
-0.018525692;-0.017304348;0.012822134
-0.016549407;-0.015328064;0.012822134
-0.016549407;-0.015328064;0.012822134
-0.016549407;-0.015328064;0.012822134
-0.014573122;-0.015328064;0.012822134
-0.016549407;-0.015328064;0.012822134
-0.018525692;-0.015328064;0.012822134
-0.016549407;-0.015328064;0.0049169962
-0.016549407;-0.013351778;0.012822134
-0.018525692;-0.017304348;0.0049169962
-0.016549407;-0.015328064;0.0049169962
-0.016549407;-0.013351778;0.0049169962
-0.016549407;-0.013351778;0.0049169962
-0.016549407;-0.015328064;0.012822134
-0.016549407;-0.017304348;0.0049169962
-0.016549407;-0.015328064;0.012822134
-0.016549407;-0.015328064;0.012822134
-0.016549407;-0.013351778;0.012822134
-0.014573122;-0.015328064;0.0049169962
-0.016549407;-0.015328064;0.012822134
-0.016549407;-0.013351778;0.012822134
-0.014573122;-0.015328064;0.0049169962
-0.014573122;-0.015328064;0.0049169962
-0.014573122;-0.015328064;0.0049169962
-0.016549407;-0.013351778;0.0049169962
-0.014573122;-0.013351778;0.012822134
-0.014573122;-0.013351778;0.0049169962
-0.014573122;-0.013351778;0.012822134
-0.014573122;-0.013351778;0.0049169962
-0.014573122;-0.013351778;0.012822134
-0.014573122;-0.013351778;0.012822134
-0.014573122;-0.013351778;0.012822134
-0.014573122;-0.013351778;0.012822134
-0.012596838;-0.013351778;0.012822134
-0.012596838;-0.013351778;0.012822134
-0.014573122;-0.013351778;0.012822134
-0.014573122;-0.013351778;0.0049169962
-0.014573122;-0.013351778;0.012822134
-0.014573122;-0.013351778;0.012822134
-0.012596838;-0.011375494;0.0049169962
-0.014573122;-0.013351778;0.012822134
-0.014573122;-0.013351778;0.012822134
-0.014573122;-0.013351778;0.012822134
-0.014573122;-0.013351778;0.012822134
-0.014573122;-0.013351778;0.0049169962
-0.012596838;-0.011375494;0.012822134
-0.012596838;-0.011375494;0.012822134
-0.012596838;-0.011375494;0.012822134
-0.012596838;-0.011375494;0.0049169962
-0.012596838;-0.011375494;0.0049169962
-0.012596838;-0.013351778;0.012822134
-0.012596838;-0.011375494;0.012822134
-0.012596838;-0.013351778;0.0049169962
-0.012596838;-0.013351778;0.0049169962
-0.012596838;-0.011375494;0.012822134
-0.012596838;-0.011375494;0.0049169962
-0.012596838;-0.011375494;0.012822134
-0.012596838;-0.011375494;0.0049169962
-0.012596838;-0.011375494;0.012822134
-0.012596838;-0.011375494;0.0049169962
-0.012596838;-0.011375494;0.012822134
-0.010620553;-0.011375494;0.012822134
-0.012596838;-0.011375494;0.012822134
-0.012596838;-0.011375494;0.012822134
-0.012596838;-0.011375494;0.012822134
-0.012596838;-0.011375494;0.012822134
-0.012596838;-0.011375494;0.0049169962
-0.010620553;-0.011375494;0.012822134
-0.010620553;-0.011375494;0.012822134
-0.010620553;-0.011375494;0.0049169962
-0.012596838;-0.011375494;0.0049169962
-0.012596838;-0.011375494;0.012822134
-0.010620553;-0.011375494;0.0049169962
-0.010620553;-0.011375494;0.012822134
-0.010620553;-0.0093992092;0.012822134
-0.010620553;-0.011375494;0.012822134
-0.010620553;-0.011375494;0.012822134
-0.010620553;-0.0093992092;0.0049169962
-0.010620553;-0.0093992092;0.012822134
-0.010620553;-0.0093992092;0.012822134
-0.010620553;-0.011375494;0.0049169962
-0.010620553;-0.0093992092;0.0049169962
-0.010620553;-0.0093992092;0.012822134
-0.010620553;-0.007422925;0.0049169962
-0.010620553;-0.0093992092;0.012822134
-0.010620553;-0.0093992092;0.0049169962
-0.0086442688;-0.0093992092;0.012822134
-0.010620553;-0.0093992092;0.012822134
-0.010620553;-0.0093992092;0.0049169962
-0.0086442688;-0.007422925;0.0049169962
-0.0086442688;-0.0093992092;0.012822134
-0.010620553;-0.007422925;0.012822134
-0.010620553;-0.007422925;0.0049169962
-0.010620553;-0.007422925;0.012822134
-0.0086442688;-0.007422925;0.0049169962
-0.0086442688;-0.0093992092;0.0049169962
-0.0086442688;-0.0093992092;0.012822134
-0.0086442688;-0.0093992092;0.012822134
-0.0086442688;-0.007422925;0.0049169962
-0.0066679842;-0.0093992092;0.012822134
-0.0066679842;-0.007422925;0.0049169962
-0.0066679842;-0.007422925;0.012822134
-0.0086442688;-0.007422925;0.0049169962
-0.0086442688;-0.007422925;0.0049169962
-0.0086442688;-0.007422925;0.012822134
-0.0066679842;-0.0054466403;0.012822134
-0.0086442688;-0.007422925;0.0049169962
-0.0086442688;-0.007422925;0.0049169962
-0.0066679842;-0.0054466403;0.0049169962
-0.0066679842;-0.0054466403;0.012822134
-0.0066679842;-0.007422925;0.0049169962
-0.0066679842;-0.0054466403;0.0049169962
-0.0086442688;-0.0054466403;0.0049169962
-0.0066679842;-0.0054466403;0.012822134
-0.0066679842;-0.007422925;0.012822134
-0.0066679842;-0.0054466403;0.0049169962
-0.0066679842;-0.0054466403;0.0049169962
-0.0066679842;-0.0054466403;0.0049169962
-0.0066679842;-0.0054466403;0.0049169962
-0.0066679842;-0.0054466403;0.012822134
-0.0066679842;-0.0054466403;0.012822134
-0.0046916995;-0.0054466403;0.0049169962
-0.0066679842;-0.0054466403;0.0049169962
-0.0066679842;-0.0054466403;0.0049169962
-0.0066679842;-0.0054466403;0.012822134
-0.0066679842;-0.0054466403;0.0049169962
-0.0066679842;-0.0054466403;0.012822134
-0.0066679842;-0.0054466403;0.0049169962
-0.0066679842;-0.0054466403;0.012822134
-0.0066679842;-0.0054466403;0.0049169962
-0.0046916995;-0.0054466403;0.0049169962
-0.0066679842;-0.0034703556;0.0049169962
-0.0066679842;-0.0054466403;0.012822134
-0.0046916995;-0.0054466403;0.0049169962
-0.0046916995;-0.0034703556;0.012822134
-0.0046916995;-0.0054466403;0.012822134
-0.0046916995;-0.0034703556;0.0049169962
-0.0066679842;-0.0054466403;0.012822134
-0.0046916995;-0.0054466403;0.012822134
-0.0046916995;-0.0034703556;0.012822134
-0.0027154151;-0.0054466403;0.012822134
-0.0046916995;-0.0034703556;0.012822134
-0.0046916995;-0.0034703556;0.012822134
-0.0027154151;-0.0034703556;0.012822134
-0.0046916995;-0.0034703556;0.012822134
-0.0046916995;-0.0034703556;0.0049169962
-0.0046916995;-0.0034703556;0.0049169962
-0.0046916995;-0.0034703556;0.012822134
-0.0046916995;-0.0054466403;0.0049169962
-0.0046916995;-0.0034703556;0.012822134
-0.0046916995;-0.0034703556;0.012822134
-0.0046916995;-0.0034703556;0.0049169962
-0.0046916995;-0.0034703556;0.0049169962
-0.0046916995;-0.0034703556;0.012822134
-0.0027154151;-0.0014940711;0.012822134
-0.0027154151;-0.0034703556;0.0049169962
-0.0027154151;-0.0034703556;0.012822134
-0.0027154151;-0.0034703556;0.0049169962
-0.0027154151;-0.0014940711;0.012822134
-0.0027154151;-0.0034703556;0.0049169962
-0.0027154151;-0.0034703556;0.0049169962
-0.0027154151;-0.0014940711;0.0049169962
-0.0027154151;-0.0034703556;0.0049169962
-0.0027154151;-0.0034703556;0.012822134
-0.0027154151;-0.0034703556;0.012822134
-0.0027154151;-0.0034703556;0.0049169962
-0.0027154151;-0.0034703556;0.012822134
-0.0027154151;-0.0014940711;0.012822134
-0.0027154151;-0.0014940711;0.0049169962
-0.0027154151;-0.0014940711;0.0049169962
-0.00073913042;-0.0014940711;0.012822134
-0.0027154151;-0.0014940711;0.0049169962
-0.00073913042;-0.0014940711;0.0049169962
-0.00073913042;-0.0014940711;0.0049169962
-0.0027154151;-0.0014940711;0.012822134
-0.00073913042;0.00048221345;0.012822134
-0.0027154151;-0.0014940711;0.0049169962
-0.00073913042;-0.0014940711;0.0049169962
-0.0027154151;-0.0014940711;0.012822134
-0.00073913042;0.00048221345;0.012822134
-0.00073913042;-0.0014940711;0.012822134
-0.00073913042;0.00048221345;0.012822134
-0.00073913042;-0.0014940711;0.0049169962
-0.00073913042;0.00048221345;0.0049169962
-0.00073913042;0.00048221345;0.012822134
-0.0027154151;-0.0014940711;0.012822134
-0.00073913042;0.00048221345;0.0049169962
-0.00073913042;0.00048221345;0.012822134
-0.00073913042;0.00048221345;0.0049169962
-0.00073913042;0.00048221345;0.012822134
-0.00073913042;0.00048221345;0.0049169962
0.0012371541;0.00048221345;0.012822134
-0.00073913042;0.00048221345;0.012822134
0.0012371541;0.00048221345;0.0049169962
0.0012371541;0.00048221345;0.0049169962
-0.00073913042;0.0024584981;0.0049169962
0.0012371541;0.00048221345;0.0049169962
-0.00073913042;0.0024584981;0.012822134
0.0012371541;0.0024584981;0.0049169962
-0.00073913042;0.0024584981;0.012822134
0.0032134387;0.00048221345;0.012822134
0.0012371541;0.00048221345;0.0049169962
0.0012371541;0.00048221345;0.012822134
0.0012371541;0.00048221345;0.012822134
0.0012371541;0.0024584981;0.0049169962
0.0032134387;0.0024584981;0.0049169962
0.0032134387;0.0024584981;0.0049169962
0.0012371541;0.0024584981;0.0049169962
0.0032134387;0.0024584981;0.0049169962
0.0032134387;0.0024584981;0.012822134
0.0012371541;0.0024584981;0.012822134
0.0012371541;0.0024584981;0.012822134
0.0032134387;0.0024584981;0.012822134
0.0012371541;0.0024584981;0.0049169962
0.0032134387;0.0024584981;0.012822134
0.0012371541;0.0024584981;0.012822134
0.0032134387;0.0024584981;0.012822134
0.0032134387;0.0024584981;0.0049169962
0.0051897233;0.0044347825;0.012822134
0.0051897233;0.0024584981;0.0049169962
0.0032134387;0.0024584981;0.0049169962
0.0032134387;0.0024584981;0.0049169962
0.0051897233;0.0044347825;0.012822134
0.0032134387;0.0044347825;0.012822134
0.0032134387;0.0044347825;0.0049169962
0.0051897233;0.0044347825;0.012822134
0.0051897233;0.0024584981;0.012822134
0.0051897233;0.0044347825;0.012822134
0.0051897233;0.0044347825;0.0049169962
0.0051897233;0.0044347825;0.0049169962
0.0051897233;0.0044347825;0.012822134
0.0051897233;0.0044347825;0.012822134
0.0051897233;0.0044347825;0.012822134
0.0051897233;0.0044347825;0.012822134
0.0051897233;0.0064110672;0.012822134
0.0051897233;0.0044347825;0.012822134
0.0051897233;0.0044347825;0.012822134
0.007166008;0.0044347825;0.012822134
0.0051897233;0.0044347825;0.0049169962
0.0051897233;0.0044347825;0.0049169962
0.0051897233;0.0064110672;0.012822134
0.0051897233;0.0064110672;0.012822134
0.007166008;0.0064110672;0.0049169962
0.0051897233;0.0064110672;0.012822134
0.007166008;0.0064110672;0.0049169962
0.007166008;0.0064110672;0.012822134
0.007166008;0.0083873514;0.0049169962
0.007166008;0.0064110672;0.0049169962
0.007166008;0.0064110672;0.0049169962
0.007166008;0.0064110672;0.012822134
0.0091422927;0.0064110672;0.0049169962
0.0091422927;0.0083873514;0.0049169962
0.007166008;0.0064110672;0.0049169962
0.007166008;0.0083873514;0.012822134
0.007166008;0.0064110672;0.0049169962
0.0091422927;0.0083873514;0.012822134
0.0091422927;0.0083873514;0.012822134
0.007166008;0.0064110672;0.0049169962
0.007166008;0.0083873514;0.012822134
0.0091422927;0.0083873514;0.012822134
0.0091422927;0.0083873514;0.0049169962
0.011118577;0.0083873514;0.0049169962
0.007166008;0.0083873514;0.0049169962
0.0091422927;0.0083873514;0.012822134
0.0091422927;0.0083873514;0.0049169962
0.0091422927;0.0083873514;0.0049169962
0.0091422927;0.0083873514;0.012822134
0.0091422927;0.0083873514;0.0049169962
0.0091422927;0.010363637;0.0049169962
0.0091422927;0.0083873514;0.0049169962
0.0091422927;0.010363637;0.0049169962
0.011118577;0.010363637;0.012822134
0.011118577;0.010363637;0.012822134
0.011118577;0.0083873514;0.0049169962
0.011118577;0.010363637;0.012822134
0.011118577;0.010363637;0.012822134
0.0091422927;0.010363637;0.0049169962
0.011118577;0.012339921;0.0049169962
0.011118577;0.010363637;0.012822134
0.013094862;0.010363637;0.012822134
0.011118577;0.010363637;0.0049169962
0.011118577;0.010363637;0.0049169962
0.011118577;0.010363637;0.0049169962
0.011118577;0.010363637;0.012822134
0.011118577;0.010363637;0.012822134
0.011118577;0.010363637;0.0049169962
0.013094862;0.010363637;0.012822134
0.013094862;0.012339921;0.012822134
0.011118577;0.010363637;0.012822134
0.011118577;0.012339921;0.012822134
0.013094862;0.012339921;0.012822134
0.013094862;0.012339921;0.012822134
0.013094862;0.012339921;0.0049169962
0.013094862;0.012339921;0.0049169962
0.013094862;0.012339921;0.012822134
0.011118577;0.012339921;0.012822134
0.015071146;0.012339921;0.012822134
0.013094862;0.012339921;0.0049169962
0.013094862;0.012339921;0.0049169962
0.013094862;0.012339921;0.012822134
0.013094862;0.012339921;0.0049169962
0.013094862;0.012339921;0.0049169962
0.013094862;0.010363637;0.012822134
0.015071146;0.012339921;0.012822134
0.013094862;0.012339921;0.012822134
0.015071146;0.014316206;0.0049169962
0.015071146;0.014316206;0.012822134
0.015071146;0.012339921;0.0049169962
0.015071146;0.012339921;0.0049169962
0.015071146;0.014316206;0.012822134
0.015071146;0.014316206;0.0049169962
0.015071146;0.014316206;0.012822134
0.017047431;0.014316206;0.012822134
0.017047431;0.014316206;0.0049169962
0.017047431;0.014316206;0.0049169962
0.017047431;0.014316206;0.0049169962
0.015071146;0.014316206;0.0049169962
0.017047431;0.014316206;0.012822134
0.017047431;0.014316206;0.0049169962
0.017047431;0.01629249;0.012822134
0.017047431;0.014316206;0.012822134
0.017047431;0.01629249;0.012822134
0.017047431;0.014316206;0.0049169962
0.017047431;0.014316206;0.012822134
0.017047431;0.01629249;0.012822134
0.017047431;0.01629249;0.0049169962
0.017047431;0.01629249;0.012822134
0.017047431;0.01629249;0.012822134
0.017047431;0.01629249;0.012822134
0.019023715;0.01629249;0.0049169962
0.017047431;0.014316206;0.012822134
0.017047431;0.01629249;0.012822134
0.019023715;0.01629249;0.012822134
0.017047431;0.01629249;0.012822134
0.019023715;0.01629249;0.0049169962
0.017047431;0.01629249;0.012822134
0.019023715;0.01629249;0.012822134
0.019023715;0.018268775;0.0049169962
0.019023715;0.018268775;0.0049169962
0.019023715;0.018268775;0.0049169962
0.019023715;0.018268775;0.0049169962
0.017047431;0.018268775;0.0049169962
0.019023715;0.018268775;0.0049169962
0.019023715;0.018268775;0.0049169962
0.019023715;0.018268775;0.012822134
0.019023715;0.018268775;0.012822134
0.019023715;0.018268775;0.012822134
0.019023715;0.018268775;0.012822134
0.021;0.018268775;0.012822134
0.021;0.018268775;0.012822134
0.019023715;0.018268775;0.0049169962
0.021;0.018268775;0.0049169962
0.021;0.018268775;0.012822134
0.021;0.018268775;0.012822134
0.021;0.018268775;0.0049169962
0.021;0.020245058;0.0049169962
0.021;0.018268775;0.0049169962
0.021;0.018268775;0.0049169962
0.021;0.020245058;0.012822134
0.021;0.018268775;0.0049169962
0.021;0.018268775;0.012822134
0.021;0.020245058;0.0049169962
0.021;0.020245058;0.0049169962
0.022976285;0.020245058;0.012822134
0.021;0.018268775;0.012822134
0.022976285;0.020245058;0.0049169962
0.022976285;0.020245058;0.012822134
0.021;0.022221344;0.012822134
0.022976285;0.022221344;0.0049169962
0.022976285;0.020245058;0.012822134
0.022976285;0.020245058;0.012822134
0.022976285;0.022221344;0.0049169962
0.021;0.020245058;0.012822134
0.02495257;0.020245058;0.012822134
0.022976285;0.020245058;0.012822134
0.022976285;0.020245058;0.0049169962
0.022976285;0.022221344;0.0049169962
0.02495257;0.022221344;0.0049169962
0.022976285;0.020245058;0.012822134
0.02495257;0.022221344;0.012822134
0.022976285;0.020245058;0.0049169962
0.02495257;0.022221344;0.0049169962
0.02495257;0.022221344;0.012822134
0.026928853;0.022221344;0.012822134
0.022976285;0.022221344;0.0049169962
0.02495257;0.022221344;0.012822134
0.02495257;0.024197629;0.0049169962
0.02495257;0.022221344;0.0049169962
0.02495257;0.022221344;0.012822134
0.02495257;0.024197629;0.0049169962
0.02495257;0.024197629;0.012822134
0.02495257;0.024197629;0.0049169962
0.026928853;0.024197629;0.012822134
0.02495257;0.024197629;0.012822134
0.02495257;0.022221344;0.012822134
0.026928853;0.022221344;0.012822134
0.026928853;0.024197629;0.0049169962
0.02495257;0.024197629;0.0049169962
0.026928853;0.024197629;0.0049169962
0.026928853;0.026173914;0.012822134
0.02495257;0.024197629;0.012822134
0.026928853;0.024197629;0.012822134
0.028905138;0.024197629;0.0049169962
0.026928853;0.024197629;0.012822134
0.026928853;0.024197629;0.0049169962
0.026928853;0.024197629;0.012822134
0.026928853;0.026173914;0.012822134
0.02495257;0.026173914;0.0049169962
0.026928853;0.026173914;0.012822134
0.026928853;0.026173914;0.012822134
0.026928853;0.026173914;0.0049169962
0.028905138;0.026173914;0.0049169962
0.026928853;0.026173914;0.012822134
0.028905138;0.026173914;0.0049169962
0.026928853;0.026173914;0.0049169962
0.028905138;0.028150197;0.012822134
0.028905138;0.028150197;0.012822134
0.028905138;0.026173914;0.012822134
0.026928853;0.026173914;0.0049169962
0.028905138;0.026173914;0.0049169962
0.028905138;0.028150197;0.0049169962
0.028905138;0.026173914;0.0049169962
0.028905138;0.028150197;0.0049169962
0.030881424;0.026173914;0.0049169962
0.028905138;0.028150197;0.012822134
0.028905138;0.028150197;0.0049169962
0.028905138;0.028150197;0.0049169962
0.028905138;0.028150197;0.012822134
0.030881424;0.028150197;0.012822134
0.028905138;0.028150197;0.012822134
0.030881424;0.028150197;0.012822134
0.030881424;0.028150197;0.012822134
0.030881424;0.028150197;0.0049169962
0.030881424;0.028150197;0.012822134
0.030881424;0.030126482;0.0049169962
0.030881424;0.030126482;0.0049169962
0.030881424;0.028150197;0.0049169962
0.030881424;0.030126482;0.012822134
0.030881424;0.030126482;0.0049169962
0.030881424;0.030126482;0.0049169962
0.030881424;0.030126482;0.0049169962
0.030881424;0.030126482;0.012822134
0.030881424;0.030126482;0.0049169962
0.030881424;0.030126482;0.0049169962
0.030881424;0.030126482;0.012822134
0.030881424;0.030126482;0.012822134
0.032857709;0.032102767;0.012822134
0.032857709;0.030126482;0.0049169962
0.030881424;0.030126482;0.012822134
0.032857709;0.030126482;0.0049169962
0.032857709;0.030126482;0.012822134
0.032857709;0.030126482;0.0049169962
0.032857709;0.032102767;0.012822134
0.032857709;0.032102767;0.0049169962
0.032857709;0.032102767;0.0049169962
0.032857709;0.032102767;0.0049169962
0.032857709;0.032102767;0.012822134
0.032857709;0.032102767;0.0049169962
0.032857709;0.032102767;0.012822134
0.032857709;0.032102767;0.0049169962
0.032857709;0.032102767;0.0049169962
0.034833994;0.032102767;0.012822134
0.034833994;0.032102767;0.0049169962
0.032857709;0.032102767;0.012822134
0.034833994;0.032102767;0.0049169962
0.034833994;0.034079053;0.012822134
0.034833994;0.032102767;0.0049169962
0.034833994;0.032102767;0.012822134
0.034833994;0.032102767;0.012822134
0.034833994;0.032102767;0.0049169962
0.034833994;0.032102767;0.0049169962
0.034833994;0.034079053;0.0049169962
0.034833994;0.032102767;0.0049169962
0.036810275;0.034079053;0.0049169962
0.034833994;0.034079053;0.0049169962
0.034833994;0.034079053;0.012822134
0.034833994;0.034079053;0.0049169962
0.034833994;0.034079053;0.012822134
0.034833994;0.034079053;0.0049169962
0.034833994;0.034079053;0.012822134
0.034833994;0.034079053;0.0049169962
0.036810275;0.034079053;0.012822134
0.034833994;0.036055338;0.012822134
0.034833994;0.034079053;0.0049169962
0.036810275;0.034079053;0.012822134
0.03878656;0.036055338;0.012822134
0.036810275;0.036055338;0.012822134
0.036810275;0.036055338;0.0049169962
0.036810275;0.036055338;0.012822134
0.036810275;0.036055338;0.012822134
0.036810275;0.036055338;0.012822134
0.036810275;0.036055338;0.0049169962
0.036810275;0.036055338;0.012822134
0.036810275;0.036055338;0.0049169962
0.03878656;0.036055338;0.0049169962
0.036810275;0.036055338;0.0049169962
0.03878656;0.036055338;0.0049169962
0.03878656;0.036055338;0.0049169962
0.03878656;0.036055338;0.012822134
0.03878656;0.036055338;0.0049169962
0.03878656;0.038031619;0.0049169962
0.03878656;0.036055338;0.012822134
0.03878656;0.036055338;0.012822134
0.03878656;0.036055338;0.0049169962
0.03878656;0.036055338;0.0049169962
0.03878656;0.036055338;0.012822134
0.03878656;0.038031619;0.012822134
0.040762845;0.038031619;0.0049169962
0.03878656;0.038031619;0.0049169962
0.040762845;0.038031619;0.0049169962
0.03878656;0.038031619;0.0049169962
0.03878656;0.038031619;0.012822134
0.03878656;0.038031619;0.012822134
0.040762845;0.038031619;0.0049169962
0.03878656;0.038031619;0.0049169962
0.040762845;0.038031619;0.0049169962
0.040762845;0.038031619;0.0049169962
0.040762845;0.038031619;0.012822134
0.040762845;0.038031619;0.012822134
0.040762845;0.038031619;0.0049169962
0.040762845;0.038031619;0.012822134
0.040762845;0.038031619;0.012822134
0.040762845;0.040007904;0.0049169962
0.040762845;0.038031619;0.012822134
0.040762845;0.040007904;0.0049169962
0.042739131;0.040007904;0.012822134
0.042739131;0.038031619;0.0049169962
0.042739131;0.038031619;0.0049169962
0.040762845;0.040007904;0.012822134
0.042739131;0.040007904;0.012822134
0.040762845;0.038031619;0.012822134
0.042739131;0.040007904;0.0049169962
0.040762845;0.040007904;0.0049169962
0.042739131;0.040007904;0.0049169962
0.042739131;0.040007904;0.0049169962
0.040762845;0.041984189;0.0049169962
0.042739131;0.040007904;0.0049169962
0.042739131;0.041984189;0.012822134
0.042739131;0.041984189;0.0049169962
0.042739131;0.041984189;0.0049169962
0.042739131;0.040007904;0.0049169962
0.042739131;0.041984189;0.012822134
0.042739131;0.040007904;0.012822134
0.044715416;0.041984189;0.012822134
0.042739131;0.041984189;0.0049169962
0.042739131;0.040007904;0.0049169962
0.042739131;0.041984189;0.0049169962
0.044715416;0.041984189;0.012822134
0.044715416;0.041984189;0.012822134
0.044715416;0.041984189;0.012822134
0.044715416;0.041984189;0.012822134
0.044715416;0.043960474;0.0049169962
0.044715416;0.041984189;0.0049169962
0.042739131;0.043960474;0.012822134
0.046691701;0.041984189;0.0049169962
0.044715416;0.041984189;0.012822134
0.042739131;0.041984189;0.0049169962
0.044715416;0.041984189;0.012822134
0.044715416;0.041984189;0.0049169962
0.044715416;0.041984189;0.0049169962
0.044715416;0.043960474;0.012822134
0.044715416;0.043960474;0.0049169962
0.046691701;0.041984189;0.0049169962
0.044715416;0.041984189;0.012822134
0.046691701;0.041984189;0.0049169962
0.044715416;0.043960474;0.0049169962
0.046691701;0.041984189;0.012822134
0.044715416;0.043960474;0.0049169962
0.046691701;0.043960474;0.012822134
0.046691701;0.043960474;0.0049169962
0.046691701;0.043960474;0.0049169962
0.046691701;0.043960474;0.012822134
0.046691701;0.043960474;0.0049169962
0.046691701;0.043960474;0.012822134
0.046691701;0.043960474;0.012822134
0.046691701;0.043960474;0.0049169962
0.046691701;0.043960474;0.0049169962
0.046691701;0.04593676;0.012822134
0.048667986;0.04593676;0.0049169962
0.046691701;0.043960474;0.0049169962
0.046691701;0.043960474;0.012822134
0.046691701;0.04593676;0.012822134
0.046691701;0.04593676;0.012822134
0.048667986;0.04593676;0.0049169962
0.048667986;0.04593676;0.0049169962
0.048667986;0.04593676;0.012822134
0.048667986;0.04593676;0.012822134
0.048667986;0.04593676;0.012822134
0.046691701;0.04593676;0.0049169962
0.048667986;0.04593676;0.012822134
0.048667986;0.04593676;0.012822134
0.050644267;0.04593676;0.0049169962
0.048667986;0.04593676;0.012822134
0.048667986;0.047913045;0.012822134
0.048667986;0.047913045;0.012822134
0.048667986;0.04593676;0.0049169962
0.050644267;0.047913045;0.0049169962
0.050644267;0.047913045;0.0049169962
0.048667986;0.047913045;0.0049169962
0.048667986;0.04593676;0.012822134
0.050644267;0.047913045;0.012822134
0.050644267;0.047913045;0.012822134
0.048667986;0.047913045;0.012822134
0.050644267;0.047913045;0.0049169962
0.050644267;0.047913045;0.012822134
0.050644267;0.047913045;0.0049169962
0.048667986;0.047913045;0.012822134
0.050644267;0.04988933;0.0049169962
0.048667986;0.04988933;0.012822134
0.048667986;0.047913045;0.012822134
0.050644267;0.047913045;0.0049169962
0.050644267;0.047913045;0.0049169962
0.050644267;0.04988933;0.0049169962
0.050644267;0.047913045;0.012822134
0.050644267;0.04988933;0.0049169962
0.050644267;0.04988933;0.0049169962
0.052620552;0.04988933;0.0049169962
0.052620552;0.04988933;0.012822134
0.052620552;0.04988933;0.0049169962
0.050644267;0.047913045;0.0049169962
0.052620552;0.04988933;0.012822134
0.050644267;0.04988933;0.012822134
0.050644267;0.04988933;0.0049169962
0.052620552;0.04988933;0.012822134
0.052620552;0.04988933;0.012822134
0.052620552;0.04988933;0.012822134
0.052620552;0.04988933;0.012822134
0.052620552;0.04988933;0.012822134
0.052620552;0.04988933;0.0049169962
0.052620552;0.04988933;0.012822134
0.052620552;0.04988933;0.012822134
0.052620552;0.04988933;0.012822134
0.052620552;0.04988933;0.0049169962
0.052620552;0.04988933;0.012822134
0.052620552;0.04988933;0.012822134
0.054596838;0.04988933;0.012822134
0.054596838;0.04988933;0.012822134
0.052620552;0.04988933;0.012822134
0.054596838;0.04988933;0.012822134
0.054596838;0.051865611;0.0049169962
0.054596838;0.04988933;0.0049169962
0.054596838;0.051865611;0.012822134
0.054596838;0.051865611;0.0049169962
0.054596838;0.051865611;0.0049169962
0.054596838;0.051865611;0.0049169962
0.054596838;0.051865611;0.012822134
0.054596838;0.051865611;0.0049169962
0.054596838;0.051865611;0.0049169962
0.054596838;0.051865611;0.0049169962
0.054596838;0.051865611;0.0049169962
0.054596838;0.051865611;0.012822134
0.054596838;0.051865611;0.012822134
0.054596838;0.051865611;0.0049169962
0.054596838;0.051865611;0.0049169962
0.054596838;0.051865611;0.0049169962
0.056573123;0.051865611;0.012822134
0.056573123;0.053841896;0.012822134
0.054596838;0.051865611;0.0049169962
0.054596838;0.051865611;0.0049169962
0.056573123;0.051865611;0.0049169962
0.056573123;0.051865611;0.0049169962
0.054596838;0.051865611;0.012822134
0.056573123;0.053841896;0.0049169962
0.056573123;0.053841896;0.0049169962
0.056573123;0.053841896;0.0049169962
0.056573123;0.053841896;0.0049169962
0.056573123;0.051865611;0.012822134
0.056573123;0.053841896;0.012822134
0.058549408;0.053841896;0.012822134
0.056573123;0.053841896;0.012822134
0.058549408;0.053841896;0.0049169962
0.056573123;0.053841896;0.0049169962
0.056573123;0.053841896;0.012822134
0.056573123;0.053841896;0.0049169962
0.058549408;0.055818181;0.012822134
0.058549408;0.053841896;0.0049169962
0.056573123;0.053841896;0.0049169962
0.056573123;0.053841896;0.0049169962
0.056573123;0.053841896;0.0049169962
0.056573123;0.053841896;0.0049169962
0.058549408;0.055818181;0.012822134
0.058549408;0.053841896;0.012822134
0.058549408;0.055818181;0.0049169962
0.058549408;0.055818181;0.0049169962
0.058549408;0.055818181;0.0049169962
0.058549408;0.053841896;0.012822134
0.058549408;0.055818181;0.012822134
0.058549408;0.055818181;0.012822134
0.058549408;0.055818181;0.0049169962
0.058549408;0.055818181;0.012822134
0.058549408;0.055818181;0.0049169962
0.058549408;0.055818181;0.012822134
0.058549408;0.055818181;0.0049169962
0.060525693;0.057794467;0.0049169962
0.058549408;0.055818181;0.0049169962
0.058549408;0.055818181;0.0049169962
0.058549408;0.053841896;0.0049169962
0.060525693;0.055818181;0.0049169962
0.060525693;0.055818181;0.0049169962
0.060525693;0.057794467;0.012822134
0.060525693;0.055818181;0.0049169962
0.058549408;0.055818181;0.012822134
0.058549408;0.055818181;0.0049169962
0.060525693;0.057794467;0.0049169962
0.058549408;0.057794467;0.012822134
0.062501974;0.057794467;0.012822134
0.058549408;0.057794467;0.012822134
0.058549408;0.055818181;0.0049169962
0.058549408;0.055818181;0.012822134
0.060525693;0.057794467;0.0049169962
0.060525693;0.057794467;0.012822134
0.060525693;0.055818181;0.012822134
0.060525693;0.057794467;0.0049169962
0.060525693;0.055818181;0.0049169962
0.058549408;0.057794467;0.012822134
0.060525693;0.057794467;0.012822134
0.060525693;0.057794467;0.012822134
0.060525693;0.057794467;0.012822134
0.060525693;0.057794467;0.0049169962
0.060525693;0.057794467;0.012822134
0.060525693;0.057794467;0.012822134
0.060525693;0.057794467;0.012822134
0.060525693;0.059770752;0.012822134
0.060525693;0.057794467;0.012822134
0.060525693;0.057794467;0.012822134
0.062501974;0.059770752;0.0049169962
0.060525693;0.057794467;0.012822134
0.060525693;0.057794467;0.012822134
0.060525693;0.057794467;0.012822134
0.060525693;0.059770752;0.012822134
0.062501974;0.057794467;0.012822134
0.060525693;0.059770752;0.0049169962
0.062501974;0.059770752;0.012822134
0.062501974;0.059770752;0.0049169962
0.062501974;0.059770752;0.0049169962
0.062501974;0.059770752;0.0049169962
0.062501974;0.059770752;0.012822134
0.062501974;0.059770752;0.012822134
0.062501974;0.061747037;0.0049169962
0.062501974;0.059770752;0.0049169962
0.060525693;0.059770752;0.012822134
0.062501974;0.057794467;0.0049169962
0.062501974;0.059770752;0.0049169962
0.062501974;0.059770752;0.012822134
0.062501974;0.059770752;0.012822134
0.062501974;0.059770752;0.012822134
0.064478263;0.059770752;0.0049169962
0.064478263;0.059770752;0.012822134
0.064478263;0.061747037;0.012822134
0.062501974;0.059770752;0.0049169962
0.062501974;0.059770752;0.0049169962
0.062501974;0.059770752;0.0049169962
0.062501974;0.059770752;0.012822134
0.062501974;0.059770752;0.012822134
0.062501974;0.059770752;0.012822134
0.062501974;0.061747037;0.0049169962
0.064478263;0.059770752;0.012822134
0.062501974;0.059770752;0.0049169962
0.064478263;0.061747037;0.012822134
0.064478263;0.061747037;0.012822134
0.064478263;0.061747037;0.012822134
0.064478263;0.059770752;0.0049169962
0.064478263;0.061747037;0.012822134
0.064478263;0.059770752;0.012822134
0.064478263;0.059770752;0.012822134
0.064478263;0.061747037;0.0049169962
0.064478263;0.061747037;0.0049169962
0.064478263;0.061747037;0.012822134
0.064478263;0.061747037;0.0049169962
0.064478263;0.061747037;0.012822134
0.064478263;0.061747037;0.0049169962
0.064478263;0.061747037;0.012822134
0.064478263;0.061747037;0.012822134
0.064478263;0.061747037;0.0049169962
0.064478263;0.061747037;0.012822134
0.064478263;0.061747037;0.012822134
0.064478263;0.063723318;0.012822134
0.064478263;0.059770752;0.0049169962
0.064478263;0.061747037;0.0049169962
0.066454545;0.061747037;0.0049169962
0.068430834;0.061747037;0.012822134
0.066454545;0.063723318;0.012822134
0.064478263;0.061747037;0.012822134
0.066454545;0.061747037;0.012822134
0.064478263;0.063723318;0.0049169962
0.066454545;0.061747037;0.0049169962
0.066454545;0.063723318;0.012822134
0.066454545;0.061747037;0.0049169962
0.064478263;0.061747037;0.0049169962
0.066454545;0.061747037;0.012822134
0.066454545;0.063723318;0.0049169962
0.066454545;0.061747037;0.012822134
0.066454545;0.061747037;0.0049169962
0.068430834;0.065699607;0.012822134
0.066454545;0.063723318;0.0049169962
0.066454545;0.063723318;0.0049169962
0.066454545;0.063723318;0.012822134
0.066454545;0.063723318;0.0049169962
0.066454545;0.063723318;0.012822134
0.066454545;0.063723318;0.012822134
0.066454545;0.063723318;0.012822134
0.066454545;0.063723318;0.012822134
0.064478263;0.063723318;0.012822134
0.066454545;0.063723318;0.0049169962
0.068430834;0.063723318;0.0049169962
0.066454545;0.061747037;0.0049169962
0.066454545;0.063723318;0.012822134
0.066454545;0.063723318;0.0049169962
0.066454545;0.065699607;0.0049169962
0.066454545;0.063723318;0.012822134
0.066454545;0.065699607;0.012822134
0.066454545;0.063723318;0.0049169962
0.068430834;0.063723318;0.012822134
0.068430834;0.063723318;0.012822134
0.066454545;0.063723318;0.012822134
0.068430834;0.065699607;0.0049169962
0.066454545;0.065699607;0.012822134
0.066454545;0.063723318;0.0049169962
0.068430834;0.065699607;0.012822134
0.066454545;0.065699607;0.012822134
0.068430834;0.063723318;0.0049169962
0.068430834;0.063723318;0.012822134
0.068430834;0.063723318;0.012822134
0.066454545;0.065699607;0.0049169962
0.068430834;0.065699607;0.0049169962
0.066454545;0.065699607;0.012822134
0.066454545;0.063723318;0.0049169962
0.068430834;0.063723318;0.0049169962
0.068430834;0.065699607;0.0049169962
0.068430834;0.065699607;0.012822134
0.068430834;0.065699607;0.0049169962
0.070407115;0.065699607;0.012822134
0.068430834;0.063723318;0.0049169962
0.068430834;0.065699607;0.0049169962
0.068430834;0.063723318;0.0049169962
0.066454545;0.065699607;0.0049169962
0.068430834;0.065699607;0.0049169962
0.068430834;0.065699607;0.0049169962
0.066454545;0.065699607;0.0049169962
0.068430834;0.065699607;0.0049169962
0.070407115;0.063723318;0.0049169962
0.068430834;0.065699607;0.0049169962
0.068430834;0.065699607;0.0049169962
0.068430834;0.065699607;0.012822134
0.070407115;0.067675889;0.012822134
0.068430834;0.065699607;0.012822134
0.068430834;0.065699607;0.0049169962
0.070407115;0.065699607;0.0049169962
0.068430834;0.065699607;0.0049169962
0.068430834;0.065699607;0.0049169962
0.068430834;0.067675889;0.0049169962
0.070407115;0.067675889;0.0049169962
0.068430834;0.067675889;0.012822134
0.068430834;0.067675889;0.012822134
0.068430834;0.065699607;0.012822134
0.068430834;0.065699607;0.012822134
0.068430834;0.065699607;0.0049169962
0.070407115;0.067675889;0.0049169962
0.068430834;0.067675889;0.012822134
0.068430834;0.067675889;0.0049169962
0.068430834;0.067675889;0.0049169962
0.068430834;0.067675889;0.012822134
0.068430834;0.067675889;0.0049169962
0.070407115;0.067675889;0.012822134
0.068430834;0.067675889;0.0049169962
0.070407115;0.067675889;0.0049169962
0.068430834;0.067675889;0.012822134
0.068430834;0.065699607;0.012822134
0.070407115;0.067675889;0.012822134
0.070407115;0.067675889;0.012822134
0.070407115;0.067675889;0.0049169962
0.070407115;0.067675889;0.012822134
0.070407115;0.065699607;0.0049169962
0.070407115;0.067675889;0.012822134
0.070407115;0.067675889;0.012822134
0.070407115;0.067675889;0.012822134
0.070407115;0.067675889;0.012822134
0.070407115;0.067675889;0.0049169962
0.070407115;0.065699607;0.0049169962
0.070407115;0.067675889;0.0049169962
0.070407115;0.067675889;0.0049169962
0.070407115;0.067675889;0.0049169962
0.068430834;0.065699607;0.0049169962
0.070407115;0.067675889;0.012822134
0.070407115;0.067675889;0.0049169962
0.072383396;0.067675889;0.012822134
0.070407115;0.067675889;0.012822134
0.070407115;0.067675889;0.0049169962
0.070407115;0.067675889;0.0049169962
0.068430834;0.067675889;0.012822134
0.070407115;0.067675889;0.012822134
0.068430834;0.067675889;0.012822134
0.072383396;0.067675889;0.012822134
0.070407115;0.067675889;0.012822134
0.070407115;0.067675889;0.012822134
0.070407115;0.065699607;0.0049169962
0.070407115;0.067675889;0.0049169962
0.070407115;0.067675889;0.012822134
0.070407115;0.067675889;0.0049169962
0.070407115;0.067675889;0.0049169962
0.070407115;0.067675889;0.0049169962
0.070407115;0.067675889;0.0049169962
0.070407115;0.067675889;0.0049169962
0.070407115;0.067675889;0.012822134
0.070407115;0.067675889;0.0049169962
0.070407115;0.067675889;0.0049169962
0.070407115;0.067675889;0.012822134
0.070407115;0.067675889;0.012822134
0.070407115;0.067675889;0.012822134
0.070407115;0.067675889;0.012822134
0.070407115;0.067675889;0.012822134
0.070407115;0.067675889;0.0049169962
0.070407115;0.067675889;0.0049169962
0.070407115;0.067675889;0.0049169962
0.072383396;0.067675889;0.012822134
0.070407115;0.067675889;0.012822134
0.070407115;0.069652177;0.0049169962
0.070407115;0.067675889;0.0049169962
0.070407115;0.067675889;0.012822134
0.070407115;0.067675889;0.012822134
0.072383396;0.067675889;0.012822134
0.072383396;0.067675889;0.012822134
0.070407115;0.067675889;0.0049169962
0.070407115;0.067675889;0.012822134
0.072383396;0.069652177;0.012822134
0.072383396;0.067675889;0.0049169962
0.070407115;0.067675889;0.0049169962
0.072383396;0.067675889;0.012822134
0.072383396;0.067675889;0.012822134
0.070407115;0.067675889;0.012822134
0.070407115;0.067675889;0.012822134
0.072383396;0.067675889;0.012822134
0.072383396;0.067675889;0.012822134
0.070407115;0.067675889;0.0049169962
0.070407115;0.067675889;0.012822134
0.070407115;0.067675889;0.0049169962
0.072383396;0.067675889;0.0049169962
0.070407115;0.067675889;0.012822134
0.072383396;0.069652177;0.0049169962
0.072383396;0.067675889;0.012822134
0.072383396;0.067675889;0.012822134
0.070407115;0.067675889;0.0049169962
0.072383396;0.069652177;0.0049169962
0.070407115;0.067675889;0.0049169962
0.072383396;0.067675889;0.0049169962
0.072383396;0.067675889;0.0049169962
0.070407115;0.067675889;0.012822134
0.072383396;0.067675889;0.012822134
0.072383396;0.069652177;0.0049169962
0.070407115;0.067675889;0.0049169962
0.072383396;0.067675889;0.012822134
0.072383396;0.067675889;0.012822134
0.070407115;0.069652177;0.012822134
0.072383396;0.069652177;0.012822134
0.070407115;0.069652177;0.0049169962
0.072383396;0.069652177;0.0049169962
0.070407115;0.069652177;0.012822134
0.072383396;0.069652177;0.0049169962
0.072383396;0.069652177;0.012822134
0.072383396;0.067675889;0.0049169962
0.072383396;0.067675889;0.0049169962
0.072383396;0.069652177;0.012822134
0.072383396;0.069652177;0.012822134
0.072383396;0.069652177;0.0049169962
0.072383396;0.069652177;0.012822134
0.070407115;0.069652177;0.0049169962
0.072383396;0.069652177;0.012822134
0.072383396;0.069652177;0.0049169962
0.072383396;0.069652177;0.0049169962
0.072383396;0.067675889;0.012822134
0.072383396;0.069652177;0.012822134
0.072383396;0.069652177;0.012822134
0.072383396;0.069652177;0.012822134
0.072383396;0.067675889;0.0049169962
0.072383396;0.069652177;0.0049169962
0.072383396;0.069652177;0.012822134
0.072383396;0.067675889;0.012822134
0.072383396;0.069652177;0.012822134
0.072383396;0.069652177;0.012822134
0.072383396;0.069652177;0.012822134
0.072383396;0.067675889;0.012822134
0.070407115;0.069652177;0.012822134
0.072383396;0.069652177;0.0049169962
0.072383396;0.069652177;0.0049169962
0.072383396;0.069652177;0.012822134
0.070407115;0.067675889;0.012822134
0.072383396;0.069652177;0.012822134
0.072383396;0.069652177;0.0049169962
0.072383396;0.069652177;0.012822134
0.072383396;0.069652177;0.0049169962
0.070407115;0.069652177;0.012822134
0.072383396;0.067675889;0.0049169962
0.070407115;0.067675889;0.0049169962
0.072383396;0.067675889;0.012822134
0.070407115;0.069652177;0.0049169962
0.072383396;0.069652177;0.012822134
0.072383396;0.069652177;0.0049169962
0.070407115;0.069652177;0.012822134
0.072383396;0.069652177;0.0049169962
0.072383396;0.069652177;0.012822134
0.072383396;0.069652177;0.012822134
0.072383396;0.069652177;0.012822134
0.072383396;0.069652177;0.012822134
0.072383396;0.067675889;0.012822134
0.072383396;0.069652177;0.0049169962
0.072383396;0.069652177;0.012822134
0.072383396;0.067675889;0.012822134
0.072383396;0.067675889;0.012822134
0.072383396;0.069652177;0.012822134
0.072383396;0.069652177;0.012822134
0.072383396;0.067675889;0.0049169962
0.072383396;0.069652177;0.0049169962
0.070407115;0.069652177;0.012822134
0.072383396;0.069652177;0.0049169962
0.072383396;0.069652177;0.012822134
0.074359685;0.067675889;0.012822134
0.072383396;0.067675889;0.012822134
0.072383396;0.069652177;0.012822134
0.070407115;0.069652177;0.0049169962
0.072383396;0.069652177;0.012822134
0.072383396;0.069652177;0.012822134
0.070407115;0.067675889;0.0049169962
0.072383396;0.069652177;0.012822134
0.070407115;0.067675889;0.012822134
0.072383396;0.069652177;0.012822134
0.072383396;0.067675889;0.012822134
0.070407115;0.069652177;0.0049169962
0.070407115;0.067675889;0.012822134
0.072383396;0.069652177;0.012822134
0.072383396;0.067675889;0.012822134
0.072383396;0.069652177;0.012822134
0.070407115;0.069652177;0.0049169962
0.072383396;0.067675889;0.0049169962
0.072383396;0.069652177;0.0049169962
0.070407115;0.067675889;0.012822134
0.070407115;0.069652177;0.012822134
0.072383396;0.067675889;0.0049169962
0.072383396;0.069652177;0.0049169962
0.072383396;0.067675889;0.0049169962
0.070407115;0.069652177;0.0049169962
0.070407115;0.069652177;0.0049169962
0.072383396;0.069652177;0.012822134
0.070407115;0.067675889;0.0049169962
0.072383396;0.069652177;0.0049169962
0.072383396;0.069652177;0.0049169962
0.072383396;0.069652177;0.0049169962
0.070407115;0.069652177;0.0049169962
0.072383396;0.069652177;0.012822134
0.070407115;0.069652177;0.0049169962
0.072383396;0.069652177;0.012822134
0.072383396;0.069652177;0.0049169962
0.072383396;0.067675889;0.012822134
0.070407115;0.067675889;0.0049169962
0.070407115;0.067675889;0.012822134
0.072383396;0.069652177;0.012822134
0.072383396;0.069652177;0.0049169962
0.072383396;0.067675889;0.0049169962
0.070407115;0.069652177;0.012822134
0.070407115;0.067675889;0.0049169962
0.070407115;0.067675889;0.0049169962
0.070407115;0.067675889;0.0049169962
0.070407115;0.067675889;0.0049169962
0.070407115;0.067675889;0.0049169962
0.072383396;0.069652177;0.012822134
0.070407115;0.067675889;0.0049169962
0.072383396;0.067675889;0.012822134
0.072383396;0.069652177;0.0049169962
0.070407115;0.067675889;0.0049169962
0.072383396;0.067675889;0.012822134
0.072383396;0.067675889;0.012822134
0.070407115;0.067675889;0.0049169962
0.070407115;0.067675889;0.012822134
0.070407115;0.069652177;0.0049169962
0.072383396;0.067675889;0.012822134
0.072383396;0.069652177;0.0049169962
0.070407115;0.067675889;0.0049169962
0.070407115;0.067675889;0.0049169962
0.070407115;0.067675889;0.012822134
0.070407115;0.067675889;0.0049169962
0.070407115;0.067675889;0.0049169962
0.070407115;0.067675889;0.012822134
0.070407115;0.069652177;0.0049169962
0.070407115;0.067675889;0.0049169962
0.070407115;0.067675889;0.0049169962
0.070407115;0.067675889;0.0049169962
0.070407115;0.067675889;0.012822134
0.070407115;0.067675889;0.012822134
0.070407115;0.067675889;0.0049169962
0.072383396;0.067675889;0.0049169962
0.070407115;0.067675889;0.012822134
0.070407115;0.067675889;0.0049169962
0.070407115;0.069652177;0.0049169962
0.070407115;0.067675889;0.0049169962
0.070407115;0.067675889;0.012822134
0.070407115;0.067675889;0.0049169962
0.070407115;0.067675889;0.012822134
0.070407115;0.067675889;0.012822134
0.070407115;0.067675889;0.012822134
0.070407115;0.067675889;0.012822134
0.070407115;0.065699607;0.0049169962
0.070407115;0.067675889;0.0049169962
0.070407115;0.067675889;0.0049169962
0.070407115;0.067675889;0.0049169962
0.070407115;0.067675889;0.0049169962
0.070407115;0.067675889;0.012822134
0.070407115;0.067675889;0.012822134
0.070407115;0.067675889;0.012822134
0.068430834;0.067675889;0.0049169962
0.070407115;0.067675889;0.012822134
0.070407115;0.067675889;0.0049169962
0.068430834;0.067675889;0.0049169962
0.068430834;0.067675889;0.0049169962
0.068430834;0.067675889;0.012822134
0.070407115;0.067675889;0.012822134
0.070407115;0.065699607;0.012822134
0.070407115;0.067675889;0.012822134
0.068430834;0.067675889;0.012822134
0.068430834;0.067675889;0.0049169962
0.070407115;0.065699607;0.012822134
0.070407115;0.067675889;0.012822134
0.068430834;0.065699607;0.0049169962
0.070407115;0.067675889;0.0049169962
0.068430834;0.067675889;0.0049169962
0.068430834;0.067675889;0.012822134
0.070407115;0.067675889;0.012822134
0.070407115;0.065699607;0.0049169962
0.068430834;0.065699607;0.012822134
0.068430834;0.067675889;0.0049169962
0.068430834;0.067675889;0.012822134
0.068430834;0.065699607;0.0049169962
0.070407115;0.067675889;0.012822134
0.068430834;0.065699607;0.0049169962
0.070407115;0.067675889;0.0049169962
0.068430834;0.067675889;0.0049169962
0.066454545;0.065699607;0.012822134
0.068430834;0.065699607;0.012822134
0.068430834;0.065699607;0.012822134
0.066454545;0.065699607;0.012822134
0.068430834;0.065699607;0.0049169962
0.068430834;0.067675889;0.012822134
0.066454545;0.065699607;0.0049169962
0.068430834;0.065699607;0.012822134
0.070407115;0.065699607;0.0049169962
0.068430834;0.067675889;0.0049169962
0.070407115;0.065699607;0.0049169962
0.068430834;0.065699607;0.0049169962
0.068430834;0.065699607;0.0049169962
0.068430834;0.063723318;0.012822134
0.068430834;0.065699607;0.012822134
0.068430834;0.065699607;0.0049169962
0.068430834;0.065699607;0.012822134
0.066454545;0.065699607;0.0049169962
0.066454545;0.065699607;0.0049169962
0.068430834;0.065699607;0.012822134
0.068430834;0.065699607;0.012822134
0.070407115;0.065699607;0.0049169962
0.068430834;0.065699607;0.0049169962
0.068430834;0.065699607;0.012822134
0.066454545;0.063723318;0.0049169962
0.066454545;0.065699607;0.0049169962
0.068430834;0.063723318;0.0049169962
0.066454545;0.065699607;0.012822134
0.066454545;0.063723318;0.012822134
0.066454545;0.065699607;0.0049169962
0.066454545;0.065699607;0.012822134
0.068430834;0.065699607;0.0049169962
0.066454545;0.063723318;0.0049169962
0.066454545;0.065699607;0.012822134
0.068430834;0.065699607;0.012822134
0.066454545;0.065699607;0.012822134
0.066454545;0.065699607;0.012822134
0.068430834;0.065699607;0.012822134
0.068430834;0.063723318;0.0049169962
0.068430834;0.063723318;0.012822134
0.066454545;0.065699607;0.012822134
0.066454545;0.065699607;0.0049169962
0.066454545;0.063723318;0.012822134
0.066454545;0.063723318;0.012822134
0.066454545;0.065699607;0.012822134
0.066454545;0.063723318;0.0049169962
0.066454545;0.063723318;0.012822134
0.066454545;0.065699607;0.0049169962
0.066454545;0.063723318;0.012822134
0.066454545;0.065699607;0.012822134
0.066454545;0.063723318;0.0049169962
0.066454545;0.065699607;0.0049169962
0.066454545;0.063723318;0.0049169962
0.066454545;0.063723318;0.0049169962
0.066454545;0.063723318;0.0049169962
0.064478263;0.063723318;0.0049169962
0.064478263;0.061747037;0.0049169962
0.066454545;0.063723318;0.0049169962
0.064478263;0.063723318;0.0049169962
0.064478263;0.063723318;0.012822134
0.066454545;0.061747037;0.0049169962
0.066454545;0.065699607;0.012822134
0.064478263;0.063723318;0.0049169962
0.066454545;0.063723318;0.0049169962
0.066454545;0.063723318;0.0049169962
0.066454545;0.063723318;0.0049169962
0.064478263;0.063723318;0.0049169962
0.064478263;0.063723318;0.012822134
0.066454545;0.063723318;0.012822134
0.064478263;0.061747037;0.0049169962
0.066454545;0.061747037;0.012822134
0.064478263;0.061747037;0.012822134
0.064478263;0.061747037;0.012822134
0.064478263;0.063723318;0.012822134
0.064478263;0.061747037;0.0049169962
0.064478263;0.061747037;0.0049169962
0.064478263;0.061747037;0.0049169962
0.066454545;0.061747037;0.012822134
0.064478263;0.061747037;0.012822134
0.064478263;0.063723318;0.012822134
0.064478263;0.061747037;0.012822134
0.064478263;0.061747037;0.0049169962
0.064478263;0.061747037;0.0049169962
0.064478263;0.061747037;0.012822134
0.064478263;0.061747037;0.0049169962
0.062501974;0.061747037;0.012822134
0.064478263;0.061747037;0.012822134
0.064478263;0.061747037;0.0049169962
0.064478263;0.061747037;0.012822134
0.062501974;0.061747037;0.012822134
0.064478263;0.059770752;0.012822134
0.062501974;0.059770752;0.0049169962
0.064478263;0.059770752;0.012822134
0.062501974;0.059770752;0.0049169962
0.064478263;0.061747037;0.012822134
0.064478263;0.061747037;0.0049169962
0.062501974;0.059770752;0.012822134
0.062501974;0.061747037;0.012822134
0.062501974;0.061747037;0.0049169962
0.062501974;0.059770752;0.0049169962
0.064478263;0.061747037;0.012822134
0.062501974;0.059770752;0.012822134
0.062501974;0.061747037;0.0049169962
0.060525693;0.061747037;0.0049169962
0.062501974;0.059770752;0.0049169962
0.062501974;0.059770752;0.0049169962
0.062501974;0.059770752;0.012822134
0.062501974;0.059770752;0.0049169962
0.062501974;0.059770752;0.0049169962
0.062501974;0.059770752;0.0049169962
0.062501974;0.059770752;0.012822134
0.064478263;0.059770752;0.0049169962
0.062501974;0.059770752;0.0049169962
0.062501974;0.059770752;0.0049169962
0.060525693;0.059770752;0.0049169962
0.060525693;0.059770752;0.0049169962
0.060525693;0.059770752;0.012822134
0.062501974;0.061747037;0.012822134
0.060525693;0.059770752;0.012822134
0.062501974;0.059770752;0.0049169962
0.062501974;0.059770752;0.012822134
0.060525693;0.059770752;0.012822134
0.060525693;0.059770752;0.012822134
0.062501974;0.059770752;0.0049169962
0.062501974;0.059770752;0.012822134
0.062501974;0.059770752;0.012822134
0.062501974;0.057794467;0.012822134
0.060525693;0.057794467;0.0049169962
0.060525693;0.057794467;0.012822134
0.062501974;0.057794467;0.012822134
0.060525693;0.057794467;0.0049169962
0.060525693;0.057794467;0.012822134
0.060525693;0.057794467;0.012822134
0.060525693;0.057794467;0.0049169962
0.060525693;0.057794467;0.012822134
0.060525693;0.057794467;0.0049169962
0.060525693;0.057794467;0.0049169962
0.058549408;0.059770752;0.012822134
0.058549408;0.057794467;0.0049169962
0.058549408;0.057794467;0.0049169962
0.060525693;0.057794467;0.0049169962
0.058549408;0.057794467;0.0049169962
0.058549408;0.057794467;0.012822134
0.060525693;0.057794467;0.0049169962
0.060525693;0.057794467;0.012822134
0.058549408;0.057794467;0.012822134
0.060525693;0.057794467;0.0049169962
0.058549408;0.057794467;0.012822134
0.058549408;0.057794467;0.012822134
0.058549408;0.057794467;0.0049169962
0.058549408;0.057794467;0.0049169962
0.058549408;0.057794467;0.0049169962
0.060525693;0.057794467;0.0049169962
0.058549408;0.057794467;0.0049169962
0.058549408;0.057794467;0.012822134
0.058549408;0.057794467;0.0049169962
0.058549408;0.055818181;0.012822134
0.058549408;0.055818181;0.0049169962
0.058549408;0.055818181;0.012822134
0.058549408;0.055818181;0.0049169962
0.058549408;0.055818181;0.012822134
0.056573123;0.055818181;0.012822134
0.058549408;0.055818181;0.012822134
0.058549408;0.055818181;0.0049169962
0.058549408;0.055818181;0.012822134
0.060525693;0.055818181;0.0049169962
0.056573123;0.055818181;0.0049169962
0.056573123;0.055818181;0.012822134
0.056573123;0.055818181;0.0049169962
0.056573123;0.055818181;0.012822134
0.056573123;0.053841896;0.012822134
0.054596838;0.055818181;0.012822134
0.056573123;0.053841896;0.0049169962
0.056573123;0.055818181;0.0049169962
0.056573123;0.053841896;0.0049169962
0.056573123;0.055818181;0.012822134
0.058549408;0.053841896;0.0049169962
0.056573123;0.053841896;0.0049169962
0.056573123;0.053841896;0.0049169962
0.054596838;0.053841896;0.012822134
0.056573123;0.053841896;0.0049169962
0.056573123;0.053841896;0.012822134
0.056573123;0.055818181;0.0049169962
0.056573123;0.053841896;0.0049169962
0.056573123;0.053841896;0.0049169962
0.056573123;0.051865611;0.0049169962
0.056573123;0.053841896;0.012822134
0.054596838;0.053841896;0.0049169962
0.054596838;0.053841896;0.0049169962
0.054596838;0.053841896;0.012822134
0.056573123;0.055818181;0.0049169962
0.056573123;0.053841896;0.0049169962
0.054596838;0.053841896;0.012822134
0.054596838;0.055818181;0.012822134
0.054596838;0.053841896;0.0049169962
0.054596838;0.051865611;0.0049169962
0.054596838;0.051865611;0.012822134
0.054596838;0.051865611;0.0049169962
0.052620552;0.051865611;0.012822134
0.054596838;0.053841896;0.0049169962
0.054596838;0.051865611;0.0049169962
0.054596838;0.051865611;0.0049169962
0.054596838;0.053841896;0.0049169962
0.054596838;0.053841896;0.012822134
0.054596838;0.051865611;0.012822134
0.054596838;0.051865611;0.0049169962
0.054596838;0.051865611;0.012822134
0.054596838;0.051865611;0.012822134
0.054596838;0.051865611;0.012822134
0.052620552;0.051865611;0.012822134
0.052620552;0.04988933;0.012822134
0.054596838;0.051865611;0.0049169962
0.052620552;0.051865611;0.0049169962
0.052620552;0.04988933;0.012822134
0.052620552;0.051865611;0.0049169962
0.052620552;0.051865611;0.0049169962
0.052620552;0.051865611;0.012822134
0.052620552;0.04988933;0.0049169962
0.052620552;0.04988933;0.0049169962
0.052620552;0.04988933;0.012822134
0.052620552;0.04988933;0.0049169962
0.052620552;0.04988933;0.0049169962
0.052620552;0.04988933;0.0049169962
0.052620552;0.04988933;0.012822134
0.052620552;0.04988933;0.012822134
0.052620552;0.04988933;0.012822134
0.050644267;0.04988933;0.0049169962
0.052620552;0.04988933;0.0049169962
0.050644267;0.04988933;0.0049169962
0.052620552;0.04988933;0.0049169962
0.050644267;0.047913045;0.012822134
0.048667986;0.047913045;0.012822134
0.050644267;0.04988933;0.012822134
0.048667986;0.04988933;0.0049169962
0.050644267;0.04988933;0.0049169962
0.050644267;0.047913045;0.0049169962
0.052620552;0.04988933;0.012822134
0.050644267;0.04988933;0.012822134
0.052620552;0.047913045;0.0049169962
0.050644267;0.047913045;0.012822134
0.050644267;0.047913045;0.012822134
0.048667986;0.047913045;0.012822134
0.050644267;0.047913045;0.012822134
0.050644267;0.047913045;0.0049169962
0.050644267;0.047913045;0.0049169962
0.050644267;0.047913045;0.0049169962
0.050644267;0.047913045;0.0049169962
0.050644267;0.047913045;0.0049169962
0.048667986;0.047913045;0.0049169962
0.048667986;0.04988933;0.0049169962
0.048667986;0.047913045;0.012822134
0.050644267;0.047913045;0.0049169962
0.048667986;0.047913045;0.0049169962
0.048667986;0.047913045;0.012822134
0.048667986;0.047913045;0.012822134
0.048667986;0.047913045;0.0049169962
0.050644267;0.047913045;0.012822134
0.048667986;0.047913045;0.0049169962
0.048667986;0.04593676;0.012822134
0.048667986;0.047913045;0.012822134
0.046691701;0.04593676;0.0049169962
0.048667986;0.047913045;0.0049169962
0.046691701;0.04593676;0.0049169962
0.048667986;0.047913045;0.012822134
0.048667986;0.047913045;0.012822134
0.048667986;0.047913045;0.012822134
0.048667986;0.043960474;0.0049169962
0.046691701;0.04593676;0.0049169962
0.046691701;0.047913045;0.012822134
0.046691701;0.04593676;0.012822134
0.048667986;0.04593676;0.0049169962
0.048667986;0.04593676;0.012822134
0.046691701;0.04593676;0.012822134
0.046691701;0.04593676;0.0049169962
0.046691701;0.047913045;0.0049169962
0.046691701;0.04593676;0.012822134
0.048667986;0.04593676;0.0049169962
0.046691701;0.04593676;0.012822134
0.046691701;0.043960474;0.0049169962
0.046691701;0.043960474;0.0049169962
0.046691701;0.043960474;0.0049169962
0.044715416;0.043960474;0.0049169962
0.046691701;0.043960474;0.012822134
0.046691701;0.043960474;0.0049169962
0.046691701;0.043960474;0.0049169962
0.044715416;0.043960474;0.0049169962
0.046691701;0.043960474;0.012822134
0.046691701;0.043960474;0.0049169962
0.046691701;0.041984189;0.0049169962
0.046691701;0.043960474;0.012822134
0.042739131;0.041984189;0.0049169962
0.044715416;0.043960474;0.0049169962
0.044715416;0.041984189;0.0049169962
0.044715416;0.041984189;0.0049169962
0.044715416;0.041984189;0.0049169962
0.046691701;0.041984189;0.012822134
0.044715416;0.043960474;0.0049169962
0.044715416;0.043960474;0.012822134
0.044715416;0.043960474;0.012822134
0.044715416;0.041984189;0.0049169962
0.044715416;0.043960474;0.0049169962
0.044715416;0.041984189;0.012822134
0.044715416;0.041984189;0.012822134
0.044715416;0.041984189;0.012822134
0.044715416;0.041984189;0.012822134
0.044715416;0.041984189;0.0049169962
0.042739131;0.041984189;0.0049169962
0.042739131;0.041984189;0.012822134
0.042739131;0.041984189;0.0049169962
0.044715416;0.041984189;0.012822134
0.042739131;0.041984189;0.0049169962
0.042739131;0.041984189;0.0049169962
0.042739131;0.041984189;0.0049169962
0.040762845;0.040007904;0.0049169962
0.042739131;0.041984189;0.0049169962
0.042739131;0.040007904;0.0049169962
0.042739131;0.041984189;0.012822134
0.042739131;0.041984189;0.0049169962
0.042739131;0.041984189;0.0049169962
0.044715416;0.040007904;0.0049169962
0.040762845;0.040007904;0.0049169962
0.042739131;0.040007904;0.0049169962
0.040762845;0.041984189;0.012822134
0.040762845;0.040007904;0.012822134
0.040762845;0.040007904;0.012822134
0.040762845;0.040007904;0.012822134
0.040762845;0.040007904;0.0049169962
0.040762845;0.040007904;0.012822134
0.040762845;0.040007904;0.012822134
0.040762845;0.038031619;0.0049169962
0.040762845;0.040007904;0.0049169962
0.040762845;0.041984189;0.012822134
0.040762845;0.040007904;0.012822134
0.040762845;0.038031619;0.012822134
0.040762845;0.038031619;0.012822134
0.03878656;0.040007904;0.0049169962
0.040762845;0.040007904;0.0049169962
0.040762845;0.040007904;0.012822134
0.040762845;0.040007904;0.012822134
0.03878656;0.038031619;0.012822134
0.040762845;0.038031619;0.0049169962
0.040762845;0.040007904;0.012822134
0.03878656;0.038031619;0.012822134
0.036810275;0.040007904;0.0049169962
0.03878656;0.038031619;0.012822134
0.03878656;0.038031619;0.0049169962
0.03878656;0.038031619;0.012822134
0.03878656;0.038031619;0.012822134
0.036810275;0.038031619;0.012822134
0.03878656;0.038031619;0.0049169962
0.03878656;0.038031619;0.012822134
0.03878656;0.038031619;0.012822134
0.03878656;0.038031619;0.0049169962
0.03878656;0.038031619;0.012822134
0.036810275;0.038031619;0.0049169962
0.03878656;0.038031619;0.012822134
0.036810275;0.036055338;0.012822134
0.03878656;0.036055338;0.012822134
0.036810275;0.036055338;0.012822134
0.03878656;0.036055338;0.0049169962
0.036810275;0.038031619;0.0049169962
0.036810275;0.036055338;0.0049169962
0.036810275;0.036055338;0.012822134
0.036810275;0.038031619;0.012822134
0.036810275;0.036055338;0.012822134
0.036810275;0.038031619;0.012822134
0.036810275;0.036055338;0.012822134
0.036810275;0.034079053;0.012822134
0.034833994;0.036055338;0.012822134
0.034833994;0.036055338;0.012822134
0.036810275;0.036055338;0.012822134
0.036810275;0.034079053;0.012822134
0.034833994;0.036055338;0.0049169962
0.034833994;0.034079053;0.0049169962
0.034833994;0.034079053;0.012822134
0.034833994;0.034079053;0.012822134
0.034833994;0.036055338;0.0049169962
0.034833994;0.034079053;0.012822134
0.034833994;0.034079053;0.012822134
0.032857709;0.034079053;0.0049169962
0.036810275;0.034079053;0.0049169962
0.034833994;0.034079053;0.0049169962
0.032857709;0.034079053;0.0049169962
0.032857709;0.034079053;0.0049169962
0.034833994;0.034079053;0.012822134
0.036810275;0.032102767;0.012822134
0.034833994;0.034079053;0.0049169962
0.032857709;0.034079053;0.0049169962
0.034833994;0.034079053;0.012822134
0.034833994;0.034079053;0.0049169962
0.032857709;0.034079053;0.0049169962
0.032857709;0.032102767;0.012822134
0.032857709;0.034079053;0.012822134
0.032857709;0.032102767;0.012822134
0.030881424;0.032102767;0.012822134
0.032857709;0.032102767;0.012822134
0.032857709;0.032102767;0.0049169962
0.032857709;0.032102767;0.012822134
0.032857709;0.032102767;0.012822134
0.032857709;0.032102767;0.0049169962
0.032857709;0.032102767;0.0049169962
0.030881424;0.032102767;0.012822134
0.030881424;0.034079053;0.012822134
0.032857709;0.032102767;0.0049169962
0.032857709;0.032102767;0.012822134
0.030881424;0.032102767;0.0049169962
0.032857709;0.030126482;0.0049169962
0.032857709;0.030126482;0.0049169962
0.030881424;0.030126482;0.0049169962
0.030881424;0.030126482;0.0049169962
0.030881424;0.032102767;0.0049169962
0.032857709;0.030126482;0.0049169962
0.030881424;0.030126482;0.012822134
0.030881424;0.032102767;0.0049169962
0.030881424;0.030126482;0.0049169962
0.030881424;0.030126482;0.012822134
0.030881424;0.028150197;0.0049169962
0.030881424;0.030126482;0.012822134
0.030881424;0.030126482;0.0049169962
0.030881424;0.032102767;0.012822134
0.030881424;0.030126482;0.012822134
0.030881424;0.028150197;0.0049169962
0.028905138;0.030126482;0.0049169962
0.030881424;0.030126482;0.012822134
0.030881424;0.030126482;0.0049169962
0.028905138;0.028150197;0.0049169962
0.028905138;0.028150197;0.012822134
0.028905138;0.030126482;0.0049169962
0.028905138;0.028150197;0.012822134
0.028905138;0.028150197;0.0049169962
0.028905138;0.028150197;0.0049169962
0.028905138;0.028150197;0.012822134
0.028905138;0.028150197;0.012822134
0.028905138;0.028150197;0.012822134
0.028905138;0.028150197;0.0049169962
0.028905138;0.028150197;0.0049169962
0.028905138;0.028150197;0.0049169962
0.026928853;0.028150197;0.0049169962
0.028905138;0.026173914;0.0049169962
0.026928853;0.028150197;0.012822134
0.026928853;0.026173914;0.012822134
0.026928853;0.026173914;0.0049169962
0.026928853;0.028150197;0.0049169962
0.026928853;0.026173914;0.012822134
0.026928853;0.026173914;0.012822134
0.026928853;0.026173914;0.012822134
0.02495257;0.026173914;0.012822134
0.026928853;0.026173914;0.012822134
0.02495257;0.026173914;0.0049169962
0.02495257;0.024197629;0.0049169962
0.026928853;0.024197629;0.0049169962
0.026928853;0.026173914;0.0049169962
0.02495257;0.026173914;0.0049169962
0.026928853;0.026173914;0.0049169962
0.02495257;0.024197629;0.0049169962
0.026928853;0.026173914;0.0049169962
0.02495257;0.024197629;0.0049169962
0.02495257;0.026173914;0.012822134
0.02495257;0.026173914;0.012822134
0.02495257;0.026173914;0.0049169962
0.02495257;0.024197629;0.0049169962
0.02495257;0.024197629;0.012822134
0.022976285;0.024197629;0.012822134
0.02495257;0.024197629;0.012822134
0.02495257;0.024197629;0.0049169962
0.02495257;0.024197629;0.012822134
0.022976285;0.024197629;0.012822134
0.02495257;0.024197629;0.0049169962
0.022976285;0.024197629;0.012822134
0.022976285;0.024197629;0.012822134
0.022976285;0.022221344;0.0049169962
0.022976285;0.024197629;0.0049169962
0.022976285;0.022221344;0.0049169962
0.022976285;0.024197629;0.012822134
0.022976285;0.022221344;0.012822134
0.022976285;0.024197629;0.012822134
0.022976285;0.022221344;0.012822134
0.022976285;0.022221344;0.0049169962
0.022976285;0.022221344;0.0049169962
0.022976285;0.022221344;0.0049169962
0.022976285;0.022221344;0.0049169962
0.021;0.022221344;0.012822134
0.022976285;0.022221344;0.012822134
0.022976285;0.020245058;0.012822134
0.021;0.020245058;0.0049169962
0.022976285;0.022221344;0.0049169962
0.021;0.022221344;0.0049169962
0.022976285;0.022221344;0.012822134
0.021;0.022221344;0.012822134
0.021;0.022221344;0.012822134
0.021;0.020245058;0.0049169962
0.021;0.020245058;0.0049169962
0.021;0.020245058;0.012822134
0.019023715;0.020245058;0.012822134
0.021;0.020245058;0.012822134
0.021;0.020245058;0.0049169962
0.019023715;0.022221344;0.0049169962
0.021;0.020245058;0.0049169962
0.021;0.020245058;0.0049169962
0.019023715;0.020245058;0.012822134
0.021;0.020245058;0.0049169962
0.019023715;0.020245058;0.012822134
0.019023715;0.020245058;0.0049169962
0.021;0.020245058;0.012822134
0.019023715;0.020245058;0.0049169962
0.019023715;0.020245058;0.0049169962
0.019023715;0.020245058;0.0049169962
0.021;0.018268775;0.0049169962
0.017047431;0.020245058;0.0049169962
0.019023715;0.018268775;0.0049169962
0.019023715;0.020245058;0.0049169962
0.019023715;0.018268775;0.0049169962
0.019023715;0.018268775;0.0049169962
0.017047431;0.018268775;0.0049169962
0.019023715;0.020245058;0.012822134
0.019023715;0.018268775;0.012822134
0.017047431;0.018268775;0.012822134
0.017047431;0.018268775;0.012822134
0.017047431;0.018268775;0.0049169962
0.017047431;0.018268775;0.012822134
0.017047431;0.018268775;0.012822134
0.017047431;0.018268775;0.012822134
0.017047431;0.018268775;0.0049169962
0.017047431;0.01629249;0.0049169962
0.017047431;0.018268775;0.012822134
0.017047431;0.01629249;0.0049169962
0.017047431;0.018268775;0.012822134
0.015071146;0.01629249;0.012822134
0.017047431;0.01629249;0.0049169962
0.015071146;0.01629249;0.012822134
0.015071146;0.01629249;0.0049169962
0.015071146;0.01629249;0.012822134
0.017047431;0.01629249;0.012822134
0.017047431;0.01629249;0.012822134
0.015071146;0.01629249;0.0049169962
0.015071146;0.01629249;0.012822134
0.015071146;0.014316206;0.012822134
0.015071146;0.01629249;0.012822134
0.015071146;0.01629249;0.012822134
0.015071146;0.014316206;0.012822134
0.015071146;0.014316206;0.0049169962
0.015071146;0.014316206;0.012822134
0.015071146;0.014316206;0.0049169962
0.015071146;0.014316206;0.012822134
0.015071146;0.012339921;0.0049169962
0.015071146;0.014316206;0.0049169962
0.013094862;0.014316206;0.012822134
0.015071146;0.014316206;0.012822134
0.013094862;0.014316206;0.012822134
0.013094862;0.012339921;0.0049169962
0.013094862;0.012339921;0.0049169962
0.015071146;0.012339921;0.012822134
0.015071146;0.012339921;0.012822134
0.013094862;0.014316206;0.0049169962
0.013094862;0.012339921;0.0049169962
0.013094862;0.014316206;0.012822134
0.013094862;0.012339921;0.0049169962
0.013094862;0.012339921;0.0049169962
0.011118577;0.012339921;0.0049169962
0.015071146;0.012339921;0.0049169962
0.013094862;0.010363637;0.0049169962
0.011118577;0.012339921;0.0049169962
0.013094862;0.012339921;0.012822134
0.011118577;0.012339921;0.012822134
0.011118577;0.012339921;0.012822134
0.013094862;0.012339921;0.012822134
0.013094862;0.010363637;0.012822134
0.011118577;0.010363637;0.012822134
0.011118577;0.012339921;0.0049169962
0.011118577;0.010363637;0.0049169962
0.011118577;0.012339921;0.0049169962
0.011118577;0.010363637;0.012822134
0.011118577;0.012339921;0.0049169962
0.011118577;0.010363637;0.012822134
0.011118577;0.010363637;0.0049169962
0.011118577;0.010363637;0.012822134
0.011118577;0.010363637;0.0049169962
0.0091422927;0.010363637;0.012822134
0.0091422927;0.010363637;0.012822134
0.011118577;0.010363637;0.012822134
0.0091422927;0.0083873514;0.0049169962
0.0091422927;0.010363637;0.0049169962
0.0091422927;0.010363637;0.012822134
0.0091422927;0.010363637;0.0049169962
0.0091422927;0.010363637;0.0049169962
0.0091422927;0.010363637;0.012822134
0.0091422927;0.010363637;0.012822134
0.0091422927;0.010363637;0.0049169962
0.0091422927;0.010363637;0.012822134
0.0091422927;0.010363637;0.0049169962
0.0091422927;0.010363637;0.012822134
0.0091422927;0.0083873514;0.0049169962
0.0091422927;0.010363637;0.012822134
0.007166008;0.0083873514;0.012822134
0.0091422927;0.0083873514;0.012822134
0.007166008;0.0083873514;0.012822134
0.007166008;0.0083873514;0.0049169962
0.007166008;0.0083873514;0.0049169962
0.007166008;0.0083873514;0.0049169962
0.007166008;0.0083873514;0.012822134
0.007166008;0.0064110672;0.012822134
0.007166008;0.0083873514;0.012822134
0.007166008;0.0083873514;0.0049169962
0.007166008;0.0083873514;0.0049169962
0.007166008;0.0083873514;0.012822134
0.007166008;0.0083873514;0.012822134
0.007166008;0.0064110672;0.0049169962
0.007166008;0.0064110672;0.0049169962
0.0051897233;0.0064110672;0.0049169962
0.007166008;0.0064110672;0.012822134
0.0051897233;0.0064110672;0.0049169962
0.007166008;0.0083873514;0.012822134
0.0051897233;0.0083873514;0.0049169962
0.0051897233;0.0064110672;0.012822134
0.0051897233;0.0064110672;0.012822134
0.0051897233;0.0064110672;0.012822134
0.007166008;0.0064110672;0.0049169962
0.0051897233;0.0083873514;0.0049169962
0.0051897233;0.0064110672;0.012822134
0.0051897233;0.0064110672;0.012822134
0.0051897233;0.0064110672;0.0049169962
0.007166008;0.0044347825;0.0049169962
0.0051897233;0.0044347825;0.012822134
0.0032134387;0.0064110672;0.012822134
0.0051897233;0.0044347825;0.012822134
0.0051897233;0.0044347825;0.012822134
0.0032134387;0.0044347825;0.0049169962
0.0051897233;0.0024584981;0.012822134
0.0051897233;0.0044347825;0.012822134
0.0051897233;0.0044347825;0.0049169962
0.0032134387;0.0044347825;0.0049169962
0.0032134387;0.0044347825;0.0049169962
0.0032134387;0.0044347825;0.0049169962
0.0032134387;0.0044347825;0.012822134
0.0051897233;0.0044347825;0.012822134
0.0032134387;0.0044347825;0.0049169962
0.0051897233;0.0024584981;0.012822134
0.0032134387;0.0044347825;0.0049169962
0.0032134387;0.0024584981;0.0049169962
0.0012371541;0.0024584981;0.0049169962
0.0012371541;0.0024584981;0.0049169962
0.0032134387;0.0024584981;0.0049169962
0.0032134387;0.0024584981;0.0049169962
0.0012371541;0.0024584981;0.012822134
0.0012371541;0.0044347825;0.0049169962
0.0012371541;0.0024584981;0.0049169962
0.0032134387;0.0044347825;0.0049169962
0.0012371541;0.0024584981;0.012822134
-0.00073913042;0.0024584981;0.0049169962
0.0012371541;0.0024584981;0.0049169962
0.0012371541;0.0024584981;0.0049169962
0.0012371541;0.00048221345;0.0049169962
-0.00073913042;0.0024584981;0.0049169962
0.0012371541;0.0024584981;0.0049169962
0.0012371541;0.00048221345;0.0049169962
0.0012371541;0.0024584981;0.012822134
-0.00073913042;0.00048221345;0.0049169962
-0.00073913042;0.00048221345;0.0049169962
-0.00073913042;0.00048221345;0.012822134
-0.00073913042;0.00048221345;0.012822134
0.0012371541;0.00048221345;0.012822134
-0.00073913042;0.00048221345;0.0049169962
0.0012371541;0.00048221345;0.0049169962
-0.00073913042;0.00048221345;0.012822134
-0.00073913042;0.00048221345;0.012822134
-0.00073913042;0.00048221345;0.0049169962
-0.00073913042;0.00048221345;0.0049169962
-0.00073913042;0.00048221345;0.012822134
-0.00073913042;0.00048221345;0.0049169962
-0.00073913042;0.00048221345;0.0049169962
-0.00073913042;0.00048221345;0.0049169962
-0.00073913042;0.00048221345;0.012822134
-0.00073913042;0.00048221345;0.012822134
-0.00073913042;-0.0014940711;0.0049169962
-0.00073913042;-0.0014940711;0.012822134
-0.00073913042;-0.0014940711;0.0049169962
-0.0027154151;0.00048221345;0.012822134
-0.00073913042;-0.0014940711;0.012822134
-0.00073913042;0.00048221345;0.012822134
-0.0027154151;-0.0014940711;0.0049169962
-0.0027154151;-0.0014940711;0.012822134
-0.0027154151;-0.0014940711;0.0049169962
-0.0027154151;-0.0014940711;0.012822134
-0.0027154151;-0.0014940711;0.0049169962
-0.0027154151;-0.0014940711;0.012822134
-0.00073913042;0.00048221345;0.0049169962
-0.0027154151;-0.0014940711;0.0049169962
-0.0027154151;-0.0014940711;0.012822134
-0.0027154151;-0.0014940711;0.0049169962
-0.0027154151;-0.0014940711;0.012822134
-0.0027154151;-0.0014940711;0.0049169962
-0.0027154151;-0.0014940711;0.0049169962
-0.0027154151;-0.0014940711;0.012822134
-0.0046916995;-0.0034703556;0.0049169962
-0.0027154151;-0.0014940711;0.012822134
-0.0027154151;-0.0034703556;0.0049169962
-0.0046916995;-0.0034703556;0.012822134
-0.0027154151;-0.0034703556;0.0049169962
-0.0027154151;-0.0034703556;0.0049169962
-0.0027154151;-0.0034703556;0.0049169962
-0.0046916995;-0.0034703556;0.0049169962
-0.0046916995;-0.0034703556;0.0049169962
-0.0046916995;-0.0034703556;0.0049169962
-0.0027154151;-0.0034703556;0.0049169962
-0.0027154151;-0.0034703556;0.012822134
-0.0046916995;-0.0034703556;0.012822134
-0.0066679842;-0.0034703556;0.012822134
-0.0046916995;-0.0034703556;0.0049169962
-0.0046916995;-0.0034703556;0.012822134
-0.0046916995;-0.0034703556;0.0049169962
-0.0046916995;-0.0034703556;0.012822134
-0.0046916995;-0.0034703556;0.0049169962
-0.0066679842;-0.0054466403;0.0049169962
-0.0046916995;-0.0054466403;0.0049169962
-0.0066679842;-0.0034703556;0.012822134
-0.0066679842;-0.0034703556;0.0049169962
-0.0066679842;-0.0054466403;0.012822134
-0.0046916995;-0.0034703556;0.012822134
-0.0046916995;-0.0054466403;0.012822134
-0.0066679842;-0.0054466403;0.012822134
-0.0066679842;-0.0054466403;0.0049169962
-0.0066679842;-0.0054466403;0.012822134
-0.0066679842;-0.0054466403;0.0049169962
-0.0066679842;-0.0054466403;0.012822134
-0.0066679842;-0.0054466403;0.0049169962
-0.0066679842;-0.0054466403;0.012822134
-0.0066679842;-0.007422925;0.012822134
-0.0066679842;-0.0054466403;0.012822134
-0.0066679842;-0.0054466403;0.0049169962
-0.0066679842;-0.0054466403;0.012822134
-0.0066679842;-0.0054466403;0.012822134
-0.0066679842;-0.0054466403;0.0049169962
-0.0066679842;-0.0054466403;0.012822134
-0.0066679842;-0.0054466403;0.012822134
-0.0066679842;-0.007422925;0.012822134
-0.0086442688;-0.007422925;0.0049169962
-0.0066679842;-0.007422925;0.0049169962
-0.0066679842;-0.0054466403;0.0049169962
-0.0066679842;-0.0054466403;0.0049169962
-0.0066679842;-0.007422925;0.012822134
-0.0066679842;-0.007422925;0.0049169962
-0.0066679842;-0.0054466403;0.012822134
-0.0086442688;-0.007422925;0.012822134
-0.0086442688;-0.0054466403;0.012822134
-0.0086442688;-0.007422925;0.012822134
-0.0086442688;-0.0054466403;0.012822134
-0.0086442688;-0.007422925;0.012822134
-0.0086442688;-0.007422925;0.012822134
-0.0086442688;-0.007422925;0.0049169962
-0.0086442688;-0.007422925;0.012822134
-0.010620553;-0.007422925;0.012822134
-0.0086442688;-0.007422925;0.0049169962
-0.010620553;-0.007422925;0.0049169962
-0.0086442688;-0.0093992092;0.012822134
-0.010620553;-0.007422925;0.012822134
-0.0086442688;-0.007422925;0.0049169962
-0.0086442688;-0.0093992092;0.0049169962
-0.010620553;-0.0093992092;0.0049169962
-0.010620553;-0.007422925;0.012822134
-0.010620553;-0.007422925;0.012822134
-0.010620553;-0.0093992092;0.0049169962
-0.010620553;-0.0093992092;0.012822134
-0.010620553;-0.0093992092;0.012822134
-0.010620553;-0.0093992092;0.012822134
-0.010620553;-0.0093992092;0.012822134
-0.012596838;-0.0093992092;0.0049169962
-0.010620553;-0.0093992092;0.0049169962
-0.010620553;-0.0093992092;0.0049169962
-0.010620553;-0.0093992092;0.012822134
-0.010620553;-0.0093992092;0.012822134
-0.012596838;-0.0093992092;0.0049169962
-0.012596838;-0.011375494;0.012822134
-0.010620553;-0.011375494;0.0049169962
-0.010620553;-0.0093992092;0.012822134
-0.010620553;-0.011375494;0.012822134
-0.010620553;-0.0093992092;0.012822134
-0.010620553;-0.011375494;0.0049169962
-0.012596838;-0.0093992092;0.012822134
-0.010620553;-0.011375494;0.0049169962
-0.010620553;-0.0093992092;0.012822134
-0.012596838;-0.011375494;0.012822134
-0.010620553;-0.011375494;0.012822134
-0.010620553;-0.0093992092;0.012822134
-0.010620553;-0.0093992092;0.0049169962
-0.012596838;-0.011375494;0.012822134
-0.012596838;-0.0093992092;0.012822134
-0.012596838;-0.011375494;0.0049169962
-0.012596838;-0.011375494;0.0049169962
-0.012596838;-0.011375494;0.0049169962
-0.012596838;-0.011375494;0.012822134
-0.012596838;-0.011375494;0.012822134
-0.012596838;-0.011375494;0.0049169962
-0.012596838;-0.011375494;0.012822134
-0.012596838;-0.011375494;0.012822134
-0.012596838;-0.013351778;0.0049169962
-0.012596838;-0.011375494;0.012822134
-0.014573122;-0.011375494;0.0049169962
-0.012596838;-0.011375494;0.0049169962
-0.014573122;-0.011375494;0.0049169962
-0.014573122;-0.011375494;0.012822134
-0.014573122;-0.011375494;0.012822134
-0.014573122;-0.011375494;0.012822134
-0.014573122;-0.011375494;0.012822134
-0.014573122;-0.011375494;0.0049169962
-0.014573122;-0.011375494;0.0049169962
-0.012596838;-0.013351778;0.012822134
-0.014573122;-0.013351778;0.012822134
-0.014573122;-0.011375494;0.0049169962
-0.014573122;-0.011375494;0.012822134
-0.014573122;-0.013351778;0.0049169962
-0.014573122;-0.013351778;0.0049169962
-0.014573122;-0.011375494;0.012822134
-0.014573122;-0.013351778;0.0049169962
-0.014573122;-0.013351778;0.012822134
-0.014573122;-0.011375494;0.012822134
-0.016549407;-0.013351778;0.0049169962
-0.016549407;-0.013351778;0.012822134
-0.014573122;-0.013351778;0.0049169962
-0.014573122;-0.013351778;0.0049169962
-0.014573122;-0.013351778;0.012822134
-0.014573122;-0.013351778;0.012822134
-0.014573122;-0.013351778;0.012822134
-0.014573122;-0.013351778;0.0049169962
-0.014573122;-0.013351778;0.0049169962
-0.014573122;-0.013351778;0.0049169962
-0.016549407;-0.013351778;0.012822134
-0.014573122;-0.013351778;0.0049169962
-0.016549407;-0.013351778;0.0049169962
-0.016549407;-0.013351778;0.012822134
-0.014573122;-0.013351778;0.0049169962
-0.016549407;-0.013351778;0.012822134
-0.014573122;-0.013351778;0.012822134
-0.016549407;-0.013351778;0.012822134
-0.016549407;-0.015328064;0.012822134
-0.016549407;-0.015328064;0.012822134
-0.014573122;-0.015328064;0.0049169962
-0.014573122;-0.013351778;0.012822134
-0.014573122;-0.015328064;0.012822134
-0.016549407;-0.015328064;0.012822134
-0.016549407;-0.015328064;0.012822134
-0.016549407;-0.015328064;0.012822134
-0.016549407;-0.015328064;0.0049169962
-0.016549407;-0.015328064;0.012822134
-0.018525692;-0.015328064;0.012822134
-0.016549407;-0.015328064;0.0049169962
-0.016549407;-0.015328064;0.012822134
-0.018525692;-0.015328064;0.012822134
-0.016549407;-0.017304348;0.012822134
-0.016549407;-0.015328064;0.012822134
-0.016549407;-0.015328064;0.012822134
-0.016549407;-0.015328064;0.012822134
-0.016549407;-0.015328064;0.012822134
-0.018525692;-0.015328064;0.0049169962
-0.018525692;-0.017304348;0.012822134
-0.018525692;-0.017304348;0.0049169962
-0.016549407;-0.015328064;0.012822134
-0.018525692;-0.017304348;0.0049169962
-0.018525692;-0.015328064;0.0049169962
-0.018525692;-0.015328064;0.0049169962
-0.018525692;-0.017304348;0.012822134
-0.018525692;-0.017304348;0.0049169962
-0.018525692;-0.015328064;0.0049169962
-0.018525692;-0.017304348;0.0049169962
-0.018525692;-0.017304348;0.0049169962
-0.016549407;-0.017304348;0.012822134
-0.018525692;-0.017304348;0.0049169962
-0.018525692;-0.017304348;0.012822134
-0.018525692;-0.017304348;0.0049169962
-0.018525692;-0.017304348;0.0049169962
-0.018525692;-0.019280633;0.012822134
-0.018525692;-0.017304348;0.0049169962
-0.018525692;-0.017304348;0.012822134
-0.018525692;-0.017304348;0.0049169962
-0.018525692;-0.017304348;0.012822134
-0.020501977;-0.017304348;0.0049169962
-0.018525692;-0.017304348;0.0049169962
-0.018525692;-0.019280633;0.012822134
-0.020501977;-0.017304348;0.012822134
-0.018525692;-0.017304348;0.0049169962
-0.020501977;-0.019280633;0.012822134
-0.020501977;-0.019280633;0.0049169962
-0.020501977;-0.019280633;0.0049169962
-0.020501977;-0.017304348;0.0049169962
-0.020501977;-0.017304348;0.012822134
-0.018525692;-0.019280633;0.0049169962
-0.020501977;-0.019280633;0.012822134
-0.018525692;-0.019280633;0.012822134
-0.018525692;-0.019280633;0.012822134
-0.020501977;-0.017304348;0.012822134
-0.020501977;-0.017304348;0.012822134
-0.020501977;-0.019280633;0.0049169962
-0.020501977;-0.017304348;0.012822134
-0.018525692;-0.019280633;0.012822134
-0.020501977;-0.019280633;0.0049169962
-0.020501977;-0.017304348;0.0049169962
-0.020501977;-0.017304348;0.0049169962
-0.020501977;-0.019280633;0.012822134
-0.018525692;-0.019280633;0.012822134
-0.018525692;-0.019280633;0.0049169962
-0.020501977;-0.019280633;0.0049169962
-0.02247826;-0.019280633;0.012822134
-0.020501977;-0.017304348;0.0049169962
-0.020501977;-0.019280633;0.0049169962
-0.020501977;-0.019280633;0.012822134
-0.020501977;-0.019280633;0.0049169962
-0.02247826;-0.019280633;0.012822134
-0.02247826;-0.019280633;0.0049169962
-0.02247826;-0.019280633;0.012822134
-0.02247826;-0.019280633;0.0049169962
-0.02247826;-0.021256916;0.0049169962
-0.02247826;-0.019280633;0.012822134
-0.02247826;-0.019280633;0.0049169962
-0.02247826;-0.019280633;0.012822134
-0.02247826;-0.019280633;0.012822134
-0.02247826;-0.021256916;0.0049169962
-0.02247826;-0.019280633;0.012822134
-0.020501977;-0.019280633;0.0049169962
-0.020501977;-0.019280633;0.0049169962
-0.02247826;-0.021256916;0.0049169962
-0.02247826;-0.021256916;0.012822134
-0.02247826;-0.019280633;0.012822134
-0.024454545;-0.021256916;0.012822134
-0.02247826;-0.021256916;0.0049169962
-0.02247826;-0.021256916;0.012822134
-0.02247826;-0.021256916;0.012822134
-0.020501977;-0.021256916;0.0049169962
-0.02247826;-0.019280633;0.0049169962
-0.02247826;-0.019280633;0.012822134
-0.02247826;-0.021256916;0.0049169962
-0.02247826;-0.021256916;0.0049169962
-0.02247826;-0.019280633;0.012822134
-0.020501977;-0.021256916;0.012822134
-0.02247826;-0.021256916;0.0049169962
-0.02247826;-0.021256916;0.0049169962
-0.024454545;-0.021256916;0.012822134
-0.02247826;-0.021256916;0.0049169962
-0.024454545;-0.021256916;0.0049169962
-0.024454545;-0.021256916;0.012822134
-0.02247826;-0.021256916;0.012822134
-0.024454545;-0.021256916;0.012822134
-0.024454545;-0.021256916;0.0049169962
-0.02247826;-0.021256916;0.0049169962
-0.02247826;-0.021256916;0.0049169962
-0.02247826;-0.021256916;0.012822134
-0.02247826;-0.023233201;0.012822134
-0.02247826;-0.021256916;0.012822134
-0.02247826;-0.021256916;0.0049169962
-0.024454545;-0.023233201;0.0049169962
-0.024454545;-0.021256916;0.0049169962
-0.02247826;-0.021256916;0.0049169962
-0.024454545;-0.021256916;0.0049169962
-0.02247826;-0.021256916;0.0049169962
-0.02247826;-0.021256916;0.012822134
-0.024454545;-0.021256916;0.0049169962
-0.024454545;-0.021256916;0.0049169962
-0.02247826;-0.021256916;0.0049169962
-0.024454545;-0.021256916;0.012822134
-0.024454545;-0.021256916;0.012822134
-0.024454545;-0.023233201;0.012822134
-0.024454545;-0.021256916;0.012822134
-0.02247826;-0.021256916;0.012822134
-0.024454545;-0.021256916;0.012822134
-0.024454545;-0.021256916;0.0049169962
-0.024454545;-0.023233201;0.012822134
-0.024454545;-0.021256916;0.0049169962
-0.02247826;-0.021256916;0.0049169962
-0.024454545;-0.023233201;0.0049169962
-0.024454545;-0.023233201;0.012822134
-0.024454545;-0.023233201;0.012822134
-0.024454545;-0.021256916;0.0049169962
-0.024454545;-0.023233201;0.0049169962
-0.024454545;-0.023233201;0.012822134
-0.02643083;-0.023233201;0.012822134
-0.02643083;-0.023233201;0.012822134
-0.024454545;-0.023233201;0.012822134
-0.024454545;-0.021256916;0.0049169962
-0.02643083;-0.023233201;0.0049169962
-0.024454545;-0.021256916;0.0049169962
-0.024454545;-0.023233201;0.0049169962
-0.024454545;-0.023233201;0.012822134
-0.024454545;-0.021256916;0.012822134
-0.024454545;-0.021256916;0.0049169962
-0.024454545;-0.023233201;0.0049169962
-0.024454545;-0.023233201;0.0049169962
-0.024454545;-0.021256916;0.012822134
-0.024454545;-0.023233201;0.0049169962
-0.02643083;-0.025209486;0.0049169962
-0.024454545;-0.023233201;0.012822134
-0.024454545;-0.023233201;0.012822134
-0.024454545;-0.023233201;0.0049169962
-0.024454545;-0.021256916;0.012822134
-0.024454545;-0.023233201;0.012822134
-0.02643083;-0.023233201;0.0049169962
-0.024454545;-0.023233201;0.012822134
-0.024454545;-0.023233201;0.0049169962
-0.024454545;-0.023233201;0.0049169962
-0.02643083;-0.021256916;0.012822134
-0.02643083;-0.023233201;0.0049169962
-0.024454545;-0.023233201;0.012822134
-0.028407115;-0.023233201;0.0049169962
-0.02643083;-0.023233201;0.0049169962
-0.02643083;-0.023233201;0.0049169962
-0.02643083;-0.023233201;0.0049169962
-0.024454545;-0.023233201;0.0049169962
-0.02643083;-0.023233201;0.012822134
-0.02643083;-0.023233201;0.012822134
-0.028407115;-0.023233201;0.0049169962
-0.02643083;-0.023233201;0.0049169962
-0.02643083;-0.023233201;0.0049169962
-0.028407115;-0.023233201;0.012822134
-0.024454545;-0.023233201;0.012822134
-0.02643083;-0.023233201;0.012822134
-0.02643083;-0.025209486;0.012822134
-0.024454545;-0.023233201;0.012822134
-0.02643083;-0.023233201;0.012822134
-0.02643083;-0.025209486;0.012822134
-0.02643083;-0.025209486;0.0049169962
-0.02643083;-0.025209486;0.0049169962
-0.024454545;-0.023233201;0.012822134
-0.02643083;-0.025209486;0.0049169962
-0.02643083;-0.023233201;0.0049169962
-0.02643083;-0.025209486;0.012822134
-0.02643083;-0.025209486;0.012822134
-0.02643083;-0.023233201;0.0049169962
-0.02643083;-0.023233201;0.012822134
-0.02643083;-0.025209486;0.0049169962
-0.02643083;-0.025209486;0.012822134
-0.02643083;-0.025209486;0.0049169962
-0.02643083;-0.025209486;0.0049169962
-0.02643083;-0.025209486;0.012822134
-0.024454545;-0.023233201;0.012822134
-0.02643083;-0.025209486;0.0049169962
-0.02643083;-0.025209486;0.0049169962
-0.02643083;-0.025209486;0.0049169962
-0.02643083;-0.025209486;0.012822134
-0.02643083;-0.025209486;0.012822134
-0.02643083;-0.025209486;0.0049169962
-0.02643083;-0.025209486;0.0049169962
-0.02643083;-0.025209486;0.0049169962
-0.02643083;-0.025209486;0.012822134
-0.02643083;-0.025209486;0.0049169962
-0.02643083;-0.025209486;0.012822134
-0.02643083;-0.025209486;0.0049169962
-0.02643083;-0.025209486;0.012822134
-0.02643083;-0.025209486;0.0049169962
-0.02643083;-0.025209486;0.012822134
-0.02643083;-0.025209486;0.0049169962
-0.030383399;-0.023233201;0.012822134
-0.02643083;-0.025209486;0.0049169962
-0.028407115;-0.025209486;0.0049169962
-0.02643083;-0.025209486;0.012822134
-0.02643083;-0.023233201;0.0049169962
-0.02643083;-0.025209486;0.012822134
-0.02643083;-0.025209486;0.012822134
-0.02643083;-0.025209486;0.0049169962
-0.028407115;-0.025209486;0.0049169962
-0.02643083;-0.025209486;0.0049169962
-0.02643083;-0.025209486;0.012822134
-0.028407115;-0.025209486;0.012822134
-0.028407115;-0.025209486;0.0049169962
-0.02643083;-0.025209486;0.0049169962
-0.028407115;-0.025209486;0.012822134
-0.028407115;-0.025209486;0.0049169962
-0.028407115;-0.025209486;0.0049169962
-0.02643083;-0.025209486;0.012822134
-0.02643083;-0.025209486;0.0049169962
-0.028407115;-0.025209486;0.012822134
-0.02643083;-0.025209486;0.0049169962
-0.02643083;-0.025209486;0.012822134
-0.02643083;-0.025209486;0.0049169962
-0.02643083;-0.025209486;0.0049169962
-0.028407115;-0.025209486;0.012822134
-0.028407115;-0.025209486;0.0049169962
-0.028407115;-0.025209486;0.0049169962
-0.02643083;-0.025209486;0.0049169962
-0.02643083;-0.025209486;0.012822134
-0.028407115;-0.025209486;0.012822134
-0.02643083;-0.025209486;0.012822134
-0.028407115;-0.025209486;0.0049169962
-0.02643083;-0.025209486;0.0049169962
-0.02643083;-0.025209486;0.0049169962
-0.028407115;-0.025209486;0.0049169962
-0.02643083;-0.025209486;0.012822134
-0.02643083;-0.025209486;0.0049169962
-0.028407115;-0.025209486;0.0049169962
-0.028407115;-0.025209486;0.020727273
-0.028407115;-0.025209486;0.0049169962
-0.028407115;-0.025209486;0.0049169962
-0.028407115;-0.027185772;0.012822134
-0.02643083;-0.025209486;0.0049169962
-0.02643083;-0.025209486;0.012822134
-0.028407115;-0.025209486;0.012822134
-0.028407115;-0.025209486;0.012822134
-0.028407115;-0.025209486;0.0049169962
-0.02643083;-0.025209486;0.0049169962
-0.028407115;-0.025209486;0.012822134
-0.02643083;-0.025209486;0.012822134
-0.02643083;-0.027185772;0.0049169962
-0.02643083;-0.027185772;0.0049169962
-0.028407115;-0.025209486;0.0049169962
-0.02643083;-0.025209486;0.0049169962
-0.028407115;-0.025209486;0.0049169962
-0.02643083;-0.025209486;0.012822134
-0.02643083;-0.025209486;0.0049169962
-0.028407115;-0.025209486;0.012822134
-0.02643083;-0.027185772;0.0049169962
-0.02643083;-0.025209486;0.0049169962
-0.028407115;-0.025209486;0.012822134
-0.02643083;-0.025209486;0.0049169962
-0.02643083;-0.027185772;0.012822134
-0.02643083;-0.025209486;0.0049169962
-0.02643083;-0.025209486;0.012822134
-0.028407115;-0.025209486;0.0049169962
-0.028407115;-0.025209486;0.0049169962
-0.02643083;-0.025209486;0.012822134
-0.028407115;-0.025209486;0.0049169962
-0.028407115;-0.025209486;0.012822134
-0.02643083;-0.025209486;0.012822134
-0.02643083;-0.025209486;0.012822134
-0.02643083;-0.025209486;0.0049169962
-0.028407115;-0.027185772;0.012822134
-0.028407115;-0.025209486;0.012822134
-0.02643083;-0.025209486;0.012822134
-0.028407115;-0.025209486;0.0049169962
-0.02643083;-0.025209486;0.012822134
-0.028407115;-0.025209486;0.012822134
-0.02643083;-0.025209486;0.0049169962
-0.028407115;-0.027185772;0.012822134
-0.02643083;-0.027185772;0.012822134
-0.02643083;-0.025209486;0.0049169962
-0.02643083;-0.025209486;0.012822134
-0.028407115;-0.025209486;0.012822134
-0.028407115;-0.025209486;0.0049169962
-0.028407115;-0.025209486;0.012822134
-0.028407115;-0.025209486;0.0049169962
-0.028407115;-0.027185772;0.012822134
-0.02643083;-0.027185772;0.012822134
-0.028407115;-0.025209486;0.012822134
-0.02643083;-0.027185772;0.0049169962
-0.028407115;-0.025209486;0.012822134
-0.02643083;-0.025209486;0.0049169962
-0.02643083;-0.025209486;0.0049169962
-0.02643083;-0.025209486;0.0049169962
-0.028407115;-0.025209486;0.012822134
-0.02643083;-0.027185772;0.0049169962
-0.02643083;-0.025209486;0.0049169962
-0.02643083;-0.027185772;0.0049169962
-0.02643083;-0.025209486;0.0049169962
-0.02643083;-0.025209486;0.0049169962
-0.02643083;-0.027185772;0.0049169962
-0.02643083;-0.025209486;0.0049169962
-0.028407115;-0.025209486;0.012822134
-0.028407115;-0.027185772;0.0049169962
-0.028407115;-0.025209486;0.0049169962
-0.02643083;-0.027185772;0.012822134
-0.02643083;-0.025209486;0.012822134
-0.02643083;-0.027185772;0.0049169962
-0.02643083;-0.025209486;0.0049169962
-0.028407115;-0.025209486;0.0049169962
-0.02643083;-0.025209486;0.0049169962
-0.02643083;-0.025209486;0.0049169962
-0.028407115;-0.025209486;0.012822134
-0.02643083;-0.025209486;0.012822134
-0.02643083;-0.025209486;0.0049169962
-0.02643083;-0.025209486;0.012822134
-0.02643083;-0.025209486;0.0049169962
-0.02643083;-0.025209486;0.0049169962
-0.02643083;-0.025209486;0.012822134
-0.02643083;-0.025209486;0.0049169962
-0.02643083;-0.025209486;0.0049169962
-0.02643083;-0.025209486;0.0049169962
-0.02643083;-0.025209486;0.0049169962
-0.028407115;-0.023233201;0.0049169962
-0.02643083;-0.025209486;0.012822134
-0.028407115;-0.025209486;0.012822134
-0.02643083;-0.025209486;0.0049169962
-0.02643083;-0.025209486;0.0049169962
-0.02643083;-0.025209486;0.0049169962
-0.02643083;-0.025209486;0.0049169962
-0.024454545;-0.025209486;0.012822134
-0.02643083;-0.023233201;0.0049169962
-0.02643083;-0.025209486;0.0049169962
-0.02643083;-0.023233201;0.012822134
-0.02643083;-0.025209486;0.0049169962
-0.028407115;-0.023233201;0.0049169962
-0.024454545;-0.025209486;0.0049169962
-0.02643083;-0.023233201;0.0049169962
-0.024454545;-0.025209486;0.012822134
-0.02643083;-0.025209486;0.0049169962
-0.02643083;-0.025209486;0.012822134
-0.024454545;-0.025209486;0.0049169962
-0.02643083;-0.025209486;0.0049169962
-0.02643083;-0.023233201;0.0049169962
-0.02643083;-0.025209486;0.012822134
-0.02643083;-0.023233201;0.012822134
-0.028407115;-0.025209486;0.012822134
-0.02643083;-0.025209486;0.0049169962
-0.024454545;-0.025209486;0.012822134
-0.02643083;-0.023233201;0.012822134
-0.02643083;-0.025209486;0.0049169962
-0.024454545;-0.023233201;0.012822134
-0.024454545;-0.025209486;0.0049169962
-0.024454545;-0.025209486;0.0049169962
-0.02643083;-0.023233201;0.0049169962
-0.024454545;-0.023233201;0.0049169962
-0.02643083;-0.023233201;0.0049169962
-0.02643083;-0.025209486;0.0049169962
-0.024454545;-0.023233201;0.012822134
-0.024454545;-0.023233201;0.0049169962
-0.02643083;-0.023233201;0.012822134
-0.024454545;-0.023233201;0.0049169962
-0.02643083;-0.025209486;0.0049169962
-0.024454545;-0.023233201;0.0049169962
-0.02643083;-0.025209486;0.0049169962
-0.024454545;-0.023233201;0.012822134
-0.024454545;-0.023233201;0.0049169962
-0.02643083;-0.025209486;0.012822134
-0.02247826;-0.023233201;0.012822134
-0.02643083;-0.025209486;0.012822134
-0.024454545;-0.023233201;0.0049169962
-0.024454545;-0.023233201;0.0049169962
-0.02643083;-0.025209486;0.0049169962
-0.024454545;-0.023233201;0.012822134
-0.024454545;-0.023233201;0.0049169962
-0.02643083;-0.023233201;0.0049169962
-0.024454545;-0.023233201;0.012822134
-0.024454545;-0.023233201;0.012822134
-0.024454545;-0.023233201;0.012822134
-0.024454545;-0.023233201;0.0049169962
-0.024454545;-0.025209486;0.0049169962
-0.024454545;-0.023233201;0.012822134
-0.024454545;-0.025209486;0.0049169962
-0.02247826;-0.023233201;0.0049169962
-0.024454545;-0.023233201;0.012822134
-0.024454545;-0.025209486;0.012822134
-0.024454545;-0.021256916;0.0049169962
-0.024454545;-0.023233201;0.012822134
-0.024454545;-0.025209486;0.0049169962
-0.024454545;-0.023233201;0.0049169962
-0.024454545;-0.023233201;0.012822134
-0.024454545;-0.023233201;0.0049169962
-0.02247826;-0.023233201;0.0049169962
-0.024454545;-0.023233201;0.012822134
-0.024454545;-0.023233201;0.012822134
-0.024454545;-0.023233201;0.0049169962
-0.02247826;-0.023233201;0.0049169962
-0.024454545;-0.023233201;0.012822134
-0.024454545;-0.023233201;0.0049169962
-0.024454545;-0.023233201;0.012822134
-0.024454545;-0.023233201;0.012822134
-0.02247826;-0.023233201;0.012822134
-0.024454545;-0.023233201;0.0049169962
-0.024454545;-0.021256916;0.0049169962
-0.02247826;-0.023233201;0.012822134
-0.02247826;-0.023233201;0.0049169962
-0.02247826;-0.021256916;0.012822134
-0.02247826;-0.021256916;0.0049169962
-0.02247826;-0.021256916;0.0049169962
-0.02247826;-0.023233201;0.0049169962
-0.024454545;-0.023233201;0.012822134
-0.02247826;-0.023233201;0.012822134
-0.024454545;-0.021256916;0.0049169962
-0.02247826;-0.023233201;0.0049169962
-0.024454545;-0.021256916;0.0049169962
-0.024454545;-0.023233201;0.0049169962
-0.024454545;-0.023233201;0.012822134
-0.02247826;-0.021256916;0.012822134
-0.02247826;-0.021256916;0.012822134
-0.02247826;-0.021256916;0.012822134
-0.02247826;-0.021256916;0.012822134
-0.024454545;-0.021256916;0.0049169962
-0.024454545;-0.023233201;0.012822134
-0.02247826;-0.021256916;0.0049169962
-0.02247826;-0.021256916;0.012822134
-0.02247826;-0.021256916;0.0049169962
-0.02247826;-0.021256916;0.0049169962
-0.02247826;-0.021256916;0.012822134
-0.02247826;-0.021256916;0.012822134
-0.020501977;-0.021256916;0.0049169962
-0.02247826;-0.021256916;0.012822134
-0.02247826;-0.021256916;0.012822134
-0.020501977;-0.021256916;0.012822134
-0.02247826;-0.021256916;0.012822134
-0.02247826;-0.021256916;0.0049169962
-0.02247826;-0.021256916;0.012822134
-0.02247826;-0.021256916;0.012822134
-0.02247826;-0.023233201;0.0049169962
-0.02247826;-0.021256916;0.0049169962
-0.02247826;-0.021256916;0.012822134
-0.020501977;-0.021256916;0.012822134
-0.02247826;-0.021256916;0.012822134
-0.02247826;-0.021256916;0.0049169962
-0.020501977;-0.019280633;0.012822134
-0.02247826;-0.021256916;0.0049169962
-0.020501977;-0.021256916;0.012822134
-0.020501977;-0.021256916;0.0049169962
-0.02247826;-0.021256916;0.0049169962
-0.02247826;-0.021256916;0.0049169962
-0.02247826;-0.021256916;0.0049169962
-0.02247826;-0.019280633;0.0049169962
-0.020501977;-0.021256916;0.0049169962
-0.020501977;-0.019280633;0.012822134
-0.02247826;-0.019280633;0.012822134
-0.02247826;-0.021256916;0.012822134
-0.020501977;-0.021256916;0.0049169962
-0.02247826;-0.019280633;0.012822134
-0.02247826;-0.019280633;0.012822134
-0.020501977;-0.019280633;0.0049169962
-0.02247826;-0.019280633;0.0049169962
-0.020501977;-0.019280633;0.012822134
-0.020501977;-0.019280633;0.0049169962
-0.020501977;-0.021256916;0.0049169962
-0.020501977;-0.019280633;0.0049169962
-0.02247826;-0.019280633;0.0049169962
-0.020501977;-0.019280633;0.0049169962
-0.020501977;-0.019280633;0.012822134
-0.020501977;-0.019280633;0.012822134
-0.020501977;-0.017304348;0.0049169962
-0.020501977;-0.019280633;0.012822134
-0.020501977;-0.017304348;0.012822134
-0.020501977;-0.019280633;0.0049169962
-0.020501977;-0.019280633;0.0049169962
-0.020501977;-0.019280633;0.012822134
-0.020501977;-0.019280633;0.012822134
-0.020501977;-0.017304348;0.0049169962
-0.020501977;-0.019280633;0.0049169962
-0.02247826;-0.019280633;0.0049169962
-0.020501977;-0.019280633;0.012822134
-0.018525692;-0.019280633;0.012822134
-0.020501977;-0.017304348;0.0049169962
-0.020501977;-0.017304348;0.0049169962
-0.018525692;-0.017304348;0.0049169962
-0.020501977;-0.017304348;0.0049169962
-0.020501977;-0.017304348;0.0049169962
-0.020501977;-0.017304348;0.0049169962
-0.020501977;-0.019280633;0.0049169962
-0.018525692;-0.019280633;0.0049169962
-0.018525692;-0.019280633;0.0049169962
-0.020501977;-0.017304348;0.0049169962
-0.020501977;-0.017304348;0.012822134
-0.020501977;-0.019280633;0.0049169962
-0.020501977;-0.017304348;0.0049169962
-0.018525692;-0.017304348;0.012822134
-0.018525692;-0.019280633;0.0049169962
-0.018525692;-0.019280633;0.012822134
-0.016549407;-0.017304348;0.0049169962
-0.018525692;-0.019280633;0.0049169962
-0.018525692;-0.017304348;0.0049169962
-0.016549407;-0.019280633;0.012822134
-0.018525692;-0.017304348;0.0049169962
-0.018525692;-0.015328064;0.012822134
-0.018525692;-0.017304348;0.012822134
-0.018525692;-0.017304348;0.012822134
-0.016549407;-0.017304348;0.012822134
-0.018525692;-0.017304348;0.012822134
-0.018525692;-0.017304348;0.012822134
-0.016549407;-0.017304348;0.012822134
-0.016549407;-0.017304348;0.0049169962
-0.018525692;-0.017304348;0.012822134
-0.016549407;-0.017304348;0.0049169962
-0.018525692;-0.017304348;0.012822134
-0.016549407;-0.017304348;0.0049169962
-0.018525692;-0.017304348;0.0049169962
-0.018525692;-0.015328064;0.0049169962
-0.016549407;-0.017304348;0.0049169962
-0.016549407;-0.017304348;0.0049169962
-0.016549407;-0.017304348;0.012822134
-0.016549407;-0.017304348;0.012822134
-0.018525692;-0.017304348;0.012822134
-0.016549407;-0.015328064;0.012822134
-0.016549407;-0.015328064;0.0049169962
-0.016549407;-0.015328064;0.0049169962
-0.018525692;-0.015328064;0.0049169962
-0.016549407;-0.017304348;0.0049169962
-0.016549407;-0.017304348;0.012822134
-0.016549407;-0.015328064;0.0049169962
-0.016549407;-0.015328064;0.012822134
-0.016549407;-0.015328064;0.012822134
-0.016549407;-0.015328064;0.012822134
-0.014573122;-0.017304348;0.0049169962
-0.016549407;-0.013351778;0.0049169962
-0.016549407;-0.015328064;0.012822134
-0.016549407;-0.015328064;0.012822134
-0.016549407;-0.013351778;0.012822134
-0.014573122;-0.015328064;0.012822134
-0.016549407;-0.015328064;0.0049169962
-0.016549407;-0.015328064;0.0049169962
-0.014573122;-0.013351778;0.0049169962
-0.014573122;-0.013351778;0.012822134
-0.014573122;-0.013351778;0.012822134
-0.014573122;-0.013351778;0.012822134
-0.014573122;-0.015328064;0.012822134
-0.014573122;-0.013351778;0.0049169962
-0.014573122;-0.013351778;0.0049169962
-0.014573122;-0.013351778;0.0049169962
-0.012596838;-0.015328064;0.0049169962
-0.014573122;-0.013351778;0.012822134
-0.012596838;-0.013351778;0.012822134
-0.012596838;-0.013351778;0.0049169962
-0.014573122;-0.013351778;0.0049169962
-0.012596838;-0.013351778;0.0049169962
-0.014573122;-0.011375494;0.0049169962
-0.014573122;-0.011375494;0.012822134
-0.014573122;-0.013351778;0.0049169962
-0.014573122;-0.011375494;0.0049169962
-0.014573122;-0.013351778;0.0049169962
-0.014573122;-0.013351778;0.012822134
-0.012596838;-0.011375494;0.0049169962
-0.012596838;-0.013351778;0.0049169962
-0.014573122;-0.013351778;0.012822134
-0.012596838;-0.011375494;0.0049169962
-0.014573122;-0.011375494;0.0049169962
-0.014573122;-0.011375494;0.0049169962
-0.014573122;-0.013351778;0.012822134
-0.014573122;-0.013351778;0.0049169962
-0.012596838;-0.013351778;0.012822134
-0.012596838;-0.011375494;0.012822134
-0.012596838;-0.013351778;0.0049169962
-0.012596838;-0.011375494;0.0049169962
-0.012596838;-0.011375494;0.0049169962
-0.012596838;-0.011375494;0.0049169962
-0.012596838;-0.011375494;0.012822134
-0.012596838;-0.011375494;0.012822134
-0.012596838;-0.011375494;0.012822134
-0.012596838;-0.013351778;0.0049169962
-0.012596838;-0.013351778;0.0049169962
-0.012596838;-0.011375494;0.0049169962
-0.012596838;-0.011375494;0.0049169962
-0.010620553;-0.0093992092;0.0049169962
-0.012596838;-0.011375494;0.012822134
-0.012596838;-0.011375494;0.0049169962
-0.012596838;-0.011375494;0.0049169962
-0.012596838;-0.011375494;0.012822134
-0.010620553;-0.0093992092;0.012822134
-0.010620553;-0.011375494;0.0049169962
-0.010620553;-0.011375494;0.0049169962
-0.012596838;-0.011375494;0.0049169962
-0.012596838;-0.011375494;0.012822134
-0.012596838;-0.011375494;0.012822134
-0.010620553;-0.0093992092;0.0049169962
-0.012596838;-0.0093992092;0.012822134
-0.010620553;-0.011375494;0.012822134
-0.010620553;-0.011375494;0.012822134
-0.010620553;-0.0093992092;0.012822134
-0.010620553;-0.0093992092;0.0049169962
-0.010620553;-0.0093992092;0.012822134
-0.010620553;-0.0093992092;0.012822134
-0.0086442688;-0.0093992092;0.0049169962
-0.010620553;-0.0093992092;0.0049169962
-0.010620553;-0.0093992092;0.012822134
-0.0086442688;-0.0093992092;0.0049169962
-0.010620553;-0.0093992092;0.0049169962
-0.010620553;-0.0093992092;0.0049169962
-0.0086442688;-0.007422925;0.0049169962
-0.0086442688;-0.0093992092;0.012822134
-0.0086442688;-0.007422925;0.0049169962
-0.0086442688;-0.0093992092;0.0049169962
-0.0086442688;-0.0093992092;0.0049169962
-0.0086442688;-0.007422925;0.012822134
-0.0086442688;-0.007422925;0.012822134
-0.0086442688;-0.007422925;0.012822134
-0.0086442688;-0.007422925;0.012822134
-0.0086442688;-0.0093992092;0.0049169962
-0.0086442688;-0.007422925;0.012822134
-0.0086442688;-0.007422925;0.0049169962
-0.0066679842;-0.007422925;0.0049169962
-0.0086442688;-0.007422925;0.012822134
-0.0086442688;-0.007422925;0.0049169962
-0.0086442688;-0.007422925;0.012822134
-0.0086442688;-0.007422925;0.0049169962
-0.0086442688;-0.007422925;0.012822134
-0.0066679842;-0.007422925;0.012822134
-0.0066679842;-0.007422925;0.012822134
-0.0086442688;-0.0054466403;0.012822134
-0.0066679842;-0.007422925;0.012822134
-0.0066679842;-0.007422925;0.012822134
-0.0066679842;-0.0054466403;0.012822134
-0.0066679842;-0.007422925;0.012822134
-0.0066679842;-0.0054466403;0.0049169962
-0.0066679842;-0.0054466403;0.0049169962
-0.0066679842;-0.0054466403;0.012822134
-0.0086442688;-0.007422925;0.0049169962
-0.0086442688;-0.0054466403;0.012822134
-0.0066679842;-0.0054466403;0.012822134
-0.0066679842;-0.0054466403;0.012822134
-0.0066679842;-0.0054466403;0.0049169962
-0.0066679842;-0.0054466403;0.012822134
-0.0066679842;-0.0054466403;0.0049169962
-0.0066679842;-0.0054466403;0.0049169962
-0.0066679842;-0.0054466403;0.012822134
-0.0066679842;-0.0034703556;0.012822134
-0.0066679842;-0.0054466403;0.0049169962
-0.0066679842;-0.0034703556;0.0049169962
-0.0066679842;-0.0054466403;0.012822134
-0.0066679842;-0.0054466403;0.012822134
-0.0066679842;-0.0054466403;0.0049169962
-0.0046916995;-0.0054466403;0.0049169962
-0.0046916995;-0.0054466403;0.0049169962
-0.0066679842;-0.0054466403;0.0049169962
-0.0066679842;-0.0054466403;0.0049169962
-0.0046916995;-0.0054466403;0.012822134
-0.0066679842;-0.0054466403;0.0049169962
-0.0046916995;-0.0054466403;0.0049169962
-0.0066679842;-0.0054466403;0.012822134
-0.0066679842;-0.0054466403;0.012822134
-0.0027154151;-0.0034703556;0.012822134
-0.0046916995;-0.0054466403;0.0049169962
-0.0046916995;-0.0034703556;0.0049169962
-0.0046916995;-0.0034703556;0.012822134
-0.0046916995;-0.0034703556;0.0049169962
-0.0046916995;-0.0054466403;0.012822134
-0.0066679842;-0.0034703556;0.0049169962
-0.0046916995;-0.0034703556;0.0049169962
-0.0027154151;-0.0034703556;0.012822134
-0.0046916995;-0.0034703556;0.012822134
-0.0046916995;-0.0034703556;0.0049169962
-0.0046916995;-0.0034703556;0.0049169962
-0.0046916995;-0.0034703556;0.0049169962
-0.0027154151;-0.0034703556;0.0049169962
-0.0046916995;-0.0034703556;0.012822134
-0.0027154151;-0.0014940711;0.0049169962
-0.0027154151;-0.0034703556;0.012822134
-0.0027154151;-0.0034703556;0.012822134
-0.0027154151;-0.0034703556;0.012822134
-0.0027154151;-0.0034703556;0.0049169962
-0.0027154151;-0.0034703556;0.012822134
-0.0027154151;-0.0014940711;0.0049169962
-0.0027154151;-0.0014940711;0.012822134
-0.0027154151;-0.0014940711;0.012822134
-0.0046916995;-0.0034703556;0.0049169962
-0.0027154151;-0.0014940711;0.012822134
-0.0027154151;-0.0034703556;0.0049169962
-0.00073913042;-0.0014940711;0.0049169962
-0.0027154151;-0.0014940711;0.0049169962
-0.0027154151;-0.0014940711;0.0049169962
-0.0027154151;-0.0014940711;0.0049169962
-0.00073913042;-0.0014940711;0.0049169962
-0.0027154151;-0.0014940711;0.0049169962
-0.00073913042;-0.0014940711;0.012822134
-0.0027154151;-0.0014940711;0.0049169962
-0.0027154151;-0.0014940711;0.0049169962
-0.00073913042;-0.0014940711;0.012822134
-0.00073913042;-0.0014940711;0.012822134
-0.00073913042;0.00048221345;0.0049169962
-0.00073913042;-0.0014940711;0.012822134
-0.00073913042;-0.0014940711;0.0049169962
-0.00073913042;0.00048221345;0.012822134
-0.00073913042;-0.0014940711;0.012822134
-0.00073913042;0.00048221345;0.0049169962
-0.00073913042;0.00048221345;0.012822134
-0.00073913042;0.00048221345;0.0049169962
0.0012371541;-0.0014940711;0.0049169962
-0.00073913042;-0.0014940711;0.012822134
-0.00073913042;0.00048221345;0.0049169962
-0.00073913042;0.00048221345;0.0049169962
-0.00073913042;0.00048221345;0.012822134
-0.00073913042;0.0024584981;0.012822134
-0.00073913042;0.00048221345;0.012822134
-0.00073913042;0.00048221345;0.0049169962
0.0012371541;0.00048221345;0.0049169962
0.0012371541;0.0024584981;0.012822134
0.0012371541;0.0024584981;0.0049169962
-0.00073913042;0.0024584981;0.012822134
0.0012371541;0.0024584981;0.0049169962
0.0012371541;0.00048221345;0.012822134
0.0012371541;0.0024584981;0.0049169962
0.0012371541;0.00048221345;0.0049169962
0.0012371541;0.00048221345;0.0049169962
0.0012371541;0.0024584981;0.012822134
0.0012371541;0.00048221345;0.0049169962
0.0012371541;0.0024584981;0.0049169962
0.0051897233;0.0024584981;0.0049169962
0.0012371541;0.0024584981;0.012822134
0.0032134387;0.0024584981;0.012822134
0.0012371541;0.0024584981;0.0049169962
0.0051897233;0.0024584981;0.012822134
0.0012371541;0.0024584981;0.0049169962
0.0032134387;0.0024584981;0.012822134
0.0012371541;0.0024584981;0.0049169962
0.0032134387;0.0024584981;0.012822134
0.0032134387;0.0024584981;0.012822134
0.0032134387;0.00048221345;0.0049169962
0.0051897233;0.0024584981;0.0049169962
0.0051897233;0.0044347825;0.012822134
0.0051897233;0.0044347825;0.012822134
0.0051897233;0.0044347825;0.012822134
0.0032134387;0.0024584981;0.012822134
0.0032134387;0.0044347825;0.0049169962
0.0051897233;0.0044347825;0.0049169962
0.0051897233;0.0024584981;0.0049169962
0.0051897233;0.0044347825;0.012822134
0.0051897233;0.0044347825;0.012822134
0.0032134387;0.0044347825;0.0049169962
0.0051897233;0.0044347825;0.012822134
0.0051897233;0.0044347825;0.0049169962
0.0051897233;0.0064110672;0.0049169962
0.0051897233;0.0044347825;0.0049169962
0.0051897233;0.0064110672;0.0049169962
0.0051897233;0.0044347825;0.012822134
0.007166008;0.0044347825;0.012822134
0.0051897233;0.0044347825;0.012822134
0.0051897233;0.0044347825;0.012822134
0.0051897233;0.0044347825;0.012822134
0.007166008;0.0044347825;0.012822134
0.007166008;0.0064110672;0.0049169962
0.007166008;0.0044347825;0.0049169962
0.007166008;0.0064110672;0.012822134
0.0051897233;0.0064110672;0.0049169962
0.007166008;0.0064110672;0.012822134
0.007166008;0.0064110672;0.0049169962
0.007166008;0.0064110672;0.012822134
0.007166008;0.0064110672;0.012822134
0.007166008;0.0064110672;0.012822134
0.007166008;0.0064110672;0.0049169962
0.007166008;0.0083873514;0.0049169962
0.007166008;0.0064110672;0.0049169962
0.007166008;0.0083873514;0.0049169962
0.007166008;0.0083873514;0.0049169962
0.007166008;0.0083873514;0.0049169962
0.007166008;0.0064110672;0.012822134
0.007166008;0.0064110672;0.012822134
0.0091422927;0.0083873514;0.0049169962
0.0091422927;0.0064110672;0.012822134
0.0091422927;0.0064110672;0.0049169962
0.007166008;0.0083873514;0.0049169962
0.007166008;0.0083873514;0.0049169962
0.0091422927;0.0083873514;0.0049169962
0.0091422927;0.0083873514;0.012822134
0.0091422927;0.0083873514;0.0049169962
0.0091422927;0.0083873514;0.012822134
0.0091422927;0.0083873514;0.0049169962
0.0091422927;0.0083873514;0.0049169962
0.0091422927;0.0083873514;0.0049169962
0.0091422927;0.0083873514;0.0049169962
0.011118577;0.010363637;0.0049169962
0.0091422927;0.0083873514;0.0049169962
0.0091422927;0.010363637;0.0049169962
0.0091422927;0.010363637;0.0049169962
0.0091422927;0.0083873514;0.012822134
0.011118577;0.010363637;0.012822134
0.011118577;0.010363637;0.012822134
0.011118577;0.010363637;0.0049169962
0.011118577;0.010363637;0.0049169962
0.0091422927;0.010363637;0.0049169962
0.013094862;0.010363637;0.012822134
0.011118577;0.010363637;0.0049169962
0.013094862;0.010363637;0.0049169962
0.011118577;0.010363637;0.012822134
0.011118577;0.010363637;0.0049169962
0.011118577;0.010363637;0.012822134
0.011118577;0.012339921;0.0049169962
0.011118577;0.010363637;0.012822134
0.013094862;0.010363637;0.0049169962
0.011118577;0.010363637;0.012822134
0.011118577;0.010363637;0.0049169962
0.013094862;0.010363637;0.012822134
0.013094862;0.010363637;0.012822134
0.011118577;0.012339921;0.0049169962
0.011118577;0.012339921;0.0049169962
0.013094862;0.012339921;0.0049169962
0.013094862;0.012339921;0.0049169962
0.015071146;0.012339921;0.012822134
0.013094862;0.012339921;0.0049169962
0.013094862;0.012339921;0.0049169962
0.015071146;0.012339921;0.0049169962
0.013094862;0.012339921;0.0049169962
0.013094862;0.012339921;0.0049169962
0.013094862;0.012339921;0.012822134
0.015071146;0.014316206;0.012822134
0.015071146;0.012339921;0.0049169962
0.015071146;0.012339921;0.0049169962
0.013094862;0.014316206;0.0049169962
0.015071146;0.012339921;0.0049169962
0.015071146;0.014316206;0.0049169962
0.017047431;0.012339921;0.0049169962
0.017047431;0.014316206;0.012822134
0.015071146;0.014316206;0.0049169962
0.017047431;0.014316206;0.012822134
0.015071146;0.012339921;0.012822134
0.017047431;0.014316206;0.0049169962
0.015071146;0.014316206;0.0049169962
0.015071146;0.014316206;0.012822134
0.017047431;0.014316206;0.0049169962
0.017047431;0.014316206;0.012822134
0.015071146;0.014316206;0.012822134
0.017047431;0.01629249;0.0049169962
0.017047431;0.01629249;0.0049169962
0.017047431;0.01629249;0.012822134
0.017047431;0.01629249;0.0049169962
0.017047431;0.01629249;0.0049169962
0.017047431;0.01629249;0.012822134
0.017047431;0.01629249;0.0049169962
0.017047431;0.01629249;0.0049169962
0.017047431;0.01629249;0.0049169962
0.017047431;0.01629249;0.0049169962
0.017047431;0.014316206;0.0049169962
0.017047431;0.01629249;0.0049169962
0.019023715;0.01629249;0.012822134
0.019023715;0.01629249;0.0049169962
0.017047431;0.01629249;0.0049169962
0.019023715;0.01629249;0.0049169962
0.019023715;0.018268775;0.0049169962
0.019023715;0.01629249;0.0049169962
0.017047431;0.01629249;0.0049169962
0.019023715;0.018268775;0.0049169962
0.019023715;0.018268775;0.0049169962
0.019023715;0.01629249;0.0049169962
0.019023715;0.01629249;0.012822134
0.021;0.018268775;0.0049169962
0.019023715;0.018268775;0.012822134
0.019023715;0.018268775;0.0049169962
0.019023715;0.018268775;0.012822134
0.019023715;0.018268775;0.0049169962
0.019023715;0.018268775;0.012822134
0.021;0.018268775;0.012822134
0.021;0.018268775;0.0049169962
0.019023715;0.020245058;0.012822134
0.021;0.020245058;0.0049169962
0.021;0.020245058;0.012822134
0.021;0.018268775;0.0049169962
0.021;0.020245058;0.012822134
0.021;0.020245058;0.012822134
0.021;0.020245058;0.0049169962
0.021;0.018268775;0.0049169962
0.021;0.020245058;0.012822134
0.021;0.020245058;0.0049169962
0.019023715;0.020245058;0.012822134
0.021;0.020245058;0.0049169962
0.021;0.020245058;0.0049169962
0.021;0.022221344;0.012822134
0.021;0.020245058;0.012822134
0.022976285;0.020245058;0.012822134
0.022976285;0.020245058;0.0049169962
0.021;0.022221344;0.012822134
0.021;0.022221344;0.012822134
0.022976285;0.020245058;0.0049169962
0.022976285;0.020245058;0.012822134
0.022976285;0.022221344;0.012822134
0.022976285;0.022221344;0.0049169962
0.022976285;0.022221344;0.0049169962
0.022976285;0.022221344;0.012822134
0.02495257;0.022221344;0.012822134
0.022976285;0.022221344;0.012822134
0.022976285;0.022221344;0.012822134
0.022976285;0.022221344;0.0049169962
0.022976285;0.022221344;0.0049169962
0.022976285;0.022221344;0.012822134
0.022976285;0.022221344;0.0049169962
0.02495257;0.024197629;0.0049169962
0.02495257;0.022221344;0.0049169962
0.022976285;0.022221344;0.0049169962
0.02495257;0.022221344;0.0049169962
0.02495257;0.024197629;0.0049169962
0.02495257;0.024197629;0.0049169962
0.02495257;0.022221344;0.012822134
0.02495257;0.022221344;0.0049169962
0.02495257;0.024197629;0.0049169962
0.02495257;0.024197629;0.0049169962
0.026928853;0.022221344;0.0049169962
0.02495257;0.024197629;0.0049169962
0.02495257;0.024197629;0.0049169962
0.02495257;0.024197629;0.0049169962
0.02495257;0.024197629;0.012822134
0.026928853;0.022221344;0.012822134
0.02495257;0.024197629;0.0049169962
0.026928853;0.024197629;0.0049169962
0.02495257;0.024197629;0.012822134
0.026928853;0.026173914;0.0049169962
0.026928853;0.024197629;0.0049169962
0.026928853;0.024197629;0.0049169962
0.026928853;0.024197629;0.012822134
0.026928853;0.026173914;0.0049169962
0.026928853;0.026173914;0.012822134
0.02495257;0.026173914;0.0049169962
0.026928853;0.026173914;0.012822134
0.026928853;0.026173914;0.012822134
0.026928853;0.026173914;0.0049169962
0.028905138;0.026173914;0.0049169962
0.028905138;0.026173914;0.0049169962
0.028905138;0.026173914;0.012822134
0.028905138;0.026173914;0.0049169962
0.026928853;0.028150197;0.012822134
0.028905138;0.026173914;0.012822134
0.026928853;0.026173914;0.012822134
0.028905138;0.026173914;0.0049169962
0.028905138;0.028150197;0.0049169962
0.028905138;0.026173914;0.012822134
0.028905138;0.026173914;0.012822134
0.028905138;0.028150197;0.0049169962
0.028905138;0.026173914;0.012822134
0.030881424;0.028150197;0.0049169962
0.028905138;0.028150197;0.0049169962
0.028905138;0.028150197;0.0049169962
0.028905138;0.028150197;0.0049169962
0.030881424;0.028150197;0.012822134
0.030881424;0.028150197;0.012822134
0.030881424;0.028150197;0.012822134
0.030881424;0.028150197;0.012822134
0.030881424;0.028150197;0.012822134
0.028905138;0.030126482;0.012822134
0.030881424;0.028150197;0.012822134
0.030881424;0.030126482;0.012822134
0.030881424;0.028150197;0.0049169962
0.030881424;0.030126482;0.012822134
0.030881424;0.028150197;0.0049169962
0.030881424;0.030126482;0.012822134
0.030881424;0.028150197;0.012822134
0.030881424;0.030126482;0.012822134
0.030881424;0.030126482;0.012822134
0.032857709;0.030126482;0.012822134
0.030881424;0.030126482;0.0049169962
0.032857709;0.030126482;0.0049169962
0.032857709;0.030126482;0.0049169962
0.032857709;0.030126482;0.0049169962
0.032857709;0.030126482;0.012822134
0.030881424;0.032102767;0.0049169962
0.032857709;0.032102767;0.0049169962
0.032857709;0.032102767;0.0049169962
0.032857709;0.030126482;0.012822134
0.030881424;0.032102767;0.012822134
0.032857709;0.030126482;0.0049169962
0.032857709;0.032102767;0.012822134
0.032857709;0.032102767;0.012822134
0.032857709;0.032102767;0.0049169962
0.032857709;0.032102767;0.012822134
0.032857709;0.032102767;0.0049169962
0.032857709;0.032102767;0.012822134
0.032857709;0.032102767;0.0049169962
0.032857709;0.032102767;0.012822134
0.032857709;0.032102767;0.0049169962
0.034833994;0.032102767;0.012822134
0.032857709;0.032102767;0.0049169962
0.034833994;0.032102767;0.012822134
0.034833994;0.034079053;0.0049169962
0.034833994;0.032102767;0.012822134
0.034833994;0.032102767;0.012822134
0.034833994;0.032102767;0.012822134
0.034833994;0.034079053;0.012822134
0.034833994;0.032102767;0.0049169962
0.034833994;0.032102767;0.012822134
0.034833994;0.034079053;0.012822134
0.034833994;0.034079053;0.0049169962
0.034833994;0.034079053;0.012822134
0.034833994;0.032102767;0.0049169962
0.034833994;0.036055338;0.0049169962
0.034833994;0.036055338;0.0049169962
0.034833994;0.034079053;0.012822134
0.036810275;0.034079053;0.012822134
0.036810275;0.036055338;0.0049169962
0.036810275;0.034079053;0.012822134
0.036810275;0.034079053;0.012822134
0.036810275;0.034079053;0.0049169962
0.036810275;0.036055338;0.012822134
0.036810275;0.034079053;0.012822134
0.03878656;0.034079053;0.0049169962
0.036810275;0.034079053;0.0049169962
0.036810275;0.036055338;0.0049169962
0.036810275;0.036055338;0.0049169962
0.036810275;0.036055338;0.0049169962
0.03878656;0.036055338;0.0049169962
0.03878656;0.036055338;0.012822134
0.036810275;0.036055338;0.0049169962
0.03878656;0.036055338;0.012822134
0.03878656;0.038031619;0.012822134
0.03878656;0.036055338;0.0049169962
0.036810275;0.036055338;0.0049169962
0.03878656;0.038031619;0.0049169962
0.036810275;0.036055338;0.012822134
0.03878656;0.038031619;0.0049169962
0.040762845;0.036055338;0.0049169962
0.040762845;0.038031619;0.0049169962
0.03878656;0.038031619;0.0049169962
0.03878656;0.038031619;0.0049169962
0.03878656;0.038031619;0.012822134
0.03878656;0.038031619;0.0049169962
0.03878656;0.038031619;0.012822134
0.03878656;0.038031619;0.0049169962
0.03878656;0.038031619;0.0049169962
0.03878656;0.038031619;0.0049169962
0.03878656;0.038031619;0.0049169962
0.040762845;0.038031619;0.0049169962
0.040762845;0.038031619;0.0049169962
0.040762845;0.038031619;0.0049169962
0.03878656;0.040007904;0.0049169962
0.040762845;0.038031619;0.0049169962
0.040762845;0.038031619;0.012822134
0.042739131;0.040007904;0.012822134
0.040762845;0.040007904;0.0049169962
0.040762845;0.040007904;0.0049169962
0.040762845;0.040007904;0.012822134
0.040762845;0.040007904;0.012822134
0.042739131;0.040007904;0.012822134
0.040762845;0.038031619;0.012822134
0.040762845;0.040007904;0.0049169962
0.040762845;0.040007904;0.012822134
0.042739131;0.040007904;0.012822134
0.040762845;0.040007904;0.0049169962
0.042739131;0.040007904;0.0049169962
0.042739131;0.040007904;0.012822134
0.042739131;0.040007904;0.0049169962
0.042739131;0.040007904;0.0049169962
0.040762845;0.040007904;0.012822134
0.042739131;0.040007904;0.012822134
0.042739131;0.040007904;0.0049169962
0.042739131;0.040007904;0.0049169962
0.042739131;0.041984189;0.0049169962
0.042739131;0.041984189;0.0049169962
0.042739131;0.040007904;0.0049169962
0.042739131;0.041984189;0.012822134
0.044715416;0.041984189;0.0049169962
0.044715416;0.041984189;0.0049169962
0.044715416;0.041984189;0.0049169962
0.042739131;0.041984189;0.0049169962
0.044715416;0.041984189;0.012822134
0.044715416;0.041984189;0.0049169962
0.044715416;0.041984189;0.012822134
0.046691701;0.041984189;0.0049169962
0.042739131;0.041984189;0.0049169962
0.044715416;0.043960474;0.0049169962
0.042739131;0.041984189;0.0049169962
0.044715416;0.041984189;0.012822134
0.044715416;0.041984189;0.0049169962
0.044715416;0.041984189;0.012822134
0.044715416;0.041984189;0.012822134
0.044715416;0.043960474;0.012822134
0.044715416;0.043960474;0.0049169962
0.046691701;0.041984189;0.0049169962
0.046691701;0.041984189;0.0049169962
0.044715416;0.041984189;0.0049169962
0.046691701;0.043960474;0.0049169962
0.046691701;0.043960474;0.0049169962
0.046691701;0.041984189;0.0049169962
0.046691701;0.043960474;0.0049169962
0.046691701;0.043960474;0.012822134
0.046691701;0.043960474;0.012822134
0.046691701;0.043960474;0.0049169962
0.046691701;0.043960474;0.012822134
0.046691701;0.043960474;0.0049169962
0.046691701;0.04593676;0.012822134
0.044715416;0.043960474;0.0049169962
0.046691701;0.043960474;0.0049169962
0.048667986;0.043960474;0.012822134
0.046691701;0.043960474;0.0049169962
0.048667986;0.04593676;0.0049169962
0.048667986;0.043960474;0.012822134
0.046691701;0.04593676;0.012822134
0.048667986;0.04593676;0.0049169962
0.046691701;0.04593676;0.012822134
0.048667986;0.04593676;0.0049169962
0.048667986;0.04593676;0.012822134
0.048667986;0.04593676;0.0049169962
0.046691701;0.04593676;0.012822134
0.046691701;0.04593676;0.012822134
0.046691701;0.04593676;0.0049169962
0.048667986;0.04593676;0.0049169962
0.048667986;0.04593676;0.012822134
0.048667986;0.047913045;0.0049169962
0.048667986;0.04593676;0.012822134
0.048667986;0.04593676;0.012822134
0.050644267;0.047913045;0.0049169962
0.048667986;0.047913045;0.0049169962
0.048667986;0.04593676;0.012822134
0.048667986;0.047913045;0.0049169962
0.050644267;0.047913045;0.012822134
0.048667986;0.047913045;0.0049169962
0.048667986;0.047913045;0.012822134
0.050644267;0.047913045;0.012822134
0.050644267;0.047913045;0.0049169962
0.050644267;0.04988933;0.0049169962
0.048667986;0.047913045;0.0049169962
0.050644267;0.047913045;0.0049169962
0.050644267;0.047913045;0.0049169962
0.050644267;0.04988933;0.0049169962
0.050644267;0.047913045;0.012822134
0.052620552;0.04988933;0.012822134
0.048667986;0.047913045;0.0049169962
0.050644267;0.04988933;0.0049169962
0.050644267;0.04988933;0.012822134
0.050644267;0.047913045;0.0049169962
0.050644267;0.04988933;0.012822134
0.050644267;0.047913045;0.0049169962
0.050644267;0.047913045;0.0049169962
0.050644267;0.04988933;0.012822134
0.052620552;0.04988933;0.012822134
0.052620552;0.047913045;0.0049169962
0.052620552;0.047913045;0.012822134
0.052620552;0.04988933;0.0049169962
0.052620552;0.04988933;0.012822134
0.050644267;0.04988933;0.0049169962
0.050644267;0.04988933;0.0049169962
0.052620552;0.04988933;0.0049169962
0.052620552;0.04988933;0.012822134
0.050644267;0.04988933;0.0049169962
0.052620552;0.04988933;0.012822134
0.052620552;0.04988933;0.0049169962
0.052620552;0.04988933;0.0049169962
0.054596838;0.04988933;0.0049169962
0.054596838;0.051865611;0.0049169962
0.054596838;0.04988933;0.0049169962
0.054596838;0.051865611;0.0049169962
0.052620552;0.051865611;0.012822134
0.052620552;0.04988933;0.0049169962
0.052620552;0.04988933;0.012822134
0.054596838;0.04988933;0.0049169962
0.052620552;0.051865611;0.0049169962
0.054596838;0.051865611;0.012822134
0.054596838;0.051865611;0.012822134
0.054596838;0.04988933;0.0049169962
0.054596838;0.051865611;0.0049169962
0.054596838;0.051865611;0.012822134
0.056573123;0.053841896;0.012822134
0.054596838;0.051865611;0.012822134
0.054596838;0.051865611;0.012822134
0.054596838;0.051865611;0.0049169962
0.054596838;0.051865611;0.012822134
0.054596838;0.053841896;0.0049169962
0.054596838;0.053841896;0.0049169962
0.054596838;0.051865611;0.0049169962
0.054596838;0.053841896;0.012822134
0.054596838;0.053841896;0.012822134
0.054596838;0.051865611;0.0049169962
0.056573123;0.051865611;0.012822134
0.054596838;0.051865611;0.0049169962
0.056573123;0.053841896;0.0049169962
0.056573123;0.051865611;0.012822134
0.054596838;0.051865611;0.0049169962
0.054596838;0.051865611;0.012822134
0.054596838;0.053841896;0.0049169962
0.056573123;0.055818181;0.012822134
0.056573123;0.053841896;0.012822134
0.056573123;0.053841896;0.012822134
0.056573123;0.053841896;0.0049169962
0.056573123;0.053841896;0.012822134
0.056573123;0.053841896;0.0049169962
0.056573123;0.053841896;0.0049169962
0.056573123;0.053841896;0.0049169962
0.056573123;0.053841896;0.012822134
0.056573123;0.053841896;0.012822134
0.056573123;0.053841896;0.0049169962
0.056573123;0.053841896;0.012822134
0.058549408;0.053841896;0.012822134
0.056573123;0.055818181;0.0049169962
0.056573123;0.053841896;0.0049169962
0.056573123;0.055818181;0.012822134
0.056573123;0.055818181;0.0049169962
0.056573123;0.055818181;0.0049169962
0.058549408;0.053841896;0.012822134
0.056573123;0.053841896;0.0049169962
0.058549408;0.055818181;0.012822134
0.058549408;0.055818181;0.012822134
0.058549408;0.053841896;0.012822134
0.056573123;0.053841896;0.012822134
0.058549408;0.055818181;0.0049169962
0.058549408;0.055818181;0.0049169962
0.058549408;0.055818181;0.0049169962
0.056573123;0.055818181;0.0049169962
0.058549408;0.055818181;0.012822134
0.058549408;0.055818181;0.012822134
0.058549408;0.055818181;0.012822134
0.058549408;0.055818181;0.0049169962
0.058549408;0.055818181;0.012822134
0.058549408;0.055818181;0.012822134
0.058549408;0.055818181;0.0049169962
0.058549408;0.057794467;0.012822134
0.060525693;0.055818181;0.012822134
0.060525693;0.057794467;0.0049169962
0.060525693;0.057794467;0.0049169962
0.060525693;0.055818181;0.012822134
0.060525693;0.055818181;0.0049169962
0.058549408;0.057794467;0.0049169962
0.058549408;0.057794467;0.0049169962
0.060525693;0.057794467;0.012822134
0.060525693;0.057794467;0.0049169962
0.060525693;0.057794467;0.0049169962
0.058549408;0.055818181;0.012822134
0.060525693;0.059770752;0.012822134
0.060525693;0.057794467;0.012822134
0.060525693;0.059770752;0.012822134
0.060525693;0.057794467;0.0049169962
0.058549408;0.057794467;0.0049169962
0.060525693;0.055818181;0.012822134
0.060525693;0.057794467;0.0049169962
0.060525693;0.057794467;0.012822134
0.060525693;0.057794467;0.0049169962
0.060525693;0.059770752;0.0049169962
0.060525693;0.057794467;0.012822134
0.060525693;0.059770752;0.0049169962
0.060525693;0.057794467;0.0049169962
0.062501974;0.059770752;0.012822134
0.062501974;0.057794467;0.0049169962
0.060525693;0.057794467;0.0049169962
0.060525693;0.059770752;0.0049169962
0.060525693;0.057794467;0.012822134
0.062501974;0.059770752;0.0049169962
0.060525693;0.059770752;0.012822134
0.060525693;0.057794467;0.012822134
0.062501974;0.057794467;0.0049169962
0.060525693;0.059770752;0.012822134
0.062501974;0.059770752;0.0049169962
0.062501974;0.057794467;0.012822134
0.062501974;0.057794467;0.012822134
0.062501974;0.059770752;0.0049169962
0.062501974;0.057794467;0.0049169962
0.060525693;0.059770752;0.0049169962
0.062501974;0.057794467;0.0049169962
0.062501974;0.059770752;0.0049169962
0.062501974;0.059770752;0.012822134
0.062501974;0.059770752;0.012822134
0.062501974;0.057794467;0.012822134
0.062501974;0.061747037;0.012822134
0.062501974;0.059770752;0.0049169962
0.062501974;0.059770752;0.012822134
0.062501974;0.059770752;0.0049169962
0.062501974;0.061747037;0.0049169962
0.064478263;0.059770752;0.012822134
0.064478263;0.059770752;0.0049169962
0.062501974;0.061747037;0.0049169962
0.062501974;0.061747037;0.0049169962
0.064478263;0.059770752;0.0049169962
0.064478263;0.059770752;0.012822134
0.062501974;0.059770752;0.0049169962
0.064478263;0.059770752;0.012822134
0.064478263;0.061747037;0.0049169962
0.064478263;0.061747037;0.0049169962
0.064478263;0.061747037;0.0049169962
0.062501974;0.059770752;0.0049169962
0.064478263;0.061747037;0.012822134
0.064478263;0.061747037;0.012822134
0.062501974;0.061747037;0.0049169962
0.062501974;0.059770752;0.012822134
0.062501974;0.059770752;0.0049169962
0.064478263;0.061747037;0.0049169962
0.064478263;0.061747037;0.012822134
0.064478263;0.061747037;0.0049169962
0.064478263;0.061747037;0.012822134
0.064478263;0.061747037;0.012822134
0.064478263;0.061747037;0.012822134
0.066454545;0.059770752;0.0049169962
0.064478263;0.061747037;0.0049169962
0.064478263;0.061747037;0.0049169962
0.064478263;0.061747037;0.012822134
0.064478263;0.061747037;0.012822134
0.064478263;0.061747037;0.0049169962
0.066454545;0.063723318;0.012822134
0.064478263;0.061747037;0.0049169962
0.064478263;0.061747037;0.012822134
0.066454545;0.061747037;0.012822134
0.064478263;0.063723318;0.0049169962
0.066454545;0.061747037;0.012822134
0.066454545;0.061747037;0.0049169962
0.064478263;0.061747037;0.012822134
0.066454545;0.061747037;0.012822134
0.064478263;0.061747037;0.012822134
0.064478263;0.063723318;0.0049169962
0.066454545;0.061747037;0.0049169962
0.066454545;0.061747037;0.0049169962
0.066454545;0.063723318;0.012822134
0.066454545;0.063723318;0.0049169962
0.066454545;0.061747037;0.012822134
0.066454545;0.063723318;0.0049169962
0.066454545;0.063723318;0.012822134
0.066454545;0.063723318;0.0049169962
0.066454545;0.061747037;0.0049169962
0.064478263;0.063723318;0.012822134
0.066454545;0.063723318;0.012822134
0.066454545;0.063723318;0.012822134
0.066454545;0.063723318;0.0049169962
0.068430834;0.063723318;0.0049169962
0.066454545;0.063723318;0.012822134
0.066454545;0.063723318;0.0049169962
0.066454545;0.063723318;0.012822134
0.066454545;0.063723318;0.012822134
0.068430834;0.063723318;0.012822134
0.066454545;0.063723318;0.0049169962
0.066454545;0.063723318;0.0049169962
0.066454545;0.063723318;0.0049169962
0.066454545;0.063723318;0.0049169962
0.066454545;0.063723318;0.0049169962
0.066454545;0.065699607;0.0049169962
0.066454545;0.065699607;0.0049169962
0.066454545;0.065699607;0.0049169962
0.068430834;0.065699607;0.0049169962
0.068430834;0.063723318;0.012822134
0.066454545;0.063723318;0.0049169962
0.070407115;0.063723318;0.0049169962
0.068430834;0.065699607;0.012822134
0.068430834;0.063723318;0.012822134
0.068430834;0.063723318;0.0049169962
0.066454545;0.065699607;0.012822134
0.068430834;0.065699607;0.0049169962
0.068430834;0.065699607;0.012822134
0.068430834;0.065699607;0.0049169962
0.066454545;0.065699607;0.0049169962
0.068430834;0.063723318;0.012822134
0.068430834;0.065699607;0.0049169962
0.066454545;0.065699607;0.0049169962
0.068430834;0.065699607;0.0049169962
0.068430834;0.065699607;0.012822134
0.066454545;0.065699607;0.0049169962
0.066454545;0.065699607;0.0049169962
0.068430834;0.065699607;0.0049169962
0.068430834;0.065699607;0.0049169962
0.068430834;0.065699607;0.012822134
0.068430834;0.065699607;0.0049169962
0.068430834;0.065699607;0.0049169962
0.070407115;0.065699607;0.012822134
0.068430834;0.065699607;0.0049169962
0.068430834;0.065699607;0.012822134
0.068430834;0.063723318;0.0049169962
0.066454545;0.065699607;0.012822134
0.070407115;0.065699607;0.0049169962
0.070407115;0.065699607;0.0049169962
0.070407115;0.065699607;0.0049169962
0.068430834;0.065699607;0.012822134
0.068430834;0.065699607;0.012822134
0.066454545;0.065699607;0.0049169962
0.068430834;0.065699607;0.0049169962
0.070407115;0.067675889;0.0049169962
0.068430834;0.065699607;0.012822134
0.068430834;0.067675889;0.012822134
0.068430834;0.067675889;0.012822134
0.070407115;0.067675889;0.0049169962
0.070407115;0.065699607;0.012822134
0.070407115;0.067675889;0.0049169962
0.070407115;0.067675889;0.0049169962
0.068430834;0.067675889;0.0049169962
0.070407115;0.067675889;0.012822134
0.068430834;0.065699607;0.0049169962
0.068430834;0.067675889;0.0049169962
0.070407115;0.065699607;0.0049169962
0.070407115;0.067675889;0.0049169962
0.070407115;0.065699607;0.0049169962
0.068430834;0.067675889;0.012822134
0.070407115;0.067675889;0.0049169962
0.070407115;0.067675889;0.0049169962
0.070407115;0.065699607;0.012822134
0.070407115;0.067675889;0.012822134
0.070407115;0.067675889;0.012822134
0.068430834;0.067675889;0.0049169962
0.070407115;0.067675889;0.0049169962
0.070407115;0.067675889;0.0049169962
0.070407115;0.067675889;0.0049169962
0.070407115;0.067675889;0.012822134
0.070407115;0.067675889;0.0049169962
0.070407115;0.067675889;0.0049169962
0.070407115;0.067675889;0.012822134
0.068430834;0.065699607;0.012822134
0.068430834;0.065699607;0.0049169962
0.070407115;0.067675889;0.0049169962
0.070407115;0.067675889;0.012822134
0.070407115;0.067675889;0.0049169962
0.068430834;0.067675889;0.012822134
0.070407115;0.067675889;0.012822134
0.070407115;0.067675889;0.012822134
0.070407115;0.067675889;0.012822134
0.070407115;0.067675889;0.0049169962
0.070407115;0.069652177;0.0049169962
0.070407115;0.067675889;0.0049169962
0.070407115;0.067675889;0.0049169962
0.070407115;0.067675889;0.0049169962
0.068430834;0.067675889;0.0049169962
0.068430834;0.067675889;0.012822134
0.070407115;0.067675889;0.012822134
0.070407115;0.067675889;0.012822134
0.070407115;0.067675889;0.012822134
0.070407115;0.067675889;0.0049169962
0.070407115;0.067675889;0.0049169962
0.070407115;0.067675889;0.012822134
0.070407115;0.067675889;0.0049169962
0.070407115;0.067675889;0.0049169962
0.070407115;0.067675889;0.012822134
0.072383396;0.067675889;0.0049169962
0.070407115;0.069652177;0.0049169962
0.070407115;0.067675889;0.0049169962
0.070407115;0.067675889;0.0049169962
0.070407115;0.067675889;0.012822134
0.070407115;0.067675889;0.0049169962
0.072383396;0.069652177;0.0049169962
0.072383396;0.067675889;0.012822134
0.070407115;0.067675889;0.012822134
0.070407115;0.067675889;0.012822134
0.070407115;0.067675889;0.012822134
0.070407115;0.067675889;0.012822134
0.072383396;0.069652177;0.0049169962
0.072383396;0.069652177;0.0049169962
0.070407115;0.067675889;0.0049169962
0.070407115;0.069652177;0.0049169962
0.070407115;0.067675889;0.0049169962
0.070407115;0.067675889;0.0049169962
0.070407115;0.067675889;0.012822134
0.072383396;0.067675889;0.012822134
0.072383396;0.069652177;0.012822134
0.072383396;0.067675889;0.012822134
0.072383396;0.069652177;0.012822134
0.070407115;0.067675889;0.0049169962
0.070407115;0.067675889;0.012822134
0.070407115;0.067675889;0.012822134
0.072383396;0.067675889;0.012822134
0.070407115;0.067675889;0.0049169962
0.070407115;0.067675889;0.0049169962
0.070407115;0.069652177;0.0049169962
0.072383396;0.069652177;0.012822134
0.070407115;0.069652177;0.0049169962
0.070407115;0.067675889;0.0049169962
0.070407115;0.069652177;0.012822134
0.072383396;0.067675889;0.012822134
0.072383396;0.069652177;0.0049169962
0.070407115;0.069652177;0.0049169962
0.072383396;0.067675889;0.012822134
0.070407115;0.069652177;0.0049169962
0.072383396;0.067675889;0.0049169962
0.072383396;0.069652177;0.0049169962
0.072383396;0.069652177;0.0049169962
0.070407115;0.069652177;0.0049169962
0.072383396;0.069652177;0.012822134
0.072383396;0.067675889;0.0049169962
0.072383396;0.067675889;0.0049169962
0.070407115;0.067675889;0.0049169962
0.072383396;0.069652177;0.0049169962
0.072383396;0.069652177;0.012822134
0.070407115;0.069652177;0.012822134
0.072383396;0.069652177;0.0049169962
0.072383396;0.069652177;0.0049169962
0.072383396;0.069652177;0.0049169962
0.072383396;0.069652177;0.0049169962
0.072383396;0.069652177;0.012822134
0.072383396;0.069652177;0.0049169962
0.070407115;0.069652177;0.012822134
0.070407115;0.069652177;0.0049169962
0.072383396;0.069652177;0.012822134
0.072383396;0.069652177;0.012822134
0.072383396;0.067675889;0.012822134
0.072383396;0.069652177;0.0049169962
0.072383396;0.069652177;0.0049169962
0.072383396;0.069652177;0.0049169962
0.072383396;0.069652177;0.012822134
0.072383396;0.069652177;0.0049169962
0.072383396;0.069652177;0.0049169962
0.070407115;0.069652177;0.0049169962
0.072383396;0.069652177;0.0049169962
0.070407115;0.069652177;0.012822134
0.072383396;0.067675889;0.012822134
0.072383396;0.069652177;0.0049169962
0.070407115;0.067675889;0.012822134
0.072383396;0.067675889;0.012822134
0.072383396;0.067675889;0.0049169962
0.070407115;0.067675889;0.012822134
0.070407115;0.067675889;0.012822134
0.070407115;0.067675889;0.0049169962
0.072383396;0.069652177;0.012822134
0.070407115;0.067675889;0.0049169962
0.070407115;0.069652177;0.0049169962
0.072383396;0.067675889;0.0049169962
0.070407115;0.069652177;0.0049169962
0.072383396;0.069652177;0.0049169962
0.072383396;0.069652177;0.0049169962
0.072383396;0.069652177;0.012822134
0.072383396;0.069652177;0.0049169962
0.072383396;0.069652177;0.0049169962
0.072383396;0.069652177;0.012822134
0.070407115;0.067675889;0.0049169962
0.072383396;0.067675889;0.012822134
0.070407115;0.069652177;0.012822134
0.072383396;0.069652177;0.0049169962
0.074359685;0.069652177;0.0049169962
0.072383396;0.069652177;0.012822134
0.070407115;0.069652177;0.012822134
0.072383396;0.069652177;0.0049169962
0.070407115;0.069652177;0.012822134
0.072383396;0.069652177;0.0049169962
0.072383396;0.069652177;0.0049169962
0.072383396;0.069652177;0.0049169962
0.072383396;0.069652177;0.012822134
0.072383396;0.069652177;0.012822134
0.070407115;0.067675889;0.0049169962
0.072383396;0.067675889;0.0049169962
0.070407115;0.067675889;0.0049169962
0.072383396;0.069652177;0.0049169962
0.070407115;0.071628459;0.012822134
0.072383396;0.069652177;0.012822134
0.072383396;0.069652177;0.0049169962
0.072383396;0.067675889;0.0049169962
0.072383396;0.069652177;0.012822134
0.072383396;0.069652177;0.0049169962
0.072383396;0.069652177;0.0049169962
0.072383396;0.069652177;0.012822134
0.072383396;0.069652177;0.012822134
0.070407115;0.067675889;0.0049169962
0.072383396;0.069652177;0.012822134
0.072383396;0.069652177;0.012822134
0.070407115;0.069652177;0.012822134
0.072383396;0.069652177;0.012822134
0.070407115;0.069652177;0.012822134
0.072383396;0.069652177;0.012822134
0.072383396;0.069652177;0.012822134
0.070407115;0.069652177;0.012822134
0.072383396;0.067675889;0.0049169962
0.072383396;0.069652177;0.0049169962
0.072383396;0.069652177;0.012822134
0.072383396;0.067675889;0.012822134
0.072383396;0.067675889;0.012822134
0.070407115;0.067675889;0.0049169962
0.072383396;0.069652177;0.0049169962
0.070407115;0.069652177;0.0049169962
0.070407115;0.069652177;0.0049169962
0.072383396;0.067675889;0.0049169962
0.072383396;0.067675889;0.012822134
0.070407115;0.069652177;0.0049169962
0.070407115;0.069652177;0.0049169962
0.072383396;0.067675889;0.0049169962
0.072383396;0.067675889;0.0049169962
0.072383396;0.067675889;0.0049169962
0.070407115;0.069652177;0.012822134
0.072383396;0.069652177;0.0049169962
0.070407115;0.067675889;0.0049169962
0.070407115;0.069652177;0.0049169962
0.072383396;0.069652177;0.012822134
0.070407115;0.069652177;0.012822134
0.070407115;0.067675889;0.0049169962
0.072383396;0.067675889;0.0049169962
0.070407115;0.069652177;0.0049169962
0.070407115;0.067675889;0.012822134
0.070407115;0.069652177;0.012822134
0.072383396;0.069652177;0.012822134
0.072383396;0.067675889;0.012822134
0.072383396;0.067675889;0.012822134
0.070407115;0.067675889;0.012822134
0.070407115;0.067675889;0.012822134
0.072383396;0.069652177;0.0049169962
0.070407115;0.069652177;0.012822134
0.070407115;0.067675889;0.012822134
0.070407115;0.067675889;0.012822134
0.072383396;0.067675889;0.0049169962
0.070407115;0.069652177;0.0049169962
0.070407115;0.067675889;0.012822134
0.070407115;0.067675889;0.012822134
0.072383396;0.065699607;0.0049169962
0.070407115;0.067675889;0.0049169962
0.070407115;0.067675889;0.012822134
0.070407115;0.067675889;0.012822134
0.070407115;0.067675889;0.0049169962
0.070407115;0.067675889;0.012822134
0.070407115;0.067675889;0.0049169962
0.070407115;0.067675889;0.012822134
0.072383396;0.067675889;0.0049169962
0.070407115;0.067675889;0.0049169962
0.070407115;0.067675889;0.012822134
0.070407115;0.067675889;0.0049169962
0.070407115;0.067675889;0.0049169962
0.070407115;0.067675889;0.0049169962
0.070407115;0.067675889;0.012822134
0.072383396;0.067675889;0.0049169962
0.070407115;0.067675889;0.0049169962
0.070407115;0.067675889;0.012822134
0.070407115;0.067675889;0.0049169962
0.070407115;0.067675889;0.012822134
0.070407115;0.067675889;0.0049169962
0.070407115;0.067675889;0.012822134
0.070407115;0.067675889;0.0049169962
0.070407115;0.067675889;0.0049169962
0.070407115;0.067675889;0.0049169962
0.070407115;0.067675889;0.012822134
0.070407115;0.067675889;0.0049169962
0.070407115;0.067675889;0.0049169962
0.070407115;0.067675889;0.0049169962
0.070407115;0.067675889;0.0049169962
0.070407115;0.069652177;0.0049169962
0.070407115;0.067675889;0.012822134
0.070407115;0.067675889;0.0049169962
0.070407115;0.067675889;0.012822134
0.070407115;0.067675889;0.012822134
0.068430834;0.067675889;0.0049169962
0.068430834;0.067675889;0.012822134
0.070407115;0.067675889;0.0049169962
0.070407115;0.067675889;0.0049169962
0.070407115;0.065699607;0.0049169962
0.070407115;0.067675889;0.0049169962
0.068430834;0.067675889;0.0049169962
0.068430834;0.067675889;0.0049169962
0.070407115;0.065699607;0.0049169962
0.070407115;0.067675889;0.012822134
0.068430834;0.067675889;0.0049169962
0.068430834;0.067675889;0.012822134
0.068430834;0.067675889;0.012822134
0.068430834;0.067675889;0.012822134
0.070407115;0.067675889;0.012822134
0.068430834;0.067675889;0.012822134
0.070407115;0.067675889;0.0049169962
0.068430834;0.067675889;0.012822134
0.068430834;0.067675889;0.012822134
0.068430834;0.067675889;0.012822134
0.070407115;0.067675889;0.0049169962
0.070407115;0.067675889;0.012822134
0.068430834;0.067675889;0.0049169962
0.068430834;0.065699607;0.0049169962
0.068430834;0.067675889;0.012822134
0.070407115;0.067675889;0.012822134
0.068430834;0.067675889;0.0049169962
0.068430834;0.067675889;0.012822134
0.068430834;0.065699607;0.012822134
0.068430834;0.067675889;0.0049169962
0.068430834;0.067675889;0.0049169962
0.068430834;0.067675889;0.012822134
0.068430834;0.065699607;0.0049169962
0.068430834;0.067675889;0.012822134
0.068430834;0.065699607;0.012822134
0.068430834;0.065699607;0.0049169962
0.068430834;0.067675889;0.0049169962
0.068430834;0.067675889;0.012822134
0.068430834;0.067675889;0.0049169962
0.068430834;0.065699607;0.012822134
0.068430834;0.065699607;0.0049169962
0.068430834;0.065699607;0.0049169962
0.066454545;0.067675889;0.0049169962
0.068430834;0.065699607;0.012822134
0.068430834;0.067675889;0.012822134
0.066454545;0.065699607;0.0049169962
0.068430834;0.065699607;0.012822134
0.066454545;0.065699607;0.012822134
0.068430834;0.065699607;0.0049169962
0.068430834;0.065699607;0.0049169962
0.068430834;0.065699607;0.012822134
0.066454545;0.065699607;0.012822134
0.066454545;0.065699607;0.012822134
0.066454545;0.065699607;0.0049169962
0.066454545;0.065699607;0.012822134
0.066454545;0.063723318;0.012822134
0.066454545;0.065699607;0.0049169962
0.066454545;0.063723318;0.0049169962
0.066454545;0.063723318;0.012822134
0.066454545;0.063723318;0.0049169962
0.066454545;0.063723318;0.0049169962
0.068430834;0.063723318;0.012822134
0.068430834;0.063723318;0.0049169962
0.068430834;0.065699607;0.012822134
0.066454545;0.065699607;0.012822134
0.066454545;0.063723318;0.012822134
0.066454545;0.065699607;0.0049169962
0.066454545;0.065699607;0.012822134
0.066454545;0.063723318;0.012822134
0.066454545;0.063723318;0.012822134
0.068430834;0.065699607;0.0049169962
0.066454545;0.065699607;0.0049169962
0.064478263;0.063723318;0.0049169962
0.068430834;0.063723318;0.0049169962
0.066454545;0.063723318;0.0049169962
0.066454545;0.063723318;0.0049169962
0.066454545;0.065699607;0.0049169962
0.068430834;0.063723318;0.012822134
0.066454545;0.063723318;0.0049169962
0.064478263;0.065699607;0.012822134
0.066454545;0.063723318;0.0049169962
0.066454545;0.063723318;0.012822134
0.066454545;0.063723318;0.0049169962
0.066454545;0.065699607;0.012822134
0.066454545;0.063723318;0.012822134
0.066454545;0.063723318;0.0049169962
0.064478263;0.063723318;0.0049169962
0.064478263;0.061747037;0.0049169962
0.064478263;0.061747037;0.012822134
0.064478263;0.061747037;0.0049169962
0.064478263;0.063723318;0.012822134
0.066454545;0.063723318;0.012822134
0.066454545;0.061747037;0.012822134
0.064478263;0.063723318;0.0049169962
0.064478263;0.063723318;0.0049169962
0.064478263;0.063723318;0.0049169962
0.064478263;0.061747037;0.0049169962
0.064478263;0.063723318;0.0049169962
0.064478263;0.063723318;0.0049169962
0.064478263;0.061747037;0.0049169962
0.064478263;0.061747037;0.0049169962
0.066454545;0.061747037;0.012822134
0.064478263;0.063723318;0.0049169962
0.064478263;0.061747037;0.0049169962
0.064478263;0.061747037;0.0049169962
0.064478263;0.061747037;0.0049169962
0.064478263;0.061747037;0.0049169962
0.062501974;0.061747037;0.0049169962
0.062501974;0.061747037;0.012822134
0.064478263;0.061747037;0.0049169962
0.064478263;0.061747037;0.012822134
0.064478263;0.061747037;0.0049169962
0.066454545;0.061747037;0.012822134
0.062501974;0.061747037;0.0049169962
0.064478263;0.063723318;0.012822134
0.062501974;0.059770752;0.012822134
0.064478263;0.061747037;0.012822134
0.062501974;0.061747037;0.0049169962
0.064478263;0.061747037;0.012822134
0.064478263;0.061747037;0.0049169962
0.064478263;0.061747037;0.0049169962
0.064478263;0.061747037;0.012822134
0.064478263;0.061747037;0.0049169962
0.064478263;0.061747037;0.012822134
0.064478263;0.061747037;0.0049169962
0.064478263;0.061747037;0.0049169962
0.064478263;0.059770752;0.0049169962
0.064478263;0.061747037;0.0049169962
0.064478263;0.061747037;0.0049169962
0.062501974;0.061747037;0.012822134
0.062501974;0.059770752;0.012822134
0.062501974;0.059770752;0.012822134
0.062501974;0.059770752;0.0049169962
0.062501974;0.059770752;0.012822134
0.062501974;0.059770752;0.0049169962
0.062501974;0.061747037;0.0049169962
0.060525693;0.059770752;0.0049169962
0.062501974;0.059770752;0.012822134
0.062501974;0.059770752;0.012822134
0.062501974;0.059770752;0.0049169962
0.062501974;0.059770752;0.0049169962
0.062501974;0.059770752;0.0049169962
0.062501974;0.061747037;0.012822134
0.062501974;0.059770752;0.0049169962
0.060525693;0.059770752;0.0049169962
0.062501974;0.059770752;0.0049169962
0.062501974;0.059770752;0.0049169962
0.062501974;0.059770752;0.0049169962
0.060525693;0.057794467;0.0049169962
0.060525693;0.059770752;0.0049169962
0.060525693;0.059770752;0.0049169962
0.060525693;0.059770752;0.0049169962
0.062501974;0.059770752;0.0049169962
0.060525693;0.059770752;0.012822134
0.060525693;0.059770752;0.0049169962
0.062501974;0.057794467;0.0049169962
0.060525693;0.057794467;0.012822134
0.060525693;0.059770752;0.012822134
0.060525693;0.057794467;0.0049169962
0.062501974;0.057794467;0.0049169962
0.060525693;0.059770752;0.012822134
0.060525693;0.057794467;0.012822134
0.060525693;0.057794467;0.0049169962
0.058549408;0.057794467;0.012822134
0.062501974;0.057794467;0.0049169962
0.060525693;0.059770752;0.0049169962
0.058549408;0.057794467;0.0049169962
0.060525693;0.057794467;0.0049169962
0.058549408;0.057794467;0.012822134
0.058549408;0.057794467;0.012822134
0.058549408;0.057794467;0.0049169962
0.058549408;0.057794467;0.0049169962
0.058549408;0.057794467;0.012822134
0.060525693;0.057794467;0.0049169962
0.058549408;0.057794467;0.012822134
0.058549408;0.057794467;0.0049169962
0.058549408;0.057794467;0.0049169962
0.060525693;0.057794467;0.0049169962
0.058549408;0.057794467;0.0049169962
0.058549408;0.057794467;0.0049169962
0.058549408;0.057794467;0.012822134
0.060525693;0.055818181;0.0049169962
0.058549408;0.057794467;0.012822134
0.058549408;0.055818181;0.0049169962
0.058549408;0.055818181;0.012822134
0.058549408;0.057794467;0.012822134
0.058549408;0.057794467;0.012822134
0.058549408;0.055818181;0.0049169962
0.058549408;0.055818181;0.012822134
0.058549408;0.055818181;0.012822134
0.056573123;0.057794467;0.012822134
0.058549408;0.055818181;0.0049169962
0.058549408;0.055818181;0.012822134
0.058549408;0.055818181;0.012822134
0.056573123;0.055818181;0.0049169962
0.058549408;0.055818181;0.0049169962
0.058549408;0.055818181;0.0049169962
0.056573123;0.055818181;0.012822134
0.056573123;0.055818181;0.0049169962
0.056573123;0.055818181;0.0049169962
0.058549408;0.055818181;0.0049169962
0.056573123;0.055818181;0.0049169962
0.058549408;0.055818181;0.0049169962
0.058549408;0.053841896;0.0049169962
0.056573123;0.055818181;0.012822134
0.056573123;0.055818181;0.0049169962
0.058549408;0.055818181;0.0049169962
0.056573123;0.055818181;0.0049169962
0.054596838;0.053841896;0.012822134
0.056573123;0.053841896;0.0049169962
0.056573123;0.051865611;0.0049169962
0.056573123;0.053841896;0.0049169962
0.054596838;0.053841896;0.0049169962
0.056573123;0.053841896;0.0049169962
0.056573123;0.051865611;0.012822134
0.056573123;0.053841896;0.0049169962
0.054596838;0.053841896;0.0049169962
0.054596838;0.053841896;0.0049169962
0.054596838;0.053841896;0.012822134
0.056573123;0.055818181;0.0049169962
0.054596838;0.053841896;0.0049169962
0.054596838;0.053841896;0.0049169962
0.056573123;0.053841896;0.0049169962
0.056573123;0.053841896;0.012822134
0.056573123;0.053841896;0.0049169962
0.054596838;0.051865611;0.0049169962
0.054596838;0.051865611;0.0049169962
0.054596838;0.053841896;0.012822134
0.054596838;0.053841896;0.012822134
0.054596838;0.053841896;0.0049169962
0.054596838;0.051865611;0.0049169962
0.054596838;0.053841896;0.012822134
0.052620552;0.053841896;0.0049169962
0.054596838;0.053841896;0.0049169962
0.054596838;0.051865611;0.0049169962
0.054596838;0.053841896;0.012822134
0.052620552;0.051865611;0.012822134
0.054596838;0.051865611;0.0049169962
0.054596838;0.051865611;0.0049169962
0.054596838;0.051865611;0.0049169962
0.054596838;0.04988933;0.0049169962
0.054596838;0.051865611;0.0049169962
0.054596838;0.04988933;0.0049169962
0.052620552;0.04988933;0.012822134
0.052620552;0.051865611;0.012822134
0.052620552;0.04988933;0.0049169962
0.054596838;0.051865611;0.012822134
0.052620552;0.051865611;0.012822134
0.052620552;0.04988933;0.012822134
0.052620552;0.051865611;0.012822134
0.050644267;0.04988933;0.012822134
0.052620552;0.051865611;0.012822134
0.052620552;0.04988933;0.012822134
0.052620552;0.04988933;0.012822134
0.052620552;0.04988933;0.0049169962
0.052620552;0.04988933;0.012822134
0.052620552;0.04988933;0.012822134
0.050644267;0.04988933;0.0049169962
0.050644267;0.04988933;0.012822134
0.050644267;0.04988933;0.0049169962
0.052620552;0.04988933;0.0049169962
0.050644267;0.04988933;0.0049169962
0.050644267;0.04988933;0.0049169962
0.050644267;0.04988933;0.012822134
0.050644267;0.04988933;0.012822134
0.052620552;0.04988933;0.0049169962
0.050644267;0.04988933;0.012822134
0.050644267;0.047913045;0.0049169962
0.050644267;0.04988933;0.012822134
0.052620552;0.047913045;0.0049169962
0.050644267;0.04988933;0.012822134
0.048667986;0.047913045;0.0049169962
0.050644267;0.04988933;0.0049169962
0.050644267;0.047913045;0.012822134
0.048667986;0.047913045;0.0049169962
0.048667986;0.047913045;0.0049169962
0.048667986;0.047913045;0.0049169962
0.048667986;0.047913045;0.0049169962
0.048667986;0.047913045;0.0049169962
0.050644267;0.047913045;0.0049169962
0.052620552;0.047913045;0.012822134
0.048667986;0.047913045;0.012822134
0.048667986;0.047913045;0.0049169962
0.048667986;0.047913045;0.0049169962
0.050644267;0.047913045;0.0049169962
0.048667986;0.047913045;0.012822134
0.048667986;0.047913045;0.012822134
0.048667986;0.04593676;0.0049169962
0.048667986;0.047913045;0.0049169962
0.050644267;0.047913045;0.012822134
0.048667986;0.04593676;0.012822134
0.048667986;0.04593676;0.0049169962
0.048667986;0.047913045;0.0049169962
0.048667986;0.04593676;0.0049169962
0.048667986;0.047913045;0.012822134
0.048667986;0.04593676;0.012822134
0.048667986;0.04593676;0.012822134
0.046691701;0.047913045;0.0049169962
0.046691701;0.04593676;0.012822134
0.046691701;0.04593676;0.0049169962
0.046691701;0.04593676;0.0049169962
0.046691701;0.04593676;0.0049169962
0.046691701;0.04593676;0.0049169962
0.046691701;0.04593676;0.0049169962
0.048667986;0.04593676;0.012822134
0.046691701;0.043960474;0.0049169962
0.044715416;0.047913045;0.0049169962
0.046691701;0.04593676;0.012822134
0.046691701;0.04593676;0.0049169962
0.046691701;0.04593676;0.012822134
0.046691701;0.043960474;0.0049169962
0.046691701;0.043960474;0.0049169962
0.046691701;0.043960474;0.012822134
0.046691701;0.043960474;0.0049169962
0.044715416;0.04593676;0.0049169962
0.044715416;0.04593676;0.0049169962
0.046691701;0.04593676;0.012822134
0.046691701;0.043960474;0.0049169962
0.046691701;0.04593676;0.012822134
0.044715416;0.043960474;0.0049169962
0.044715416;0.043960474;0.0049169962
0.044715416;0.04593676;0.0049169962
0.044715416;0.043960474;0.0049169962
0.044715416;0.041984189;0.012822134
0.044715416;0.043960474;0.012822134
0.044715416;0.043960474;0.012822134
0.044715416;0.043960474;0.012822134
0.044715416;0.041984189;0.0049169962
0.044715416;0.041984189;0.012822134
0.042739131;0.043960474;0.0049169962
0.044715416;0.043960474;0.0049169962
0.042739131;0.043960474;0.012822134
0.044715416;0.041984189;0.012822134
0.042739131;0.041984189;0.0049169962
0.042739131;0.041984189;0.0049169962
0.042739131;0.041984189;0.012822134
0.042739131;0.041984189;0.012822134
0.042739131;0.041984189;0.0049169962
0.042739131;0.041984189;0.0049169962
0.042739131;0.041984189;0.0049169962
0.042739131;0.040007904;0.0049169962
0.042739131;0.041984189;0.0049169962
0.042739131;0.041984189;0.0049169962
0.042739131;0.040007904;0.012822134
0.042739131;0.040007904;0.0049169962
0.042739131;0.041984189;0.0049169962
0.042739131;0.041984189;0.0049169962
0.042739131;0.041984189;0.0049169962
0.042739131;0.041984189;0.012822134
0.042739131;0.041984189;0.012822134
0.040762845;0.040007904;0.0049169962
0.042739131;0.041984189;0.012822134
0.040762845;0.040007904;0.0049169962
0.042739131;0.040007904;0.0049169962
0.040762845;0.041984189;0.012822134
0.040762845;0.040007904;0.012822134
0.040762845;0.040007904;0.012822134
0.040762845;0.040007904;0.0049169962
0.040762845;0.040007904;0.0049169962
0.040762845;0.040007904;0.0049169962
0.040762845;0.040007904;0.0049169962
0.03878656;0.040007904;0.0049169962
0.040762845;0.038031619;0.012822134
0.040762845;0.040007904;0.012822134
0.040762845;0.038031619;0.0049169962
0.040762845;0.040007904;0.012822134
0.040762845;0.040007904;0.0049169962
0.040762845;0.040007904;0.012822134
0.040762845;0.040007904;0.012822134
0.040762845;0.040007904;0.0049169962
0.040762845;0.038031619;0.012822134
0.03878656;0.038031619;0.0049169962
0.03878656;0.040007904;0.012822134
0.03878656;0.038031619;0.0049169962
0.03878656;0.038031619;0.0049169962
0.03878656;0.038031619;0.012822134
0.03878656;0.038031619;0.0049169962
0.03878656;0.038031619;0.012822134
0.036810275;0.038031619;0.0049169962
0.036810275;0.038031619;0.012822134
0.03878656;0.038031619;0.012822134
0.03878656;0.038031619;0.012822134
0.03878656;0.036055338;0.012822134
0.036810275;0.038031619;0.012822134
0.03878656;0.036055338;0.0049169962
0.036810275;0.036055338;0.0049169962
0.03878656;0.036055338;0.0049169962
0.036810275;0.036055338;0.012822134
0.03878656;0.038031619;0.0049169962
0.036810275;0.036055338;0.012822134
0.036810275;0.036055338;0.0049169962
0.034833994;0.038031619;0.012822134
0.036810275;0.036055338;0.012822134
0.036810275;0.036055338;0.0049169962
0.036810275;0.036055338;0.0049169962
0.036810275;0.036055338;0.0049169962
0.036810275;0.034079053;0.0049169962
0.036810275;0.034079053;0.012822134
0.036810275;0.036055338;0.012822134
0.036810275;0.036055338;0.012822134
0.034833994;0.036055338;0.012822134
0.036810275;0.036055338;0.012822134
0.034833994;0.036055338;0.0049169962
0.034833994;0.036055338;0.0049169962
0.034833994;0.034079053;0.012822134
0.036810275;0.034079053;0.0049169962
0.034833994;0.034079053;0.012822134
0.034833994;0.034079053;0.0049169962
0.034833994;0.034079053;0.012822134
0.034833994;0.034079053;0.0049169962
0.034833994;0.034079053;0.012822134
0.032857709;0.034079053;0.0049169962
0.032857709;0.034079053;0.012822134
0.034833994;0.034079053;0.0049169962
0.034833994;0.034079053;0.012822134
0.034833994;0.034079053;0.0049169962
0.034833994;0.034079053;0.0049169962
0.034833994;0.032102767;0.012822134
0.032857709;0.034079053;0.0049169962
0.032857709;0.034079053;0.012822134
0.032857709;0.032102767;0.0049169962
0.032857709;0.032102767;0.0049169962
0.034833994;0.032102767;0.012822134
0.032857709;0.032102767;0.012822134
0.032857709;0.032102767;0.0049169962
0.030881424;0.032102767;0.0049169962
0.032857709;0.032102767;0.012822134
0.030881424;0.032102767;0.0049169962
0.032857709;0.032102767;0.0049169962
0.032857709;0.032102767;0.0049169962
0.030881424;0.032102767;0.012822134
0.032857709;0.032102767;0.0049169962
0.030881424;0.032102767;0.0049169962
0.030881424;0.032102767;0.012822134
0.030881424;0.032102767;0.012822134
0.032857709;0.032102767;0.0049169962
0.032857709;0.030126482;0.0049169962
0.030881424;0.030126482;0.0049169962
0.032857709;0.032102767;0.012822134
0.030881424;0.030126482;0.0049169962
0.032857709;0.030126482;0.012822134
0.030881424;0.032102767;0.0049169962
0.028905138;0.030126482;0.0049169962
0.030881424;0.030126482;0.012822134
0.030881424;0.030126482;0.0049169962
0.030881424;0.030126482;0.0049169962
0.030881424;0.030126482;0.0049169962
0.030881424;0.030126482;0.0049169962
0.030881424;0.030126482;0.012822134
0.030881424;0.030126482;0.012822134
0.030881424;0.028150197;0.012822134
0.028905138;0.028150197;0.0049169962
0.030881424;0.030126482;0.0049169962
0.028905138;0.030126482;0.012822134
0.028905138;0.028150197;0.0049169962
0.028905138;0.030126482;0.012822134
0.028905138;0.030126482;0.0049169962
0.028905138;0.028150197;0.0049169962
0.028905138;0.028150197;0.012822134
0.028905138;0.028150197;0.012822134
0.026928853;0.030126482;0.0049169962
0.028905138;0.028150197;0.0049169962
0.030881424;0.026173914;0.0049169962
0.028905138;0.028150197;0.012822134
0.028905138;0.028150197;0.0049169962
0.026928853;0.028150197;0.012822134
0.026928853;0.028150197;0.0049169962
0.028905138;0.026173914;0.012822134
0.026928853;0.026173914;0.0049169962
0.026928853;0.026173914;0.0049169962
0.026928853;0.026173914;0.0049169962
0.026928853;0.028150197;0.012822134
0.026928853;0.026173914;0.0049169962
0.026928853;0.028150197;0.0049169962
0.026928853;0.026173914;0.0049169962
0.02495257;0.028150197;0.0049169962
0.02495257;0.024197629;0.012822134
0.02495257;0.026173914;0.012822134
0.02495257;0.026173914;0.012822134
0.026928853;0.026173914;0.012822134
0.02495257;0.026173914;0.0049169962
0.02495257;0.026173914;0.012822134
0.02495257;0.026173914;0.012822134
0.02495257;0.024197629;0.0049169962
0.02495257;0.024197629;0.012822134
0.02495257;0.026173914;0.012822134
0.02495257;0.024197629;0.012822134
0.02495257;0.024197629;0.012822134
0.02495257;0.024197629;0.0049169962
0.022976285;0.026173914;0.012822134
0.02495257;0.026173914;0.0049169962
0.02495257;0.024197629;0.0049169962
0.02495257;0.026173914;0.012822134
0.02495257;0.024197629;0.0049169962
0.02495257;0.024197629;0.0049169962
0.02495257;0.024197629;0.012822134
0.02495257;0.024197629;0.0049169962
0.022976285;0.022221344;0.012822134
0.022976285;0.024197629;0.012822134
0.022976285;0.024197629;0.012822134
0.022976285;0.022221344;0.0049169962
0.022976285;0.024197629;0.012822134
0.022976285;0.022221344;0.012822134
0.022976285;0.022221344;0.012822134
0.022976285;0.024197629;0.0049169962
0.022976285;0.022221344;0.0049169962
0.022976285;0.022221344;0.012822134
0.022976285;0.024197629;0.012822134
0.022976285;0.022221344;0.0049169962
0.022976285;0.024197629;0.0049169962
0.022976285;0.022221344;0.012822134
0.021;0.022221344;0.0049169962
0.021;0.022221344;0.0049169962
0.021;0.022221344;0.012822134
0.021;0.022221344;0.0049169962
0.022976285;0.022221344;0.0049169962
0.022976285;0.022221344;0.0049169962
0.022976285;0.022221344;0.012822134
0.021;0.022221344;0.012822134
0.021;0.020245058;0.0049169962
0.021;0.020245058;0.0049169962
0.019023715;0.020245058;0.0049169962
0.022976285;0.020245058;0.012822134
0.021;0.022221344;0.012822134
0.021;0.022221344;0.0049169962
0.021;0.020245058;0.0049169962
0.021;0.020245058;0.012822134
0.021;0.020245058;0.0049169962
0.019023715;0.020245058;0.012822134
0.021;0.020245058;0.0049169962
0.019023715;0.020245058;0.012822134
0.019023715;0.020245058;0.012822134
0.019023715;0.020245058;0.0049169962
0.021;0.018268775;0.012822134
0.019023715;0.018268775;0.012822134
0.021;0.018268775;0.012822134
0.019023715;0.018268775;0.0049169962
0.019023715;0.018268775;0.012822134
0.019023715;0.018268775;0.0049169962
0.019023715;0.018268775;0.0049169962
0.019023715;0.020245058;0.0049169962
0.019023715;0.018268775;0.0049169962
0.019023715;0.018268775;0.012822134
0.019023715;0.018268775;0.012822134
0.017047431;0.018268775;0.012822134
0.019023715;0.018268775;0.012822134
0.017047431;0.01629249;0.012822134
0.017047431;0.018268775;0.0049169962
0.017047431;0.018268775;0.012822134
0.017047431;0.018268775;0.0049169962
0.017047431;0.018268775;0.012822134
0.017047431;0.01629249;0.0049169962
0.015071146;0.018268775;0.0049169962
0.017047431;0.018268775;0.012822134
0.017047431;0.01629249;0.0049169962
0.015071146;0.01629249;0.012822134
0.015071146;0.01629249;0.012822134
0.017047431;0.01629249;0.0049169962
0.017047431;0.01629249;0.0049169962
0.017047431;0.01629249;0.0049169962
0.015071146;0.014316206;0.012822134
0.015071146;0.01629249;0.0049169962
0.017047431;0.01629249;0.0049169962
0.015071146;0.01629249;0.012822134
0.017047431;0.01629249;0.012822134
0.015071146;0.01629249;0.012822134
0.017047431;0.01629249;0.0049169962
0.015071146;0.014316206;0.012822134
0.017047431;0.014316206;0.0049169962
0.015071146;0.014316206;0.0049169962
0.015071146;0.014316206;0.012822134
0.015071146;0.01629249;0.0049169962
0.017047431;0.014316206;0.012822134
0.015071146;0.014316206;0.0049169962
0.015071146;0.014316206;0.012822134
0.015071146;0.014316206;0.0049169962
0.015071146;0.014316206;0.012822134
0.015071146;0.014316206;0.012822134
0.015071146;0.014316206;0.012822134
0.015071146;0.014316206;0.0049169962
0.013094862;0.014316206;0.012822134
0.013094862;0.014316206;0.0049169962
0.013094862;0.014316206;0.0049169962
0.013094862;0.014316206;0.012822134
0.015071146;0.012339921;0.0049169962
0.013094862;0.012339921;0.0049169962
0.013094862;0.014316206;0.0049169962
0.013094862;0.014316206;0.0049169962
0.013094862;0.012339921;0.0049169962
0.013094862;0.012339921;0.012822134
0.011118577;0.012339921;0.012822134
0.013094862;0.012339921;0.012822134
0.011118577;0.012339921;0.0049169962
0.011118577;0.012339921;0.012822134
0.011118577;0.012339921;0.012822134
0.013094862;0.010363637;0.0049169962
0.011118577;0.012339921;0.012822134
0.011118577;0.010363637;0.0049169962
0.011118577;0.012339921;0.0049169962
0.0091422927;0.010363637;0.0049169962
0.011118577;0.010363637;0.012822134
0.011118577;0.012339921;0.0049169962
0.011118577;0.010363637;0.0049169962
0.011118577;0.012339921;0.012822134
0.011118577;0.010363637;0.0049169962
0.011118577;0.010363637;0.0049169962
0.011118577;0.010363637;0.012822134
0.011118577;0.010363637;0.012822134
0.011118577;0.012339921;0.0049169962
0.0091422927;0.010363637;0.012822134
0.0091422927;0.010363637;0.012822134
0.0091422927;0.010363637;0.0049169962
0.011118577;0.010363637;0.0049169962
0.011118577;0.010363637;0.012822134
0.0091422927;0.010363637;0.0049169962
0.0091422927;0.010363637;0.012822134
0.0091422927;0.010363637;0.0049169962
0.0091422927;0.010363637;0.0049169962
0.007166008;0.010363637;0.0049169962
0.0091422927;0.0083873514;0.012822134
0.007166008;0.0083873514;0.0049169962
0.007166008;0.0083873514;0.012822134
0.007166008;0.010363637;0.012822134
0.007166008;0.0083873514;0.0049169962
0.007166008;0.0083873514;0.012822134
0.007166008;0.0083873514;0.012822134
0.0091422927;0.0083873514;0.0049169962
0.007166008;0.0083873514;0.0049169962
0.007166008;0.0083873514;0.012822134
0.007166008;0.0083873514;0.012822134
0.007166008;0.0083873514;0.0049169962
0.0091422927;0.0083873514;0.012822134
0.007166008;0.0083873514;0.0049169962
0.007166008;0.0083873514;0.012822134
0.007166008;0.0083873514;0.0049169962
0.0051897233;0.0083873514;0.0049169962
0.007166008;0.0064110672;0.0049169962
0.007166008;0.0083873514;0.012822134
0.007166008;0.0083873514;0.012822134
0.0051897233;0.0064110672;0.012822134
0.007166008;0.0064110672;0.012822134
0.0051897233;0.0064110672;0.0049169962
0.0051897233;0.0064110672;0.0049169962
0.007166008;0.0044347825;0.0049169962
0.0051897233;0.0064110672;0.0049169962
0.0051897233;0.0064110672;0.0049169962
0.0051897233;0.0064110672;0.012822134
0.007166008;0.0064110672;0.012822134
0.0051897233;0.0083873514;0.0049169962
0.0051897233;0.0064110672;0.0049169962
0.007166008;0.0064110672;0.0049169962
0.0051897233;0.0044347825;0.012822134
0.0051897233;0.0024584981;0.0049169962
0.007166008;0.0064110672;0.012822134
0.0051897233;0.0044347825;0.012822134
0.0051897233;0.0064110672;0.0049169962
0.0051897233;0.0044347825;0.012822134
0.0051897233;0.0044347825;0.0049169962
0.0032134387;0.0044347825;0.012822134
0.0051897233;0.0044347825;0.0049169962
0.0051897233;0.0044347825;0.0049169962
0.0051897233;0.0024584981;0.012822134
0.0051897233;0.0044347825;0.012822134
0.0032134387;0.0044347825;0.0049169962
0.0051897233;0.0044347825;0.0049169962
0.0051897233;0.0024584981;0.0049169962
0.0032134387;0.0044347825;0.0049169962
0.0032134387;0.0024584981;0.012822134
0.0012371541;0.0044347825;0.012822134
0.0012371541;0.0024584981;0.012822134
0.0032134387;0.0044347825;0.0049169962
0.0032134387;0.0044347825;0.0049169962
0.0012371541;0.0024584981;0.0049169962
0.0032134387;0.0024584981;0.0049169962
0.0012371541;0.0024584981;0.0049169962
0.0012371541;0.0024584981;0.0049169962
0.0012371541;0.0024584981;0.0049169962
0.0012371541;0.0024584981;0.012822134
0.0012371541;0.0024584981;0.0049169962
0.0012371541;0.0024584981;0.0049169962
0.0012371541;0.00048221345;0.0049169962
-0.00073913042;0.0024584981;0.0049169962
0.0012371541;0.0024584981;0.012822134
0.0012371541;0.00048221345;0.012822134
-0.00073913042;0.0024584981;0.012822134
0.0012371541;0.00048221345;0.0049169962
-0.00073913042;0.0024584981;0.012822134
-0.00073913042;0.0024584981;0.0049169962
-0.00073913042;0.00048221345;0.0049169962
-0.00073913042;0.00048221345;0.0049169962
-0.00073913042;0.0024584981;0.0049169962
-0.00073913042;0.00048221345;0.0049169962
-0.00073913042;0.00048221345;0.0049169962
-0.00073913042;0.00048221345;0.012822134
-0.00073913042;0.00048221345;0.0049169962
-0.00073913042;0.00048221345;0.012822134
-0.00073913042;0.00048221345;0.0049169962
-0.00073913042;0.00048221345;0.012822134
-0.00073913042;0.00048221345;0.012822134
-0.00073913042;0.00048221345;0.012822134
-0.00073913042;0.00048221345;0.0049169962
-0.0027154151;0.00048221345;0.0049169962
-0.00073913042;0.00048221345;0.012822134
-0.0027154151;-0.0014940711;0.012822134
-0.00073913042;0.00048221345;0.012822134
-0.00073913042;0.00048221345;0.012822134
-0.00073913042;0.00048221345;0.012822134
-0.0027154151;-0.0014940711;0.0049169962
-0.0027154151;-0.0014940711;0.0049169962
-0.00073913042;-0.0014940711;0.0049169962
-0.00073913042;0.00048221345;0.0049169962
-0.0027154151;-0.0014940711;0.0049169962
-0.0027154151;-0.0014940711;0.012822134
-0.0027154151;-0.0014940711;0.0049169962
-0.0027154151;-0.0014940711;0.012822134
-0.00073913042;-0.0014940711;0.012822134
-0.00073913042;-0.0014940711;0.0049169962
-0.0027154151;-0.0014940711;0.012822134
-0.0027154151;-0.0014940711;0.0049169962
-0.0027154151;-0.0014940711;0.012822134
-0.0027154151;-0.0014940711;0.012822134
-0.0027154151;-0.0014940711;0.012822134
-0.0046916995;-0.0034703556;0.012822134
-0.0027154151;-0.0014940711;0.012822134
-0.0027154151;-0.0034703556;0.012822134
-0.0046916995;-0.0034703556;0.012822134
-0.0027154151;-0.0014940711;0.0049169962
-0.0046916995;-0.0014940711;0.0049169962
-0.0027154151;-0.0034703556;0.012822134
-0.0046916995;-0.0034703556;0.0049169962
-0.0046916995;-0.0034703556;0.0049169962
-0.0046916995;-0.0034703556;0.0049169962
-0.0046916995;-0.0034703556;0.0049169962
-0.0046916995;-0.0034703556;0.012822134
-0.0027154151;-0.0034703556;0.012822134
-0.0046916995;-0.0034703556;0.012822134
-0.0066679842;-0.0034703556;0.0049169962
-0.0046916995;-0.0054466403;0.0049169962
-0.0046916995;-0.0054466403;0.012822134
-0.0066679842;-0.0054466403;0.012822134
-0.0066679842;-0.0034703556;0.012822134
-0.0046916995;-0.0034703556;0.012822134
-0.0066679842;-0.0054466403;0.012822134
-0.0066679842;-0.0034703556;0.012822134
-0.0046916995;-0.0034703556;0.012822134
-0.0066679842;-0.0054466403;0.012822134
-0.0046916995;-0.0034703556;0.0049169962
-0.0066679842;-0.0054466403;0.0049169962
-0.0066679842;-0.0054466403;0.0049169962
-0.0066679842;-0.0054466403;0.012822134
-0.0066679842;-0.0034703556;0.012822134
-0.0066679842;-0.0054466403;0.0049169962
-0.0066679842;-0.0054466403;0.0049169962
-0.0086442688;-0.0054466403;0.012822134
-0.0066679842;-0.0054466403;0.0049169962
-0.0066679842;-0.0054466403;0.012822134
-0.0066679842;-0.0054466403;0.0049169962
-0.0066679842;-0.0054466403;0.012822134
-0.0066679842;-0.007422925;0.012822134
-0.0066679842;-0.0054466403;0.012822134
-0.0066679842;-0.0054466403;0.0049169962
-0.0086442688;-0.0054466403;0.012822134
-0.0066679842;-0.0054466403;0.012822134
-0.0086442688;-0.007422925;0.012822134
-0.0066679842;-0.0054466403;0.012822134
-0.0086442688;-0.007422925;0.012822134
-0.0066679842;-0.0054466403;0.0049169962
-0.0086442688;-0.0054466403;0.0049169962
-0.010620553;-0.007422925;0.012822134
-0.0086442688;-0.007422925;0.012822134
-0.0086442688;-0.0054466403;0.012822134
-0.0086442688;-0.007422925;0.0049169962
-0.0066679842;-0.007422925;0.012822134
-0.010620553;-0.0054466403;0.012822134
-0.0086442688;-0.007422925;0.012822134
-0.0086442688;-0.007422925;0.012822134
-0.0086442688;-0.007422925;0.012822134
-0.0086442688;-0.007422925;0.0049169962
-0.0086442688;-0.007422925;0.012822134
-0.0086442688;-0.007422925;0.012822134
-0.0086442688;-0.007422925;0.012822134
-0.010620553;-0.007422925;0.012822134
-0.0086442688;-0.0093992092;0.012822134
-0.010620553;-0.007422925;0.0049169962
-0.010620553;-0.007422925;0.0049169962
-0.0086442688;-0.007422925;0.012822134
-0.010620553;-0.007422925;0.0049169962
-0.010620553;-0.0093992092;0.012822134
-0.010620553;-0.0093992092;0.0049169962
-0.010620553;-0.007422925;0.0049169962
-0.010620553;-0.007422925;0.0049169962
-0.0086442688;-0.0093992092;0.0049169962
-0.010620553;-0.007422925;0.012822134
-0.010620553;-0.0093992092;0.012822134
-0.010620553;-0.0093992092;0.0049169962
-0.010620553;-0.0093992092;0.0049169962
-0.012596838;-0.0093992092;0.0049169962
-0.010620553;-0.0093992092;0.0049169962
-0.010620553;-0.0093992092;0.0049169962
-0.010620553;-0.0093992092;0.012822134
-0.012596838;-0.0093992092;0.012822134
-0.010620553;-0.0093992092;0.012822134
-0.010620553;-0.0093992092;0.012822134
-0.010620553;-0.0093992092;0.0049169962
-0.010620553;-0.0093992092;0.012822134
-0.010620553;-0.011375494;0.012822134
-0.010620553;-0.0093992092;0.012822134
-0.010620553;-0.011375494;0.012822134
-0.012596838;-0.0093992092;0.012822134
-0.010620553;-0.0093992092;0.012822134
-0.010620553;-0.011375494;0.0049169962
-0.012596838;-0.011375494;0.012822134
-0.012596838;-0.011375494;0.0049169962
-0.012596838;-0.011375494;0.012822134
-0.010620553;-0.011375494;0.0049169962
-0.012596838;-0.011375494;0.0049169962
-0.010620553;-0.011375494;0.012822134
-0.012596838;-0.0093992092;0.0049169962
-0.012596838;-0.011375494;0.012822134
-0.012596838;-0.011375494;0.012822134
-0.012596838;-0.011375494;0.012822134
-0.012596838;-0.011375494;0.012822134
-0.012596838;-0.011375494;0.0049169962
-0.012596838;-0.0093992092;0.0049169962
-0.012596838;-0.011375494;0.012822134
-0.012596838;-0.011375494;0.012822134
-0.012596838;-0.011375494;0.0049169962
-0.014573122;-0.011375494;0.012822134
-0.012596838;-0.011375494;0.012822134
-0.012596838;-0.011375494;0.0049169962
-0.012596838;-0.011375494;0.0049169962
-0.012596838;-0.011375494;0.0049169962
-0.014573122;-0.011375494;0.0049169962
-0.014573122;-0.011375494;0.0049169962
-0.012596838;-0.011375494;0.012822134
-0.014573122;-0.011375494;0.012822134
-0.014573122;-0.011375494;0.0049169962
-0.014573122;-0.013351778;0.012822134
-0.014573122;-0.013351778;0.012822134
-0.014573122;-0.013351778;0.0049169962
-0.014573122;-0.013351778;0.012822134
-0.014573122;-0.013351778;0.0049169962
-0.014573122;-0.013351778;0.012822134
-0.014573122;-0.013351778;0.0049169962
-0.014573122;-0.013351778;0.012822134
-0.014573122;-0.013351778;0.012822134
-0.014573122;-0.013351778;0.012822134
-0.016549407;-0.013351778;0.0049169962
-0.014573122;-0.013351778;0.0049169962
-0.014573122;-0.013351778;0.012822134
-0.016549407;-0.013351778;0.0049169962
-0.014573122;-0.013351778;0.0049169962
-0.014573122;-0.013351778;0.012822134
-0.014573122;-0.013351778;0.0049169962
-0.014573122;-0.013351778;0.0049169962
-0.014573122;-0.013351778;0.012822134
-0.016549407;-0.013351778;0.012822134
-0.014573122;-0.013351778;0.0049169962
-0.014573122;-0.013351778;0.012822134
-0.014573122;-0.013351778;0.0049169962
-0.016549407;-0.013351778;0.012822134
-0.016549407;-0.013351778;0.0049169962
-0.016549407;-0.015328064;0.012822134
-0.016549407;-0.013351778;0.012822134
-0.016549407;-0.013351778;0.0049169962
-0.016549407;-0.013351778;0.0049169962
-0.016549407;-0.015328064;0.0049169962
-0.016549407;-0.015328064;0.012822134
-0.014573122;-0.013351778;0.012822134
-0.016549407;-0.015328064;0.012822134
-0.016549407;-0.015328064;0.0049169962
-0.014573122;-0.015328064;0.012822134
-0.016549407;-0.013351778;0.0049169962
-0.016549407;-0.013351778;0.0049169962
-0.014573122;-0.013351778;0.012822134
-0.018525692;-0.015328064;0.0049169962
-0.016549407;-0.015328064;0.0049169962
-0.018525692;-0.015328064;0.012822134
-0.018525692;-0.017304348;0.0049169962
-0.016549407;-0.015328064;0.0049169962
-0.018525692;-0.013351778;0.0049169962
-0.018525692;-0.015328064;0.0049169962
-0.018525692;-0.015328064;0.012822134
-0.018525692;-0.015328064;0.012822134
-0.018525692;-0.015328064;0.012822134
-0.018525692;-0.015328064;0.0049169962
-0.018525692;-0.015328064;0.0049169962
-0.018525692;-0.015328064;0.0049169962
-0.018525692;-0.017304348;0.0049169962
-0.018525692;-0.017304348;0.0049169962
-0.016549407;-0.015328064;0.0049169962
-0.018525692;-0.015328064;0.012822134
-0.018525692;-0.017304348;0.012822134
-0.016549407;-0.017304348;0.0049169962
-0.018525692;-0.017304348;0.012822134
-0.018525692;-0.017304348;0.0049169962
-0.018525692;-0.017304348;0.012822134
-0.018525692;-0.017304348;0.0049169962
-0.018525692;-0.017304348;0.012822134
-0.018525692;-0.017304348;0.012822134
-0.020501977;-0.017304348;0.0049169962
-0.018525692;-0.017304348;0.0049169962
-0.020501977;-0.017304348;0.0049169962
-0.018525692;-0.019280633;0.0049169962
-0.018525692;-0.017304348;0.0049169962
-0.020501977;-0.017304348;0.012822134
-0.020501977;-0.015328064;0.0049169962
-0.018525692;-0.019280633;0.0049169962
-0.018525692;-0.017304348;0.0049169962
-0.020501977;-0.019280633;0.012822134
-0.018525692;-0.019280633;0.012822134
-0.020501977;-0.017304348;0.0049169962
-0.020501977;-0.019280633;0.012822134
-0.018525692;-0.017304348;0.0049169962
-0.018525692;-0.017304348;0.012822134
-0.020501977;-0.019280633;0.0049169962
-0.018525692;-0.019280633;0.012822134
-0.018525692;-0.019280633;0.012822134
-0.020501977;-0.017304348;0.0049169962
-0.020501977;-0.019280633;0.012822134
-0.020501977;-0.017304348;0.0049169962
-0.018525692;-0.019280633;0.0049169962
-0.020501977;-0.017304348;0.0049169962
-0.018525692;-0.019280633;0.012822134
-0.020501977;-0.019280633;0.0049169962
-0.020501977;-0.019280633;0.0049169962
-0.020501977;-0.019280633;0.0049169962
-0.020501977;-0.019280633;0.0049169962
-0.02247826;-0.019280633;0.012822134
-0.020501977;-0.019280633;0.012822134
-0.020501977;-0.019280633;0.0049169962
-0.02247826;-0.019280633;0.0049169962
-0.02247826;-0.019280633;0.012822134
-0.020501977;-0.019280633;0.012822134
-0.020501977;-0.019280633;0.0049169962
-0.020501977;-0.019280633;0.0049169962
-0.020501977;-0.019280633;0.0049169962
-0.02247826;-0.019280633;0.012822134
-0.02247826;-0.021256916;0.0049169962
-0.02247826;-0.019280633;0.0049169962
-0.02247826;-0.021256916;0.0049169962
-0.02247826;-0.019280633;0.012822134
-0.02247826;-0.021256916;0.0049169962
-0.02247826;-0.019280633;0.0049169962
-0.02247826;-0.021256916;0.012822134
-0.02247826;-0.019280633;0.012822134
-0.02247826;-0.019280633;0.0049169962
-0.02247826;-0.019280633;0.0049169962
-0.02247826;-0.019280633;0.0049169962
-0.02247826;-0.019280633;0.012822134
-0.02247826;-0.019280633;0.0049169962
-0.02247826;-0.021256916;0.0049169962
-0.02247826;-0.021256916;0.0049169962
-0.02247826;-0.021256916;0.0049169962
-0.02247826;-0.019280633;0.0049169962
-0.02247826;-0.019280633;0.0049169962
-0.02247826;-0.021256916;0.012822134
-0.02247826;-0.021256916;0.012822134
-0.020501977;-0.021256916;0.012822134
-0.02247826;-0.021256916;0.0049169962
-0.02247826;-0.021256916;0.012822134
-0.02247826;-0.023233201;0.012822134
-0.02247826;-0.021256916;0.012822134
-0.02247826;-0.021256916;0.0049169962
-0.02247826;-0.021256916;0.012822134
-0.02247826;-0.021256916;0.0049169962
-0.02247826;-0.019280633;0.012822134
-0.024454545;-0.019280633;0.012822134
-0.020501977;-0.021256916;0.012822134
-0.024454545;-0.021256916;0.0049169962
-0.02247826;-0.021256916;0.012822134
-0.02247826;-0.021256916;0.0049169962
-0.024454545;-0.019280633;0.012822134
-0.02247826;-0.021256916;0.012822134
-0.02247826;-0.021256916;0.012822134
-0.024454545;-0.021256916;0.012822134
-0.024454545;-0.021256916;0.0049169962
-0.02247826;-0.021256916;0.012822134
-0.02247826;-0.021256916;0.0049169962
-0.024454545;-0.021256916;0.0049169962
-0.024454545;-0.021256916;0.0049169962
-0.02247826;-0.021256916;0.0049169962
-0.024454545;-0.021256916;0.0049169962
-0.024454545;-0.021256916;0.0049169962
-0.02247826;-0.021256916;0.0049169962
-0.024454545;-0.021256916;0.0049169962
-0.024454545;-0.021256916;0.012822134
-0.024454545;-0.023233201;0.012822134
-0.024454545;-0.021256916;0.0049169962
-0.02247826;-0.023233201;0.012822134
-0.024454545;-0.021256916;0.0049169962
-0.024454545;-0.021256916;0.012822134
-0.024454545;-0.021256916;0.0049169962
-0.024454545;-0.023233201;0.012822134
-0.024454545;-0.021256916;0.012822134
-0.02643083;-0.023233201;0.012822134
-0.024454545;-0.023233201;0.012822134
-0.024454545;-0.023233201;0.012822134
-0.024454545;-0.023233201;0.0049169962
-0.024454545;-0.023233201;0.0049169962
-0.02643083;-0.023233201;0.0049169962
-0.02643083;-0.023233201;0.012822134
-0.024454545;-0.023233201;0.0049169962
-0.024454545;-0.023233201;0.012822134
-0.02643083;-0.023233201;0.012822134
-0.024454545;-0.023233201;0.012822134
-0.024454545;-0.023233201;0.012822134
-0.02643083;-0.023233201;0.012822134
-0.02643083;-0.023233201;0.0049169962
-0.02643083;-0.023233201;0.0049169962
-0.024454545;-0.023233201;0.012822134
-0.02643083;-0.023233201;0.0049169962
-0.024454545;-0.023233201;0.012822134
-0.024454545;-0.023233201;0.0049169962
-0.02643083;-0.023233201;0.0049169962
-0.02643083;-0.023233201;0.012822134
-0.024454545;-0.023233201;0.0049169962
-0.02643083;-0.023233201;0.0049169962
-0.024454545;-0.023233201;0.012822134
-0.024454545;-0.023233201;0.012822134
-0.02643083;-0.023233201;0.012822134
-0.02643083;-0.023233201;0.012822134
-0.024454545;-0.023233201;0.012822134
-0.024454545;-0.023233201;0.012822134
-0.02643083;-0.025209486;0.0049169962
-0.024454545;-0.023233201;0.0049169962
-0.02643083;-0.025209486;0.012822134
-0.02643083;-0.023233201;0.012822134
-0.02643083;-0.023233201;0.012822134
-0.02643083;-0.023233201;0.012822134
-0.02643083;-0.023233201;0.0049169962
-0.02643083;-0.023233201;0.0049169962
-0.024454545;-0.023233201;0.012822134
-0.02643083;-0.023233201;0.0049169962
-0.02643083;-0.023233201;0.0049169962
-0.02643083;-0.023233201;0.012822134
-0.02643083;-0.023233201;0.012822134
-0.028407115;-0.023233201;0.0049169962
-0.02643083;-0.023233201;0.0049169962
-0.02643083;-0.023233201;0.0049169962
-0.02643083;-0.023233201;0.012822134
-0.02643083;-0.025209486;0.0049169962
-0.02643083;-0.023233201;0.0049169962
-0.02643083;-0.023233201;0.0049169962
-0.02643083;-0.025209486;0.0049169962
-0.02643083;-0.023233201;0.012822134
-0.02643083;-0.025209486;0.0049169962
-0.02643083;-0.025209486;0.0049169962
-0.02643083;-0.025209486;0.012822134
-0.02643083;-0.023233201;0.0049169962
-0.02643083;-0.025209486;0.0049169962
-0.024454545;-0.025209486;0.012822134
-0.02643083;-0.025209486;0.012822134
-0.02643083;-0.023233201;0.0049169962
-0.02643083;-0.025209486;0.012822134
-0.02643083;-0.025209486;0.012822134
-0.02643083;-0.025209486;0.012822134
-0.028407115;-0.025209486;0.012822134
-0.02643083;-0.023233201;0.0049169962
-0.028407115;-0.025209486;0.0049169962
-0.024454545;-0.025209486;0.0049169962
-0.024454545;-0.025209486;0.0049169962
-0.028407115;-0.025209486;0.012822134
-0.02643083;-0.025209486;0.012822134
-0.028407115;-0.025209486;0.0049169962
-0.02643083;-0.025209486;0.0049169962
-0.02643083;-0.023233201;0.0049169962
-0.02643083;-0.025209486;0.012822134
-0.02643083;-0.025209486;0.0049169962
-0.028407115;-0.025209486;0.012822134
-0.02643083;-0.025209486;0.012822134
-0.02643083;-0.023233201;0.0049169962
-0.02643083;-0.025209486;0.012822134
-0.02643083;-0.023233201;0.012822134
-0.02643083;-0.023233201;0.012822134
-0.02643083;-0.025209486;0.012822134
-0.02643083;-0.023233201;0.0049169962
-0.02643083;-0.023233201;0.012822134
-0.02643083;-0.025209486;0.0049169962
-0.028407115;-0.025209486;0.012822134
-0.02643083;-0.025209486;0.0049169962
-0.028407115;-0.025209486;0.0049169962
-0.02643083;-0.025209486;0.0049169962
-0.02643083;-0.025209486;0.012822134
-0.02643083;-0.025209486;0.0049169962
-0.02643083;-0.025209486;0.012822134
-0.028407115;-0.025209486;0.0049169962
-0.028407115;-0.023233201;0.0049169962
-0.028407115;-0.025209486;0.0049169962
-0.028407115;-0.025209486;0.012822134
-0.028407115;-0.025209486;0.012822134
-0.028407115;-0.025209486;0.0049169962
-0.02643083;-0.025209486;0.0049169962
-0.028407115;-0.025209486;0.0049169962
-0.028407115;-0.023233201;0.0049169962
-0.02643083;-0.023233201;0.012822134
-0.02643083;-0.025209486;0.0049169962
-0.028407115;-0.025209486;0.012822134
-0.028407115;-0.025209486;0.0049169962
-0.02643083;-0.025209486;0.012822134
-0.02643083;-0.025209486;0.012822134
-0.028407115;-0.023233201;0.012822134
-0.02643083;-0.025209486;0.0049169962
-0.028407115;-0.025209486;0.012822134
-0.028407115;-0.025209486;0.0049169962
-0.028407115;-0.025209486;0.0049169962
-0.028407115;-0.025209486;0.012822134
-0.028407115;-0.025209486;0.012822134
-0.02643083;-0.025209486;0.0049169962
-0.028407115;-0.025209486;0.012822134
-0.02643083;-0.025209486;0.012822134
-0.028407115;-0.025209486;0.012822134
-0.02643083;-0.025209486;0.012822134
-0.028407115;-0.025209486;0.0049169962
-0.028407115;-0.025209486;0.012822134
-0.028407115;-0.025209486;0.0049169962
-0.028407115;-0.025209486;0.012822134
-0.028407115;-0.025209486;0.0049169962
-0.028407115;-0.025209486;0.012822134
-0.028407115;-0.025209486;0.0049169962
-0.02643083;-0.025209486;0.012822134
-0.028407115;-0.027185772;0.0049169962
-0.028407115;-0.025209486;0.012822134
-0.028407115;-0.025209486;0.0049169962
-0.028407115;-0.025209486;0.012822134
-0.028407115;-0.025209486;0.0049169962
-0.028407115;-0.025209486;0.0049169962
-0.02643083;-0.025209486;0.0049169962
-0.028407115;-0.025209486;0.012822134
-0.02643083;-0.027185772;0.012822134
-0.028407115;-0.025209486;0.0049169962
-0.02643083;-0.025209486;0.0049169962
-0.028407115;-0.025209486;0.0049169962
-0.028407115;-0.025209486;0.012822134
-0.02643083;-0.027185772;0.0049169962
-0.028407115;-0.025209486;0.012822134
-0.028407115;-0.023233201;0.0049169962
-0.02643083;-0.025209486;0.0049169962
-0.02643083;-0.025209486;0.0049169962
-0.028407115;-0.025209486;0.012822134
-0.028407115;-0.025209486;0.012822134
-0.02643083;-0.027185772;0.012822134
-0.02643083;-0.025209486;0.0049169962
-0.02643083;-0.025209486;0.012822134
-0.028407115;-0.025209486;0.0049169962
-0.02643083;-0.025209486;0.012822134
-0.02643083;-0.025209486;0.0049169962
-0.02643083;-0.023233201;0.012822134
-0.028407115;-0.025209486;0.0049169962
-0.028407115;-0.025209486;0.012822134
-0.02643083;-0.025209486;0.012822134
-0.02643083;-0.025209486;0.0049169962
-0.028407115;-0.025209486;0.0049169962
-0.02643083;-0.025209486;0.0049169962
-0.02643083;-0.025209486;0.0049169962
-0.028407115;-0.025209486;0.0049169962
-0.028407115;-0.025209486;0.012822134
-0.02643083;-0.027185772;0.012822134
-0.028407115;-0.027185772;0.0049169962
-0.02643083;-0.027185772;0.0049169962
-0.028407115;-0.025209486;0.012822134
-0.02643083;-0.025209486;0.012822134
-0.028407115;-0.027185772;0.0049169962
-0.02643083;-0.025209486;0.012822134
-0.02643083;-0.025209486;0.0049169962
-0.02643083;-0.025209486;0.0049169962
-0.028407115;-0.025209486;0.012822134
-0.02643083;-0.025209486;0.0049169962
-0.028407115;-0.025209486;0.012822134
-0.028407115;-0.025209486;0.0049169962
-0.02643083;-0.025209486;0.012822134
-0.028407115;-0.025209486;0.012822134
-0.02643083;-0.025209486;0.0049169962
-0.028407115;-0.027185772;0.0049169962
-0.02643083;-0.025209486;0.012822134
-0.02643083;-0.025209486;0.012822134
-0.028407115;-0.025209486;0.012822134
-0.028407115;-0.025209486;0.012822134
-0.02643083;-0.025209486;0.0049169962
-0.02643083;-0.025209486;0.0049169962
-0.02643083;-0.025209486;0.0049169962
-0.028407115;-0.025209486;0.012822134
-0.028407115;-0.023233201;0.012822134
-0.02643083;-0.027185772;0.0049169962
-0.028407115;-0.025209486;0.012822134
-0.02643083;-0.025209486;0.012822134
-0.028407115;-0.025209486;0.012822134
-0.02643083;-0.025209486;0.012822134
-0.028407115;-0.025209486;0.0049169962
-0.02643083;-0.025209486;0.0049169962
-0.028407115;-0.025209486;0.0049169962
-0.02643083;-0.025209486;0.012822134
-0.02643083;-0.025209486;0.012822134
-0.02643083;-0.025209486;0.0049169962
-0.02643083;-0.025209486;0.0049169962
-0.02643083;-0.025209486;0.012822134
-0.02643083;-0.025209486;0.0049169962
-0.02643083;-0.025209486;0.012822134
-0.02643083;-0.025209486;0.012822134
-0.02643083;-0.025209486;0.0049169962
-0.028407115;-0.023233201;0.0049169962
-0.02643083;-0.025209486;0.012822134
-0.02643083;-0.025209486;0.012822134
-0.02643083;-0.027185772;0.012822134
-0.02643083;-0.025209486;0.0049169962
-0.024454545;-0.023233201;0.0049169962
-0.02643083;-0.023233201;0.0049169962
-0.02643083;-0.023233201;0.012822134
-0.02643083;-0.025209486;0.012822134
-0.02643083;-0.025209486;0.0049169962
-0.02643083;-0.025209486;0.012822134
-0.028407115;-0.025209486;0.012822134
-0.02643083;-0.025209486;0.0049169962
-0.02643083;-0.023233201;0.012822134
-0.02643083;-0.025209486;0.012822134
-0.02643083;-0.023233201;0.0049169962
-0.02643083;-0.025209486;0.012822134
-0.02643083;-0.025209486;0.0049169962
-0.02643083;-0.023233201;0.0049169962
-0.024454545;-0.025209486;0.0049169962
-0.024454545;-0.023233201;0.0049169962
-0.02643083;-0.025209486;0.0049169962
-0.02643083;-0.025209486;0.0049169962
-0.02643083;-0.025209486;0.0049169962
-0.024454545;-0.025209486;0.0049169962
-0.02643083;-0.025209486;0.0049169962
-0.024454545;-0.025209486;0.012822134
-0.02643083;-0.025209486;0.0049169962
-0.02643083;-0.025209486;0.0049169962
-0.02643083;-0.025209486;0.012822134
-0.02643083;-0.025209486;0.012822134
-0.024454545;-0.025209486;0.0049169962
-0.02643083;-0.025209486;0.0049169962
-0.024454545;-0.025209486;0.012822134
-0.024454545;-0.023233201;0.0049169962
-0.024454545;-0.025209486;0.0049169962
-0.024454545;-0.023233201;0.0049169962
-0.02643083;-0.025209486;0.0049169962
-0.02643083;-0.023233201;0.012822134
-0.024454545;-0.023233201;0.0049169962
-0.024454545;-0.023233201;0.0049169962
-0.024454545;-0.023233201;0.012822134
-0.02643083;-0.023233201;0.0049169962
-0.024454545;-0.023233201;0.012822134
-0.02643083;-0.023233201;0.012822134
-0.02643083;-0.025209486;0.0049169962
-0.024454545;-0.023233201;0.012822134
-0.024454545;-0.025209486;0.012822134
-0.024454545;-0.023233201;0.0049169962
-0.02643083;-0.023233201;0.012822134
-0.024454545;-0.023233201;0.0049169962
-0.02247826;-0.023233201;0.012822134
-0.024454545;-0.023233201;0.0049169962
-0.024454545;-0.025209486;0.0049169962
-0.024454545;-0.023233201;0.0049169962
-0.024454545;-0.023233201;0.0049169962
-0.024454545;-0.023233201;0.0049169962
-0.024454545;-0.023233201;0.012822134
-0.02643083;-0.023233201;0.012822134
-0.02247826;-0.023233201;0.0049169962
-0.024454545;-0.023233201;0.012822134
-0.02643083;-0.023233201;0.0049169962
-0.024454545;-0.023233201;0.0049169962
-0.024454545;-0.023233201;0.0049169962
-0.02643083;-0.023233201;0.0049169962
-0.024454545;-0.023233201;0.012822134
-0.02247826;-0.023233201;0.0049169962
-0.024454545;-0.023233201;0.0049169962
-0.024454545;-0.023233201;0.0049169962
-0.024454545;-0.023233201;0.012822134
-0.024454545;-0.023233201;0.012822134
-0.024454545;-0.021256916;0.012822134
-0.024454545;-0.023233201;0.012822134
-0.02247826;-0.023233201;0.0049169962
-0.024454545;-0.023233201;0.0049169962
-0.024454545;-0.023233201;0.012822134
-0.024454545;-0.021256916;0.012822134
-0.024454545;-0.023233201;0.0049169962
-0.02247826;-0.021256916;0.0049169962
-0.024454545;-0.023233201;0.012822134
-0.024454545;-0.023233201;0.012822134
-0.02247826;-0.023233201;0.0049169962
-0.02247826;-0.023233201;0.0049169962
-0.02247826;-0.023233201;0.0049169962
-0.024454545;-0.021256916;0.012822134
-0.02247826;-0.023233201;0.0049169962
-0.024454545;-0.021256916;0.012822134
-0.024454545;-0.023233201;0.012822134
-0.02247826;-0.021256916;0.012822134
-0.02247826;-0.023233201;0.012822134
-0.024454545;-0.021256916;0.012822134
-0.024454545;-0.021256916;0.012822134
-0.02247826;-0.023233201;0.012822134
-0.024454545;-0.021256916;0.0049169962
-0.02247826;-0.021256916;0.0049169962
-0.02247826;-0.021256916;0.012822134
-0.02247826;-0.021256916;0.012822134
-0.02247826;-0.021256916;0.0049169962
-0.02247826;-0.021256916;0.0049169962
-0.024454545;-0.021256916;0.0049169962
-0.02247826;-0.023233201;0.0049169962
-0.02247826;-0.021256916;0.012822134
-0.02247826;-0.019280633;0.0049169962
-0.024454545;-0.021256916;0.012822134
-0.02247826;-0.021256916;0.012822134
-0.024454545;-0.021256916;0.012822134
-0.02247826;-0.021256916;0.012822134
-0.02247826;-0.021256916;0.012822134
-0.020501977;-0.021256916;0.0049169962
-0.02247826;-0.021256916;0.012822134
-0.02247826;-0.021256916;0.012822134
-0.02247826;-0.021256916;0.012822134
-0.02247826;-0.021256916;0.0049169962
-0.02247826;-0.023233201;0.012822134
-0.02247826;-0.021256916;0.0049169962
-0.02247826;-0.021256916;0.0049169962
-0.024454545;-0.021256916;0.012822134
-0.02247826;-0.021256916;0.0049169962
-0.02247826;-0.021256916;0.0049169962
-0.020501977;-0.021256916;0.0049169962
-0.02247826;-0.021256916;0.0049169962
-0.02247826;-0.019280633;0.0049169962
-0.02247826;-0.021256916;0.012822134
-0.02247826;-0.019280633;0.012822134
-0.02247826;-0.019280633;0.012822134
-0.02247826;-0.021256916;0.012822134
-0.02247826;-0.021256916;0.012822134
-0.02247826;-0.019280633;0.012822134
-0.02247826;-0.021256916;0.0049169962
-0.02247826;-0.021256916;0.0049169962
-0.02247826;-0.021256916;0.0049169962
-0.020501977;-0.021256916;0.012822134
-0.020501977;-0.019280633;0.012822134
-0.020501977;-0.019280633;0.0049169962
-0.020501977;-0.019280633;0.0049169962
-0.020501977;-0.019280633;0.012822134
-0.020501977;-0.019280633;0.012822134
-0.020501977;-0.019280633;0.0049169962
-0.02247826;-0.021256916;0.0049169962
-0.020501977;-0.019280633;0.012822134
-0.020501977;-0.021256916;0.0049169962
-0.018525692;-0.019280633;0.0049169962
-0.020501977;-0.019280633;0.012822134
-0.020501977;-0.019280633;0.0049169962
-0.020501977;-0.019280633;0.0049169962
-0.020501977;-0.019280633;0.012822134
-0.020501977;-0.019280633;0.012822134
-0.020501977;-0.019280633;0.0049169962
-0.020501977;-0.019280633;0.012822134
-0.020501977;-0.019280633;0.0049169962
-0.020501977;-0.019280633;0.0049169962
-0.020501977;-0.019280633;0.012822134
-0.020501977;-0.017304348;0.012822134
-0.020501977;-0.019280633;0.0049169962
-0.020501977;-0.017304348;0.0049169962
-0.018525692;-0.019280633;0.0049169962
-0.020501977;-0.019280633;0.0049169962
-0.018525692;-0.019280633;0.0049169962
-0.018525692;-0.017304348;0.012822134
-0.020501977;-0.019280633;0.012822134
-0.020501977;-0.019280633;0.012822134
-0.020501977;-0.017304348;0.0049169962
-0.018525692;-0.019280633;0.0049169962
-0.018525692;-0.019280633;0.0049169962
-0.018525692;-0.019280633;0.0049169962
-0.018525692;-0.019280633;0.0049169962
-0.018525692;-0.017304348;0.012822134
-0.018525692;-0.019280633;0.012822134
-0.020501977;-0.019280633;0.0049169962
-0.018525692;-0.017304348;0.012822134
-0.018525692;-0.017304348;0.0049169962
-0.018525692;-0.017304348;0.012822134
-0.018525692;-0.017304348;0.012822134
-0.018525692;-0.017304348;0.0049169962
-0.018525692;-0.017304348;0.012822134
-0.018525692;-0.017304348;0.0049169962
-0.018525692;-0.017304348;0.012822134
-0.018525692;-0.019280633;0.0049169962
-0.020501977;-0.017304348;0.012822134
-0.018525692;-0.017304348;0.012822134
-0.018525692;-0.017304348;0.0049169962
-0.018525692;-0.017304348;0.012822134
-0.018525692;-0.017304348;0.012822134
-0.020501977;-0.017304348;0.0049169962
-0.018525692;-0.017304348;0.0049169962
-0.018525692;-0.015328064;0.0049169962
-0.016549407;-0.017304348;0.012822134
-0.016549407;-0.017304348;0.012822134
-0.016549407;-0.017304348;0.012822134
-0.018525692;-0.017304348;0.012822134
-0.016549407;-0.017304348;0.0049169962
-0.018525692;-0.017304348;0.012822134
-0.016549407;-0.017304348;0.0049169962
-0.016549407;-0.017304348;0.012822134
-0.016549407;-0.015328064;0.0049169962
-0.018525692;-0.015328064;0.0049169962
-0.016549407;-0.017304348;0.012822134
-0.016549407;-0.015328064;0.0049169962
-0.016549407;-0.017304348;0.012822134
-0.016549407;-0.015328064;0.012822134
-0.016549407;-0.015328064;0.012822134
-0.018525692;-0.015328064;0.0049169962
-0.016549407;-0.015328064;0.012822134
-0.016549407;-0.013351778;0.0049169962
-0.016549407;-0.015328064;0.0049169962
-0.016549407;-0.013351778;0.012822134
-0.016549407;-0.015328064;0.012822134
-0.016549407;-0.015328064;0.012822134
-0.016549407;-0.015328064;0.012822134
-0.016549407;-0.013351778;0.0049169962
-0.016549407;-0.013351778;0.0049169962
-0.014573122;-0.015328064;0.0049169962
-0.014573122;-0.015328064;0.0049169962
-0.014573122;-0.013351778;0.0049169962
-0.014573122;-0.015328064;0.0049169962
-0.014573122;-0.013351778;0.0049169962
-0.014573122;-0.013351778;0.0049169962
-0.016549407;-0.017304348;0.0049169962
-0.014573122;-0.013351778;0.0049169962
-0.014573122;-0.013351778;0.012822134
-0.014573122;-0.015328064;0.0049169962
-0.014573122;-0.015328064;0.0049169962
-0.014573122;-0.013351778;0.012822134
-0.014573122;-0.013351778;0.0049169962
-0.014573122;-0.015328064;0.012822134
-0.014573122;-0.013351778;0.012822134
-0.014573122;-0.013351778;0.0049169962
-0.014573122;-0.013351778;0.012822134
-0.014573122;-0.013351778;0.012822134
-0.012596838;-0.013351778;0.0049169962
-0.014573122;-0.013351778;0.0049169962
-0.014573122;-0.013351778;0.0049169962
-0.012596838;-0.011375494;0.0049169962
-0.014573122;-0.013351778;0.0049169962
-0.012596838;-0.013351778;0.0049169962
-0.014573122;-0.013351778;0.012822134
-0.014573122;-0.011375494;0.012822134
-0.012596838;-0.013351778;0.012822134
-0.014573122;-0.013351778;0.0049169962
-0.012596838;-0.013351778;0.0049169962
-0.014573122;-0.013351778;0.012822134
-0.014573122;-0.011375494;0.012822134
-0.014573122;-0.011375494;0.0049169962
-0.014573122;-0.011375494;0.0049169962
-0.012596838;-0.013351778;0.012822134
-0.014573122;-0.013351778;0.012822134
-0.012596838;-0.011375494;0.012822134
-0.012596838;-0.011375494;0.0049169962
-0.012596838;-0.011375494;0.012822134
-0.010620553;-0.011375494;0.0049169962
-0.012596838;-0.011375494;0.0049169962
-0.014573122;-0.011375494;0.0049169962
-0.012596838;-0.011375494;0.012822134
-0.012596838;-0.013351778;0.012822134
-0.012596838;-0.011375494;0.0049169962
-0.012596838;-0.011375494;0.012822134
-0.012596838;-0.011375494;0.012822134
-0.010620553;-0.011375494;0.012822134
-0.012596838;-0.011375494;0.012822134
-0.012596838;-0.011375494;0.0049169962
-0.012596838;-0.0093992092;0.0049169962
-0.010620553;-0.011375494;0.012822134
-0.010620553;-0.011375494;0.0049169962
-0.012596838;-0.011375494;0.0049169962
-0.012596838;-0.011375494;0.012822134
-0.010620553;-0.0093992092;0.0049169962
-0.012596838;-0.011375494;0.0049169962
-0.012596838;-0.011375494;0.012822134
-0.010620553;-0.011375494;0.012822134
-0.012596838;-0.0093992092;0.0049169962
-0.010620553;-0.0093992092;0.012822134
-0.010620553;-0.0093992092;0.0049169962
-0.010620553;-0.0093992092;0.0049169962
-0.010620553;-0.0093992092;0.012822134
-0.0086442688;-0.0093992092;0.0049169962
-0.010620553;-0.0093992092;0.012822134
-0.010620553;-0.0093992092;0.0049169962
-0.010620553;-0.0093992092;0.012822134
-0.010620553;-0.0093992092;0.0049169962
-0.010620553;-0.0093992092;0.0049169962
-0.010620553;-0.011375494;0.012822134
-0.010620553;-0.0093992092;0.012822134
-0.0086442688;-0.0093992092;0.0049169962
-0.0086442688;-0.0093992092;0.0049169962
-0.0086442688;-0.0093992092;0.0049169962
-0.010620553;-0.0093992092;0.0049169962
-0.0086442688;-0.0093992092;0.012822134
-0.0086442688;-0.007422925;0.0049169962
-0.010620553;-0.007422925;0.0049169962
-0.0086442688;-0.007422925;0.012822134
-0.0086442688;-0.007422925;0.012822134
-0.0086442688;-0.007422925;0.012822134
-0.0086442688;-0.007422925;0.0049169962
-0.0086442688;-0.007422925;0.012822134
-0.0086442688;-0.007422925;0.0049169962
-0.0086442688;-0.007422925;0.0049169962
-0.0086442688;-0.007422925;0.0049169962
-0.0066679842;-0.007422925;0.0049169962
-0.0086442688;-0.007422925;0.0049169962
-0.0066679842;-0.007422925;0.0049169962
-0.0086442688;-0.007422925;0.012822134
-0.0086442688;-0.007422925;0.0049169962
-0.0066679842;-0.007422925;0.0049169962
-0.0086442688;-0.0054466403;0.012822134
-0.0066679842;-0.007422925;0.012822134
-0.0066679842;-0.007422925;0.012822134
-0.0066679842;-0.0054466403;0.0049169962
-0.0066679842;-0.0054466403;0.012822134
-0.0066679842;-0.0054466403;0.012822134
-0.0066679842;-0.0054466403;0.0049169962
-0.0066679842;-0.0054466403;0.0049169962
-0.0066679842;-0.0054466403;0.012822134
-0.0066679842;-0.0054466403;0.012822134
-0.0066679842;-0.0054466403;0.0049169962
-0.0066679842;-0.0054466403;0.0049169962
-0.0066679842;-0.0054466403;0.0049169962
-0.0066679842;-0.0054466403;0.0049169962
-0.0066679842;-0.0054466403;0.0049169962
-0.0066679842;-0.007422925;0.012822134
-0.0066679842;-0.0054466403;0.012822134
-0.0066679842;-0.0034703556;0.012822134
-0.0066679842;-0.0054466403;0.012822134
-0.0066679842;-0.0054466403;0.012822134
-0.0046916995;-0.0054466403;0.012822134
-0.0066679842;-0.0054466403;0.012822134
-0.0046916995;-0.0054466403;0.012822134
-0.0066679842;-0.0054466403;0.0049169962
-0.0046916995;-0.0054466403;0.012822134
-0.0046916995;-0.0054466403;0.0049169962
-0.0066679842;-0.0034703556;0.0049169962
-0.0046916995;-0.0054466403;0.012822134
-0.0046916995;-0.0054466403;0.0049169962
-0.0046916995;-0.0034703556;0.012822134
-0.0027154151;-0.0054466403;0.012822134
-0.0046916995;-0.0034703556;0.012822134
-0.0046916995;-0.0034703556;0.012822134
-0.0066679842;-0.0034703556;0.012822134
-0.0046916995;-0.0034703556;0.0049169962
-0.0027154151;-0.0034703556;0.012822134
-0.0046916995;-0.0034703556;0.012822134
-0.0046916995;-0.0034703556;0.012822134
-0.0046916995;-0.0034703556;0.0049169962
-0.0046916995;-0.0034703556;0.0049169962
-0.0027154151;-0.0034703556;0.012822134
-0.0027154151;-0.0034703556;0.0049169962
-0.0046916995;-0.0034703556;0.0049169962
-0.0046916995;-0.0034703556;0.012822134
-0.0046916995;-0.0014940711;0.012822134
-0.0046916995;-0.0034703556;0.012822134
-0.0027154151;-0.0034703556;0.0049169962
-0.0027154151;-0.0034703556;0.0049169962
-0.0027154151;-0.0014940711;0.012822134
-0.0027154151;-0.0014940711;0.0049169962
-0.0027154151;-0.0034703556;0.0049169962
-0.0027154151;-0.0034703556;0.0049169962
-0.0027154151;-0.0034703556;0.012822134
-0.0027154151;-0.0034703556;0.0049169962
-0.0046916995;-0.0034703556;0.012822134
-0.0027154151;-0.0034703556;0.0049169962
-0.0027154151;-0.0014940711;0.0049169962
-0.00073913042;-0.0014940711;0.012822134
-0.0027154151;-0.0034703556;0.012822134
-0.0027154151;-0.0014940711;0.0049169962
-0.00073913042;-0.0014940711;0.012822134
-0.00073913042;-0.0014940711;0.0049169962
-0.00073913042;-0.0014940711;0.012822134
-0.00073913042;-0.0014940711;0.0049169962
-0.00073913042;-0.0014940711;0.012822134
-0.00073913042;-0.0014940711;0.012822134
-0.0027154151;-0.0014940711;0.0049169962
-0.00073913042;-0.0014940711;0.0049169962
-0.00073913042;-0.0014940711;0.012822134
-0.00073913042;-0.0034703556;0.012822134
-0.00073913042;-0.0014940711;0.012822134
-0.00073913042;0.00048221345;0.0049169962
-0.00073913042;-0.0014940711;0.0049169962
-0.00073913042;0.00048221345;0.0049169962
-0.00073913042;0.00048221345;0.012822134
-0.00073913042;-0.0014940711;0.012822134
-0.00073913042;0.00048221345;0.0049169962
-0.00073913042;0.00048221345;0.012822134
-0.00073913042;-0.0014940711;0.012822134
-0.00073913042;0.00048221345;0.0049169962
-0.00073913042;0.00048221345;0.0049169962
-0.00073913042;0.00048221345;0.012822134
0.0012371541;0.00048221345;0.0049169962
0.0012371541;0.00048221345;0.0049169962
0.0012371541;0.0024584981;0.012822134
-0.00073913042;0.00048221345;0.012822134
0.0012371541;0.00048221345;0.012822134
-0.00073913042;0.00048221345;0.0049169962
0.0012371541;0.00048221345;0.012822134
-0.00073913042;0.00048221345;0.0049169962
0.0012371541;0.0024584981;0.012822134
-0.00073913042;0.0024584981;0.012822134
0.0012371541;0.0024584981;0.012822134
0.0012371541;0.0024584981;0.0049169962
0.0012371541;0.0024584981;0.0049169962
-0.00073913042;0.00048221345;0.0049169962
0.0032134387;0.0024584981;0.012822134
0.0012371541;0.0024584981;0.0049169962
0.0012371541;0.0024584981;0.0049169962
0.0032134387;0.0024584981;0.0049169962
0.0012371541;0.0024584981;0.012822134
0.0032134387;0.0024584981;0.0049169962
0.0012371541;0.0024584981;0.012822134
0.0032134387;0.0024584981;0.0049169962
0.0032134387;0.0024584981;0.012822134
0.0032134387;0.0024584981;0.0049169962
0.0012371541;0.0024584981;0.012822134
0.0032134387;0.0024584981;0.012822134
0.0051897233;0.0024584981;0.012822134
0.0032134387;0.0044347825;0.0049169962
0.0032134387;0.0044347825;0.012822134
0.0051897233;0.0024584981;0.0049169962
0.0032134387;0.0024584981;0.012822134
0.0032134387;0.0024584981;0.012822134
0.0051897233;0.0044347825;0.012822134
0.0032134387;0.0024584981;0.0049169962
0.0051897233;0.0024584981;0.0049169962
0.0051897233;0.0044347825;0.012822134
0.0051897233;0.0044347825;0.012822134
0.0051897233;0.0044347825;0.0049169962
0.0051897233;0.0044347825;0.0049169962
0.0051897233;0.0044347825;0.012822134
0.0051897233;0.0044347825;0.012822134
0.0032134387;0.0064110672;0.0049169962
0.0051897233;0.0064110672;0.012822134
0.0051897233;0.0044347825;0.012822134
0.007166008;0.0064110672;0.0049169962
0.0051897233;0.0044347825;0.012822134
0.0051897233;0.0064110672;0.0049169962
0.007166008;0.0044347825;0.012822134
0.007166008;0.0044347825;0.0049169962
0.0051897233;0.0044347825;0.012822134
0.0051897233;0.0064110672;0.012822134
0.007166008;0.0044347825;0.012822134
0.007166008;0.0064110672;0.012822134
0.007166008;0.0064110672;0.0049169962
0.007166008;0.0064110672;0.0049169962
0.0051897233;0.0064110672;0.012822134
0.0051897233;0.0064110672;0.012822134
0.007166008;0.0064110672;0.012822134
0.007166008;0.0064110672;0.0049169962
0.0091422927;0.0064110672;0.0049169962
0.007166008;0.0064110672;0.012822134
0.0091422927;0.0064110672;0.0049169962
0.007166008;0.0064110672;0.0049169962
0.007166008;0.0083873514;0.012822134
0.0091422927;0.0083873514;0.0049169962
0.0091422927;0.0083873514;0.012822134
0.0091422927;0.0083873514;0.0049169962
0.0091422927;0.0064110672;0.012822134
0.0091422927;0.0083873514;0.012822134
0.0091422927;0.0083873514;0.012822134
0.007166008;0.0083873514;0.0049169962
0.0091422927;0.0083873514;0.012822134
0.0091422927;0.0083873514;0.0049169962
0.0091422927;0.0083873514;0.0049169962
0.0091422927;0.0083873514;0.0049169962
0.0091422927;0.0083873514;0.012822134
0.0091422927;0.010363637;0.012822134
0.011118577;0.0083873514;0.012822134
0.0091422927;0.010363637;0.0049169962
0.0091422927;0.0083873514;0.0049169962
0.0091422927;0.010363637;0.012822134
0.011118577;0.010363637;0.0049169962
0.0091422927;0.010363637;0.012822134
0.0091422927;0.010363637;0.012822134
0.0091422927;0.010363637;0.012822134
0.011118577;0.0083873514;0.012822134
0.011118577;0.010363637;0.012822134
0.011118577;0.010363637;0.0049169962
0.011118577;0.010363637;0.012822134
0.011118577;0.010363637;0.0049169962
0.011118577;0.010363637;0.0049169962
0.011118577;0.010363637;0.012822134
0.013094862;0.010363637;0.0049169962
0.011118577;0.012339921;0.0049169962
0.011118577;0.010363637;0.0049169962
0.013094862;0.010363637;0.012822134
0.011118577;0.012339921;0.012822134
0.011118577;0.012339921;0.012822134
0.013094862;0.010363637;0.0049169962
0.013094862;0.010363637;0.0049169962
0.013094862;0.010363637;0.012822134
0.013094862;0.012339921;0.0049169962
0.013094862;0.012339921;0.012822134
0.013094862;0.012339921;0.012822134
0.013094862;0.010363637;0.012822134
0.013094862;0.012339921;0.012822134
0.013094862;0.012339921;0.0049169962
0.015071146;0.012339921;0.0049169962
0.013094862;0.012339921;0.012822134
0.013094862;0.012339921;0.0049169962
0.013094862;0.012339921;0.012822134
0.013094862;0.012339921;0.0049169962
0.015071146;0.012339921;0.012822134
0.015071146;0.012339921;0.012822134
0.015071146;0.012339921;0.0049169962
0.015071146;0.012339921;0.012822134
0.015071146;0.012339921;0.0049169962
0.015071146;0.014316206;0.012822134
0.013094862;0.012339921;0.012822134
0.015071146;0.014316206;0.0049169962
0.017047431;0.014316206;0.0049169962
0.015071146;0.014316206;0.0049169962
0.017047431;0.012339921;0.012822134
0.015071146;0.014316206;0.0049169962
0.015071146;0.01629249;0.0049169962
0.015071146;0.014316206;0.0049169962
0.017047431;0.014316206;0.0049169962
0.017047431;0.014316206;0.012822134
0.017047431;0.012339921;0.012822134
0.017047431;0.014316206;0.012822134
0.017047431;0.014316206;0.012822134
0.017047431;0.01629249;0.012822134
0.017047431;0.01629249;0.012822134
0.019023715;0.01629249;0.0049169962
0.017047431;0.01629249;0.0049169962
0.017047431;0.018268775;0.012822134
0.019023715;0.018268775;0.0049169962
0.015071146;0.01629249;0.0049169962
0.017047431;0.01629249;0.012822134
0.017047431;0.018268775;0.0049169962
0.015071146;0.01629249;0.0049169962
0.017047431;0.01629249;0.0049169962
0.019023715;0.018268775;0.012822134
0.019023715;0.01629249;0.0049169962
0.017047431;0.018268775;0.012822134
0.017047431;0.01629249;0.0049169962
0.019023715;0.018268775;0.012822134
0.021;0.018268775;0.0049169962
0.019023715;0.018268775;0.0049169962
0.019023715;0.018268775;0.0049169962
0.019023715;0.018268775;0.012822134
0.019023715;0.018268775;0.0049169962
0.021;0.018268775;0.012822134
0.017047431;0.018268775;0.0049169962
0.019023715;0.018268775;0.0049169962
0.021;0.018268775;0.012822134
0.019023715;0.018268775;0.012822134
0.021;0.018268775;0.0049169962
0.021;0.018268775;0.012822134
0.019023715;0.020245058;0.0049169962
0.021;0.020245058;0.0049169962
0.021;0.018268775;0.0049169962
0.021;0.018268775;0.0049169962
0.021;0.018268775;0.012822134
0.021;0.018268775;0.0049169962
0.019023715;0.020245058;0.012822134
0.021;0.020245058;0.012822134
0.021;0.018268775;0.012822134
0.021;0.020245058;0.012822134
0.021;0.020245058;0.012822134
0.021;0.020245058;0.012822134
0.021;0.020245058;0.0049169962
0.021;0.020245058;0.0049169962
0.021;0.020245058;0.0049169962
0.021;0.020245058;0.0049169962
0.021;0.020245058;0.0049169962
0.021;0.020245058;0.012822134
0.021;0.020245058;0.0049169962
0.022976285;0.022221344;0.012822134
0.022976285;0.020245058;0.0049169962
0.022976285;0.020245058;0.012822134
0.022976285;0.020245058;0.012822134
0.022976285;0.022221344;0.0049169962
0.022976285;0.020245058;0.0049169962
0.022976285;0.022221344;0.0049169962
0.02495257;0.022221344;0.012822134
0.022976285;0.022221344;0.012822134
0.022976285;0.022221344;0.012822134
0.022976285;0.022221344;0.0049169962
0.022976285;0.022221344;0.012822134
0.022976285;0.022221344;0.0049169962
0.02495257;0.020245058;0.012822134
0.022976285;0.024197629;0.012822134
0.02495257;0.022221344;0.0049169962
0.02495257;0.022221344;0.012822134
0.02495257;0.024197629;0.0049169962
0.02495257;0.022221344;0.0049169962
0.026928853;0.024197629;0.0049169962
0.02495257;0.024197629;0.0049169962
0.022976285;0.024197629;0.012822134
0.02495257;0.022221344;0.012822134
0.02495257;0.024197629;0.0049169962
0.02495257;0.024197629;0.012822134
0.02495257;0.024197629;0.0049169962
0.02495257;0.022221344;0.012822134
0.02495257;0.024197629;0.0049169962
0.02495257;0.024197629;0.0049169962
0.026928853;0.024197629;0.012822134
0.02495257;0.024197629;0.012822134
0.026928853;0.024197629;0.0049169962
0.026928853;0.024197629;0.012822134
0.026928853;0.026173914;0.0049169962
0.026928853;0.024197629;0.012822134
0.026928853;0.024197629;0.012822134
0.026928853;0.024197629;0.012822134
0.026928853;0.026173914;0.012822134
0.026928853;0.026173914;0.012822134
0.026928853;0.026173914;0.0049169962
0.026928853;0.026173914;0.012822134
0.026928853;0.026173914;0.0049169962
0.026928853;0.026173914;0.0049169962
0.028905138;0.026173914;0.0049169962
0.026928853;0.026173914;0.0049169962
0.028905138;0.026173914;0.012822134
0.026928853;0.026173914;0.012822134
0.028905138;0.026173914;0.012822134
0.028905138;0.028150197;0.0049169962
0.026928853;0.026173914;0.0049169962
0.028905138;0.026173914;0.0049169962
0.028905138;0.026173914;0.012822134
0.030881424;0.028150197;0.012822134
0.028905138;0.026173914;0.012822134
0.028905138;0.028150197;0.0049169962
0.028905138;0.026173914;0.012822134
0.028905138;0.028150197;0.012822134
0.028905138;0.028150197;0.012822134
0.028905138;0.028150197;0.012822134
0.030881424;0.028150197;0.012822134
0.028905138;0.028150197;0.012822134
0.028905138;0.028150197;0.0049169962
0.030881424;0.028150197;0.012822134
0.030881424;0.028150197;0.012822134
0.030881424;0.028150197;0.0049169962
0.030881424;0.030126482;0.012822134
0.030881424;0.028150197;0.012822134
0.030881424;0.028150197;0.012822134
0.030881424;0.028150197;0.0049169962
0.030881424;0.030126482;0.012822134
0.032857709;0.030126482;0.012822134
0.030881424;0.030126482;0.0049169962
0.030881424;0.030126482;0.012822134
0.030881424;0.030126482;0.0049169962
0.030881424;0.030126482;0.0049169962
0.030881424;0.030126482;0.0049169962
0.030881424;0.028150197;0.0049169962
0.030881424;0.030126482;0.0049169962
0.032857709;0.030126482;0.012822134
0.032857709;0.030126482;0.0049169962
0.030881424;0.028150197;0.012822134
0.032857709;0.030126482;0.012822134
0.032857709;0.032102767;0.012822134
0.032857709;0.030126482;0.0049169962
0.032857709;0.030126482;0.0049169962
0.032857709;0.032102767;0.012822134
0.032857709;0.030126482;0.0049169962
0.032857709;0.032102767;0.012822134
0.032857709;0.030126482;0.012822134
0.032857709;0.032102767;0.012822134
0.032857709;0.030126482;0.0049169962
0.032857709;0.032102767;0.0049169962
0.032857709;0.032102767;0.0049169962
0.032857709;0.032102767;0.012822134
0.032857709;0.032102767;0.012822134
0.034833994;0.032102767;0.0049169962
0.034833994;0.032102767;0.012822134
0.034833994;0.032102767;0.012822134
0.034833994;0.032102767;0.012822134
0.034833994;0.032102767;0.012822134
0.032857709;0.034079053;0.0049169962
0.034833994;0.032102767;0.012822134
0.034833994;0.034079053;0.012822134
0.034833994;0.034079053;0.0049169962
0.036810275;0.034079053;0.0049169962
0.034833994;0.032102767;0.012822134
0.034833994;0.034079053;0.012822134
0.034833994;0.034079053;0.012822134
0.034833994;0.034079053;0.012822134
0.036810275;0.034079053;0.0049169962
0.034833994;0.034079053;0.012822134
0.036810275;0.034079053;0.0049169962
0.036810275;0.034079053;0.0049169962
0.036810275;0.034079053;0.012822134
0.034833994;0.034079053;0.0049169962
0.036810275;0.034079053;0.0049169962
0.036810275;0.034079053;0.012822134
0.036810275;0.034079053;0.0049169962
0.034833994;0.036055338;0.012822134
0.036810275;0.034079053;0.0049169962
0.036810275;0.036055338;0.012822134
0.03878656;0.034079053;0.012822134
0.036810275;0.036055338;0.012822134
0.036810275;0.036055338;0.012822134
0.03878656;0.036055338;0.0049169962
0.036810275;0.036055338;0.0049169962
0.03878656;0.036055338;0.012822134
0.03878656;0.036055338;0.012822134
0.03878656;0.036055338;0.0049169962
0.03878656;0.036055338;0.012822134
0.03878656;0.036055338;0.012822134
0.03878656;0.036055338;0.012822134
0.03878656;0.038031619;0.012822134
0.03878656;0.038031619;0.012822134
0.03878656;0.038031619;0.012822134
0.03878656;0.038031619;0.0049169962
0.03878656;0.036055338;0.012822134
0.03878656;0.038031619;0.012822134
0.03878656;0.038031619;0.0049169962
0.040762845;0.036055338;0.0049169962
0.03878656;0.038031619;0.0049169962
0.040762845;0.038031619;0.012822134
0.03878656;0.038031619;0.012822134
0.040762845;0.038031619;0.0049169962
0.03878656;0.038031619;0.012822134
0.040762845;0.038031619;0.012822134
0.040762845;0.038031619;0.012822134
0.040762845;0.038031619;0.012822134
0.040762845;0.038031619;0.0049169962
0.03878656;0.040007904;0.012822134
0.040762845;0.038031619;0.0049169962
0.040762845;0.038031619;0.012822134
0.040762845;0.040007904;0.0049169962
0.040762845;0.040007904;0.012822134
0.040762845;0.038031619;0.012822134
0.040762845;0.038031619;0.0049169962
0.042739131;0.038031619;0.012822134
0.042739131;0.040007904;0.0049169962
0.040762845;0.040007904;0.012822134
0.040762845;0.040007904;0.0049169962
0.042739131;0.040007904;0.012822134
0.040762845;0.040007904;0.012822134
0.042739131;0.040007904;0.0049169962
0.042739131;0.040007904;0.012822134
0.042739131;0.040007904;0.0049169962
0.042739131;0.040007904;0.012822134
0.040762845;0.040007904;0.012822134
0.042739131;0.041984189;0.012822134
0.044715416;0.041984189;0.012822134
0.042739131;0.040007904;0.012822134
0.042739131;0.041984189;0.012822134
0.042739131;0.041984189;0.012822134
0.042739131;0.041984189;0.012822134
0.042739131;0.041984189;0.0049169962
0.044715416;0.041984189;0.0049169962
0.044715416;0.041984189;0.0049169962
0.042739131;0.041984189;0.0049169962
0.044715416;0.041984189;0.0049169962
0.042739131;0.041984189;0.012822134
0.042739131;0.041984189;0.012822134
0.042739131;0.041984189;0.0049169962
0.042739131;0.041984189;0.0049169962
0.044715416;0.041984189;0.012822134
0.042739131;0.041984189;0.0049169962
0.044715416;0.041984189;0.012822134
0.044715416;0.041984189;0.012822134
0.042739131;0.041984189;0.0049169962
0.044715416;0.041984189;0.012822134
0.042739131;0.041984189;0.0049169962
0.044715416;0.041984189;0.012822134
0.044715416;0.041984189;0.0049169962
0.044715416;0.043960474;0.012822134
0.042739131;0.043960474;0.0049169962
0.042739131;0.041984189;0.0049169962
0.044715416;0.043960474;0.012822134
0.044715416;0.043960474;0.0049169962
0.046691701;0.043960474;0.012822134
0.046691701;0.043960474;0.012822134
0.044715416;0.043960474;0.0049169962
0.046691701;0.043960474;0.0049169962
0.044715416;0.043960474;0.012822134
0.046691701;0.043960474;0.0049169962
0.046691701;0.04593676;0.012822134
0.046691701;0.043960474;0.0049169962
0.046691701;0.043960474;0.0049169962
0.046691701;0.041984189;0.0049169962
0.046691701;0.043960474;0.0049169962
0.046691701;0.043960474;0.0049169962
0.046691701;0.043960474;0.0049169962
0.048667986;0.043960474;0.012822134
0.048667986;0.043960474;0.0049169962
0.046691701;0.04593676;0.012822134
0.048667986;0.04593676;0.012822134
0.048667986;0.04593676;0.0049169962
0.046691701;0.04593676;0.012822134
0.048667986;0.04593676;0.012822134
0.046691701;0.04593676;0.0049169962
0.046691701;0.04593676;0.0049169962
0.048667986;0.04593676;0.012822134
0.048667986;0.047913045;0.0049169962
0.048667986;0.04593676;0.012822134
0.046691701;0.04593676;0.012822134
0.048667986;0.047913045;0.012822134
0.048667986;0.047913045;0.012822134
0.048667986;0.04593676;0.0049169962
0.048667986;0.04593676;0.012822134
0.048667986;0.047913045;0.012822134
0.048667986;0.047913045;0.0049169962
0.048667986;0.047913045;0.012822134
0.048667986;0.047913045;0.0049169962
0.048667986;0.047913045;0.012822134
0.048667986;0.047913045;0.012822134
0.050644267;0.047913045;0.0049169962
0.050644267;0.047913045;0.012822134
0.048667986;0.047913045;0.0049169962
0.048667986;0.047913045;0.0049169962
0.050644267;0.047913045;0.0049169962
0.050644267;0.047913045;0.0049169962
0.048667986;0.047913045;0.012822134
0.050644267;0.04988933;0.012822134
0.050644267;0.047913045;0.0049169962
0.048667986;0.047913045;0.012822134
0.050644267;0.047913045;0.012822134
0.050644267;0.047913045;0.0049169962
0.050644267;0.047913045;0.0049169962
0.050644267;0.04988933;0.0049169962
0.050644267;0.04988933;0.012822134
0.050644267;0.04988933;0.0049169962
0.050644267;0.047913045;0.0049169962
0.052620552;0.047913045;0.0049169962
0.050644267;0.047913045;0.0049169962
0.050644267;0.04988933;0.012822134
0.052620552;0.04988933;0.0049169962
0.052620552;0.04988933;0.0049169962
0.050644267;0.04988933;0.0049169962
0.052620552;0.04988933;0.012822134
0.052620552;0.04988933;0.012822134
0.052620552;0.04988933;0.0049169962
0.052620552;0.047913045;0.012822134
0.052620552;0.04988933;0.012822134
0.052620552;0.04988933;0.0049169962
0.054596838;0.04988933;0.0049169962
0.054596838;0.051865611;0.0049169962
0.054596838;0.051865611;0.0049169962
0.052620552;0.04988933;0.0049169962
0.054596838;0.04988933;0.0049169962
0.052620552;0.04988933;0.012822134
0.052620552;0.04988933;0.012822134
0.054596838;0.04988933;0.0049169962
0.052620552;0.04988933;0.0049169962
0.054596838;0.04988933;0.0049169962
0.054596838;0.04988933;0.0049169962
0.054596838;0.04988933;0.0049169962
0.054596838;0.04988933;0.012822134
0.054596838;0.051865611;0.0049169962
0.054596838;0.051865611;0.0049169962
0.054596838;0.051865611;0.012822134
0.054596838;0.051865611;0.012822134
0.054596838;0.051865611;0.0049169962
0.054596838;0.051865611;0.0049169962
0.054596838;0.051865611;0.012822134
0.054596838;0.053841896;0.0049169962
0.054596838;0.051865611;0.012822134
0.054596838;0.051865611;0.012822134
0.054596838;0.051865611;0.012822134
0.054596838;0.051865611;0.012822134
0.056573123;0.051865611;0.012822134
0.056573123;0.051865611;0.0049169962
0.054596838;0.051865611;0.0049169962
0.054596838;0.051865611;0.0049169962
0.054596838;0.051865611;0.012822134
0.056573123;0.053841896;0.0049169962
0.056573123;0.053841896;0.012822134
0.056573123;0.053841896;0.0049169962
0.056573123;0.053841896;0.012822134
0.054596838;0.053841896;0.012822134
0.056573123;0.053841896;0.0049169962
0.056573123;0.053841896;0.012822134
0.056573123;0.053841896;0.0049169962
0.056573123;0.053841896;0.0049169962
0.056573123;0.053841896;0.0049169962
0.056573123;0.051865611;0.0049169962
0.056573123;0.053841896;0.012822134
0.056573123;0.053841896;0.0049169962
0.054596838;0.053841896;0.012822134
0.056573123;0.053841896;0.0049169962
0.058549408;0.053841896;0.012822134
0.056573123;0.053841896;0.0049169962
0.056573123;0.053841896;0.0049169962
0.056573123;0.053841896;0.012822134
0.056573123;0.053841896;0.0049169962
0.056573123;0.053841896;0.012822134
0.058549408;0.053841896;0.0049169962
0.058549408;0.053841896;0.0049169962
0.058549408;0.055818181;0.0049169962
0.058549408;0.053841896;0.012822134
0.058549408;0.053841896;0.0049169962
0.058549408;0.055818181;0.012822134
0.058549408;0.053841896;0.012822134
0.056573123;0.055818181;0.012822134
0.058549408;0.053841896;0.012822134
0.056573123;0.055818181;0.012822134
0.056573123;0.055818181;0.0049169962
0.058549408;0.055818181;0.012822134
0.058549408;0.053841896;0.012822134
0.060525693;0.057794467;0.0049169962
0.058549408;0.055818181;0.012822134
0.058549408;0.055818181;0.0049169962
0.058549408;0.055818181;0.012822134
0.058549408;0.057794467;0.012822134
0.058549408;0.057794467;0.012822134
0.058549408;0.057794467;0.0049169962
0.058549408;0.057794467;0.012822134
0.058549408;0.055818181;0.012822134
0.058549408;0.055818181;0.0049169962
0.060525693;0.057794467;0.0049169962
0.060525693;0.055818181;0.012822134
0.060525693;0.055818181;0.0049169962
0.060525693;0.057794467;0.012822134
0.060525693;0.057794467;0.0049169962
0.060525693;0.057794467;0.0049169962
0.060525693;0.057794467;0.012822134
0.058549408;0.055818181;0.0049169962
0.060525693;0.057794467;0.012822134
0.060525693;0.057794467;0.012822134
0.060525693;0.057794467;0.012822134
0.062501974;0.057794467;0.012822134
0.058549408;0.057794467;0.0049169962
0.060525693;0.057794467;0.012822134
0.060525693;0.057794467;0.012822134
0.060525693;0.057794467;0.0049169962
0.060525693;0.059770752;0.0049169962
0.060525693;0.057794467;0.0049169962
0.060525693;0.057794467;0.012822134
0.060525693;0.057794467;0.012822134
0.062501974;0.057794467;0.012822134
0.062501974;0.057794467;0.012822134
0.060525693;0.057794467;0.012822134
0.060525693;0.059770752;0.012822134
0.062501974;0.059770752;0.0049169962
0.062501974;0.059770752;0.0049169962
0.060525693;0.057794467;0.0049169962
0.062501974;0.059770752;0.0049169962
0.062501974;0.059770752;0.012822134
0.062501974;0.059770752;0.0049169962
0.062501974;0.059770752;0.012822134
0.062501974;0.059770752;0.0049169962
0.062501974;0.057794467;0.0049169962
0.062501974;0.057794467;0.0049169962
0.062501974;0.059770752;0.0049169962
0.062501974;0.059770752;0.012822134
0.062501974;0.059770752;0.0049169962
0.062501974;0.059770752;0.0049169962
0.062501974;0.059770752;0.012822134
0.062501974;0.057794467;0.0049169962
0.062501974;0.059770752;0.012822134
0.062501974;0.059770752;0.0049169962
0.062501974;0.059770752;0.012822134
0.062501974;0.059770752;0.0049169962
0.062501974;0.061747037;0.0049169962
0.062501974;0.061747037;0.0049169962
0.064478263;0.059770752;0.0049169962
0.062501974;0.059770752;0.0049169962
0.062501974;0.059770752;0.012822134
0.064478263;0.059770752;0.012822134
0.064478263;0.059770752;0.012822134
0.064478263;0.059770752;0.0049169962
0.064478263;0.061747037;0.012822134
0.064478263;0.061747037;0.012822134
0.064478263;0.061747037;0.0049169962
0.064478263;0.061747037;0.012822134
0.062501974;0.061747037;0.0049169962
0.064478263;0.059770752;0.012822134
0.062501974;0.059770752;0.0049169962
0.062501974;0.061747037;0.012822134
0.064478263;0.061747037;0.0049169962
0.064478263;0.061747037;0.0049169962
0.064478263;0.061747037;0.012822134
0.064478263;0.061747037;0.012822134
0.064478263;0.061747037;0.012822134
0.064478263;0.061747037;0.012822134
0.064478263;0.061747037;0.0049169962
0.064478263;0.059770752;0.0049169962
0.064478263;0.059770752;0.0049169962
0.066454545;0.061747037;0.0049169962
0.064478263;0.061747037;0.012822134
0.064478263;0.061747037;0.012822134
0.064478263;0.061747037;0.012822134
0.062501974;0.061747037;0.012822134
0.064478263;0.061747037;0.012822134
0.064478263;0.061747037;0.0049169962
0.064478263;0.061747037;0.0049169962
0.066454545;0.061747037;0.012822134
0.064478263;0.061747037;0.0049169962
0.066454545;0.063723318;0.0049169962
0.064478263;0.061747037;0.012822134
0.064478263;0.061747037;0.012822134
0.064478263;0.061747037;0.012822134
0.066454545;0.061747037;0.0049169962
0.064478263;0.061747037;0.012822134
0.064478263;0.061747037;0.012822134
0.066454545;0.061747037;0.0049169962
0.066454545;0.061747037;0.012822134
0.066454545;0.061747037;0.0049169962
0.064478263;0.061747037;0.0049169962
0.066454545;0.063723318;0.0049169962
0.066454545;0.063723318;0.012822134
0.066454545;0.061747037;0.0049169962
0.066454545;0.063723318;0.0049169962
0.066454545;0.063723318;0.012822134
0.064478263;0.063723318;0.012822134
0.066454545;0.063723318;0.0049169962
0.064478263;0.065699607;0.012822134
0.066454545;0.063723318;0.012822134
0.064478263;0.063723318;0.0049169962
0.066454545;0.063723318;0.0049169962
0.066454545;0.063723318;0.0049169962
0.068430834;0.063723318;0.0049169962
0.066454545;0.063723318;0.0049169962
0.066454545;0.063723318;0.0049169962
0.066454545;0.065699607;0.0049169962
0.066454545;0.061747037;0.0049169962
0.066454545;0.063723318;0.012822134
0.066454545;0.063723318;0.0049169962
0.066454545;0.065699607;0.0049169962
0.068430834;0.063723318;0.012822134
0.066454545;0.065699607;0.012822134
0.066454545;0.065699607;0.0049169962
0.068430834;0.063723318;0.0049169962
0.066454545;0.063723318;0.012822134
0.068430834;0.063723318;0.012822134
0.066454545;0.063723318;0.012822134
0.066454545;0.065699607;0.0049169962
0.066454545;0.065699607;0.012822134
0.066454545;0.065699607;0.0049169962
0.066454545;0.065699607;0.0049169962
0.068430834;0.065699607;0.0049169962
0.068430834;0.065699607;0.0049169962
0.066454545;0.063723318;0.0049169962
0.068430834;0.065699607;0.0049169962
0.068430834;0.065699607;0.012822134
0.066454545;0.065699607;0.012822134
0.068430834;0.065699607;0.012822134
0.068430834;0.065699607;0.0049169962
0.068430834;0.065699607;0.012822134
0.068430834;0.065699607;0.0049169962
0.068430834;0.065699607;0.012822134
0.068430834;0.065699607;0.012822134
0.068430834;0.065699607;0.0049169962
0.068430834;0.065699607;0.0049169962
0.066454545;0.065699607;0.012822134
0.068430834;0.065699607;0.012822134
0.070407115;0.065699607;0.012822134
0.068430834;0.063723318;0.0049169962
0.068430834;0.063723318;0.0049169962
0.068430834;0.065699607;0.012822134
0.068430834;0.067675889;0.0049169962
0.068430834;0.067675889;0.0049169962
0.068430834;0.065699607;0.0049169962
0.066454545;0.067675889;0.012822134
0.068430834;0.065699607;0.0049169962
0.068430834;0.065699607;0.012822134
0.068430834;0.067675889;0.012822134
0.068430834;0.065699607;0.012822134
0.068430834;0.065699607;0.0049169962
0.068430834;0.067675889;0.012822134
0.070407115;0.065699607;0.012822134
0.068430834;0.065699607;0.012822134
0.068430834;0.065699607;0.0049169962
0.070407115;0.065699607;0.0049169962
0.070407115;0.065699607;0.0049169962
0.066454545;0.065699607;0.0049169962
0.068430834;0.065699607;0.0049169962
0.068430834;0.065699607;0.0049169962
0.070407115;0.067675889;0.0049169962
0.070407115;0.065699607;0.0049169962
0.068430834;0.065699607;0.0049169962
0.070407115;0.065699607;0.0049169962
0.070407115;0.065699607;0.0049169962
0.070407115;0.067675889;0.012822134
0.070407115;0.067675889;0.012822134
0.070407115;0.065699607;0.0049169962
0.072383396;0.067675889;0.0049169962
0.068430834;0.067675889;0.012822134
0.070407115;0.067675889;0.0049169962
0.070407115;0.065699607;0.0049169962
0.070407115;0.067675889;0.0049169962
0.070407115;0.067675889;0.012822134
0.070407115;0.067675889;0.012822134
0.068430834;0.065699607;0.012822134
0.070407115;0.067675889;0.012822134
0.068430834;0.067675889;0.012822134
0.070407115;0.067675889;0.012822134
0.070407115;0.067675889;0.012822134
0.070407115;0.067675889;0.0049169962
0.070407115;0.067675889;0.0049169962
0.070407115;0.067675889;0.012822134
0.072383396;0.067675889;0.012822134
0.070407115;0.067675889;0.0049169962
0.070407115;0.065699607;0.0049169962
0.070407115;0.067675889;0.0049169962
0.070407115;0.067675889;0.012822134
0.070407115;0.067675889;0.0049169962
0.070407115;0.065699607;0.0049169962
0.070407115;0.067675889;0.0049169962
0.070407115;0.067675889;0.0049169962
0.070407115;0.067675889;0.012822134
0.072383396;0.067675889;0.012822134
0.070407115;0.067675889;0.0049169962
0.072383396;0.069652177;0.012822134
0.070407115;0.067675889;0.012822134
0.070407115;0.067675889;0.012822134
0.072383396;0.067675889;0.012822134
0.070407115;0.067675889;0.012822134
0.070407115;0.067675889;0.0049169962
0.070407115;0.067675889;0.0049169962
0.070407115;0.067675889;0.012822134
0.072383396;0.067675889;0.0049169962
0.070407115;0.067675889;0.012822134
0.070407115;0.067675889;0.012822134
0.072383396;0.067675889;0.012822134
0.072383396;0.067675889;0.0049169962
0.072383396;0.067675889;0.012822134
0.070407115;0.067675889;0.012822134
0.070407115;0.067675889;0.012822134
0.070407115;0.069652177;0.012822134
0.072383396;0.067675889;0.012822134
0.070407115;0.067675889;0.012822134
0.072383396;0.067675889;0.012822134
0.070407115;0.067675889;0.012822134
0.072383396;0.067675889;0.012822134
0.072383396;0.067675889;0.0049169962
0.070407115;0.069652177;0.0049169962
0.072383396;0.069652177;0.012822134
0.070407115;0.067675889;0.0049169962
0.070407115;0.069652177;0.0049169962
0.072383396;0.069652177;0.0049169962
0.072383396;0.069652177;0.0049169962
0.070407115;0.069652177;0.012822134
0.070407115;0.069652177;0.012822134
0.070407115;0.067675889;0.012822134
0.070407115;0.069652177;0.0049169962
0.070407115;0.069652177;0.012822134
0.070407115;0.069652177;0.012822134
0.070407115;0.069652177;0.0049169962
0.072383396;0.069652177;0.012822134
0.070407115;0.069652177;0.012822134
0.072383396;0.067675889;0.0049169962
0.070407115;0.069652177;0.0049169962
0.070407115;0.067675889;0.0049169962
0.072383396;0.067675889;0.012822134
0.072383396;0.067675889;0.0049169962
0.070407115;0.067675889;0.012822134
0.072383396;0.069652177;0.0049169962
0.072383396;0.067675889;0.012822134
0.072383396;0.069652177;0.0049169962
0.072383396;0.067675889;0.0049169962
0.072383396;0.069652177;0.012822134
0.072383396;0.067675889;0.0049169962
0.070407115;0.067675889;0.012822134
0.072383396;0.067675889;0.0049169962
0.072383396;0.069652177;0.0049169962
0.072383396;0.067675889;0.0049169962
0.070407115;0.067675889;0.0049169962
0.072383396;0.069652177;0.0049169962
0.074359685;0.069652177;0.0049169962
0.072383396;0.069652177;0.012822134
0.072383396;0.069652177;0.0049169962
0.072383396;0.067675889;0.0049169962
0.070407115;0.069652177;0.0049169962
0.072383396;0.067675889;0.0049169962
0.070407115;0.069652177;0.012822134
0.070407115;0.069652177;0.012822134
0.072383396;0.069652177;0.0049169962
0.072383396;0.069652177;0.012822134
0.072383396;0.069652177;0.0049169962
0.072383396;0.069652177;0.0049169962
0.070407115;0.067675889;0.0049169962
0.072383396;0.069652177;0.0049169962
0.072383396;0.069652177;0.0049169962
0.072383396;0.069652177;0.012822134
0.072383396;0.069652177;0.012822134
0.070407115;0.069652177;0.012822134
0.072383396;0.067675889;0.012822134
0.072383396;0.069652177;0.012822134
0.070407115;0.069652177;0.0049169962
0.070407115;0.069652177;0.0049169962
0.072383396;0.069652177;0.0049169962
0.070407115;0.069652177;0.0049169962
0.070407115;0.069652177;0.0049169962
0.070407115;0.069652177;0.0049169962
0.074359685;0.069652177;0.0049169962
0.072383396;0.067675889;0.0049169962
0.072383396;0.069652177;0.0049169962
0.072383396;0.069652177;0.012822134
0.072383396;0.069652177;0.0049169962
0.072383396;0.069652177;0.012822134
0.072383396;0.069652177;0.0049169962
0.072383396;0.069652177;0.0049169962
0.072383396;0.069652177;0.0049169962
0.072383396;0.069652177;0.012822134
0.070407115;0.069652177;0.012822134
0.070407115;0.069652177;0.0049169962
0.072383396;0.069652177;0.012822134
0.072383396;0.069652177;0.0049169962
0.072383396;0.067675889;0.012822134
0.072383396;0.069652177;0.0049169962
0.072383396;0.067675889;0.0049169962
0.072383396;0.069652177;0.012822134
0.072383396;0.069652177;0.012822134
0.072383396;0.069652177;0.012822134
0.070407115;0.067675889;0.0049169962
0.072383396;0.069652177;0.012822134
0.072383396;0.069652177;0.0049169962
0.070407115;0.067675889;0.012822134
0.072383396;0.069652177;0.012822134
0.072383396;0.067675889;0.012822134
0.072383396;0.069652177;0.012822134
0.072383396;0.067675889;0.0049169962
0.072383396;0.069652177;0.012822134
0.072383396;0.069652177;0.0049169962
0.070407115;0.067675889;0.0049169962
0.072383396;0.067675889;0.0049169962
0.070407115;0.067675889;0.012822134
0.070407115;0.069652177;0.0049169962
0.072383396;0.069652177;0.012822134
0.070407115;0.069652177;0.012822134
0.072383396;0.069652177;0.012822134
0.070407115;0.069652177;0.012822134
0.072383396;0.069652177;0.012822134
0.072383396;0.069652177;0.0049169962
0.072383396;0.069652177;0.012822134
0.070407115;0.069652177;0.0049169962
0.072383396;0.069652177;0.0049169962
0.070407115;0.071628459;0.0049169962
0.070407115;0.069652177;0.012822134
0.072383396;0.069652177;0.0049169962
0.072383396;0.069652177;0.0049169962
0.072383396;0.067675889;0.0049169962
0.072383396;0.069652177;0.012822134
0.072383396;0.067675889;0.012822134
0.070407115;0.069652177;0.0049169962
0.070407115;0.069652177;0.0049169962
0.070407115;0.069652177;0.012822134
0.072383396;0.067675889;0.012822134
0.072383396;0.069652177;0.0049169962
0.072383396;0.069652177;0.0049169962
0.072383396;0.069652177;0.0049169962
0.072383396;0.067675889;0.012822134
0.070407115;0.067675889;0.012822134
0.070407115;0.069652177;0.0049169962
0.072383396;0.067675889;0.012822134
0.070407115;0.069652177;0.0049169962
0.070407115;0.069652177;0.0049169962
0.070407115;0.069652177;0.0049169962
0.072383396;0.069652177;0.0049169962
0.070407115;0.069652177;0.012822134
0.070407115;0.069652177;0.012822134
0.070407115;0.069652177;0.0049169962
0.070407115;0.067675889;0.0049169962
0.070407115;0.069652177;0.0049169962
0.070407115;0.069652177;0.012822134
0.072383396;0.069652177;0.0049169962
0.072383396;0.067675889;0.0049169962
0.070407115;0.067675889;0.0049169962
0.070407115;0.067675889;0.0049169962
0.072383396;0.067675889;0.012822134
0.072383396;0.067675889;0.012822134
0.070407115;0.069652177;0.012822134
0.070407115;0.067675889;0.012822134
0.072383396;0.067675889;0.0049169962
0.072383396;0.067675889;0.012822134
0.070407115;0.067675889;0.012822134
0.070407115;0.067675889;0.012822134
0.070407115;0.067675889;0.012822134
0.070407115;0.069652177;0.0049169962
0.070407115;0.069652177;0.012822134
0.070407115;0.067675889;0.012822134
0.070407115;0.067675889;0.0049169962
0.070407115;0.069652177;0.012822134
0.072383396;0.067675889;0.012822134
0.070407115;0.067675889;0.0049169962
0.070407115;0.067675889;0.0049169962
0.070407115;0.067675889;0.012822134
0.070407115;0.067675889;0.0049169962
0.070407115;0.067675889;0.0049169962
0.070407115;0.067675889;0.0049169962
0.072383396;0.069652177;0.012822134
0.070407115;0.067675889;0.012822134
0.070407115;0.067675889;0.0049169962
0.072383396;0.067675889;0.012822134
0.070407115;0.067675889;0.012822134
0.070407115;0.067675889;0.0049169962
0.068430834;0.069652177;0.0049169962
0.070407115;0.067675889;0.012822134
0.070407115;0.069652177;0.0049169962
0.070407115;0.067675889;0.0049169962
0.070407115;0.067675889;0.012822134
0.070407115;0.069652177;0.012822134
0.072383396;0.067675889;0.0049169962
0.070407115;0.067675889;0.012822134
0.070407115;0.067675889;0.012822134
0.070407115;0.067675889;0.012822134
0.070407115;0.067675889;0.0049169962
0.070407115;0.067675889;0.012822134
0.070407115;0.067675889;0.012822134
0.070407115;0.067675889;0.012822134
0.070407115;0.067675889;0.0049169962
0.070407115;0.067675889;0.012822134
0.070407115;0.067675889;0.0049169962
0.070407115;0.067675889;0.0049169962
0.070407115;0.067675889;0.012822134
0.070407115;0.067675889;0.012822134
0.068430834;0.067675889;0.012822134
0.070407115;0.067675889;0.0049169962
0.070407115;0.067675889;0.0049169962
0.068430834;0.067675889;0.012822134
0.070407115;0.067675889;0.0049169962
0.068430834;0.067675889;0.0049169962
0.070407115;0.069652177;0.012822134
0.070407115;0.067675889;0.0049169962
0.068430834;0.065699607;0.0049169962
0.070407115;0.069652177;0.012822134
0.070407115;0.067675889;0.0049169962
0.068430834;0.067675889;0.0049169962
0.070407115;0.067675889;0.0049169962
0.070407115;0.067675889;0.012822134
0.070407115;0.067675889;0.0049169962
0.068430834;0.067675889;0.012822134
0.070407115;0.067675889;0.012822134
0.068430834;0.067675889;0.0049169962
0.070407115;0.067675889;0.0049169962
0.070407115;0.067675889;0.012822134
0.070407115;0.067675889;0.0049169962
0.068430834;0.067675889;0.012822134
0.068430834;0.067675889;0.0049169962
0.068430834;0.067675889;0.012822134
0.068430834;0.067675889;0.0049169962
0.068430834;0.065699607;0.0049169962
0.068430834;0.067675889;0.012822134
0.068430834;0.065699607;0.0049169962
0.068430834;0.065699607;0.0049169962
0.068430834;0.065699607;0.012822134
0.068430834;0.067675889;0.012822134
0.068430834;0.067675889;0.0049169962
0.070407115;0.067675889;0.012822134
0.068430834;0.065699607;0.012822134
0.068430834;0.065699607;0.0049169962
0.070407115;0.065699607;0.0049169962
0.068430834;0.065699607;0.0049169962
0.068430834;0.067675889;0.0049169962
0.068430834;0.067675889;0.012822134
0.066454545;0.065699607;0.0049169962
0.068430834;0.065699607;0.012822134
0.070407115;0.065699607;0.0049169962
0.068430834;0.065699607;0.012822134
0.068430834;0.067675889;0.012822134
0.066454545;0.065699607;0.0049169962
0.068430834;0.065699607;0.012822134
0.068430834;0.065699607;0.012822134
0.068430834;0.065699607;0.0049169962
0.066454545;0.065699607;0.0049169962
0.068430834;0.065699607;0.012822134
0.068430834;0.065699607;0.012822134
0.066454545;0.067675889;0.0049169962
0.066454545;0.065699607;0.0049169962
0.068430834;0.065699607;0.012822134
0.068430834;0.065699607;0.012822134
0.068430834;0.067675889;0.012822134
0.066454545;0.065699607;0.0049169962
0.068430834;0.065699607;0.012822134
0.068430834;0.065699607;0.0049169962
0.066454545;0.065699607;0.0049169962
0.068430834;0.065699607;0.012822134
0.066454545;0.063723318;0.0049169962
0.068430834;0.065699607;0.012822134
0.066454545;0.065699607;0.0049169962
0.066454545;0.065699607;0.012822134
0.066454545;0.063723318;0.012822134
0.066454545;0.065699607;0.0049169962
0.068430834;0.067675889;0.012822134
0.066454545;0.065699607;0.012822134
0.066454545;0.065699607;0.012822134
0.066454545;0.065699607;0.0049169962
0.066454545;0.065699607;0.0049169962
0.066454545;0.063723318;0.0049169962
0.068430834;0.063723318;0.012822134
0.068430834;0.063723318;0.012822134
0.066454545;0.063723318;0.012822134
0.066454545;0.063723318;0.012822134
0.066454545;0.063723318;0.012822134
0.066454545;0.063723318;0.012822134
0.066454545;0.063723318;0.0049169962
0.066454545;0.065699607;0.0049169962
0.068430834;0.065699607;0.0049169962
0.066454545;0.063723318;0.0049169962
0.066454545;0.063723318;0.0049169962
0.066454545;0.063723318;0.012822134
0.066454545;0.063723318;0.012822134
0.064478263;0.063723318;0.012822134
0.068430834;0.063723318;0.0049169962
0.066454545;0.063723318;0.012822134
0.066454545;0.063723318;0.012822134
0.066454545;0.063723318;0.0049169962
0.066454545;0.063723318;0.0049169962
0.066454545;0.063723318;0.0049169962
0.066454545;0.063723318;0.0049169962
0.066454545;0.063723318;0.012822134
0.064478263;0.063723318;0.0049169962
0.066454545;0.063723318;0.012822134
0.066454545;0.061747037;0.012822134
0.064478263;0.063723318;0.0049169962
0.064478263;0.063723318;0.012822134
0.064478263;0.063723318;0.0049169962
0.064478263;0.063723318;0.0049169962
0.064478263;0.063723318;0.012822134
0.064478263;0.061747037;0.0049169962
0.064478263;0.063723318;0.012822134
0.064478263;0.063723318;0.012822134
0.066454545;0.061747037;0.012822134
0.064478263;0.061747037;0.0049169962
0.064478263;0.061747037;0.0049169962
0.064478263;0.061747037;0.012822134
0.064478263;0.063723318;0.0049169962
0.066454545;0.061747037;0.012822134
0.064478263;0.061747037;0.012822134
0.064478263;0.061747037;0.012822134
0.066454545;0.063723318;0.0049169962
0.064478263;0.061747037;0.012822134
0.064478263;0.059770752;0.0049169962
0.064478263;0.063723318;0.0049169962
0.062501974;0.061747037;0.0049169962
0.064478263;0.061747037;0.0049169962
0.064478263;0.061747037;0.0049169962
0.064478263;0.063723318;0.012822134
0.062501974;0.061747037;0.012822134
0.064478263;0.061747037;0.012822134
0.062501974;0.061747037;0.0049169962
0.064478263;0.061747037;0.0049169962
0.064478263;0.061747037;0.012822134
0.062501974;0.061747037;0.012822134
0.064478263;0.061747037;0.012822134
0.062501974;0.061747037;0.0049169962
0.062501974;0.061747037;0.0049169962
0.062501974;0.059770752;0.012822134
0.064478263;0.059770752;0.0049169962
0.064478263;0.061747037;0.012822134
0.062501974;0.061747037;0.012822134
0.062501974;0.061747037;0.012822134
0.062501974;0.061747037;0.0049169962
0.062501974;0.059770752;0.0049169962
0.062501974;0.061747037;0.012822134
0.062501974;0.059770752;0.0049169962
0.062501974;0.059770752;0.012822134
0.060525693;0.059770752;0.0049169962
0.062501974;0.059770752;0.012822134
0.062501974;0.059770752;0.012822134
0.062501974;0.059770752;0.0049169962
0.062501974;0.059770752;0.0049169962
0.062501974;0.059770752;0.0049169962
0.060525693;0.059770752;0.0049169962
0.062501974;0.061747037;0.0049169962
0.062501974;0.059770752;0.012822134
0.062501974;0.059770752;0.0049169962
0.060525693;0.061747037;0.0049169962
0.060525693;0.059770752;0.0049169962
0.060525693;0.059770752;0.012822134
0.060525693;0.057794467;0.012822134
0.060525693;0.057794467;0.012822134
0.062501974;0.057794467;0.012822134
0.060525693;0.059770752;0.0049169962
0.060525693;0.057794467;0.0049169962
0.060525693;0.057794467;0.0049169962
0.062501974;0.059770752;0.0049169962
0.060525693;0.057794467;0.0049169962
0.062501974;0.057794467;0.0049169962
0.060525693;0.057794467;0.012822134
0.060525693;0.059770752;0.0049169962
0.060525693;0.057794467;0.0049169962
0.062501974;0.057794467;0.012822134
0.062501974;0.057794467;0.012822134
0.060525693;0.057794467;0.0049169962
0.060525693;0.059770752;0.012822134
0.060525693;0.057794467;0.012822134
0.060525693;0.057794467;0.012822134
0.058549408;0.057794467;0.0049169962
0.060525693;0.059770752;0.012822134
0.060525693;0.057794467;0.0049169962
0.060525693;0.057794467;0.012822134
0.060525693;0.057794467;0.012822134
0.058549408;0.057794467;0.0049169962
0.058549408;0.057794467;0.0049169962
0.058549408;0.057794467;0.012822134
0.060525693;0.057794467;0.0049169962
0.060525693;0.057794467;0.012822134
0.058549408;0.057794467;0.0049169962
0.058549408;0.055818181;0.0049169962
0.058549408;0.057794467;0.0049169962
0.060525693;0.057794467;0.012822134
0.058549408;0.055818181;0.0049169962
0.060525693;0.055818181;0.012822134
0.058549408;0.057794467;0.012822134
0.058549408;0.055818181;0.012822134
0.058549408;0.055818181;0.012822134
0.056573123;0.055818181;0.0049169962
0.058549408;0.055818181;0.0049169962
0.060525693;0.055818181;0.0049169962
0.056573123;0.055818181;0.0049169962
0.058549408;0.055818181;0.0049169962
0.056573123;0.055818181;0.012822134
0.056573123;0.055818181;0.0049169962
0.056573123;0.055818181;0.012822134
0.058549408;0.055818181;0.0049169962
0.056573123;0.055818181;0.012822134
0.056573123;0.055818181;0.0049169962
0.056573123;0.053841896;0.0049169962
0.056573123;0.055818181;0.012822134
0.056573123;0.055818181;0.012822134
0.056573123;0.055818181;0.012822134
0.056573123;0.055818181;0.0049169962
0.058549408;0.055818181;0.012822134
0.056573123;0.053841896;0.0049169962
0.058549408;0.053841896;0.012822134
0.056573123;0.053841896;0.0049169962
0.054596838;0.055818181;0.012822134
0.056573123;0.053841896;0.012822134
0.054596838;0.053841896;0.012822134
0.056573123;0.055818181;0.0049169962
0.056573123;0.055818181;0.012822134
0.054596838;0.053841896;0.012822134
0.054596838;0.051865611;0.012822134
0.056573123;0.053841896;0.012822134
0.054596838;0.053841896;0.012822134
0.054596838;0.055818181;0.0049169962
0.054596838;0.053841896;0.012822134
0.056573123;0.053841896;0.0049169962
0.054596838;0.053841896;0.0049169962
0.054596838;0.053841896;0.012822134
0.054596838;0.053841896;0.012822134
0.054596838;0.051865611;0.012822134
0.054596838;0.053841896;0.012822134
0.056573123;0.051865611;0.012822134
0.054596838;0.051865611;0.012822134
0.054596838;0.051865611;0.0049169962
0.054596838;0.051865611;0.012822134
0.054596838;0.051865611;0.0049169962
0.054596838;0.051865611;0.0049169962
0.054596838;0.04988933;0.0049169962
0.054596838;0.053841896;0.0049169962
0.054596838;0.051865611;0.0049169962
0.054596838;0.051865611;0.0049169962
0.054596838;0.053841896;0.012822134
0.052620552;0.051865611;0.012822134
0.052620552;0.053841896;0.012822134
0.054596838;0.051865611;0.012822134
0.052620552;0.051865611;0.012822134
0.052620552;0.051865611;0.012822134
0.052620552;0.051865611;0.0049169962
0.052620552;0.04988933;0.0049169962
0.052620552;0.04988933;0.0049169962
0.054596838;0.051865611;0.0049169962
0.052620552;0.04988933;0.012822134
0.052620552;0.051865611;0.012822134
0.052620552;0.04988933;0.012822134
0.052620552;0.04988933;0.0049169962
0.052620552;0.04988933;0.0049169962
0.052620552;0.04988933;0.0049169962
0.052620552;0.051865611;0.0049169962
0.052620552;0.047913045;0.0049169962
0.052620552;0.04988933;0.0049169962
0.050644267;0.04988933;0.0049169962
0.050644267;0.04988933;0.012822134
0.050644267;0.04988933;0.0049169962
0.050644267;0.04988933;0.0049169962
0.050644267;0.04988933;0.0049169962
0.050644267;0.04988933;0.0049169962
0.052620552;0.04988933;0.0049169962
0.050644267;0.04988933;0.012822134
0.050644267;0.04988933;0.012822134
0.050644267;0.04988933;0.0049169962
0.050644267;0.047913045;0.0049169962
0.050644267;0.04988933;0.012822134
0.052620552;0.047913045;0.0049169962
0.050644267;0.047913045;0.012822134
0.052620552;0.047913045;0.0049169962
0.050644267;0.047913045;0.0049169962
0.050644267;0.047913045;0.0049169962
0.048667986;0.04988933;0.012822134
0.048667986;0.04988933;0.012822134
0.050644267;0.04988933;0.0049169962
0.050644267;0.04988933;0.012822134
0.050644267;0.047913045;0.0049169962
0.048667986;0.047913045;0.012822134
0.048667986;0.047913045;0.012822134
0.048667986;0.047913045;0.0049169962
0.048667986;0.047913045;0.012822134
0.048667986;0.047913045;0.0049169962
0.050644267;0.047913045;0.012822134
0.048667986;0.047913045;0.012822134
0.048667986;0.047913045;0.0049169962
0.048667986;0.047913045;0.0049169962
0.048667986;0.047913045;0.0049169962
0.048667986;0.047913045;0.0049169962
0.050644267;0.047913045;0.012822134
0.048667986;0.04593676;0.012822134
0.048667986;0.04593676;0.012822134
0.048667986;0.047913045;0.012822134
0.048667986;0.047913045;0.012822134
0.046691701;0.047913045;0.012822134
0.048667986;0.047913045;0.012822134
0.046691701;0.047913045;0.0049169962
0.046691701;0.04593676;0.012822134
0.046691701;0.04593676;0.012822134
0.048667986;0.04593676;0.012822134
0.046691701;0.04593676;0.012822134
0.046691701;0.04593676;0.012822134
0.046691701;0.04593676;0.0049169962
0.048667986;0.04593676;0.012822134
0.046691701;0.043960474;0.012822134
0.046691701;0.04593676;0.012822134
0.046691701;0.04593676;0.012822134
0.046691701;0.04593676;0.0049169962
0.048667986;0.04593676;0.012822134
0.046691701;0.04593676;0.012822134
0.046691701;0.04593676;0.0049169962
0.046691701;0.043960474;0.0049169962
0.046691701;0.04593676;0.012822134
0.046691701;0.043960474;0.012822134
0.046691701;0.043960474;0.0049169962
0.046691701;0.043960474;0.012822134
0.046691701;0.043960474;0.0049169962
0.044715416;0.043960474;0.0049169962
0.046691701;0.043960474;0.0049169962
0.046691701;0.043960474;0.0049169962
0.044715416;0.043960474;0.012822134
0.044715416;0.043960474;0.012822134
0.044715416;0.043960474;0.0049169962
0.044715416;0.043960474;0.012822134
0.044715416;0.043960474;0.012822134
0.046691701;0.043960474;0.012822134
0.044715416;0.041984189;0.012822134
0.044715416;0.043960474;0.012822134
0.044715416;0.041984189;0.012822134
0.044715416;0.041984189;0.012822134
0.044715416;0.043960474;0.012822134
0.044715416;0.043960474;0.012822134
0.042739131;0.041984189;0.012822134
0.044715416;0.041984189;0.0049169962
0.042739131;0.041984189;0.0049169962
0.044715416;0.041984189;0.0049169962
0.042739131;0.041984189;0.0049169962
0.044715416;0.041984189;0.012822134
0.042739131;0.041984189;0.0049169962
0.042739131;0.040007904;0.0049169962
0.042739131;0.041984189;0.0049169962
0.044715416;0.041984189;0.012822134
0.042739131;0.041984189;0.012822134
0.042739131;0.041984189;0.0049169962
0.042739131;0.040007904;0.0049169962
0.042739131;0.041984189;0.012822134
0.042739131;0.041984189;0.0049169962
0.042739131;0.041984189;0.0049169962
0.042739131;0.041984189;0.0049169962
0.042739131;0.040007904;0.012822134
0.042739131;0.041984189;0.012822134
0.042739131;0.041984189;0.0049169962
0.040762845;0.040007904;0.012822134
0.042739131;0.040007904;0.0049169962
0.040762845;0.040007904;0.012822134
0.040762845;0.040007904;0.012822134
0.040762845;0.040007904;0.0049169962
0.042739131;0.040007904;0.012822134
0.040762845;0.040007904;0.0049169962
0.040762845;0.040007904;0.012822134
0.042739131;0.040007904;0.012822134
0.040762845;0.040007904;0.012822134
0.040762845;0.040007904;0.0049169962
0.040762845;0.040007904;0.0049169962
0.040762845;0.040007904;0.012822134
0.040762845;0.038031619;0.0049169962
0.040762845;0.040007904;0.0049169962
0.040762845;0.040007904;0.0049169962
0.040762845;0.038031619;0.0049169962
0.040762845;0.040007904;0.0049169962
0.040762845;0.040007904;0.0049169962
0.040762845;0.038031619;0.0049169962
0.040762845;0.038031619;0.0049169962
0.040762845;0.038031619;0.012822134
0.03878656;0.038031619;0.0049169962
0.03878656;0.040007904;0.012822134
0.03878656;0.038031619;0.0049169962
0.03878656;0.038031619;0.0049169962
0.03878656;0.038031619;0.012822134
0.03878656;0.038031619;0.0049169962
0.03878656;0.038031619;0.0049169962
0.03878656;0.038031619;0.012822134
0.03878656;0.038031619;0.012822134
0.03878656;0.038031619;0.012822134
0.03878656;0.038031619;0.0049169962
0.036810275;0.038031619;0.012822134
0.036810275;0.036055338;0.0049169962
0.03878656;0.038031619;0.012822134
0.03878656;0.036055338;0.0049169962
0.036810275;0.038031619;0.012822134
0.036810275;0.036055338;0.0049169962
0.03878656;0.036055338;0.0049169962
0.036810275;0.036055338;0.0049169962
0.036810275;0.036055338;0.012822134
0.036810275;0.036055338;0.0049169962
0.036810275;0.036055338;0.012822134
0.036810275;0.036055338;0.0049169962
0.036810275;0.036055338;0.012822134
0.034833994;0.036055338;0.0049169962
0.03878656;0.036055338;0.0049169962
0.036810275;0.036055338;0.0049169962
0.036810275;0.036055338;0.012822134
0.036810275;0.036055338;0.0049169962
0.034833994;0.034079053;0.0049169962
0.034833994;0.036055338;0.012822134
0.036810275;0.034079053;0.0049169962
0.034833994;0.034079053;0.0049169962
0.034833994;0.034079053;0.012822134
0.036810275;0.034079053;0.012822134
0.036810275;0.034079053;0.0049169962
0.034833994;0.034079053;0.012822134
0.034833994;0.034079053;0.0049169962
0.034833994;0.034079053;0.012822134
0.034833994;0.034079053;0.0049169962
0.032857709;0.034079053;0.012822134
0.034833994;0.034079053;0.012822134
0.032857709;0.034079053;0.0049169962
0.034833994;0.034079053;0.0049169962
0.032857709;0.032102767;0.012822134
0.032857709;0.034079053;0.012822134
0.034833994;0.032102767;0.0049169962
0.032857709;0.034079053;0.012822134
0.032857709;0.034079053;0.012822134
0.034833994;0.034079053;0.012822134
0.034833994;0.034079053;0.0049169962
0.032857709;0.034079053;0.012822134
0.030881424;0.032102767;0.0049169962
0.032857709;0.032102767;0.012822134
0.032857709;0.032102767;0.012822134
0.032857709;0.032102767;0.0049169962
0.032857709;0.032102767;0.0049169962
0.032857709;0.032102767;0.012822134
0.032857709;0.032102767;0.0049169962
0.032857709;0.032102767;0.012822134
0.032857709;0.032102767;0.012822134
0.032857709;0.032102767;0.0049169962
0.032857709;0.034079053;0.0049169962
0.032857709;0.032102767;0.012822134
0.032857709;0.034079053;0.012822134
0.032857709;0.030126482;0.012822134
0.030881424;0.030126482;0.0049169962
0.030881424;0.030126482;0.012822134
0.030881424;0.030126482;0.0049169962
0.030881424;0.030126482;0.012822134
0.030881424;0.032102767;0.0049169962
0.030881424;0.030126482;0.0049169962
0.030881424;0.030126482;0.012822134
0.028905138;0.030126482;0.0049169962
0.030881424;0.030126482;0.0049169962
0.030881424;0.030126482;0.012822134
0.028905138;0.030126482;0.0049169962
0.028905138;0.030126482;0.012822134
0.030881424;0.030126482;0.0049169962
0.030881424;0.030126482;0.0049169962
0.028905138;0.030126482;0.0049169962
0.028905138;0.028150197;0.0049169962
0.028905138;0.030126482;0.012822134
0.028905138;0.030126482;0.012822134
0.028905138;0.030126482;0.012822134
0.030881424;0.030126482;0.012822134
0.028905138;0.028150197;0.0049169962
0.028905138;0.030126482;0.012822134
0.028905138;0.028150197;0.012822134
0.028905138;0.028150197;0.012822134
0.028905138;0.028150197;0.0049169962
0.028905138;0.028150197;0.012822134
0.026928853;0.028150197;0.012822134
0.028905138;0.028150197;0.012822134
0.026928853;0.028150197;0.0049169962
0.028905138;0.028150197;0.012822134
0.028905138;0.026173914;0.0049169962
0.026928853;0.028150197;0.012822134
0.026928853;0.028150197;0.0049169962
0.026928853;0.026173914;0.0049169962
0.026928853;0.028150197;0.012822134
0.026928853;0.026173914;0.0049169962
0.026928853;0.026173914;0.0049169962
0.026928853;0.028150197;0.0049169962
0.02495257;0.026173914;0.0049169962
0.026928853;0.026173914;0.012822134
0.02495257;0.026173914;0.012822134
0.02495257;0.026173914;0.0049169962
0.026928853;0.026173914;0.012822134
0.02495257;0.026173914;0.012822134
0.02495257;0.026173914;0.012822134
0.026928853;0.026173914;0.012822134
0.02495257;0.026173914;0.012822134
0.02495257;0.024197629;0.012822134
0.02495257;0.026173914;0.012822134
0.02495257;0.024197629;0.012822134
0.026928853;0.024197629;0.0049169962
0.02495257;0.024197629;0.012822134
0.02495257;0.026173914;0.012822134
0.02495257;0.024197629;0.012822134
0.02495257;0.024197629;0.012822134
0.022976285;0.024197629;0.012822134
0.02495257;0.024197629;0.012822134
0.022976285;0.024197629;0.012822134
0.02495257;0.024197629;0.012822134
0.02495257;0.024197629;0.012822134
0.022976285;0.022221344;0.0049169962
0.022976285;0.024197629;0.012822134
0.02495257;0.024197629;0.0049169962
0.022976285;0.022221344;0.012822134
0.022976285;0.024197629;0.0049169962
0.022976285;0.022221344;0.0049169962
0.022976285;0.024197629;0.012822134
0.022976285;0.024197629;0.0049169962
0.02495257;0.022221344;0.012822134
0.022976285;0.022221344;0.012822134
0.022976285;0.022221344;0.0049169962
0.022976285;0.022221344;0.0049169962
0.022976285;0.022221344;0.0049169962
0.022976285;0.022221344;0.0049169962
0.022976285;0.022221344;0.012822134
0.022976285;0.022221344;0.0049169962
0.021;0.022221344;0.012822134
0.022976285;0.022221344;0.012822134
0.022976285;0.022221344;0.012822134
0.021;0.022221344;0.012822134
0.021;0.022221344;0.012822134
0.021;0.020245058;0.0049169962
0.021;0.022221344;0.0049169962
0.021;0.020245058;0.012822134
0.021;0.020245058;0.012822134
0.021;0.020245058;0.012822134
0.021;0.020245058;0.0049169962
0.021;0.020245058;0.012822134
0.021;0.020245058;0.012822134
0.019023715;0.020245058;0.012822134
0.021;0.020245058;0.0049169962
0.021;0.020245058;0.012822134
0.021;0.020245058;0.0049169962
0.019023715;0.020245058;0.012822134
0.019023715;0.020245058;0.012822134
0.019023715;0.020245058;0.0049169962
0.019023715;0.020245058;0.012822134
0.019023715;0.020245058;0.0049169962
0.019023715;0.020245058;0.0049169962
0.019023715;0.018268775;0.012822134
0.019023715;0.018268775;0.0049169962
0.019023715;0.018268775;0.012822134
0.019023715;0.020245058;0.0049169962
0.019023715;0.018268775;0.0049169962
0.019023715;0.020245058;0.0049169962
0.017047431;0.018268775;0.012822134
0.019023715;0.018268775;0.012822134
0.017047431;0.020245058;0.012822134
0.017047431;0.018268775;0.0049169962
0.019023715;0.018268775;0.0049169962
0.017047431;0.018268775;0.012822134
0.017047431;0.018268775;0.012822134
0.017047431;0.018268775;0.0049169962
0.019023715;0.018268775;0.012822134
0.017047431;0.01629249;0.012822134
0.017047431;0.01629249;0.0049169962
0.017047431;0.018268775;0.0049169962
0.017047431;0.01629249;0.0049169962
0.015071146;0.01629249;0.012822134
0.015071146;0.01629249;0.0049169962
0.017047431;0.01629249;0.0049169962
0.017047431;0.01629249;0.012822134
0.017047431;0.01629249;0.0049169962
0.017047431;0.01629249;0.0049169962
0.015071146;0.01629249;0.0049169962
0.017047431;0.014316206;0.012822134
0.017047431;0.01629249;0.0049169962
0.015071146;0.014316206;0.012822134
0.015071146;0.01629249;0.0049169962
0.015071146;0.01629249;0.012822134
0.015071146;0.014316206;0.012822134
0.015071146;0.014316206;0.012822134
0.015071146;0.014316206;0.012822134
0.015071146;0.01629249;0.0049169962
0.015071146;0.014316206;0.0049169962
0.015071146;0.014316206;0.012822134
0.015071146;0.014316206;0.0049169962
0.015071146;0.014316206;0.0049169962
0.013094862;0.014316206;0.0049169962
0.015071146;0.014316206;0.0049169962
0.015071146;0.012339921;0.012822134
0.015071146;0.012339921;0.0049169962
0.015071146;0.012339921;0.0049169962
0.015071146;0.012339921;0.0049169962
0.015071146;0.014316206;0.0049169962
0.013094862;0.014316206;0.012822134
0.015071146;0.012339921;0.0049169962
0.013094862;0.012339921;0.012822134
0.013094862;0.012339921;0.012822134
0.013094862;0.012339921;0.012822134
0.011118577;0.012339921;0.0049169962
0.013094862;0.012339921;0.0049169962
0.013094862;0.012339921;0.012822134
0.013094862;0.014316206;0.012822134
0.011118577;0.010363637;0.012822134
0.011118577;0.012339921;0.0049169962
0.013094862;0.012339921;0.0049169962
0.011118577;0.012339921;0.0049169962
0.013094862;0.012339921;0.0049169962
0.011118577;0.012339921;0.012822134
0.011118577;0.012339921;0.012822134
0.011118577;0.010363637;0.0049169962
0.013094862;0.010363637;0.0049169962
0.011118577;0.012339921;0.012822134
0.011118577;0.010363637;0.012822134
0.011118577;0.010363637;0.012822134
0.011118577;0.010363637;0.0049169962
0.0091422927;0.010363637;0.012822134
0.011118577;0.010363637;0.012822134
0.011118577;0.010363637;0.012822134
0.011118577;0.010363637;0.012822134
0.0091422927;0.010363637;0.012822134
0.011118577;0.010363637;0.012822134
0.0091422927;0.010363637;0.0049169962
0.011118577;0.010363637;0.0049169962
0.0091422927;0.010363637;0.012822134
0.0091422927;0.0083873514;0.0049169962
0.0091422927;0.010363637;0.012822134
0.0091422927;0.010363637;0.012822134
0.0091422927;0.010363637;0.0049169962
0.0091422927;0.010363637;0.0049169962
0.0091422927;0.010363637;0.012822134
0.0091422927;0.0083873514;0.012822134
0.0091422927;0.0083873514;0.012822134
0.0091422927;0.0083873514;0.012822134
0.0091422927;0.0083873514;0.012822134
0.0091422927;0.0083873514;0.0049169962
0.007166008;0.0083873514;0.0049169962
0.007166008;0.0083873514;0.0049169962
0.007166008;0.0083873514;0.0049169962
0.007166008;0.0064110672;0.0049169962
0.007166008;0.0083873514;0.012822134
0.007166008;0.0083873514;0.012822134
0.007166008;0.0083873514;0.012822134
0.007166008;0.0064110672;0.012822134
0.007166008;0.0083873514;0.012822134
0.007166008;0.0083873514;0.0049169962
0.007166008;0.0064110672;0.0049169962
0.0091422927;0.0083873514;0.012822134
0.007166008;0.0083873514;0.0049169962
0.007166008;0.0083873514;0.012822134
0.007166008;0.0064110672;0.0049169962
0.007166008;0.0064110672;0.012822134
0.007166008;0.0083873514;0.0049169962
0.007166008;0.0064110672;0.012822134
0.007166008;0.0064110672;0.0049169962
0.0051897233;0.0064110672;0.012822134
0.007166008;0.0064110672;0.0049169962
0.0051897233;0.0064110672;0.012822134
0.007166008;0.0064110672;0.012822134
0.007166008;0.0064110672;0.0049169962
0.0051897233;0.0064110672;0.012822134
0.0051897233;0.0064110672;0.0049169962
0.0051897233;0.0044347825;0.0049169962
0.0051897233;0.0044347825;0.0049169962
0.0051897233;0.0044347825;0.0049169962
0.0051897233;0.0044347825;0.012822134
0.0051897233;0.0064110672;0.0049169962
0.0051897233;0.0044347825;0.0049169962
0.0051897233;0.0044347825;0.0049169962
0.0032134387;0.0044347825;0.0049169962
0.0032134387;0.0044347825;0.0049169962
0.0051897233;0.0044347825;0.012822134
0.0051897233;0.0044347825;0.012822134
0.0051897233;0.0044347825;0.0049169962
0.0051897233;0.0044347825;0.012822134
0.0032134387;0.0064110672;0.012822134
0.0051897233;0.0044347825;0.012822134
0.0051897233;0.0024584981;0.012822134
0.0032134387;0.0044347825;0.012822134
0.0032134387;0.0044347825;0.0049169962
0.0032134387;0.0044347825;0.012822134
0.0032134387;0.0044347825;0.0049169962
0.0032134387;0.0044347825;0.0049169962
0.0032134387;0.0024584981;0.012822134
0.0012371541;0.0024584981;0.012822134
0.0032134387;0.0044347825;0.0049169962
0.0032134387;0.0024584981;0.0049169962
0.0012371541;0.0024584981;0.0049169962
0.0012371541;0.0024584981;0.0049169962
0.0012371541;0.0024584981;0.012822134
0.0012371541;0.0024584981;0.0049169962
0.0012371541;0.0024584981;0.012822134
0.0012371541;0.00048221345;0.0049169962
-0.00073913042;0.00048221345;0.0049169962
0.0012371541;0.0024584981;0.012822134
0.0012371541;0.0024584981;0.012822134
0.0012371541;0.0024584981;0.012822134
-0.00073913042;0.0024584981;0.0049169962
-0.00073913042;0.0024584981;0.0049169962
0.0012371541;0.00048221345;0.0049169962
-0.00073913042;0.00048221345;0.012822134
-0.00073913042;0.00048221345;0.0049169962
-0.00073913042;0.00048221345;0.012822134
0.0012371541;0.00048221345;0.0049169962
0.0012371541;0.00048221345;0.012822134
-0.00073913042;0.00048221345;0.012822134
-0.00073913042;0.00048221345;0.0049169962
-0.00073913042;0.00048221345;0.012822134
0.0012371541;0.00048221345;0.012822134
-0.00073913042;0.00048221345;0.012822134
-0.00073913042;0.00048221345;0.0049169962
-0.00073913042;0.00048221345;0.012822134
-0.00073913042;0.00048221345;0.012822134
-0.00073913042;-0.0014940711;0.0049169962
-0.00073913042;-0.0014940711;0.0049169962
-0.00073913042;-0.0014940711;0.012822134
-0.00073913042;-0.0014940711;0.012822134
-0.00073913042;0.00048221345;0.012822134
-0.00073913042;0.00048221345;0.0049169962
-0.0027154151;0.00048221345;0.0049169962
-0.0027154151;-0.0014940711;0.0049169962
-0.0027154151;-0.0014940711;0.012822134
-0.0027154151;-0.0014940711;0.0049169962
-0.0027154151;0.00048221345;0.012822134
-0.0027154151;-0.0014940711;0.012822134
-0.0027154151;-0.0014940711;0.012822134
-0.0027154151;-0.0014940711;0.012822134
-0.0046916995;-0.0014940711;0.012822134
-0.0027154151;-0.0014940711;0.012822134
-0.0027154151;-0.0014940711;0.012822134
-0.0027154151;-0.0014940711;0.0049169962
-0.0027154151;-0.0034703556;0.0049169962
-0.0027154151;-0.0014940711;0.012822134
-0.0027154151;-0.0014940711;0.0049169962
-0.0027154151;-0.0034703556;0.012822134
-0.0027154151;-0.0014940711;0.012822134
-0.0046916995;-0.0034703556;0.0049169962
-0.0027154151;-0.0034703556;0.012822134
-0.0046916995;-0.0014940711;0.0049169962
-0.0046916995;-0.0034703556;0.0049169962
-0.0046916995;-0.0034703556;0.0049169962
-0.0046916995;-0.0034703556;0.012822134
-0.0046916995;-0.0034703556;0.0049169962
-0.0027154151;-0.0034703556;0.0049169962
-0.0046916995;-0.0034703556;0.012822134
-0.0046916995;-0.0034703556;0.012822134
-0.0046916995;-0.0034703556;0.0049169962
-0.0066679842;-0.0054466403;0.012822134
-0.0046916995;-0.0034703556;0.0049169962
-0.0066679842;-0.0034703556;0.0049169962
-0.0046916995;-0.0054466403;0.012822134
-0.0046916995;-0.0034703556;0.0049169962
-0.0066679842;-0.0054466403;0.0049169962
-0.0046916995;-0.0054466403;0.012822134
-0.0046916995;-0.0034703556;0.012822134
-0.0066679842;-0.0034703556;0.0049169962
-0.0046916995;-0.0054466403;0.0049169962
-0.0066679842;-0.0054466403;0.012822134
-0.0066679842;-0.0054466403;0.0049169962
-0.0066679842;-0.0054466403;0.0049169962
-0.0066679842;-0.0054466403;0.0049169962
-0.0066679842;-0.0054466403;0.0049169962
-0.0066679842;-0.0054466403;0.0049169962
-0.0046916995;-0.0054466403;0.0049169962
-0.0066679842;-0.0054466403;0.012822134
-0.0066679842;-0.0054466403;0.012822134
-0.0066679842;-0.0054466403;0.012822134
-0.0066679842;-0.0054466403;0.012822134
-0.0066679842;-0.0054466403;0.012822134
-0.0066679842;-0.0054466403;0.012822134
-0.0066679842;-0.0054466403;0.012822134
-0.0066679842;-0.0054466403;0.012822134
-0.0086442688;-0.0054466403;0.012822134
-0.0086442688;-0.0054466403;0.0049169962
-0.0086442688;-0.007422925;0.0049169962
-0.0086442688;-0.0054466403;0.012822134
-0.0066679842;-0.0054466403;0.0049169962
-0.0086442688;-0.007422925;0.012822134
-0.0066679842;-0.0054466403;0.0049169962
-0.0086442688;-0.0054466403;0.012822134
-0.0086442688;-0.007422925;0.012822134
-0.0086442688;-0.007422925;0.012822134
-0.0086442688;-0.0054466403;0.012822134
-0.0086442688;-0.007422925;0.0049169962
-0.0066679842;-0.007422925;0.0049169962
-0.0086442688;-0.007422925;0.012822134
-0.0086442688;-0.007422925;0.0049169962
-0.0086442688;-0.007422925;0.012822134
-0.0086442688;-0.007422925;0.012822134
-0.0086442688;-0.007422925;0.012822134
-0.0086442688;-0.007422925;0.0049169962
-0.0086442688;-0.007422925;0.012822134
-0.010620553;-0.007422925;0.012822134
-0.010620553;-0.0093992092;0.012822134
-0.010620553;-0.007422925;0.012822134
-0.0086442688;-0.007422925;0.0049169962
-0.0086442688;-0.007422925;0.012822134
-0.0086442688;-0.007422925;0.012822134
-0.0086442688;-0.0093992092;0.012822134
-0.010620553;-0.0093992092;0.012822134
-0.010620553;-0.0093992092;0.012822134
-0.0086442688;-0.0093992092;0.012822134
-0.010620553;-0.0093992092;0.0049169962
-0.0086442688;-0.0093992092;0.012822134
-0.010620553;-0.0093992092;0.012822134
-0.010620553;-0.007422925;0.0049169962
-0.010620553;-0.0093992092;0.012822134
-0.010620553;-0.0093992092;0.012822134
-0.0086442688;-0.0093992092;0.0049169962
-0.010620553;-0.0093992092;0.012822134
-0.010620553;-0.0093992092;0.0049169962
-0.0086442688;-0.0093992092;0.0049169962
-0.010620553;-0.011375494;0.012822134
-0.010620553;-0.0093992092;0.0049169962
-0.010620553;-0.0093992092;0.0049169962
-0.010620553;-0.0093992092;0.012822134
-0.010620553;-0.011375494;0.0049169962
-0.010620553;-0.011375494;0.0049169962
-0.010620553;-0.011375494;0.012822134
-0.010620553;-0.011375494;0.012822134
-0.010620553;-0.0093992092;0.0049169962
-0.012596838;-0.011375494;0.0049169962
-0.010620553;-0.0093992092;0.0049169962
-0.012596838;-0.0093992092;0.012822134
-0.010620553;-0.011375494;0.012822134
-0.012596838;-0.011375494;0.0049169962
-0.012596838;-0.011375494;0.012822134
-0.012596838;-0.011375494;0.0049169962
-0.012596838;-0.0093992092;0.012822134
-0.010620553;-0.0093992092;0.0049169962
-0.012596838;-0.011375494;0.012822134
-0.012596838;-0.011375494;0.012822134
-0.012596838;-0.011375494;0.0049169962
-0.012596838;-0.011375494;0.012822134
-0.012596838;-0.011375494;0.0049169962
-0.012596838;-0.011375494;0.0049169962
-0.012596838;-0.011375494;0.0049169962
-0.012596838;-0.011375494;0.012822134
-0.012596838;-0.011375494;0.012822134
-0.012596838;-0.011375494;0.012822134
-0.012596838;-0.011375494;0.0049169962
-0.014573122;-0.011375494;0.0049169962
-0.012596838;-0.011375494;0.012822134
-0.012596838;-0.011375494;0.0049169962
-0.012596838;-0.011375494;0.0049169962
-0.012596838;-0.011375494;0.0049169962
-0.014573122;-0.011375494;0.0049169962
-0.014573122;-0.011375494;0.0049169962
-0.012596838;-0.011375494;0.0049169962
-0.014573122;-0.011375494;0.012822134
-0.014573122;-0.013351778;0.012822134
-0.014573122;-0.013351778;0.0049169962
-0.012596838;-0.013351778;0.0049169962
-0.016549407;-0.013351778;0.012822134
-0.014573122;-0.011375494;0.0049169962
-0.014573122;-0.013351778;0.0049169962
-0.014573122;-0.013351778;0.0049169962
-0.014573122;-0.013351778;0.012822134
-0.014573122;-0.013351778;0.0049169962
-0.016549407;-0.013351778;0.012822134
-0.014573122;-0.013351778;0.012822134
-0.014573122;-0.013351778;0.012822134
-0.016549407;-0.013351778;0.012822134
-0.014573122;-0.013351778;0.0049169962
-0.014573122;-0.013351778;0.0049169962
-0.014573122;-0.013351778;0.0049169962
-0.014573122;-0.013351778;0.0049169962
-0.016549407;-0.013351778;0.012822134
-0.016549407;-0.013351778;0.0049169962
-0.014573122;-0.013351778;0.0049169962
-0.016549407;-0.013351778;0.012822134
-0.014573122;-0.015328064;0.012822134
-0.014573122;-0.013351778;0.012822134
-0.014573122;-0.013351778;0.012822134
-0.016549407;-0.013351778;0.012822134
-0.016549407;-0.015328064;0.012822134
-0.016549407;-0.013351778;0.0049169962
-0.014573122;-0.013351778;0.012822134
-0.016549407;-0.015328064;0.0049169962
-0.016549407;-0.015328064;0.012822134
-0.016549407;-0.015328064;0.012822134
-0.016549407;-0.015328064;0.0049169962
-0.016549407;-0.015328064;0.012822134
-0.014573122;-0.015328064;0.0049169962
-0.016549407;-0.015328064;0.0049169962
-0.014573122;-0.015328064;0.012822134
-0.016549407;-0.015328064;0.0049169962
-0.018525692;-0.015328064;0.012822134
-0.016549407;-0.017304348;0.0049169962
-0.018525692;-0.015328064;0.012822134
-0.018525692;-0.015328064;0.0049169962
-0.016549407;-0.015328064;0.0049169962
-0.016549407;-0.015328064;0.0049169962
-0.018525692;-0.017304348;0.0049169962
-0.018525692;-0.015328064;0.012822134
-0.016549407;-0.015328064;0.0049169962
-0.018525692;-0.015328064;0.012822134
-0.018525692;-0.017304348;0.012822134
-0.016549407;-0.015328064;0.012822134
-0.018525692;-0.017304348;0.0049169962
-0.018525692;-0.019280633;0.012822134
-0.018525692;-0.017304348;0.0049169962
-0.018525692;-0.017304348;0.012822134
-0.020501977;-0.017304348;0.0049169962
-0.018525692;-0.017304348;0.0049169962
-0.018525692;-0.017304348;0.012822134
-0.018525692;-0.017304348;0.012822134
-0.018525692;-0.017304348;0.0049169962
-0.018525692;-0.017304348;0.0049169962
-0.018525692;-0.017304348;0.0049169962
-0.018525692;-0.017304348;0.0049169962
-0.018525692;-0.017304348;0.0049169962
-0.020501977;-0.017304348;0.0049169962
-0.020501977;-0.017304348;0.012822134
-0.018525692;-0.017304348;0.0049169962
-0.018525692;-0.017304348;0.0049169962
-0.018525692;-0.017304348;0.012822134
-0.020501977;-0.017304348;0.012822134
-0.020501977;-0.017304348;0.0049169962
-0.018525692;-0.017304348;0.0049169962
-0.018525692;-0.019280633;0.0049169962
-0.018525692;-0.019280633;0.012822134
-0.018525692;-0.019280633;0.012822134
-0.020501977;-0.017304348;0.012822134
-0.020501977;-0.019280633;0.0049169962
-0.018525692;-0.019280633;0.0049169962
-0.020501977;-0.017304348;0.012822134
-0.018525692;-0.017304348;0.0049169962
-0.020501977;-0.019280633;0.0049169962
-0.020501977;-0.019280633;0.012822134
-0.020501977;-0.019280633;0.0049169962
-0.020501977;-0.019280633;0.0049169962
-0.020501977;-0.017304348;0.012822134
-0.020501977;-0.019280633;0.012822134
-0.020501977;-0.019280633;0.012822134
-0.018525692;-0.017304348;0.0049169962
-0.020501977;-0.019280633;0.012822134
-0.02247826;-0.017304348;0.012822134
-0.02247826;-0.019280633;0.0049169962
-0.020501977;-0.019280633;0.0049169962
-0.020501977;-0.019280633;0.012822134
-0.020501977;-0.019280633;0.0049169962
-0.020501977;-0.017304348;0.012822134
-0.020501977;-0.019280633;0.012822134
-0.020501977;-0.019280633;0.0049169962
-0.020501977;-0.019280633;0.012822134
-0.020501977;-0.019280633;0.0049169962
-0.020501977;-0.019280633;0.012822134
-0.020501977;-0.019280633;0.012822134
-0.02247826;-0.019280633;0.012822134
-0.02247826;-0.019280633;0.012822134
-0.02247826;-0.019280633;0.0049169962
-0.02247826;-0.019280633;0.0049169962
-0.020501977;-0.021256916;0.012822134
-0.02247826;-0.019280633;0.0049169962
-0.02247826;-0.019280633;0.012822134
-0.02247826;-0.021256916;0.012822134
-0.02247826;-0.021256916;0.0049169962
-0.020501977;-0.019280633;0.012822134
-0.02247826;-0.021256916;0.0049169962
-0.020501977;-0.021256916;0.012822134
-0.02247826;-0.019280633;0.012822134
-0.02247826;-0.021256916;0.012822134
-0.02247826;-0.021256916;0.012822134
-0.02247826;-0.019280633;0.0049169962
-0.020501977;-0.021256916;0.0049169962
-0.02247826;-0.019280633;0.012822134
-0.02247826;-0.019280633;0.0049169962
-0.02247826;-0.021256916;0.012822134
-0.02247826;-0.021256916;0.012822134
-0.02247826;-0.019280633;0.0049169962
-0.02247826;-0.021256916;0.012822134
-0.02247826;-0.021256916;0.0049169962
-0.02247826;-0.021256916;0.012822134
-0.02247826;-0.021256916;0.012822134
-0.02247826;-0.021256916;0.0049169962
-0.02247826;-0.021256916;0.012822134
-0.020501977;-0.021256916;0.012822134
-0.02247826;-0.021256916;0.012822134
-0.02247826;-0.021256916;0.012822134
-0.02247826;-0.021256916;0.012822134
-0.024454545;-0.021256916;0.012822134
-0.024454545;-0.021256916;0.012822134
-0.02247826;-0.021256916;0.0049169962
-0.02247826;-0.021256916;0.0049169962
-0.02247826;-0.021256916;0.0049169962
-0.024454545;-0.021256916;0.012822134
-0.02247826;-0.021256916;0.012822134
-0.024454545;-0.023233201;0.012822134
-0.024454545;-0.021256916;0.012822134
-0.024454545;-0.021256916;0.012822134
-0.024454545;-0.021256916;0.012822134
-0.024454545;-0.021256916;0.012822134
-0.024454545;-0.023233201;0.0049169962
-0.024454545;-0.021256916;0.0049169962
-0.02247826;-0.023233201;0.0049169962
-0.024454545;-0.021256916;0.012822134
-0.024454545;-0.023233201;0.0049169962
-0.024454545;-0.021256916;0.012822134
-0.024454545;-0.021256916;0.012822134
-0.024454545;-0.021256916;0.012822134
-0.024454545;-0.023233201;0.012822134
-0.024454545;-0.021256916;0.012822134
-0.024454545;-0.021256916;0.0049169962
-0.024454545;-0.023233201;0.012822134
-0.024454545;-0.021256916;0.012822134
-0.024454545;-0.021256916;0.012822134
-0.02643083;-0.021256916;0.012822134
-0.024454545;-0.023233201;0.012822134
-0.024454545;-0.021256916;0.012822134
-0.024454545;-0.021256916;0.0049169962
-0.024454545;-0.021256916;0.012822134
-0.024454545;-0.023233201;0.012822134
-0.02643083;-0.023233201;0.0049169962
-0.02643083;-0.023233201;0.0049169962
-0.024454545;-0.023233201;0.0049169962
-0.024454545;-0.023233201;0.012822134
-0.024454545;-0.023233201;0.0049169962
-0.024454545;-0.023233201;0.0049169962
-0.024454545;-0.021256916;0.012822134
-0.02643083;-0.023233201;0.0049169962
-0.024454545;-0.023233201;0.012822134
-0.024454545;-0.021256916;0.0049169962
-0.024454545;-0.023233201;0.0049169962
-0.024454545;-0.023233201;0.012822134
-0.02643083;-0.023233201;0.012822134
-0.024454545;-0.023233201;0.0049169962
-0.028407115;-0.023233201;0.0049169962
-0.024454545;-0.025209486;0.0049169962
-0.02643083;-0.023233201;0.012822134
-0.024454545;-0.023233201;0.012822134
-0.024454545;-0.023233201;0.012822134
-0.02643083;-0.023233201;0.0049169962
-0.02643083;-0.025209486;0.0049169962
-0.02643083;-0.023233201;0.012822134
-0.02643083;-0.023233201;0.012822134
-0.02643083;-0.025209486;0.012822134
-0.02643083;-0.023233201;0.012822134
-0.02643083;-0.023233201;0.012822134
-0.024454545;-0.023233201;0.0049169962
-0.02643083;-0.025209486;0.012822134
-0.024454545;-0.023233201;0.012822134
-0.02643083;-0.023233201;0.012822134
-0.02643083;-0.025209486;0.012822134
-0.024454545;-0.023233201;0.012822134
-0.024454545;-0.023233201;0.0049169962
-0.024454545;-0.023233201;0.012822134
-0.02643083;-0.023233201;0.0049169962
-0.02643083;-0.023233201;0.012822134
-0.02643083;-0.025209486;0.0049169962
-0.02643083;-0.023233201;0.012822134
-0.024454545;-0.023233201;0.012822134
-0.02643083;-0.023233201;0.0049169962
-0.02643083;-0.025209486;0.012822134
-0.02643083;-0.025209486;0.0049169962
-0.02643083;-0.025209486;0.012822134
-0.02643083;-0.023233201;0.012822134
-0.02643083;-0.025209486;0.0049169962
-0.02643083;-0.025209486;0.0049169962
-0.02643083;-0.025209486;0.0049169962
-0.02643083;-0.025209486;0.012822134
-0.02643083;-0.025209486;0.012822134
-0.02643083;-0.025209486;0.012822134
-0.02643083;-0.023233201;0.0049169962
-0.02643083;-0.025209486;0.0049169962
-0.02643083;-0.023233201;0.012822134
-0.02643083;-0.025209486;0.0049169962
-0.02643083;-0.025209486;0.012822134
-0.02643083;-0.025209486;0.012822134
-0.02643083;-0.023233201;0.0049169962
-0.024454545;-0.025209486;0.0049169962
-0.02643083;-0.025209486;0.0049169962
-0.024454545;-0.025209486;0.012822134
-0.024454545;-0.025209486;0.012822134
-0.02643083;-0.023233201;0.0049169962
-0.02643083;-0.025209486;0.0049169962
-0.02643083;-0.025209486;0.0049169962
-0.02643083;-0.025209486;0.0049169962
-0.02643083;-0.025209486;0.012822134
-0.02643083;-0.023233201;0.0049169962
-0.028407115;-0.025209486;0.0049169962
-0.028407115;-0.025209486;0.0049169962
-0.02643083;-0.025209486;0.012822134
-0.028407115;-0.023233201;0.012822134
-0.02643083;-0.025209486;0.012822134
-0.02643083;-0.025209486;0.012822134
-0.028407115;-0.025209486;0.012822134
-0.02643083;-0.023233201;0.012822134
-0.02643083;-0.025209486;0.0049169962
-0.02643083;-0.025209486;0.0049169962
-0.02643083;-0.025209486;0.0049169962
-0.02643083;-0.025209486;0.012822134
-0.028407115;-0.023233201;0.012822134
-0.02643083;-0.025209486;0.012822134
-0.02643083;-0.025209486;0.012822134
-0.028407115;-0.025209486;0.012822134
-0.02643083;-0.025209486;0.0049169962
-0.028407115;-0.025209486;0.012822134
-0.02643083;-0.025209486;0.012822134
-0.028407115;-0.025209486;0.0049169962
-0.02643083;-0.025209486;0.0049169962
-0.02643083;-0.025209486;0.012822134
-0.02643083;-0.025209486;0.012822134
-0.028407115;-0.025209486;0.0049169962
-0.028407115;-0.025209486;0.012822134
-0.02643083;-0.025209486;0.0049169962
-0.028407115;-0.025209486;0.0049169962
-0.02643083;-0.025209486;0.012822134
-0.02643083;-0.025209486;0.012822134
-0.028407115;-0.025209486;0.0049169962
-0.028407115;-0.025209486;0.0049169962
-0.028407115;-0.025209486;0.012822134
-0.028407115;-0.025209486;0.0049169962
-0.02643083;-0.025209486;0.0049169962
-0.028407115;-0.025209486;0.012822134
-0.02643083;-0.025209486;0.012822134
-0.02643083;-0.025209486;0.012822134
-0.028407115;-0.025209486;0.0049169962
-0.02643083;-0.025209486;0.012822134
-0.02643083;-0.025209486;0.012822134
-0.028407115;-0.025209486;0.0049169962
-0.028407115;-0.025209486;0.0049169962
-0.02643083;-0.025209486;0.012822134
-0.028407115;-0.027185772;0.0049169962
-0.02643083;-0.025209486;0.012822134
-0.02643083;-0.025209486;0.0049169962
-0.028407115;-0.025209486;0.0049169962
-0.028407115;-0.025209486;0.0049169962
-0.028407115;-0.025209486;0.0049169962
-0.02643083;-0.025209486;0.0049169962
-0.028407115;-0.025209486;0.012822134
-0.02643083;-0.025209486;0.0049169962
-0.028407115;-0.025209486;0.012822134
-0.028407115;-0.025209486;0.0049169962
-0.028407115;-0.025209486;0.0049169962
-0.02643083;-0.025209486;0.0049169962
-0.02643083;-0.027185772;0.0049169962
-0.028407115;-0.025209486;0.012822134
-0.028407115;-0.025209486;0.012822134
-0.028407115;-0.025209486;0.012822134
-0.028407115;-0.025209486;0.0049169962
-0.02643083;-0.027185772;0.012822134
-0.028407115;-0.025209486;0.0049169962
-0.02643083;-0.025209486;0.012822134
-0.028407115;-0.025209486;0.0049169962
-0.02643083;-0.025209486;0.0049169962
-0.028407115;-0.025209486;0.012822134
-0.028407115;-0.025209486;0.012822134
-0.028407115;-0.025209486;0.0049169962
-0.028407115;-0.025209486;0.0049169962
-0.02643083;-0.025209486;0.012822134
-0.02643083;-0.025209486;0.012822134
-0.028407115;-0.025209486;0.0049169962
-0.02643083;-0.025209486;0.0049169962
-0.02643083;-0.025209486;0.0049169962
-0.02643083;-0.025209486;0.012822134
-0.030383399;-0.025209486;0.0049169962
-0.02643083;-0.025209486;0.012822134
-0.02643083;-0.025209486;0.012822134
-0.02643083;-0.025209486;0.0049169962
-0.028407115;-0.025209486;0.012822134
-0.02643083;-0.025209486;0.012822134
-0.028407115;-0.025209486;0.012822134
-0.028407115;-0.025209486;0.012822134
-0.028407115;-0.025209486;0.012822134
-0.028407115;-0.025209486;0.0049169962
-0.02643083;-0.025209486;0.012822134
-0.02643083;-0.025209486;0.0049169962
-0.028407115;-0.025209486;0.012822134
-0.028407115;-0.025209486;0.012822134
-0.028407115;-0.025209486;0.012822134
-0.02643083;-0.025209486;0.012822134
-0.028407115;-0.025209486;0.012822134
-0.02643083;-0.025209486;0.0049169962
-0.02643083;-0.025209486;0.0049169962
-0.02643083;-0.025209486;0.0049169962
-0.02643083;-0.025209486;0.0049169962
-0.028407115;-0.027185772;0.0049169962
-0.02643083;-0.025209486;0.012822134
-0.02643083;-0.025209486;0.0049169962
-0.028407115;-0.025209486;0.0049169962
-0.028407115;-0.027185772;0.012822134
-0.028407115;-0.025209486;0.012822134
-0.028407115;-0.025209486;0.0049169962
-0.028407115;-0.025209486;0.012822134
-0.02643083;-0.027185772;0.0049169962
-0.02643083;-0.025209486;0.012822134
-0.02643083;-0.025209486;0.012822134
-0.028407115;-0.027185772;0.012822134
-0.02643083;-0.025209486;0.012822134
-0.028407115;-0.027185772;0.012822134
-0.028407115;-0.025209486;0.012822134
-0.028407115;-0.025209486;0.012822134
-0.02643083;-0.025209486;0.012822134
-0.028407115;-0.025209486;0.0049169962
-0.02643083;-0.025209486;0.012822134
-0.02643083;-0.025209486;0.012822134
-0.02643083;-0.025209486;0.012822134
-0.02643083;-0.025209486;0.012822134
-0.02643083;-0.025209486;0.012822134
-0.02643083;-0.025209486;0.012822134
-0.02643083;-0.025209486;0.012822134
-0.028407115;-0.027185772;0.012822134
-0.024454545;-0.025209486;0.012822134
-0.02643083;-0.027185772;0.012822134
-0.02643083;-0.025209486;0.012822134
-0.02643083;-0.025209486;0.0049169962
-0.02643083;-0.025209486;0.012822134
-0.02643083;-0.025209486;0.0049169962
-0.02643083;-0.025209486;0.012822134
-0.02643083;-0.025209486;0.012822134
-0.02643083;-0.025209486;0.012822134
-0.02643083;-0.025209486;0.012822134
-0.02643083;-0.025209486;0.012822134
-0.02643083;-0.025209486;0.012822134
-0.028407115;-0.025209486;0.012822134
-0.028407115;-0.025209486;0.012822134
-0.02643083;-0.025209486;0.0049169962
-0.024454545;-0.023233201;0.012822134
-0.02643083;-0.025209486;0.0049169962
-0.028407115;-0.023233201;0.012822134
-0.02643083;-0.025209486;0.012822134
-0.024454545;-0.025209486;0.0049169962
-0.02643083;-0.025209486;0.012822134
-0.02643083;-0.025209486;0.012822134
-0.02643083;-0.025209486;0.0049169962
-0.02643083;-0.023233201;0.012822134
-0.02643083;-0.025209486;0.0049169962
-0.02643083;-0.025209486;0.0049169962
-0.02643083;-0.025209486;0.012822134
-0.024454545;-0.025209486;0.0049169962
-0.024454545;-0.025209486;0.0049169962
-0.024454545;-0.023233201;0.0049169962
-0.024454545;-0.025209486;0.0049169962
-0.02643083;-0.023233201;0.0049169962
-0.02643083;-0.023233201;0.012822134
-0.02643083;-0.025209486;0.0049169962
-0.02643083;-0.025209486;0.0049169962
-0.024454545;-0.025209486;0.012822134
-0.024454545;-0.025209486;0.012822134
-0.024454545;-0.025209486;0.0049169962
-0.02643083;-0.023233201;0.0049169962
-0.02643083;-0.025209486;0.0049169962
-0.024454545;-0.025209486;0.012822134
-0.02643083;-0.023233201;0.0049169962
-0.02643083;-0.023233201;0.012822134
-0.024454545;-0.023233201;0.0049169962
-0.024454545;-0.025209486;0.012822134
-0.02643083;-0.023233201;0.012822134
-0.024454545;-0.023233201;0.012822134
-0.024454545;-0.025209486;0.012822134
-0.024454545;-0.023233201;0.0049169962
-0.024454545;-0.023233201;0.0049169962
-0.024454545;-0.023233201;0.012822134
-0.02643083;-0.025209486;0.012822134
-0.02643083;-0.023233201;0.0049169962
-0.02247826;-0.023233201;0.012822134
-0.024454545;-0.023233201;0.0049169962
-0.024454545;-0.025209486;0.0049169962
-0.02643083;-0.023233201;0.012822134
-0.024454545;-0.023233201;0.012822134
-0.024454545;-0.023233201;0.012822134
-0.024454545;-0.025209486;0.012822134
-0.024454545;-0.023233201;0.012822134
-0.024454545;-0.023233201;0.0049169962
-0.024454545;-0.023233201;0.012822134
-0.024454545;-0.023233201;0.0049169962
-0.024454545;-0.023233201;0.0049169962
-0.024454545;-0.023233201;0.012822134
-0.024454545;-0.023233201;0.0049169962
-0.024454545;-0.023233201;0.012822134
-0.024454545;-0.023233201;0.0049169962
-0.024454545;-0.023233201;0.0049169962
-0.024454545;-0.023233201;0.012822134
-0.024454545;-0.023233201;0.012822134
-0.024454545;-0.023233201;0.0049169962
-0.02643083;-0.023233201;0.0049169962
-0.024454545;-0.023233201;0.012822134
-0.024454545;-0.023233201;0.0049169962
-0.024454545;-0.025209486;0.012822134
-0.02643083;-0.023233201;0.0049169962
-0.024454545;-0.023233201;0.012822134
-0.024454545;-0.023233201;0.0049169962
-0.024454545;-0.023233201;0.0049169962
-0.02247826;-0.023233201;0.012822134
-0.024454545;-0.023233201;0.0049169962
-0.02247826;-0.023233201;0.0049169962
-0.02643083;-0.021256916;0.012822134
-0.024454545;-0.023233201;0.0049169962
-0.024454545;-0.025209486;0.0049169962
-0.024454545;-0.021256916;0.012822134
-0.024454545;-0.023233201;0.012822134
-0.024454545;-0.023233201;0.012822134
-0.024454545;-0.023233201;0.012822134
-0.024454545;-0.021256916;0.0049169962
-0.02247826;-0.021256916;0.012822134
-0.02247826;-0.021256916;0.0049169962
-0.02247826;-0.021256916;0.0049169962
-0.02247826;-0.021256916;0.012822134
-0.02247826;-0.021256916;0.0049169962
-0.024454545;-0.023233201;0.012822134
-0.02247826;-0.023233201;0.012822134
-0.02247826;-0.023233201;0.0049169962
-0.02247826;-0.021256916;0.0049169962
-0.02247826;-0.021256916;0.0049169962
-0.02247826;-0.021256916;0.012822134
-0.02247826;-0.023233201;0.012822134
-0.02247826;-0.023233201;0.012822134
-0.024454545;-0.021256916;0.012822134
-0.02247826;-0.021256916;0.012822134
-0.02247826;-0.021256916;0.012822134
-0.024454545;-0.021256916;0.0049169962
-0.02247826;-0.021256916;0.012822134
-0.02247826;-0.021256916;0.0049169962
-0.02247826;-0.021256916;0.012822134
-0.02247826;-0.021256916;0.012822134
-0.02247826;-0.021256916;0.012822134
-0.024454545;-0.021256916;0.012822134
-0.02247826;-0.021256916;0.012822134
-0.02247826;-0.019280633;0.0049169962
-0.02247826;-0.019280633;0.012822134
-0.024454545;-0.021256916;0.012822134
-0.02247826;-0.021256916;0.012822134
-0.02247826;-0.021256916;0.012822134
-0.02247826;-0.021256916;0.012822134
-0.024454545;-0.021256916;0.0049169962
-0.024454545;-0.021256916;0.0049169962
-0.024454545;-0.021256916;0.012822134
-0.02247826;-0.021256916;0.012822134
-0.02247826;-0.021256916;0.012822134
-0.02247826;-0.021256916;0.012822134
-0.02247826;-0.021256916;0.012822134
-0.02247826;-0.019280633;0.012822134
-0.02247826;-0.019280633;0.0049169962
-0.02247826;-0.021256916;0.012822134
-0.02247826;-0.021256916;0.012822134
-0.02247826;-0.021256916;0.012822134
-0.02247826;-0.021256916;0.012822134
-0.02247826;-0.021256916;0.0049169962
-0.02247826;-0.019280633;0.012822134
-0.02247826;-0.019280633;0.012822134
-0.02247826;-0.021256916;0.012822134
-0.02247826;-0.019280633;0.012822134
-0.02247826;-0.019280633;0.012822134
-0.02247826;-0.019280633;0.012822134
-0.02247826;-0.019280633;0.012822134
-0.020501977;-0.019280633;0.0049169962
-0.02247826;-0.021256916;0.012822134
-0.02247826;-0.019280633;0.012822134
-0.020501977;-0.019280633;0.0049169962
-0.02247826;-0.019280633;0.0049169962
-0.020501977;-0.019280633;0.0049169962
-0.020501977;-0.021256916;0.0049169962
-0.018525692;-0.019280633;0.0049169962
-0.02247826;-0.019280633;0.012822134
-0.020501977;-0.019280633;0.012822134
-0.020501977;-0.019280633;0.012822134
-0.020501977;-0.019280633;0.0049169962
-0.020501977;-0.021256916;0.012822134
-0.020501977;-0.019280633;0.012822134
-0.020501977;-0.019280633;0.0049169962
-0.020501977;-0.019280633;0.012822134
-0.020501977;-0.019280633;0.012822134
-0.020501977;-0.019280633;0.012822134
-0.020501977;-0.019280633;0.012822134
-0.020501977;-0.019280633;0.012822134
-0.018525692;-0.019280633;0.0049169962
-0.020501977;-0.019280633;0.012822134
-0.018525692;-0.019280633;0.012822134
-0.020501977;-0.017304348;0.012822134
-0.018525692;-0.017304348;0.0049169962
-0.020501977;-0.019280633;0.012822134
-0.020501977;-0.019280633;0.012822134
-0.020501977;-0.019280633;0.0049169962
-0.018525692;-0.017304348;0.0049169962
-0.020501977;-0.019280633;0.012822134
-0.020501977;-0.019280633;0.0049169962
-0.018525692;-0.019280633;0.0049169962
-0.016549407;-0.017304348;0.012822134
-0.016549407;-0.017304348;0.012822134
-0.020501977;-0.017304348;0.0049169962
-0.020501977;-0.017304348;0.012822134
-0.018525692;-0.017304348;0.012822134
-0.018525692;-0.017304348;0.012822134
-0.018525692;-0.019280633;0.012822134
-0.020501977;-0.019280633;0.012822134
-0.018525692;-0.017304348;0.012822134
-0.016549407;-0.017304348;0.012822134
-0.018525692;-0.017304348;0.012822134
-0.016549407;-0.017304348;0.012822134
-0.020501977;-0.017304348;0.012822134
-0.016549407;-0.017304348;0.0049169962
-0.018525692;-0.017304348;0.0049169962
-0.018525692;-0.017304348;0.012822134
-0.016549407;-0.017304348;0.0049169962
-0.018525692;-0.017304348;0.012822134
-0.018525692;-0.017304348;0.0049169962
-0.018525692;-0.017304348;0.0049169962
-0.016549407;-0.017304348;0.0049169962
-0.016549407;-0.017304348;0.012822134
-0.018525692;-0.015328064;0.012822134
-0.018525692;-0.015328064;0.0049169962
-0.016549407;-0.017304348;0.012822134
-0.016549407;-0.017304348;0.012822134
-0.018525692;-0.017304348;0.012822134
-0.016549407;-0.017304348;0.012822134
-0.016549407;-0.017304348;0.0049169962
-0.018525692;-0.017304348;0.012822134
-0.018525692;-0.017304348;0.0049169962
-0.018525692;-0.017304348;0.012822134
-0.016549407;-0.017304348;0.0049169962
-0.016549407;-0.015328064;0.012822134
-0.016549407;-0.015328064;0.012822134
-0.018525692;-0.015328064;0.0049169962
-0.016549407;-0.017304348;0.012822134
-0.016549407;-0.015328064;0.012822134
-0.016549407;-0.017304348;0.012822134
-0.014573122;-0.015328064;0.0049169962
-0.016549407;-0.013351778;0.0049169962
-0.016549407;-0.015328064;0.012822134
-0.016549407;-0.017304348;0.012822134
-0.016549407;-0.015328064;0.0049169962
-0.016549407;-0.013351778;0.0049169962
-0.014573122;-0.015328064;0.012822134
-0.016549407;-0.015328064;0.012822134
-0.016549407;-0.015328064;0.0049169962
-0.016549407;-0.015328064;0.0049169962
-0.014573122;-0.015328064;0.0049169962
-0.016549407;-0.015328064;0.012822134
-0.014573122;-0.013351778;0.0049169962
-0.016549407;-0.013351778;0.0049169962
-0.016549407;-0.015328064;0.0049169962
-0.014573122;-0.015328064;0.0049169962
-0.014573122;-0.015328064;0.012822134
-0.016549407;-0.015328064;0.012822134
-0.014573122;-0.013351778;0.012822134
-0.014573122;-0.013351778;0.0049169962
-0.014573122;-0.013351778;0.012822134
-0.014573122;-0.015328064;0.0049169962
-0.012596838;-0.015328064;0.012822134
-0.014573122;-0.013351778;0.012822134
-0.012596838;-0.015328064;0.0049169962
-0.014573122;-0.013351778;0.012822134
-0.014573122;-0.013351778;0.012822134
-0.014573122;-0.013351778;0.0049169962
-0.012596838;-0.013351778;0.012822134
-0.014573122;-0.013351778;0.0049169962
-0.014573122;-0.013351778;0.0049169962
-0.012596838;-0.013351778;0.0049169962
-0.012596838;-0.013351778;0.0049169962
-0.012596838;-0.011375494;0.012822134
-0.012596838;-0.011375494;0.0049169962
-0.014573122;-0.011375494;0.012822134
-0.012596838;-0.011375494;0.0049169962
-0.014573122;-0.011375494;0.012822134
-0.012596838;-0.013351778;0.0049169962
-0.014573122;-0.013351778;0.0049169962
-0.014573122;-0.013351778;0.012822134
-0.012596838;-0.011375494;0.0049169962
-0.012596838;-0.011375494;0.012822134
-0.012596838;-0.011375494;0.012822134
-0.012596838;-0.011375494;0.0049169962
-0.012596838;-0.011375494;0.0049169962
-0.014573122;-0.011375494;0.0049169962
-0.012596838;-0.011375494;0.0049169962
-0.012596838;-0.011375494;0.012822134
-0.012596838;-0.011375494;0.0049169962
-0.012596838;-0.011375494;0.0049169962
-0.012596838;-0.0093992092;0.0049169962
-0.012596838;-0.011375494;0.012822134
-0.012596838;-0.011375494;0.012822134
-0.012596838;-0.011375494;0.0049169962
-0.012596838;-0.0093992092;0.0049169962
-0.012596838;-0.011375494;0.012822134
-0.012596838;-0.0093992092;0.012822134
-0.012596838;-0.011375494;0.012822134
-0.012596838;-0.011375494;0.0049169962
-0.010620553;-0.011375494;0.0049169962
-0.012596838;-0.011375494;0.0049169962
-0.012596838;-0.011375494;0.0049169962
-0.010620553;-0.0093992092;0.0049169962
-0.010620553;-0.0093992092;0.0049169962
-0.0086442688;-0.0093992092;0.012822134
-0.010620553;-0.011375494;0.0049169962
-0.010620553;-0.0093992092;0.012822134
-0.010620553;-0.0093992092;0.0049169962
-0.010620553;-0.0093992092;0.0049169962
-0.010620553;-0.0093992092;0.0049169962
-0.010620553;-0.0093992092;0.012822134
-0.010620553;-0.0093992092;0.0049169962
-0.0086442688;-0.0093992092;0.012822134
-0.010620553;-0.0093992092;0.012822134
-0.010620553;-0.0093992092;0.012822134
-0.010620553;-0.0093992092;0.012822134
-0.0086442688;-0.0093992092;0.0049169962
-0.0086442688;-0.0093992092;0.012822134
-0.0086442688;-0.0093992092;0.0049169962
-0.0086442688;-0.0093992092;0.012822134
-0.0086442688;-0.0093992092;0.0049169962
-0.0086442688;-0.0093992092;0.012822134
-0.0086442688;-0.007422925;0.0049169962
-0.0086442688;-0.007422925;0.0049169962
-0.0086442688;-0.0093992092;0.0049169962
-0.0086442688;-0.0093992092;0.012822134
-0.0086442688;-0.007422925;0.0049169962
-0.0066679842;-0.0093992092;0.012822134
-0.0066679842;-0.007422925;0.012822134
-0.0066679842;-0.007422925;0.012822134
-0.0086442688;-0.007422925;0.012822134
-0.0066679842;-0.007422925;0.0049169962
-0.0086442688;-0.0054466403;0.0049169962
-0.0066679842;-0.007422925;0.0049169962
-0.0066679842;-0.007422925;0.012822134
-0.0066679842;-0.007422925;0.0049169962
-0.0086442688;-0.007422925;0.0049169962
-0.0066679842;-0.007422925;0.0049169962
-0.0066679842;-0.007422925;0.012822134
-0.0066679842;-0.0054466403;0.0049169962
-0.0066679842;-0.007422925;0.0049169962
-0.0066679842;-0.007422925;0.0049169962
-0.0066679842;-0.007422925;0.012822134
-0.0066679842;-0.0054466403;0.012822134
-0.0066679842;-0.0054466403;0.0049169962
-0.0066679842;-0.0054466403;0.012822134
-0.0066679842;-0.007422925;0.0049169962
-0.0066679842;-0.0054466403;0.012822134
-0.0066679842;-0.0054466403;0.0049169962
-0.0066679842;-0.0054466403;0.012822134
-0.0066679842;-0.0054466403;0.0049169962
-0.0066679842;-0.0054466403;0.0049169962
-0.0066679842;-0.0054466403;0.0049169962
-0.0066679842;-0.0054466403;0.012822134
-0.0066679842;-0.0054466403;0.012822134
-0.0066679842;-0.0054466403;0.012822134
-0.0066679842;-0.0054466403;0.0049169962
-0.0046916995;-0.0054466403;0.012822134
-0.0046916995;-0.0054466403;0.012822134
-0.0046916995;-0.0054466403;0.012822134
-0.0066679842;-0.0054466403;0.0049169962
-0.0066679842;-0.0054466403;0.0049169962
-0.0046916995;-0.0034703556;0.0049169962
-0.0066679842;-0.0054466403;0.012822134
-0.0046916995;-0.0054466403;0.012822134
-0.0046916995;-0.0054466403;0.0049169962
-0.0066679842;-0.0034703556;0.0049169962
-0.0046916995;-0.0054466403;0.012822134
-0.0046916995;-0.0054466403;0.0049169962
-0.0046916995;-0.0034703556;0.012822134
-0.0046916995;-0.0034703556;0.012822134
-0.0066679842;-0.0034703556;0.012822134
-0.0046916995;-0.0034703556;0.012822134
-0.0046916995;-0.0034703556;0.0049169962
-0.0046916995;-0.0054466403;0.0049169962
-0.0046916995;-0.0034703556;0.0049169962
-0.0027154151;-0.0034703556;0.0049169962
-0.0027154151;-0.0034703556;0.012822134
-0.0027154151;-0.0034703556;0.012822134
-0.0046916995;-0.0034703556;0.0049169962
-0.0027154151;-0.0034703556;0.012822134
-0.0046916995;-0.0034703556;0.012822134
-0.0046916995;-0.0034703556;0.0049169962
-0.0027154151;-0.0034703556;0.012822134
-0.0046916995;-0.0034703556;0.0049169962
-0.0046916995;-0.0034703556;0.0049169962
-0.0027154151;-0.0034703556;0.0049169962
-0.0027154151;-0.0014940711;0.012822134
-0.0027154151;-0.0034703556;0.012822134
-0.0027154151;-0.0034703556;0.012822134
-0.0046916995;-0.0034703556;0.012822134
-0.0027154151;-0.0014940711;0.0049169962
-0.0027154151;-0.0034703556;0.0049169962
-0.0027154151;-0.0014940711;0.0049169962
-0.00073913042;-0.0034703556;0.012822134
-0.0027154151;-0.0034703556;0.0049169962
-0.0027154151;-0.0014940711;0.012822134
-0.0027154151;-0.0014940711;0.012822134
-0.0027154151;-0.0034703556;0.0049169962
-0.0027154151;0.00048221345;0.012822134
-0.0027154151;0.00048221345;0.012822134
-0.0027154151;-0.0014940711;0.012822134
-0.00073913042;-0.0014940711;0.0049169962
-0.0027154151;-0.0014940711;0.012822134
-0.00073913042;-0.0014940711;0.012822134
-0.00073913042;-0.0014940711;0.0049169962
-0.0027154151;-0.0014940711;0.0049169962
-0.00073913042;-0.0014940711;0.0049169962
-0.00073913042;0.00048221345;0.0049169962
-0.00073913042;-0.0014940711;0.0049169962
-0.0027154151;-0.0014940711;0.0049169962
-0.00073913042;-0.0014940711;0.012822134
-0.00073913042;-0.0014940711;0.012822134
-0.00073913042;-0.0014940711;0.012822134
-0.00073913042;-0.0014940711;0.012822134
-0.00073913042;-0.0014940711;0.012822134
0.0012371541;-0.0014940711;0.012822134
-0.00073913042;0.00048221345;0.012822134
-0.00073913042;0.00048221345;0.0049169962
-0.00073913042;0.00048221345;0.0049169962
0.0012371541;0.00048221345;0.012822134
0.0012371541;0.00048221345;0.012822134
0.0012371541;0.00048221345;0.0049169962
-0.00073913042;0.00048221345;0.012822134
-0.00073913042;0.0024584981;0.0049169962
-0.00073913042;0.00048221345;0.0049169962
-0.00073913042;0.00048221345;0.012822134
0.0012371541;0.00048221345;0.012822134
0.0012371541;0.00048221345;0.0049169962
-0.00073913042;0.00048221345;0.012822134
-0.00073913042;0.00048221345;0.0049169962
-0.00073913042;0.0024584981;0.012822134
0.0012371541;0.0024584981;0.0049169962
0.0012371541;0.0024584981;0.012822134
0.0032134387;0.0024584981;0.0049169962
0.0032134387;0.0024584981;0.0049169962
0.0032134387;0.0024584981;0.0049169962
0.0032134387;0.0024584981;0.0049169962
0.0032134387;0.0024584981;0.012822134
0.0032134387;0.00048221345;0.012822134
0.0032134387;0.0024584981;0.0049169962
0.0032134387;0.0024584981;0.0049169962
0.0012371541;0.0024584981;0.0049169962
0.0032134387;0.0024584981;0.0049169962
0.0032134387;0.0024584981;0.012822134
0.0032134387;0.0024584981;0.0049169962
0.0032134387;0.0024584981;0.0049169962
0.0051897233;0.0024584981;0.0049169962
0.0051897233;0.0044347825;0.0049169962
0.0032134387;0.0024584981;0.0049169962
0.0051897233;0.0044347825;0.012822134
0.0051897233;0.0044347825;0.0049169962
0.0051897233;0.0044347825;0.0049169962
0.0051897233;0.0044347825;0.0049169962
0.0051897233;0.0044347825;0.012822134
0.0051897233;0.0044347825;0.0049169962
0.0051897233;0.0024584981;0.0049169962
0.0051897233;0.0024584981;0.012822134
0.007166008;0.0044347825;0.012822134
0.0051897233;0.0044347825;0.012822134
0.0051897233;0.0044347825;0.0049169962
0.007166008;0.0064110672;0.012822134
0.007166008;0.0044347825;0.0049169962
0.0051897233;0.0044347825;0.012822134
0.0051897233;0.0044347825;0.0049169962
0.0051897233;0.0064110672;0.0049169962
0.0051897233;0.0044347825;0.0049169962
0.0051897233;0.0044347825;0.012822134
0.007166008;0.0064110672;0.012822134
0.007166008;0.0064110672;0.012822134
0.007166008;0.0064110672;0.0049169962
0.007166008;0.0064110672;0.012822134
0.007166008;0.0064110672;0.012822134
0.007166008;0.0044347825;0.012822134
0.007166008;0.0064110672;0.0049169962
0.007166008;0.0064110672;0.012822134
0.007166008;0.0064110672;0.0049169962
0.007166008;0.0064110672;0.012822134
0.0091422927;0.0064110672;0.012822134
0.007166008;0.0064110672;0.0049169962
0.007166008;0.0083873514;0.012822134
0.0091422927;0.0064110672;0.012822134
0.0091422927;0.0064110672;0.0049169962
0.007166008;0.0064110672;0.0049169962
0.0091422927;0.0083873514;0.0049169962
0.007166008;0.0083873514;0.0049169962
0.0091422927;0.0083873514;0.012822134
0.007166008;0.0064110672;0.012822134
0.0091422927;0.0083873514;0.012822134
0.0091422927;0.0083873514;0.012822134
0.0091422927;0.0083873514;0.0049169962
0.0091422927;0.0083873514;0.012822134
0.0091422927;0.0083873514;0.012822134
0.0091422927;0.010363637;0.012822134
0.0091422927;0.0083873514;0.012822134
0.0091422927;0.0083873514;0.012822134
0.0091422927;0.0083873514;0.012822134
0.011118577;0.010363637;0.0049169962
0.0091422927;0.010363637;0.0049169962
0.0091422927;0.010363637;0.012822134
0.0091422927;0.0083873514;0.012822134
0.011118577;0.010363637;0.012822134
0.011118577;0.010363637;0.012822134
0.0091422927;0.010363637;0.0049169962
0.0091422927;0.010363637;0.0049169962
0.011118577;0.010363637;0.012822134
0.0091422927;0.010363637;0.012822134
0.011118577;0.010363637;0.0049169962
0.011118577;0.010363637;0.0049169962
0.0091422927;0.010363637;0.0049169962
0.011118577;0.010363637;0.0049169962
0.011118577;0.012339921;0.012822134
0.011118577;0.012339921;0.012822134
0.011118577;0.010363637;0.0049169962
0.011118577;0.010363637;0.0049169962
0.013094862;0.012339921;0.012822134
0.013094862;0.010363637;0.012822134
0.011118577;0.010363637;0.012822134
0.013094862;0.010363637;0.012822134
0.013094862;0.010363637;0.012822134
0.011118577;0.010363637;0.012822134
0.013094862;0.012339921;0.0049169962
0.013094862;0.012339921;0.012822134
0.013094862;0.012339921;0.012822134
0.011118577;0.012339921;0.0049169962
0.015071146;0.012339921;0.0049169962
0.011118577;0.012339921;0.012822134
0.013094862;0.012339921;0.0049169962
0.015071146;0.012339921;0.0049169962
0.015071146;0.012339921;0.012822134
0.013094862;0.014316206;0.0049169962
0.015071146;0.012339921;0.012822134
0.013094862;0.012339921;0.0049169962
0.013094862;0.012339921;0.012822134
0.015071146;0.014316206;0.012822134
0.015071146;0.014316206;0.0049169962
0.015071146;0.014316206;0.012822134
0.015071146;0.012339921;0.012822134
0.015071146;0.012339921;0.012822134
0.015071146;0.014316206;0.012822134
0.015071146;0.014316206;0.0049169962
0.017047431;0.014316206;0.012822134
0.017047431;0.014316206;0.012822134
0.017047431;0.014316206;0.012822134
0.017047431;0.014316206;0.012822134
0.015071146;0.014316206;0.012822134
0.017047431;0.014316206;0.012822134
0.017047431;0.014316206;0.0049169962
0.017047431;0.01629249;0.0049169962
0.017047431;0.014316206;0.012822134
0.017047431;0.01629249;0.012822134
0.017047431;0.01629249;0.0049169962
0.017047431;0.01629249;0.012822134
0.015071146;0.014316206;0.0049169962
0.017047431;0.014316206;0.0049169962
0.019023715;0.01629249;0.0049169962
0.017047431;0.01629249;0.012822134
0.017047431;0.01629249;0.0049169962
0.017047431;0.01629249;0.012822134
0.019023715;0.01629249;0.012822134
0.017047431;0.01629249;0.012822134
0.019023715;0.018268775;0.0049169962
0.019023715;0.018268775;0.012822134
0.017047431;0.018268775;0.012822134
0.019023715;0.018268775;0.0049169962
0.019023715;0.018268775;0.0049169962
0.019023715;0.018268775;0.0049169962
0.017047431;0.018268775;0.012822134
0.019023715;0.018268775;0.0049169962
0.019023715;0.018268775;0.0049169962
0.019023715;0.01629249;0.012822134
0.021;0.01629249;0.012822134
0.019023715;0.018268775;0.0049169962
0.019023715;0.018268775;0.0049169962
0.021;0.018268775;0.0049169962
0.019023715;0.018268775;0.0049169962
0.019023715;0.018268775;0.0049169962
0.021;0.018268775;0.012822134
0.021;0.020245058;0.012822134
0.019023715;0.018268775;0.012822134
0.019023715;0.020245058;0.012822134
0.019023715;0.018268775;0.0049169962
0.021;0.018268775;0.012822134
0.021;0.018268775;0.0049169962
0.021;0.020245058;0.012822134
0.021;0.020245058;0.012822134
0.021;0.018268775;0.012822134
0.021;0.020245058;0.012822134
0.021;0.018268775;0.012822134
0.021;0.020245058;0.012822134
0.021;0.020245058;0.012822134
0.021;0.020245058;0.0049169962
0.021;0.020245058;0.012822134
0.021;0.020245058;0.012822134
0.022976285;0.020245058;0.0049169962
0.022976285;0.020245058;0.0049169962
0.021;0.020245058;0.0049169962
0.022976285;0.020245058;0.012822134
0.022976285;0.020245058;0.0049169962
0.022976285;0.020245058;0.012822134
0.021;0.022221344;0.0049169962
0.021;0.022221344;0.012822134
0.022976285;0.022221344;0.012822134
0.022976285;0.022221344;0.012822134
0.022976285;0.022221344;0.012822134
0.02495257;0.022221344;0.012822134
0.02495257;0.022221344;0.012822134
0.022976285;0.022221344;0.0049169962
0.022976285;0.022221344;0.012822134
0.022976285;0.022221344;0.0049169962
0.022976285;0.022221344;0.012822134
0.022976285;0.022221344;0.0049169962
0.02495257;0.022221344;0.0049169962
0.02495257;0.022221344;0.012822134
0.02495257;0.024197629;0.0049169962
0.02495257;0.024197629;0.012822134
0.022976285;0.022221344;0.012822134
0.02495257;0.024197629;0.012822134
0.02495257;0.024197629;0.0049169962
0.02495257;0.022221344;0.012822134
0.02495257;0.026173914;0.0049169962
0.02495257;0.024197629;0.0049169962
0.02495257;0.024197629;0.012822134
0.02495257;0.024197629;0.012822134
0.02495257;0.024197629;0.012822134
0.02495257;0.024197629;0.012822134
0.026928853;0.024197629;0.012822134
0.02495257;0.024197629;0.012822134
0.02495257;0.024197629;0.012822134
0.026928853;0.024197629;0.012822134
0.026928853;0.024197629;0.0049169962
0.026928853;0.026173914;0.012822134
0.026928853;0.024197629;0.0049169962
0.026928853;0.026173914;0.012822134
0.028905138;0.026173914;0.0049169962
0.026928853;0.026173914;0.0049169962
0.026928853;0.026173914;0.0049169962
0.026928853;0.026173914;0.012822134
0.026928853;0.026173914;0.012822134
0.026928853;0.026173914;0.0049169962
0.028905138;0.026173914;0.012822134
0.026928853;0.026173914;0.012822134
0.028905138;0.026173914;0.012822134
0.026928853;0.026173914;0.0049169962
0.028905138;0.028150197;0.012822134
0.026928853;0.026173914;0.0049169962
0.028905138;0.026173914;0.012822134
0.028905138;0.026173914;0.012822134
0.028905138;0.028150197;0.0049169962
0.028905138;0.028150197;0.012822134
0.028905138;0.026173914;0.0049169962
0.026928853;0.028150197;0.012822134
0.030881424;0.028150197;0.012822134
0.030881424;0.028150197;0.012822134
0.028905138;0.028150197;0.012822134
0.028905138;0.028150197;0.0049169962
0.030881424;0.028150197;0.012822134
0.030881424;0.030126482;0.0049169962
0.028905138;0.028150197;0.012822134
0.030881424;0.028150197;0.0049169962
0.028905138;0.028150197;0.0049169962
0.030881424;0.028150197;0.0049169962
0.030881424;0.028150197;0.0049169962
0.030881424;0.028150197;0.012822134
0.030881424;0.028150197;0.0049169962
0.028905138;0.028150197;0.0049169962
0.030881424;0.030126482;0.012822134
0.030881424;0.030126482;0.012822134
0.030881424;0.030126482;0.012822134
0.030881424;0.028150197;0.0049169962
0.030881424;0.030126482;0.012822134
0.030881424;0.030126482;0.012822134
0.030881424;0.032102767;0.012822134
0.030881424;0.030126482;0.012822134
0.032857709;0.030126482;0.012822134
0.032857709;0.030126482;0.012822134
0.032857709;0.030126482;0.0049169962
0.032857709;0.030126482;0.0049169962
0.030881424;0.032102767;0.0049169962
0.030881424;0.030126482;0.012822134
0.030881424;0.032102767;0.012822134
0.032857709;0.032102767;0.012822134
0.032857709;0.032102767;0.0049169962
0.032857709;0.032102767;0.012822134
0.032857709;0.032102767;0.012822134
0.032857709;0.032102767;0.012822134
0.034833994;0.032102767;0.0049169962
0.032857709;0.032102767;0.0049169962
0.032857709;0.032102767;0.012822134
0.032857709;0.032102767;0.012822134
0.034833994;0.032102767;0.012822134
0.034833994;0.034079053;0.012822134
0.032857709;0.032102767;0.0049169962
0.034833994;0.032102767;0.0049169962
0.034833994;0.034079053;0.0049169962
0.032857709;0.034079053;0.0049169962
0.034833994;0.032102767;0.0049169962
0.034833994;0.032102767;0.012822134
0.034833994;0.034079053;0.0049169962
0.034833994;0.034079053;0.012822134
0.034833994;0.034079053;0.012822134
0.036810275;0.032102767;0.012822134
0.036810275;0.034079053;0.0049169962
0.034833994;0.034079053;0.012822134
0.034833994;0.036055338;0.0049169962
0.034833994;0.034079053;0.0049169962
0.036810275;0.034079053;0.012822134
0.036810275;0.034079053;0.012822134
0.036810275;0.034079053;0.012822134
0.034833994;0.034079053;0.0049169962
0.036810275;0.034079053;0.012822134
0.036810275;0.034079053;0.012822134
0.036810275;0.034079053;0.012822134
0.036810275;0.034079053;0.0049169962
0.036810275;0.036055338;0.012822134
0.036810275;0.036055338;0.012822134
0.036810275;0.036055338;0.0049169962
0.036810275;0.036055338;0.012822134
0.03878656;0.036055338;0.0049169962
0.036810275;0.036055338;0.0049169962
0.036810275;0.036055338;0.0049169962
0.03878656;0.038031619;0.012822134
0.036810275;0.036055338;0.012822134
0.036810275;0.036055338;0.0049169962
0.03878656;0.036055338;0.012822134
0.036810275;0.036055338;0.012822134
0.036810275;0.036055338;0.012822134
0.036810275;0.038031619;0.0049169962
0.03878656;0.038031619;0.012822134
0.03878656;0.036055338;0.0049169962
0.03878656;0.036055338;0.0049169962
0.03878656;0.038031619;0.0049169962
0.03878656;0.036055338;0.0049169962
0.03878656;0.038031619;0.012822134
0.03878656;0.038031619;0.0049169962
0.03878656;0.036055338;0.0049169962
0.03878656;0.036055338;0.0049169962
0.040762845;0.038031619;0.0049169962
0.040762845;0.038031619;0.012822134
0.03878656;0.038031619;0.012822134
0.040762845;0.038031619;0.012822134
0.040762845;0.038031619;0.012822134
0.040762845;0.040007904;0.012822134
0.040762845;0.038031619;0.012822134
0.040762845;0.038031619;0.0049169962
0.040762845;0.038031619;0.012822134
0.040762845;0.040007904;0.012822134
0.040762845;0.038031619;0.0049169962
0.040762845;0.038031619;0.012822134
0.03878656;0.040007904;0.012822134
0.040762845;0.040007904;0.012822134
0.040762845;0.040007904;0.0049169962
0.040762845;0.040007904;0.0049169962
0.040762845;0.040007904;0.0049169962
0.040762845;0.040007904;0.012822134
0.042739131;0.040007904;0.012822134
0.042739131;0.040007904;0.012822134
0.042739131;0.040007904;0.012822134
0.042739131;0.040007904;0.0049169962
0.042739131;0.040007904;0.012822134
0.042739131;0.040007904;0.012822134
0.042739131;0.040007904;0.0049169962
0.042739131;0.040007904;0.012822134
0.042739131;0.040007904;0.012822134
0.042739131;0.041984189;0.012822134
0.044715416;0.041984189;0.012822134
0.042739131;0.040007904;0.0049169962
0.042739131;0.040007904;0.0049169962
0.044715416;0.041984189;0.012822134
0.042739131;0.041984189;0.0049169962
0.042739131;0.040007904;0.012822134
0.040762845;0.041984189;0.0049169962
0.044715416;0.040007904;0.012822134
0.042739131;0.041984189;0.012822134
0.042739131;0.041984189;0.0049169962
0.044715416;0.041984189;0.012822134
0.042739131;0.041984189;0.0049169962
0.044715416;0.041984189;0.0049169962
0.042739131;0.041984189;0.0049169962
0.044715416;0.041984189;0.0049169962
0.044715416;0.040007904;0.0049169962
0.044715416;0.041984189;0.012822134
0.044715416;0.041984189;0.0049169962
0.044715416;0.041984189;0.0049169962
0.044715416;0.041984189;0.0049169962
0.046691701;0.043960474;0.012822134
0.046691701;0.043960474;0.012822134
0.044715416;0.043960474;0.0049169962
0.044715416;0.041984189;0.0049169962
0.046691701;0.041984189;0.012822134
0.044715416;0.043960474;0.012822134
0.046691701;0.043960474;0.0049169962
0.044715416;0.041984189;0.012822134
0.046691701;0.041984189;0.012822134
0.044715416;0.043960474;0.012822134
0.046691701;0.043960474;0.0049169962
0.046691701;0.041984189;0.012822134
0.046691701;0.043960474;0.012822134
0.046691701;0.043960474;0.012822134
0.046691701;0.043960474;0.0049169962
0.046691701;0.043960474;0.012822134
0.046691701;0.043960474;0.012822134
0.046691701;0.043960474;0.0049169962
0.046691701;0.043960474;0.012822134
0.046691701;0.04593676;0.012822134
0.046691701;0.04593676;0.012822134
0.048667986;0.04593676;0.012822134
0.048667986;0.04593676;0.0049169962
0.046691701;0.04593676;0.0049169962
0.046691701;0.043960474;0.0049169962
0.048667986;0.043960474;0.012822134
0.046691701;0.043960474;0.012822134
0.048667986;0.043960474;0.012822134
0.048667986;0.043960474;0.012822134
0.048667986;0.04593676;0.012822134
0.048667986;0.04593676;0.0049169962
0.048667986;0.04593676;0.0049169962
0.048667986;0.043960474;0.012822134
0.048667986;0.04593676;0.0049169962
0.046691701;0.047913045;0.012822134
0.048667986;0.04593676;0.0049169962
0.048667986;0.04593676;0.012822134
0.048667986;0.04593676;0.012822134
0.048667986;0.047913045;0.0049169962
0.048667986;0.04593676;0.012822134
0.048667986;0.047913045;0.0049169962
0.050644267;0.047913045;0.012822134
0.050644267;0.047913045;0.0049169962
0.050644267;0.047913045;0.0049169962
0.048667986;0.047913045;0.012822134
0.048667986;0.047913045;0.0049169962
0.048667986;0.047913045;0.012822134
0.050644267;0.047913045;0.012822134
0.050644267;0.047913045;0.012822134
0.048667986;0.047913045;0.012822134
0.048667986;0.047913045;0.012822134
0.050644267;0.047913045;0.012822134
0.050644267;0.047913045;0.012822134
0.048667986;0.04988933;0.012822134
0.052620552;0.047913045;0.0049169962
0.052620552;0.047913045;0.0049169962
0.050644267;0.047913045;0.012822134
0.052620552;0.04988933;0.012822134
0.052620552;0.04988933;0.012822134
0.050644267;0.04988933;0.0049169962
0.050644267;0.047913045;0.0049169962
0.052620552;0.04988933;0.012822134
0.052620552;0.04988933;0.012822134
0.052620552;0.047913045;0.012822134
0.050644267;0.04988933;0.0049169962
0.050644267;0.04988933;0.012822134
0.050644267;0.047913045;0.012822134
0.052620552;0.04988933;0.0049169962
0.052620552;0.04988933;0.0049169962
0.052620552;0.04988933;0.012822134
0.052620552;0.047913045;0.012822134
0.052620552;0.04988933;0.012822134
0.052620552;0.04988933;0.012822134
0.054596838;0.04988933;0.0049169962
0.052620552;0.051865611;0.012822134
0.054596838;0.04988933;0.012822134
0.054596838;0.04988933;0.012822134
0.052620552;0.051865611;0.012822134
0.052620552;0.04988933;0.0049169962
0.052620552;0.04988933;0.012822134
0.052620552;0.04988933;0.0049169962
0.054596838;0.051865611;0.012822134
0.052620552;0.051865611;0.0049169962
0.054596838;0.051865611;0.012822134
0.054596838;0.051865611;0.0049169962
0.054596838;0.051865611;0.0049169962
0.054596838;0.051865611;0.012822134
0.054596838;0.051865611;0.0049169962
0.054596838;0.051865611;0.0049169962
0.054596838;0.051865611;0.0049169962
0.054596838;0.051865611;0.012822134
0.054596838;0.051865611;0.0049169962
0.054596838;0.051865611;0.012822134
0.056573123;0.051865611;0.012822134
0.054596838;0.051865611;0.0049169962
0.054596838;0.051865611;0.012822134
0.056573123;0.053841896;0.0049169962
0.054596838;0.051865611;0.012822134
0.054596838;0.053841896;0.0049169962
0.056573123;0.051865611;0.0049169962
0.054596838;0.053841896;0.012822134
0.056573123;0.051865611;0.012822134
0.056573123;0.053841896;0.012822134
0.054596838;0.053841896;0.012822134
0.056573123;0.051865611;0.012822134
0.056573123;0.051865611;0.0049169962
0.056573123;0.053841896;0.0049169962
0.056573123;0.053841896;0.0049169962
0.056573123;0.053841896;0.0049169962
0.054596838;0.053841896;0.0049169962
0.054596838;0.053841896;0.012822134
0.054596838;0.053841896;0.012822134
0.056573123;0.053841896;0.0049169962
0.056573123;0.053841896;0.012822134
0.056573123;0.053841896;0.012822134
0.056573123;0.053841896;0.0049169962
0.056573123;0.053841896;0.0049169962
0.058549408;0.053841896;0.012822134
0.056573123;0.053841896;0.0049169962
0.058549408;0.053841896;0.0049169962
0.058549408;0.053841896;0.012822134
0.056573123;0.053841896;0.012822134
0.058549408;0.055818181;0.012822134
0.056573123;0.053841896;0.0049169962
0.058549408;0.055818181;0.012822134
0.058549408;0.055818181;0.0049169962
0.056573123;0.055818181;0.012822134
0.058549408;0.053841896;0.0049169962
0.058549408;0.053841896;0.012822134
0.058549408;0.053841896;0.012822134
0.058549408;0.055818181;0.0049169962
0.058549408;0.055818181;0.012822134
0.058549408;0.053841896;0.0049169962
0.056573123;0.055818181;0.0049169962
0.060525693;0.055818181;0.012822134
0.056573123;0.055818181;0.0049169962
0.058549408;0.055818181;0.012822134
0.060525693;0.055818181;0.0049169962
0.060525693;0.055818181;0.012822134
0.058549408;0.055818181;0.0049169962
0.060525693;0.055818181;0.0049169962
0.058549408;0.055818181;0.012822134
0.058549408;0.055818181;0.0049169962
0.060525693;0.055818181;0.0049169962
0.058549408;0.057794467;0.012822134
0.058549408;0.057794467;0.0049169962
0.058549408;0.055818181;0.012822134
0.058549408;0.057794467;0.0049169962
0.058549408;0.057794467;0.012822134
0.060525693;0.055818181;0.012822134
0.060525693;0.057794467;0.012822134
0.060525693;0.057794467;0.012822134
0.058549408;0.055818181;0.012822134
0.060525693;0.057794467;0.012822134
0.060525693;0.057794467;0.012822134
0.058549408;0.057794467;0.0049169962
0.060525693;0.057794467;0.0049169962
0.062501974;0.057794467;0.0049169962
0.060525693;0.057794467;0.012822134
0.060525693;0.059770752;0.012822134
0.060525693;0.055818181;0.012822134
0.062501974;0.057794467;0.012822134
0.060525693;0.059770752;0.0049169962
0.060525693;0.059770752;0.0049169962
0.060525693;0.057794467;0.0049169962
0.060525693;0.057794467;0.012822134
0.060525693;0.057794467;0.0049169962
0.060525693;0.059770752;0.012822134
0.062501974;0.059770752;0.012822134
0.060525693;0.057794467;0.012822134
0.062501974;0.059770752;0.0049169962
0.062501974;0.057794467;0.012822134
0.060525693;0.057794467;0.012822134
0.060525693;0.059770752;0.012822134
0.062501974;0.057794467;0.012822134
0.062501974;0.059770752;0.012822134
0.062501974;0.057794467;0.0049169962
0.062501974;0.057794467;0.0049169962
0.062501974;0.059770752;0.012822134
0.062501974;0.057794467;0.012822134
0.062501974;0.057794467;0.012822134
0.062501974;0.059770752;0.0049169962
0.062501974;0.059770752;0.0049169962
0.062501974;0.057794467;0.0049169962
0.060525693;0.059770752;0.0049169962
0.062501974;0.059770752;0.012822134
0.062501974;0.059770752;0.012822134
0.062501974;0.059770752;0.0049169962
0.064478263;0.059770752;0.012822134
0.062501974;0.059770752;0.012822134
0.062501974;0.059770752;0.0049169962
0.062501974;0.059770752;0.0049169962
0.062501974;0.061747037;0.012822134
0.064478263;0.059770752;0.012822134
0.062501974;0.061747037;0.012822134
0.064478263;0.061747037;0.0049169962
0.064478263;0.061747037;0.0049169962
0.062501974;0.061747037;0.0049169962
0.062501974;0.061747037;0.012822134
0.062501974;0.061747037;0.012822134
0.062501974;0.061747037;0.0049169962
0.062501974;0.059770752;0.0049169962
0.064478263;0.059770752;0.012822134
0.062501974;0.061747037;0.012822134
0.062501974;0.059770752;0.0049169962
0.062501974;0.061747037;0.012822134
0.064478263;0.061747037;0.012822134
0.062501974;0.059770752;0.012822134
0.064478263;0.061747037;0.0049169962
0.064478263;0.061747037;0.0049169962
0.062501974;0.061747037;0.012822134
0.064478263;0.059770752;0.0049169962
0.064478263;0.061747037;0.012822134
0.064478263;0.059770752;0.012822134
0.064478263;0.059770752;0.012822134
0.062501974;0.061747037;0.0049169962
0.064478263;0.061747037;0.0049169962
0.064478263;0.061747037;0.012822134
0.066454545;0.063723318;0.012822134
0.064478263;0.063723318;0.012822134
0.064478263;0.061747037;0.0049169962
0.064478263;0.061747037;0.012822134
0.066454545;0.061747037;0.0049169962
0.064478263;0.061747037;0.012822134
0.066454545;0.061747037;0.012822134
0.066454545;0.063723318;0.0049169962
0.064478263;0.063723318;0.0049169962
0.066454545;0.061747037;0.0049169962
0.064478263;0.061747037;0.0049169962
0.064478263;0.061747037;0.0049169962
0.064478263;0.061747037;0.0049169962
0.064478263;0.063723318;0.0049169962
0.066454545;0.063723318;0.012822134
0.064478263;0.061747037;0.0049169962
0.066454545;0.063723318;0.012822134
0.066454545;0.063723318;0.012822134
0.066454545;0.061747037;0.0049169962
0.068430834;0.063723318;0.012822134
0.064478263;0.063723318;0.0049169962
0.066454545;0.063723318;0.0049169962
0.066454545;0.063723318;0.0049169962
0.066454545;0.063723318;0.0049169962
0.066454545;0.063723318;0.0049169962
0.066454545;0.063723318;0.012822134
0.066454545;0.063723318;0.0049169962
0.066454545;0.063723318;0.0049169962
0.066454545;0.061747037;0.012822134
0.064478263;0.063723318;0.0049169962
0.066454545;0.065699607;0.012822134
0.066454545;0.063723318;0.0049169962
0.066454545;0.063723318;0.012822134
0.066454545;0.063723318;0.0049169962
0.066454545;0.063723318;0.0049169962
0.066454545;0.063723318;0.0049169962
0.066454545;0.063723318;0.012822134
0.066454545;0.063723318;0.0049169962
0.066454545;0.065699607;0.0049169962
0.068430834;0.063723318;0.0049169962
0.066454545;0.063723318;0.0049169962
0.066454545;0.065699607;0.0049169962
0.066454545;0.063723318;0.012822134
0.068430834;0.063723318;0.012822134
0.066454545;0.065699607;0.0049169962
0.066454545;0.063723318;0.012822134
0.066454545;0.063723318;0.012822134
0.066454545;0.065699607;0.0049169962
0.066454545;0.065699607;0.012822134
0.066454545;0.065699607;0.012822134
0.066454545;0.063723318;0.0049169962
0.066454545;0.065699607;0.0049169962
0.068430834;0.063723318;0.0049169962
0.068430834;0.063723318;0.0049169962
0.068430834;0.065699607;0.0049169962
0.068430834;0.063723318;0.012822134
0.068430834;0.063723318;0.0049169962
0.068430834;0.065699607;0.012822134
0.068430834;0.065699607;0.012822134
0.066454545;0.065699607;0.012822134
0.070407115;0.065699607;0.0049169962
0.068430834;0.065699607;0.0049169962
0.068430834;0.065699607;0.0049169962
0.070407115;0.065699607;0.0049169962
0.066454545;0.065699607;0.012822134
0.068430834;0.065699607;0.0049169962
0.068430834;0.065699607;0.0049169962
0.068430834;0.065699607;0.0049169962
0.070407115;0.065699607;0.012822134
0.068430834;0.063723318;0.012822134
0.068430834;0.067675889;0.0049169962
0.070407115;0.065699607;0.0049169962
0.070407115;0.065699607;0.012822134
0.070407115;0.065699607;0.012822134
0.068430834;0.065699607;0.012822134
0.068430834;0.067675889;0.012822134
0.070407115;0.067675889;0.0049169962
0.070407115;0.065699607;0.0049169962
0.068430834;0.065699607;0.0049169962
0.068430834;0.067675889;0.0049169962
0.070407115;0.067675889;0.012822134
0.068430834;0.067675889;0.0049169962
0.066454545;0.067675889;0.0049169962
0.070407115;0.067675889;0.0049169962
0.070407115;0.065699607;0.012822134
0.070407115;0.065699607;0.012822134
0.070407115;0.067675889;0.012822134
0.068430834;0.065699607;0.0049169962
0.068430834;0.065699607;0.012822134
0.070407115;0.065699607;0.0049169962
0.068430834;0.067675889;0.0049169962
0.070407115;0.067675889;0.012822134
0.068430834;0.067675889;0.0049169962
0.068430834;0.067675889;0.0049169962
0.070407115;0.067675889;0.0049169962
0.068430834;0.067675889;0.0049169962
0.070407115;0.067675889;0.012822134
0.070407115;0.067675889;0.012822134
0.070407115;0.065699607;0.012822134
0.070407115;0.067675889;0.012822134
0.070407115;0.065699607;0.0049169962
0.070407115;0.065699607;0.012822134
0.070407115;0.067675889;0.012822134
0.070407115;0.065699607;0.012822134
0.070407115;0.067675889;0.012822134
0.070407115;0.067675889;0.0049169962
0.070407115;0.067675889;0.012822134
0.070407115;0.067675889;0.0049169962
0.070407115;0.067675889;0.012822134
0.072383396;0.067675889;0.0049169962
0.070407115;0.067675889;0.0049169962
0.072383396;0.067675889;0.0049169962
0.070407115;0.067675889;0.0049169962
0.070407115;0.067675889;0.0049169962
0.070407115;0.067675889;0.0049169962
0.070407115;0.067675889;0.012822134
0.070407115;0.067675889;0.0049169962
0.070407115;0.067675889;0.0049169962
0.070407115;0.065699607;0.012822134
0.070407115;0.067675889;0.012822134
0.070407115;0.067675889;0.0049169962
0.070407115;0.067675889;0.0049169962
0.070407115;0.067675889;0.012822134
0.070407115;0.067675889;0.0049169962
0.070407115;0.067675889;0.0049169962
0.070407115;0.067675889;0.012822134
0.070407115;0.067675889;0.0049169962
0.070407115;0.069652177;0.012822134
0.070407115;0.067675889;0.0049169962
0.070407115;0.067675889;0.012822134
0.072383396;0.067675889;0.012822134
0.072383396;0.067675889;0.0049169962
0.070407115;0.069652177;0.012822134
0.070407115;0.069652177;0.012822134
0.070407115;0.067675889;0.012822134
0.070407115;0.067675889;0.012822134
0.070407115;0.069652177;0.0049169962
0.070407115;0.067675889;0.012822134
0.070407115;0.067675889;0.0049169962
0.068430834;0.067675889;0.012822134
0.072383396;0.067675889;0.012822134
0.072383396;0.067675889;0.0049169962
0.072383396;0.067675889;0.012822134
0.070407115;0.069652177;0.0049169962
0.072383396;0.067675889;0.0049169962
0.070407115;0.067675889;0.012822134
0.070407115;0.069652177;0.012822134
0.072383396;0.067675889;0.012822134
0.070407115;0.069652177;0.0049169962
0.070407115;0.067675889;0.012822134
0.070407115;0.067675889;0.012822134
0.072383396;0.067675889;0.012822134
0.072383396;0.067675889;0.012822134
0.070407115;0.067675889;0.0049169962
0.070407115;0.067675889;0.0049169962
0.070407115;0.067675889;0.012822134
0.072383396;0.069652177;0.012822134
0.070407115;0.069652177;0.0049169962
0.070407115;0.067675889;0.012822134
0.072383396;0.067675889;0.0049169962
0.070407115;0.067675889;0.0049169962
0.072383396;0.069652177;0.0049169962
0.072383396;0.069652177;0.012822134
0.070407115;0.069652177;0.012822134
0.072383396;0.069652177;0.012822134
0.074359685;0.067675889;0.012822134
0.070407115;0.069652177;0.012822134
0.072383396;0.069652177;0.0049169962
0.070407115;0.067675889;0.012822134
0.070407115;0.067675889;0.0049169962
0.072383396;0.067675889;0.012822134
0.072383396;0.067675889;0.0049169962
0.072383396;0.067675889;0.0049169962
0.072383396;0.069652177;0.0049169962
0.072383396;0.069652177;0.0049169962
0.072383396;0.067675889;0.012822134
0.072383396;0.067675889;0.0049169962
0.072383396;0.067675889;0.012822134
0.070407115;0.069652177;0.0049169962
0.072383396;0.069652177;0.0049169962
0.072383396;0.069652177;0.012822134
0.072383396;0.069652177;0.0049169962
0.072383396;0.067675889;0.012822134
0.072383396;0.069652177;0.012822134
0.072383396;0.067675889;0.012822134
0.070407115;0.069652177;0.0049169962
0.072383396;0.069652177;0.012822134
0.072383396;0.069652177;0.012822134
0.072383396;0.069652177;0.0049169962
0.072383396;0.069652177;0.012822134
0.072383396;0.069652177;0.012822134
0.072383396;0.067675889;0.012822134
0.072383396;0.069652177;0.0049169962
0.072383396;0.069652177;0.012822134
0.072383396;0.069652177;0.012822134
0.070407115;0.069652177;0.012822134
0.072383396;0.067675889;0.012822134
0.070407115;0.069652177;0.012822134
0.070407115;0.069652177;0.0049169962
0.070407115;0.069652177;0.0049169962
0.072383396;0.069652177;0.012822134
0.070407115;0.069652177;0.012822134
0.072383396;0.067675889;0.012822134
0.072383396;0.069652177;0.012822134
0.070407115;0.069652177;0.0049169962
0.072383396;0.069652177;0.012822134
0.070407115;0.069652177;0.0049169962
0.072383396;0.069652177;0.012822134
0.070407115;0.069652177;0.012822134
0.072383396;0.069652177;0.0049169962
0.072383396;0.069652177;0.012822134
0.070407115;0.069652177;0.012822134
0.070407115;0.069652177;0.0049169962
0.070407115;0.069652177;0.0049169962
0.070407115;0.069652177;0.0049169962
0.070407115;0.069652177;0.012822134
0.070407115;0.069652177;0.012822134
0.072383396;0.067675889;0.012822134
0.072383396;0.069652177;0.012822134
0.072383396;0.069652177;0.012822134
0.070407115;0.069652177;0.012822134
0.072383396;0.067675889;0.0049169962
0.070407115;0.069652177;0.012822134
0.070407115;0.069652177;0.0049169962
0.072383396;0.069652177;0.0049169962
0.072383396;0.067675889;0.012822134
0.070407115;0.069652177;0.0049169962
0.070407115;0.069652177;0.0049169962
0.072383396;0.069652177;0.012822134
0.072383396;0.067675889;0.012822134
0.072383396;0.069652177;0.012822134
0.070407115;0.069652177;0.012822134
0.070407115;0.067675889;0.012822134
0.072383396;0.067675889;0.012822134
0.072383396;0.069652177;0.0049169962
0.070407115;0.067675889;0.012822134
0.070407115;0.069652177;0.012822134
0.070407115;0.067675889;0.0049169962
0.072383396;0.069652177;0.0049169962
0.072383396;0.069652177;0.012822134
0.070407115;0.069652177;0.012822134
0.072383396;0.067675889;0.012822134
0.070407115;0.069652177;0.0049169962
0.070407115;0.069652177;0.0049169962
0.072383396;0.069652177;0.012822134
0.072383396;0.069652177;0.012822134
0.072383396;0.069652177;0.012822134
0.072383396;0.069652177;0.0049169962
0.072383396;0.069652177;0.012822134
0.072383396;0.069652177;0.012822134
0.072383396;0.069652177;0.012822134
0.072383396;0.069652177;0.012822134
0.070407115;0.069652177;0.012822134
0.070407115;0.069652177;0.012822134
0.072383396;0.069652177;0.012822134
0.070407115;0.069652177;0.012822134
0.072383396;0.069652177;0.012822134
0.070407115;0.069652177;0.012822134
0.070407115;0.069652177;0.0049169962
0.072383396;0.067675889;0.012822134
0.072383396;0.069652177;0.012822134
0.072383396;0.067675889;0.012822134
0.072383396;0.069652177;0.012822134
0.070407115;0.069652177;0.012822134
0.070407115;0.069652177;0.0049169962
0.072383396;0.069652177;0.012822134
0.072383396;0.069652177;0.012822134
0.072383396;0.069652177;0.0049169962
0.070407115;0.069652177;0.012822134
0.072383396;0.069652177;0.012822134
0.070407115;0.067675889;0.0049169962
0.072383396;0.069652177;0.012822134
0.070407115;0.067675889;0.012822134
0.070407115;0.069652177;0.012822134
0.070407115;0.067675889;0.0049169962
0.070407115;0.067675889;0.012822134
0.072383396;0.069652177;0.0049169962
0.070407115;0.069652177;0.012822134
0.070407115;0.069652177;0.0049169962
0.072383396;0.067675889;0.0049169962
0.072383396;0.069652177;0.012822134
0.070407115;0.067675889;0.012822134
0.070407115;0.067675889;0.0049169962
0.070407115;0.069652177;0.012822134
0.072383396;0.067675889;0.0049169962
0.072383396;0.067675889;0.012822134
0.070407115;0.069652177;0.0049169962
0.070407115;0.067675889;0.012822134
0.072383396;0.067675889;0.012822134
0.072383396;0.069652177;0.012822134
0.070407115;0.069652177;0.012822134
0.070407115;0.069652177;0.0049169962
0.070407115;0.069652177;0.012822134
0.070407115;0.067675889;0.012822134
0.072383396;0.067675889;0.012822134
0.070407115;0.067675889;0.012822134
0.070407115;0.069652177;0.012822134
0.072383396;0.069652177;0.0049169962
0.070407115;0.069652177;0.0049169962
0.070407115;0.067675889;0.012822134
0.068430834;0.067675889;0.0049169962
0.070407115;0.067675889;0.012822134
0.070407115;0.067675889;0.0049169962
0.070407115;0.067675889;0.20254545
0.070407115;0.067675889;0.43969959
0.070407115;0.067675889;0.45550987
0.072383396;0.067675889;0.38436362
0.068430834;0.067675889;0.34483793
0.070407115;0.069652177;0.36064821
0.068430834;0.067675889;0.36855337
0.070407115;0.067675889;0.33693281
0.070407115;0.067675889;0.34483793
0.070407115;0.067675889;0.34483793
0.072383396;0.067675889;0.36064821
0.070407115;0.067675889;0.3764585
0.070407115;0.067675889;0.36064821
0.070407115;0.067675889;0.34483793
0.070407115;0.069652177;0.35274309
0.070407115;0.067675889;0.34483793
0.070407115;0.067675889;0.35274309
0.070407115;0.067675889;0.36064821
0.070407115;0.067675889;0.36064821
0.070407115;0.067675889;0.36064821
0.072383396;0.067675889;0.35274309
0.070407115;0.067675889;0.35274309
0.070407115;0.067675889;0.34483793
0.070407115;0.069652177;0.35274309
0.070407115;0.069652177;0.35274309
0.070407115;0.067675889;0.36855337
0.070407115;0.067675889;0.36064821
0.068430834;0.067675889;0.35274309
0.070407115;0.067675889;0.34483793
0.070407115;0.067675889;0.34483793
0.070407115;0.065699607;0.35274309
0.070407115;0.067675889;0.36064821
0.070407115;0.067675889;0.36064821
0.068430834;0.069652177;0.35274309
0.070407115;0.067675889;0.35274309
0.070407115;0.067675889;0.35274309
0.068430834;0.067675889;0.35274309
0.068430834;0.067675889;0.35274309
0.068430834;0.069652177;0.36064821
0.070407115;0.067675889;0.36064821
0.068430834;0.067675889;0.36064821
0.068430834;0.067675889;0.35274309
0.070407115;0.067675889;0.35274309
0.070407115;0.067675889;0.36064821
0.068430834;0.065699607;0.36064821
0.068430834;0.065699607;0.36064821
0.068430834;0.067675889;0.36064821
0.068430834;0.065699607;0.36064821
0.068430834;0.067675889;0.35274309
0.068430834;0.065699607;0.35274309
0.070407115;0.067675889;0.35274309
0.066454545;0.067675889;0.35274309
0.068430834;0.065699607;0.35274309
0.070407115;0.067675889;0.36064821
0.068430834;0.067675889;0.36064821
0.068430834;0.067675889;0.35274309
0.070407115;0.067675889;0.35274309
0.068430834;0.065699607;0.35274309
0.068430834;0.065699607;0.36064821
0.070407115;0.067675889;0.36064821
0.066454545;0.065699607;0.35274309
0.068430834;0.065699607;0.35274309
0.070407115;0.067675889;0.36064821
0.068430834;0.065699607;0.35274309
0.068430834;0.065699607;0.35274309
0.070407115;0.065699607;0.34483793
0.068430834;0.067675889;0.35274309
0.068430834;0.065699607;0.36064821
0.068430834;0.065699607;0.36064821
0.066454545;0.067675889;0.35274309
0.066454545;0.065699607;0.35274309
0.068430834;0.065699607;0.35274309
0.066454545;0.065699607;0.34483793
0.068430834;0.065699607;0.35274309
0.068430834;0.065699607;0.36064821
0.068430834;0.065699607;0.36064821
0.066454545;0.065699607;0.35274309
0.068430834;0.065699607;0.35274309
0.068430834;0.065699607;0.34483793
0.066454545;0.065699607;0.35274309
0.066454545;0.065699607;0.36064821
0.068430834;0.063723318;0.36064821
0.066454545;0.065699607;0.36064821
0.068430834;0.065699607;0.35274309
0.066454545;0.065699607;0.35274309
0.066454545;0.065699607;0.34483793
0.068430834;0.063723318;0.35274309
0.066454545;0.063723318;0.36064821
0.066454545;0.063723318;0.35274309
0.066454545;0.063723318;0.35274309
0.066454545;0.063723318;0.35274309
0.066454545;0.065699607;0.35274309
0.066454545;0.065699607;0.35274309
0.066454545;0.065699607;0.35274309
0.066454545;0.065699607;0.35274309
0.066454545;0.063723318;0.35274309
0.066454545;0.063723318;0.35274309
0.066454545;0.065699607;0.36064821
0.066454545;0.063723318;0.35274309
0.066454545;0.063723318;0.35274309
0.064478263;0.065699607;0.35274309
0.066454545;0.065699607;0.36064821
0.064478263;0.063723318;0.36064821
0.066454545;0.063723318;0.35274309
0.066454545;0.063723318;0.35274309
0.066454545;0.063723318;0.34483793
0.066454545;0.065699607;0.36064821
0.066454545;0.063723318;0.35274309
0.066454545;0.065699607;0.35274309
0.066454545;0.063723318;0.35274309
0.066454545;0.063723318;0.35274309
0.066454545;0.063723318;0.35274309
0.066454545;0.063723318;0.35274309
0.064478263;0.061747037;0.35274309
0.064478263;0.063723318;0.35274309
0.064478263;0.063723318;0.35274309
0.064478263;0.063723318;0.36064821
0.066454545;0.063723318;0.36064821
0.064478263;0.063723318;0.35274309
0.064478263;0.063723318;0.35274309
0.066454545;0.063723318;0.35274309
0.066454545;0.061747037;0.36064821
0.064478263;0.063723318;0.35274309
0.066454545;0.061747037;0.35274309
0.066454545;0.063723318;0.35274309
0.064478263;0.063723318;0.35274309
0.064478263;0.061747037;0.35274309
0.064478263;0.061747037;0.35274309
0.064478263;0.061747037;0.35274309
0.066454545;0.061747037;0.35274309
0.064478263;0.061747037;0.35274309
0.064478263;0.063723318;0.35274309
0.064478263;0.061747037;0.35274309
0.064478263;0.063723318;0.35274309
0.062501974;0.063723318;0.36064821
0.064478263;0.061747037;0.35274309
0.062501974;0.059770752;0.35274309
0.064478263;0.061747037;0.35274309
0.064478263;0.061747037;0.35274309
0.064478263;0.061747037;0.35274309
0.064478263;0.061747037;0.35274309
0.062501974;0.061747037;0.36064821
0.062501974;0.061747037;0.35274309
0.064478263;0.061747037;0.35274309
0.062501974;0.061747037;0.35274309
0.062501974;0.061747037;0.35274309
0.062501974;0.061747037;0.35274309
0.064478263;0.059770752;0.35274309
0.062501974;0.061747037;0.35274309
0.064478263;0.061747037;0.35274309
0.062501974;0.061747037;0.35274309
0.062501974;0.061747037;0.36064821
0.062501974;0.061747037;0.35274309
0.062501974;0.061747037;0.35274309
0.062501974;0.061747037;0.35274309
0.062501974;0.061747037;0.35274309
0.062501974;0.059770752;0.35274309
0.064478263;0.061747037;0.35274309
0.062501974;0.059770752;0.35274309
0.062501974;0.061747037;0.35274309
0.062501974;0.061747037;0.35274309
0.062501974;0.059770752;0.35274309
0.064478263;0.061747037;0.35274309
0.062501974;0.061747037;0.35274309
0.062501974;0.059770752;0.35274309
0.062501974;0.059770752;0.35274309
0.062501974;0.059770752;0.35274309
0.062501974;0.059770752;0.35274309
0.062501974;0.059770752;0.35274309
0.062501974;0.061747037;0.35274309
0.062501974;0.061747037;0.35274309
0.062501974;0.059770752;0.35274309
0.062501974;0.059770752;0.35274309
0.062501974;0.059770752;0.35274309
0.062501974;0.059770752;0.35274309
0.062501974;0.059770752;0.35274309
0.060525693;0.059770752;0.35274309
0.060525693;0.057794467;0.35274309
0.060525693;0.059770752;0.35274309
0.062501974;0.059770752;0.35274309
0.062501974;0.059770752;0.35274309
0.062501974;0.059770752;0.35274309
0.062501974;0.059770752;0.35274309
0.062501974;0.057794467;0.36064821
0.062501974;0.059770752;0.35274309
0.060525693;0.059770752;0.35274309
0.060525693;0.057794467;0.35274309
0.060525693;0.057794467;0.35274309
0.060525693;0.059770752;0.35274309
0.058549408;0.059770752;0.35274309
0.060525693;0.057794467;0.35274309
0.060525693;0.057794467;0.35274309
0.060525693;0.059770752;0.35274309
0.062501974;0.059770752;0.35274309
0.060525693;0.059770752;0.35274309
0.058549408;0.057794467;0.35274309
0.060525693;0.057794467;0.35274309
0.060525693;0.057794467;0.35274309
0.060525693;0.057794467;0.35274309
0.058549408;0.059770752;0.35274309
0.058549408;0.057794467;0.35274309
0.060525693;0.057794467;0.35274309
0.060525693;0.057794467;0.35274309
0.060525693;0.059770752;0.35274309
0.058549408;0.057794467;0.35274309
0.058549408;0.057794467;0.35274309
0.058549408;0.057794467;0.35274309
0.058549408;0.057794467;0.35274309
0.058549408;0.057794467;0.35274309
0.060525693;0.057794467;0.35274309
0.058549408;0.057794467;0.35274309
0.058549408;0.055818181;0.35274309
0.058549408;0.057794467;0.35274309
0.056573123;0.055818181;0.35274309
0.058549408;0.057794467;0.35274309
0.058549408;0.055818181;0.35274309
0.056573123;0.055818181;0.35274309
0.058549408;0.055818181;0.35274309
0.056573123;0.055818181;0.35274309
0.058549408;0.055818181;0.35274309
0.056573123;0.055818181;0.35274309
0.058549408;0.055818181;0.35274309
0.056573123;0.055818181;0.35274309
0.056573123;0.055818181;0.35274309
0.056573123;0.055818181;0.35274309
0.058549408;0.055818181;0.35274309
0.056573123;0.055818181;0.35274309
0.056573123;0.053841896;0.35274309
0.056573123;0.053841896;0.35274309
0.056573123;0.055818181;0.35274309
0.056573123;0.055818181;0.36064821
0.056573123;0.053841896;0.35274309
0.056573123;0.055818181;0.35274309
0.056573123;0.055818181;0.35274309
0.056573123;0.053841896;0.35274309
0.056573123;0.053841896;0.35274309
0.056573123;0.053841896;0.35274309
0.054596838;0.053841896;0.35274309
0.056573123;0.053841896;0.35274309
0.056573123;0.053841896;0.35274309
0.054596838;0.053841896;0.35274309
0.056573123;0.053841896;0.35274309
0.056573123;0.053841896;0.35274309
0.054596838;0.053841896;0.36064821
0.054596838;0.053841896;0.35274309
0.054596838;0.053841896;0.35274309
0.054596838;0.053841896;0.35274309
0.056573123;0.053841896;0.36064821
0.056573123;0.051865611;0.35274309
0.054596838;0.051865611;0.35274309
0.054596838;0.053841896;0.35274309
0.054596838;0.053841896;0.35274309
0.054596838;0.053841896;0.35274309
0.054596838;0.053841896;0.35274309
0.054596838;0.053841896;0.35274309
0.054596838;0.053841896;0.35274309
0.054596838;0.051865611;0.35274309
0.054596838;0.051865611;0.35274309
0.054596838;0.051865611;0.35274309
0.054596838;0.053841896;0.35274309
0.054596838;0.051865611;0.35274309
0.054596838;0.053841896;0.35274309
0.052620552;0.051865611;0.35274309
0.054596838;0.051865611;0.35274309
0.054596838;0.051865611;0.35274309
0.054596838;0.051865611;0.35274309
0.052620552;0.051865611;0.35274309
0.054596838;0.051865611;0.35274309
0.054596838;0.051865611;0.35274309
0.052620552;0.04988933;0.35274309
0.054596838;0.051865611;0.35274309
0.052620552;0.051865611;0.35274309
0.052620552;0.051865611;0.35274309
0.052620552;0.04988933;0.35274309
0.052620552;0.051865611;0.35274309
0.052620552;0.051865611;0.35274309
0.050644267;0.04988933;0.36064821
0.052620552;0.04988933;0.35274309
0.052620552;0.04988933;0.35274309
0.052620552;0.04988933;0.35274309
0.052620552;0.04988933;0.35274309
0.052620552;0.04988933;0.35274309
0.052620552;0.04988933;0.35274309
0.050644267;0.04988933;0.35274309
0.050644267;0.04988933;0.35274309
0.052620552;0.04988933;0.35274309
0.050644267;0.04988933;0.35274309
0.050644267;0.04988933;0.35274309
0.050644267;0.04988933;0.36064821
0.050644267;0.047913045;0.35274309
0.050644267;0.04988933;0.35274309
0.048667986;0.04988933;0.35274309
0.052620552;0.04988933;0.35274309
0.050644267;0.04988933;0.35274309
0.050644267;0.04988933;0.35274309
0.050644267;0.04988933;0.35274309
0.052620552;0.047913045;0.35274309
0.050644267;0.047913045;0.35274309
0.050644267;0.047913045;0.35274309
0.048667986;0.047913045;0.35274309
0.050644267;0.047913045;0.35274309
0.048667986;0.047913045;0.35274309
0.050644267;0.047913045;0.36064821
0.048667986;0.04593676;0.35274309
0.048667986;0.047913045;0.35274309
0.050644267;0.047913045;0.35274309
0.050644267;0.047913045;0.36064821
0.050644267;0.047913045;0.35274309
0.048667986;0.047913045;0.35274309
0.050644267;0.047913045;0.36064821
0.048667986;0.047913045;0.35274309
0.048667986;0.047913045;0.35274309
0.046691701;0.04593676;0.35274309
0.048667986;0.04593676;0.35274309
0.048667986;0.047913045;0.35274309
0.048667986;0.047913045;0.35274309
0.048667986;0.047913045;0.35274309
0.048667986;0.04593676;0.35274309
0.048667986;0.047913045;0.35274309
0.048667986;0.047913045;0.36064821
0.048667986;0.047913045;0.35274309
0.048667986;0.047913045;0.35274309
0.048667986;0.04593676;0.35274309
0.048667986;0.04593676;0.35274309
0.046691701;0.04593676;0.35274309
0.046691701;0.04593676;0.35274309
0.046691701;0.04593676;0.35274309
0.046691701;0.047913045;0.35274309
0.046691701;0.04593676;0.35274309
0.044715416;0.04593676;0.35274309
0.046691701;0.04593676;0.35274309
0.046691701;0.04593676;0.35274309
0.046691701;0.04593676;0.35274309
0.046691701;0.04593676;0.35274309
0.046691701;0.04593676;0.35274309
0.044715416;0.04593676;0.35274309
0.046691701;0.04593676;0.35274309
0.046691701;0.04593676;0.35274309
0.046691701;0.04593676;0.36064821
0.046691701;0.043960474;0.35274309
0.046691701;0.043960474;0.35274309
0.046691701;0.043960474;0.36064821
0.046691701;0.043960474;0.35274309
0.046691701;0.043960474;0.34483793
0.044715416;0.043960474;0.35274309
0.046691701;0.041984189;0.35274309
0.044715416;0.043960474;0.36064821
0.044715416;0.041984189;0.35274309
0.044715416;0.043960474;0.35274309
0.044715416;0.041984189;0.35274309
0.046691701;0.043960474;0.35274309
0.046691701;0.041984189;0.35274309
0.044715416;0.043960474;0.35274309
0.042739131;0.043960474;0.35274309
0.044715416;0.043960474;0.35274309
0.044715416;0.041984189;0.35274309
0.042739131;0.041984189;0.35274309
0.044715416;0.043960474;0.35274309
0.044715416;0.041984189;0.35274309
0.042739131;0.043960474;0.35274309
0.044715416;0.041984189;0.35274309
0.044715416;0.041984189;0.35274309
0.042739131;0.041984189;0.35274309
0.042739131;0.041984189;0.35274309
0.042739131;0.041984189;0.35274309
0.042739131;0.041984189;0.35274309
0.042739131;0.041984189;0.35274309
0.042739131;0.041984189;0.35274309
0.042739131;0.041984189;0.35274309
0.042739131;0.040007904;0.35274309
0.042739131;0.041984189;0.35274309
0.042739131;0.041984189;0.35274309
0.044715416;0.041984189;0.35274309
0.040762845;0.040007904;0.35274309
0.042739131;0.041984189;0.35274309
0.042739131;0.040007904;0.35274309
0.042739131;0.040007904;0.35274309
0.040762845;0.040007904;0.35274309
0.040762845;0.041984189;0.35274309
0.042739131;0.040007904;0.35274309
0.040762845;0.040007904;0.35274309
0.042739131;0.041984189;0.35274309
0.040762845;0.040007904;0.35274309
0.040762845;0.040007904;0.35274309
0.042739131;0.040007904;0.35274309
0.040762845;0.041984189;0.35274309
0.040762845;0.040007904;0.35274309
0.040762845;0.040007904;0.35274309
0.040762845;0.040007904;0.35274309
0.040762845;0.040007904;0.35274309
0.040762845;0.038031619;0.35274309
0.040762845;0.040007904;0.35274309
0.040762845;0.038031619;0.35274309
0.040762845;0.040007904;0.34483793
0.040762845;0.038031619;0.35274309
0.040762845;0.040007904;0.34483793
0.040762845;0.038031619;0.35274309
0.040762845;0.040007904;0.35274309
0.040762845;0.040007904;0.35274309
0.03878656;0.040007904;0.35274309
0.03878656;0.040007904;0.35274309
0.03878656;0.038031619;0.35274309
0.040762845;0.038031619;0.35274309
0.03878656;0.038031619;0.35274309
0.040762845;0.038031619;0.35274309
0.03878656;0.038031619;0.35274309
0.03878656;0.038031619;0.35274309
0.03878656;0.038031619;0.35274309
0.03878656;0.038031619;0.35274309
0.036810275;0.038031619;0.35274309
0.03878656;0.038031619;0.35274309
0.036810275;0.038031619;0.35274309
0.03878656;0.038031619;0.35274309
0.036810275;0.038031619;0.35274309
0.036810275;0.038031619;0.35274309
0.03878656;0.038031619;0.35274309
0.036810275;0.036055338;0.35274309
0.036810275;0.036055338;0.35274309
0.036810275;0.036055338;0.35274309
0.034833994;0.036055338;0.35274309
0.036810275;0.036055338;0.35274309
0.036810275;0.036055338;0.35274309
0.036810275;0.036055338;0.35274309
0.036810275;0.036055338;0.35274309
0.036810275;0.034079053;0.35274309
0.036810275;0.036055338;0.35274309
0.036810275;0.034079053;0.35274309
0.036810275;0.036055338;0.35274309
0.034833994;0.036055338;0.35274309
0.034833994;0.036055338;0.36064821
0.036810275;0.034079053;0.35274309
0.034833994;0.036055338;0.35274309
0.034833994;0.034079053;0.35274309
0.034833994;0.034079053;0.35274309
0.036810275;0.034079053;0.35274309
0.034833994;0.034079053;0.35274309
0.034833994;0.034079053;0.35274309
0.034833994;0.034079053;0.35274309
0.034833994;0.034079053;0.35274309
0.034833994;0.034079053;0.35274309
0.034833994;0.034079053;0.35274309
0.034833994;0.034079053;0.35274309
0.034833994;0.034079053;0.35274309
0.034833994;0.034079053;0.35274309
0.032857709;0.036055338;0.35274309
0.032857709;0.032102767;0.35274309
0.032857709;0.034079053;0.35274309
0.032857709;0.034079053;0.35274309
0.032857709;0.032102767;0.35274309
0.034833994;0.032102767;0.35274309
0.032857709;0.032102767;0.35274309
0.032857709;0.034079053;0.35274309
0.032857709;0.032102767;0.35274309
0.032857709;0.032102767;0.35274309
0.032857709;0.032102767;0.35274309
0.032857709;0.032102767;0.35274309
0.032857709;0.032102767;0.35274309
0.032857709;0.032102767;0.35274309
0.030881424;0.032102767;0.35274309
0.032857709;0.032102767;0.35274309
0.030881424;0.032102767;0.35274309
0.032857709;0.032102767;0.35274309
0.030881424;0.032102767;0.35274309
0.030881424;0.032102767;0.35274309
0.032857709;0.030126482;0.35274309
0.030881424;0.032102767;0.35274309
0.030881424;0.030126482;0.35274309
0.030881424;0.032102767;0.35274309
0.030881424;0.032102767;0.35274309
0.030881424;0.032102767;0.35274309
0.030881424;0.030126482;0.35274309
0.030881424;0.030126482;0.35274309
0.028905138;0.030126482;0.35274309
0.030881424;0.030126482;0.35274309
0.030881424;0.030126482;0.35274309
0.030881424;0.030126482;0.35274309
0.030881424;0.030126482;0.35274309
0.030881424;0.030126482;0.35274309
0.030881424;0.028150197;0.35274309
0.028905138;0.030126482;0.35274309
0.028905138;0.030126482;0.35274309
0.028905138;0.030126482;0.35274309
0.028905138;0.030126482;0.35274309
0.028905138;0.028150197;0.35274309
0.028905138;0.030126482;0.35274309
0.028905138;0.030126482;0.35274309
0.028905138;0.028150197;0.35274309
0.028905138;0.028150197;0.36064821
0.028905138;0.028150197;0.35274309
0.028905138;0.030126482;0.35274309
0.028905138;0.028150197;0.35274309
0.026928853;0.028150197;0.35274309
0.028905138;0.028150197;0.35274309
0.026928853;0.030126482;0.35274309
0.026928853;0.028150197;0.35274309
0.026928853;0.028150197;0.35274309
0.026928853;0.028150197;0.35274309
0.026928853;0.028150197;0.35274309
0.026928853;0.026173914;0.35274309
0.026928853;0.026173914;0.35274309
0.026928853;0.028150197;0.35274309
0.02495257;0.026173914;0.35274309
0.026928853;0.028150197;0.35274309
0.02495257;0.026173914;0.35274309
0.026928853;0.026173914;0.35274309
0.026928853;0.026173914;0.35274309
0.026928853;0.026173914;0.35274309
0.026928853;0.026173914;0.35274309
0.02495257;0.026173914;0.35274309
0.02495257;0.026173914;0.35274309
0.026928853;0.026173914;0.35274309
0.02495257;0.026173914;0.35274309
0.02495257;0.026173914;0.35274309
0.02495257;0.026173914;0.35274309
0.02495257;0.026173914;0.35274309
0.02495257;0.024197629;0.35274309
0.02495257;0.026173914;0.35274309
0.02495257;0.024197629;0.35274309
0.022976285;0.024197629;0.35274309
0.02495257;0.024197629;0.35274309
0.022976285;0.024197629;0.35274309
0.02495257;0.024197629;0.35274309
0.02495257;0.024197629;0.35274309
0.02495257;0.024197629;0.35274309
0.02495257;0.024197629;0.35274309
0.022976285;0.024197629;0.35274309
0.02495257;0.024197629;0.35274309
0.022976285;0.022221344;0.35274309
0.022976285;0.022221344;0.35274309
0.022976285;0.022221344;0.35274309
0.022976285;0.022221344;0.35274309
0.022976285;0.022221344;0.35274309
0.022976285;0.022221344;0.35274309
0.022976285;0.022221344;0.35274309
0.022976285;0.022221344;0.35274309
0.022976285;0.022221344;0.34483793
0.021;0.022221344;0.35274309
0.021;0.022221344;0.35274309
0.021;0.022221344;0.36064821
0.021;0.022221344;0.35274309
0.022976285;0.022221344;0.35274309
0.021;0.022221344;0.35274309
0.022976285;0.022221344;0.35274309
0.022976285;0.022221344;0.36064821
0.021;0.020245058;0.35274309
0.022976285;0.020245058;0.35274309
0.021;0.020245058;0.35274309
0.021;0.020245058;0.35274309
0.019023715;0.020245058;0.35274309
0.021;0.020245058;0.35274309
0.021;0.020245058;0.35274309
0.021;0.020245058;0.35274309
0.021;0.020245058;0.35274309
0.019023715;0.020245058;0.35274309
0.019023715;0.018268775;0.35274309
0.021;0.020245058;0.35274309
0.021;0.020245058;0.35274309
0.021;0.020245058;0.35274309
0.019023715;0.020245058;0.35274309
0.019023715;0.020245058;0.35274309
0.021;0.020245058;0.34483793
0.021;0.018268775;0.35274309
0.019023715;0.020245058;0.36064821
0.019023715;0.020245058;0.35274309
0.019023715;0.020245058;0.35274309
0.019023715;0.018268775;0.35274309
0.019023715;0.018268775;0.35274309
0.019023715;0.018268775;0.35274309
0.019023715;0.020245058;0.35274309
0.019023715;0.018268775;0.35274309
0.019023715;0.018268775;0.35274309
0.019023715;0.018268775;0.35274309
0.017047431;0.018268775;0.35274309
0.017047431;0.020245058;0.35274309
0.017047431;0.018268775;0.35274309
0.017047431;0.018268775;0.35274309
0.017047431;0.018268775;0.35274309
0.017047431;0.018268775;0.35274309
0.019023715;0.018268775;0.35274309
0.017047431;0.01629249;0.35274309
0.017047431;0.01629249;0.35274309
0.017047431;0.01629249;0.35274309
0.017047431;0.018268775;0.35274309
0.017047431;0.01629249;0.35274309
0.017047431;0.01629249;0.35274309
0.017047431;0.018268775;0.35274309
0.015071146;0.01629249;0.35274309
0.017047431;0.01629249;0.35274309
0.015071146;0.01629249;0.35274309
0.015071146;0.01629249;0.35274309
0.017047431;0.01629249;0.35274309
0.015071146;0.01629249;0.35274309
0.017047431;0.01629249;0.35274309
0.017047431;0.01629249;0.35274309
0.015071146;0.01629249;0.35274309
0.015071146;0.014316206;0.35274309
0.015071146;0.01629249;0.35274309
0.015071146;0.014316206;0.35274309
0.017047431;0.014316206;0.35274309
0.015071146;0.01629249;0.35274309
0.015071146;0.01629249;0.35274309
0.013094862;0.014316206;0.35274309
0.015071146;0.014316206;0.35274309
0.015071146;0.014316206;0.35274309
0.015071146;0.014316206;0.35274309
0.015071146;0.014316206;0.35274309
0.015071146;0.014316206;0.35274309
0.015071146;0.012339921;0.35274309
0.015071146;0.012339921;0.35274309
0.013094862;0.014316206;0.35274309
0.015071146;0.014316206;0.35274309
0.015071146;0.014316206;0.35274309
0.013094862;0.012339921;0.35274309
0.013094862;0.012339921;0.35274309
0.013094862;0.012339921;0.35274309
0.015071146;0.012339921;0.35274309
0.011118577;0.012339921;0.35274309
0.013094862;0.012339921;0.35274309
0.011118577;0.012339921;0.35274309
0.013094862;0.012339921;0.35274309
0.013094862;0.012339921;0.35274309
0.013094862;0.012339921;0.36064821
0.011118577;0.012339921;0.36064821
0.013094862;0.012339921;0.35274309
0.011118577;0.012339921;0.35274309
0.013094862;0.012339921;0.35274309
0.011118577;0.012339921;0.35274309
0.011118577;0.012339921;0.35274309
0.011118577;0.010363637;0.35274309
0.013094862;0.012339921;0.35274309
0.0091422927;0.010363637;0.35274309
0.011118577;0.010363637;0.35274309
0.011118577;0.010363637;0.35274309
0.011118577;0.010363637;0.35274309
0.011118577;0.010363637;0.35274309
0.011118577;0.010363637;0.35274309
0.011118577;0.010363637;0.35274309
0.0091422927;0.010363637;0.35274309
0.0091422927;0.010363637;0.35274309
0.0091422927;0.010363637;0.35274309
0.0091422927;0.010363637;0.35274309
0.0091422927;0.010363637;0.35274309
0.0091422927;0.010363637;0.35274309
0.0091422927;0.010363637;0.35274309
0.0091422927;0.0083873514;0.35274309
0.0091422927;0.010363637;0.35274309
0.0091422927;0.010363637;0.35274309
0.0091422927;0.0083873514;0.35274309
0.0091422927;0.0083873514;0.35274309
0.0091422927;0.0083873514;0.35274309
0.007166008;0.0083873514;0.35274309
0.0091422927;0.0083873514;0.35274309
0.007166008;0.0083873514;0.35274309
0.007166008;0.0083873514;0.35274309
0.007166008;0.0083873514;0.35274309
0.0091422927;0.0083873514;0.35274309
0.007166008;0.0083873514;0.35274309
0.007166008;0.0083873514;0.35274309
0.0091422927;0.0083873514;0.35274309
0.0091422927;0.0064110672;0.36064821
0.007166008;0.0083873514;0.35274309
0.007166008;0.0083873514;0.35274309
0.0051897233;0.0064110672;0.35274309
0.007166008;0.0064110672;0.35274309
0.007166008;0.0064110672;0.35274309
0.007166008;0.0064110672;0.35274309
0.007166008;0.0064110672;0.35274309
0.007166008;0.0064110672;0.35274309
0.0051897233;0.0083873514;0.35274309
0.0051897233;0.0083873514;0.35274309
0.007166008;0.0064110672;0.35274309
0.0051897233;0.0064110672;0.35274309
0.0051897233;0.0064110672;0.36064821
0.0051897233;0.0064110672;0.35274309
0.0051897233;0.0064110672;0.35274309
0.0051897233;0.0064110672;0.35274309
0.0051897233;0.0064110672;0.35274309
0.0051897233;0.0064110672;0.35274309
0.007166008;0.0044347825;0.35274309
0.0051897233;0.0064110672;0.35274309
0.0032134387;0.0064110672;0.35274309
0.0051897233;0.0064110672;0.35274309
0.0051897233;0.0044347825;0.35274309
0.0051897233;0.0064110672;0.34483793
0.0051897233;0.0064110672;0.35274309
0.0051897233;0.0044347825;0.35274309
0.0051897233;0.0044347825;0.35274309
0.0032134387;0.0044347825;0.35274309
0.0051897233;0.0044347825;0.35274309
0.0012371541;0.0044347825;0.35274309
0.0051897233;0.0064110672;0.35274309
0.0012371541;0.0044347825;0.35274309
0.0051897233;0.0044347825;0.35274309
0.0032134387;0.0044347825;0.35274309
0.0012371541;0.0044347825;0.35274309
0.0032134387;0.0024584981;0.35274309
0.0032134387;0.0044347825;0.35274309
0.0012371541;0.0044347825;0.35274309
0.0012371541;0.0044347825;0.35274309
0.0032134387;0.0044347825;0.35274309
0.0012371541;0.0044347825;0.35274309
0.0012371541;0.0024584981;0.35274309
0.0012371541;0.0024584981;0.35274309
0.0012371541;0.0024584981;0.35274309
0.0012371541;0.0024584981;0.35274309
0.0012371541;0.0024584981;0.35274309
0.0012371541;0.0044347825;0.35274309
0.0032134387;0.0024584981;0.35274309
0.0012371541;0.00048221345;0.35274309
0.0012371541;0.0024584981;0.35274309
0.0012371541;0.0024584981;0.35274309
-0.00073913042;0.00048221345;0.35274309
-0.00073913042;0.0024584981;0.35274309
0.0012371541;0.0024584981;0.35274309
0.0012371541;0.0024584981;0.35274309
0.0012371541;0.0024584981;0.35274309
-0.00073913042;0.00048221345;0.35274309
0.0012371541;0.0024584981;0.35274309
-0.00073913042;0.00048221345;0.35274309
-0.00073913042;0.00048221345;0.35274309
-0.00073913042;0.00048221345;0.35274309
0.0012371541;0.00048221345;0.35274309
-0.00073913042;0.00048221345;0.35274309
-0.00073913042;-0.0014940711;0.35274309
-0.00073913042;-0.0014940711;0.35274309
-0.00073913042;-0.0014940711;0.34483793
-0.00073913042;0.00048221345;0.35274309
-0.00073913042;0.00048221345;0.35274309
-0.00073913042;0.00048221345;0.35274309
-0.00073913042;0.00048221345;0.35274309
-0.00073913042;-0.0014940711;0.35274309
-0.00073913042;0.00048221345;0.35274309
-0.00073913042;-0.0014940711;0.35274309
-0.00073913042;-0.0014940711;0.35274309
-0.0027154151;-0.0014940711;0.35274309
-0.0027154151;0.00048221345;0.35274309
-0.0027154151;-0.0014940711;0.35274309
-0.00073913042;-0.0014940711;0.35274309
-0.0027154151;-0.0014940711;0.35274309
-0.0027154151;0.00048221345;0.35274309
-0.0027154151;-0.0014940711;0.35274309
-0.0027154151;-0.0014940711;0.35274309
-0.00073913042;-0.0034703556;0.35274309
-0.0046916995;-0.0014940711;0.35274309
-0.0027154151;-0.0014940711;0.35274309
-0.0027154151;-0.0014940711;0.35274309
-0.0046916995;-0.0014940711;0.35274309
-0.0027154151;-0.0014940711;0.35274309
-0.0027154151;-0.0014940711;0.35274309
-0.0027154151;-0.0014940711;0.35274309
-0.0027154151;-0.0014940711;0.35274309
-0.0046916995;-0.0014940711;0.34483793
-0.0046916995;-0.0034703556;0.35274309
-0.0027154151;-0.0034703556;0.35274309
-0.0027154151;-0.0014940711;0.35274309
-0.0027154151;-0.0034703556;0.35274309
-0.0046916995;-0.0034703556;0.35274309
-0.0046916995;-0.0034703556;0.35274309
-0.0066679842;-0.0034703556;0.35274309
-0.0046916995;-0.0034703556;0.35274309
-0.0046916995;-0.0014940711;0.35274309
-0.0066679842;-0.0034703556;0.35274309
-0.0046916995;-0.0034703556;0.35274309
-0.0066679842;-0.0034703556;0.35274309
-0.0046916995;-0.0034703556;0.35274309
-0.0066679842;-0.0034703556;0.35274309
-0.0066679842;-0.0054466403;0.35274309
-0.0046916995;-0.0034703556;0.35274309
-0.0066679842;-0.0054466403;0.35274309
-0.0066679842;-0.0054466403;0.35274309
-0.0066679842;-0.0054466403;0.35274309
-0.0066679842;-0.0034703556;0.35274309
-0.0046916995;-0.0034703556;0.35274309
-0.0046916995;-0.0054466403;0.35274309
-0.0066679842;-0.0034703556;0.35274309
-0.0066679842;-0.0054466403;0.35274309
-0.0066679842;-0.0054466403;0.35274309
-0.0046916995;-0.0054466403;0.35274309
-0.0066679842;-0.0054466403;0.35274309
-0.0066679842;-0.0054466403;0.35274309
-0.0066679842;-0.0054466403;0.35274309
-0.0066679842;-0.0054466403;0.35274309
-0.0066679842;-0.0054466403;0.35274309
-0.0086442688;-0.0054466403;0.35274309
-0.0066679842;-0.0054466403;0.35274309
-0.0066679842;-0.007422925;0.35274309
-0.0066679842;-0.0054466403;0.35274309
-0.0066679842;-0.0054466403;0.34483793
-0.0066679842;-0.0054466403;0.35274309
-0.0066679842;-0.0054466403;0.35274309
-0.0066679842;-0.007422925;0.35274309
-0.0066679842;-0.0054466403;0.35274309
-0.0066679842;-0.0054466403;0.35274309
-0.0066679842;-0.007422925;0.35274309
-0.0086442688;-0.007422925;0.34483793
-0.0066679842;-0.0054466403;0.34483793
-0.0086442688;-0.007422925;0.35274309
-0.0086442688;-0.0054466403;0.34483793
-0.0066679842;-0.007422925;0.35274309
-0.0086442688;-0.007422925;0.35274309
-0.0086442688;-0.0054466403;0.35274309
-0.0086442688;-0.0054466403;0.35274309
-0.0086442688;-0.007422925;0.35274309
-0.010620553;-0.007422925;0.35274309
-0.0086442688;-0.007422925;0.34483793
-0.0086442688;-0.007422925;0.35274309
-0.010620553;-0.007422925;0.35274309
-0.0086442688;-0.007422925;0.35274309
-0.0086442688;-0.007422925;0.35274309
-0.010620553;-0.007422925;0.34483793
-0.0086442688;-0.007422925;0.35274309
-0.0086442688;-0.007422925;0.35274309
-0.0086442688;-0.007422925;0.35274309
-0.010620553;-0.007422925;0.35274309
-0.010620553;-0.007422925;0.35274309
-0.010620553;-0.007422925;0.35274309
-0.010620553;-0.0093992092;0.35274309
-0.010620553;-0.0093992092;0.35274309
-0.010620553;-0.007422925;0.35274309
-0.010620553;-0.0093992092;0.35274309
-0.012596838;-0.0093992092;0.35274309
-0.010620553;-0.0093992092;0.35274309
-0.010620553;-0.0093992092;0.34483793
-0.010620553;-0.0093992092;0.35274309
-0.010620553;-0.0093992092;0.35274309
-0.012596838;-0.0093992092;0.35274309
-0.010620553;-0.0093992092;0.35274309
-0.010620553;-0.0093992092;0.35274309
-0.010620553;-0.0093992092;0.35274309
-0.010620553;-0.011375494;0.35274309
-0.010620553;-0.011375494;0.35274309
-0.010620553;-0.0093992092;0.35274309
-0.010620553;-0.0093992092;0.35274309
-0.010620553;-0.011375494;0.35274309
-0.010620553;-0.011375494;0.35274309
-0.010620553;-0.011375494;0.35274309
-0.010620553;-0.0093992092;0.35274309
-0.012596838;-0.0093992092;0.35274309
-0.012596838;-0.011375494;0.35274309
-0.012596838;-0.0093992092;0.35274309
-0.012596838;-0.0093992092;0.35274309
-0.012596838;-0.011375494;0.35274309
-0.012596838;-0.011375494;0.35274309
-0.012596838;-0.011375494;0.35274309
-0.012596838;-0.011375494;0.35274309
-0.012596838;-0.011375494;0.35274309
-0.012596838;-0.011375494;0.35274309
-0.012596838;-0.011375494;0.35274309
-0.012596838;-0.011375494;0.35274309
-0.010620553;-0.011375494;0.35274309
-0.012596838;-0.011375494;0.35274309
-0.012596838;-0.011375494;0.35274309
-0.012596838;-0.011375494;0.35274309
-0.014573122;-0.011375494;0.35274309
-0.014573122;-0.011375494;0.35274309
-0.014573122;-0.011375494;0.35274309
-0.012596838;-0.011375494;0.35274309
-0.014573122;-0.011375494;0.35274309
-0.014573122;-0.011375494;0.36064821
-0.014573122;-0.011375494;0.35274309
-0.012596838;-0.013351778;0.35274309
-0.014573122;-0.011375494;0.36064821
-0.012596838;-0.011375494;0.35274309
-0.014573122;-0.011375494;0.35274309
-0.014573122;-0.011375494;0.35274309
-0.014573122;-0.013351778;0.35274309
-0.014573122;-0.013351778;0.35274309
-0.014573122;-0.013351778;0.35274309
-0.014573122;-0.013351778;0.35274309
-0.014573122;-0.013351778;0.35274309
-0.014573122;-0.013351778;0.35274309
-0.016549407;-0.013351778;0.35274309
-0.016549407;-0.013351778;0.35274309
-0.012596838;-0.013351778;0.35274309
-0.014573122;-0.013351778;0.35274309
-0.012596838;-0.013351778;0.35274309
-0.014573122;-0.013351778;0.35274309
-0.016549407;-0.015328064;0.35274309
-0.016549407;-0.013351778;0.35274309
-0.014573122;-0.013351778;0.35274309
-0.016549407;-0.013351778;0.35274309
-0.014573122;-0.013351778;0.35274309
-0.014573122;-0.015328064;0.35274309
-0.016549407;-0.015328064;0.35274309
-0.016549407;-0.015328064;0.35274309
-0.016549407;-0.015328064;0.35274309
-0.014573122;-0.013351778;0.35274309
-0.014573122;-0.013351778;0.35274309
-0.016549407;-0.015328064;0.35274309
-0.016549407;-0.015328064;0.35274309
-0.016549407;-0.013351778;0.35274309
-0.016549407;-0.015328064;0.34483793
-0.016549407;-0.013351778;0.35274309
-0.016549407;-0.013351778;0.35274309
-0.016549407;-0.015328064;0.35274309
-0.016549407;-0.013351778;0.35274309
-0.016549407;-0.015328064;0.35274309
-0.016549407;-0.015328064;0.35274309
-0.014573122;-0.015328064;0.35274309
-0.016549407;-0.015328064;0.35274309
-0.016549407;-0.015328064;0.35274309
-0.016549407;-0.015328064;0.35274309
-0.018525692;-0.015328064;0.35274309
-0.018525692;-0.015328064;0.36064821
-0.016549407;-0.017304348;0.35274309
-0.018525692;-0.015328064;0.35274309
-0.016549407;-0.015328064;0.36064821
-0.018525692;-0.015328064;0.35274309
-0.018525692;-0.015328064;0.35274309
-0.018525692;-0.015328064;0.35274309
-0.016549407;-0.017304348;0.35274309
-0.018525692;-0.017304348;0.35274309
-0.018525692;-0.015328064;0.35274309
-0.018525692;-0.017304348;0.35274309
-0.018525692;-0.015328064;0.35274309
-0.018525692;-0.015328064;0.35274309
-0.018525692;-0.017304348;0.35274309
-0.018525692;-0.017304348;0.35274309
-0.018525692;-0.017304348;0.35274309
-0.018525692;-0.019280633;0.36064821
-0.018525692;-0.017304348;0.35274309
-0.018525692;-0.017304348;0.35274309
-0.018525692;-0.017304348;0.35274309
-0.018525692;-0.017304348;0.35274309
-0.020501977;-0.017304348;0.35274309
-0.018525692;-0.017304348;0.34483793
-0.018525692;-0.017304348;0.35274309
-0.018525692;-0.017304348;0.35274309
-0.018525692;-0.017304348;0.35274309
-0.018525692;-0.017304348;0.35274309
-0.020501977;-0.019280633;0.35274309
-0.020501977;-0.019280633;0.35274309
-0.018525692;-0.017304348;0.35274309
-0.020501977;-0.017304348;0.35274309
-0.020501977;-0.017304348;0.35274309
-0.018525692;-0.019280633;0.35274309
-0.018525692;-0.017304348;0.35274309
-0.018525692;-0.017304348;0.35274309
-0.020501977;-0.017304348;0.35274309
-0.020501977;-0.017304348;0.35274309
-0.020501977;-0.017304348;0.35274309
-0.020501977;-0.019280633;0.35274309
-0.020501977;-0.017304348;0.35274309
-0.020501977;-0.019280633;0.35274309
-0.018525692;-0.017304348;0.35274309
-0.020501977;-0.017304348;0.35274309
-0.018525692;-0.017304348;0.35274309
-0.020501977;-0.019280633;0.35274309
-0.020501977;-0.019280633;0.35274309
-0.020501977;-0.019280633;0.35274309
-0.020501977;-0.019280633;0.35274309
-0.020501977;-0.019280633;0.35274309
-0.020501977;-0.019280633;0.35274309
-0.020501977;-0.019280633;0.35274309
-0.020501977;-0.019280633;0.35274309
-0.020501977;-0.019280633;0.35274309
-0.020501977;-0.019280633;0.35274309
-0.020501977;-0.019280633;0.35274309
-0.02247826;-0.019280633;0.35274309
-0.020501977;-0.019280633;0.35274309
-0.020501977;-0.019280633;0.35274309
-0.020501977;-0.019280633;0.35274309
-0.020501977;-0.019280633;0.35274309
-0.020501977;-0.019280633;0.35274309
-0.02247826;-0.019280633;0.35274309
-0.020501977;-0.019280633;0.35274309
-0.02247826;-0.021256916;0.35274309
-0.02247826;-0.019280633;0.35274309
-0.020501977;-0.019280633;0.35274309
-0.02247826;-0.021256916;0.35274309
-0.02247826;-0.019280633;0.35274309
-0.02247826;-0.019280633;0.35274309
-0.02247826;-0.021256916;0.35274309
-0.02247826;-0.021256916;0.35274309
-0.02247826;-0.021256916;0.35274309
-0.020501977;-0.021256916;0.35274309
-0.02247826;-0.019280633;0.35274309
-0.02247826;-0.021256916;0.36064821
-0.02247826;-0.019280633;0.34483793
-0.02247826;-0.021256916;0.35274309
-0.02247826;-0.021256916;0.35274309
-0.02247826;-0.021256916;0.35274309
-0.02247826;-0.021256916;0.35274309
-0.02247826;-0.021256916;0.35274309
-0.020501977;-0.021256916;0.35274309
-0.02247826;-0.021256916;0.35274309
-0.02247826;-0.019280633;0.35274309
-0.02247826;-0.021256916;0.35274309
-0.020501977;-0.021256916;0.35274309
-0.02247826;-0.021256916;0.35274309
-0.02247826;-0.021256916;0.35274309
-0.02247826;-0.021256916;0.35274309
-0.024454545;-0.021256916;0.35274309
-0.02247826;-0.021256916;0.35274309
-0.02247826;-0.023233201;0.35274309
-0.02247826;-0.021256916;0.35274309
-0.02247826;-0.021256916;0.35274309
-0.024454545;-0.021256916;0.35274309
-0.02247826;-0.021256916;0.35274309
-0.02247826;-0.021256916;0.35274309
-0.02247826;-0.021256916;0.34483793
-0.02247826;-0.021256916;0.35274309
-0.024454545;-0.021256916;0.35274309
-0.02247826;-0.021256916;0.35274309
-0.024454545;-0.021256916;0.35274309
-0.024454545;-0.023233201;0.35274309
-0.02247826;-0.019280633;0.35274309
-0.024454545;-0.021256916;0.35274309
-0.024454545;-0.021256916;0.35274309
-0.024454545;-0.021256916;0.35274309
-0.024454545;-0.023233201;0.35274309
-0.024454545;-0.023233201;0.35274309
-0.024454545;-0.021256916;0.35274309
-0.024454545;-0.021256916;0.35274309
-0.024454545;-0.023233201;0.35274309
-0.024454545;-0.021256916;0.35274309
-0.024454545;-0.023233201;0.35274309
-0.024454545;-0.023233201;0.36064821
-0.024454545;-0.021256916;0.35274309
-0.02247826;-0.021256916;0.35274309
-0.024454545;-0.023233201;0.35274309
-0.024454545;-0.023233201;0.35274309
-0.02643083;-0.021256916;0.34483793
-0.024454545;-0.023233201;0.35274309
-0.024454545;-0.023233201;0.35274309
-0.024454545;-0.021256916;0.35274309
-0.024454545;-0.023233201;0.35274309
-0.024454545;-0.021256916;0.35274309
-0.02643083;-0.023233201;0.35274309
-0.024454545;-0.023233201;0.35274309
-0.02643083;-0.023233201;0.34483793
-0.024454545;-0.021256916;0.35274309
-0.024454545;-0.021256916;0.35274309
-0.024454545;-0.023233201;0.35274309
-0.024454545;-0.023233201;0.35274309
-0.024454545;-0.023233201;0.35274309
-0.02643083;-0.023233201;0.35274309
-0.02247826;-0.023233201;0.35274309
-0.024454545;-0.023233201;0.35274309
-0.024454545;-0.023233201;0.35274309
-0.024454545;-0.025209486;0.35274309
-0.02643083;-0.023233201;0.35274309
-0.02643083;-0.023233201;0.35274309
-0.02643083;-0.025209486;0.35274309
-0.02643083;-0.023233201;0.35274309
-0.024454545;-0.023233201;0.35274309
-0.024454545;-0.023233201;0.35274309
-0.02643083;-0.023233201;0.35274309
-0.02643083;-0.023233201;0.35274309
-0.02643083;-0.023233201;0.35274309
-0.024454545;-0.021256916;0.35274309
-0.02643083;-0.023233201;0.35274309
-0.02643083;-0.023233201;0.35274309
-0.02643083;-0.023233201;0.35274309
-0.02643083;-0.023233201;0.35274309
-0.02643083;-0.025209486;0.35274309
-0.02643083;-0.025209486;0.35274309
-0.02643083;-0.023233201;0.35274309
-0.024454545;-0.023233201;0.35274309
-0.02643083;-0.023233201;0.35274309
-0.024454545;-0.023233201;0.35274309
-0.02643083;-0.023233201;0.35274309
-0.024454545;-0.023233201;0.35274309
-0.028407115;-0.023233201;0.35274309
-0.02643083;-0.023233201;0.35274309
-0.024454545;-0.023233201;0.35274309
-0.02643083;-0.023233201;0.35274309
-0.02643083;-0.023233201;0.35274309
-0.02643083;-0.023233201;0.35274309
-0.02643083;-0.025209486;0.35274309
-0.024454545;-0.023233201;0.35274309
-0.028407115;-0.023233201;0.35274309
-0.02643083;-0.023233201;0.35274309
-0.02643083;-0.025209486;0.35274309
-0.02643083;-0.025209486;0.35274309
-0.02643083;-0.023233201;0.35274309
-0.02643083;-0.025209486;0.35274309
-0.024454545;-0.023233201;0.35274309
-0.02643083;-0.023233201;0.35274309
-0.02643083;-0.025209486;0.35274309
-0.02643083;-0.023233201;0.35274309
-0.028407115;-0.023233201;0.35274309
-0.02643083;-0.025209486;0.35274309
-0.02643083;-0.025209486;0.35274309
-0.02643083;-0.025209486;0.35274309
-0.02643083;-0.025209486;0.35274309
-0.02643083;-0.025209486;0.35274309
-0.02643083;-0.025209486;0.35274309
-0.028407115;-0.025209486;0.35274309
-0.02643083;-0.025209486;0.35274309
-0.02643083;-0.025209486;0.35274309
-0.02643083;-0.025209486;0.35274309
-0.02643083;-0.025209486;0.35274309
-0.02643083;-0.025209486;0.35274309
-0.028407115;-0.025209486;0.34483793
-0.02643083;-0.025209486;0.35274309
-0.028407115;-0.027185772;0.35274309
-0.02643083;-0.025209486;0.35274309
-0.02643083;-0.025209486;0.34483793
-0.02643083;-0.025209486;0.35274309
-0.02643083;-0.025209486;0.35274309
-0.028407115;-0.025209486;0.35274309
-0.028407115;-0.025209486;0.35274309
-0.02643083;-0.025209486;0.35274309
-0.02643083;-0.025209486;0.35274309
-0.02643083;-0.025209486;0.35274309
-0.028407115;-0.025209486;0.35274309
-0.028407115;-0.023233201;0.35274309
-0.02643083;-0.023233201;0.34483793
-0.028407115;-0.025209486;0.35274309
-0.028407115;-0.025209486;0.35274309
-0.028407115;-0.025209486;0.35274309
-0.02643083;-0.025209486;0.35274309
-0.028407115;-0.025209486;0.35274309
-0.02643083;-0.025209486;0.35274309
-0.02643083;-0.023233201;0.34483793
-0.028407115;-0.025209486;0.35274309
-0.028407115;-0.023233201;0.35274309
-0.02643083;-0.025209486;0.35274309
-0.028407115;-0.025209486;0.35274309
-0.02643083;-0.025209486;0.35274309
-0.028407115;-0.025209486;0.34483793
-0.028407115;-0.025209486;0.35274309
-0.028407115;-0.025209486;0.35274309
-0.028407115;-0.025209486;0.35274309
-0.028407115;-0.025209486;0.35274309
-0.028407115;-0.025209486;0.35274309
-0.028407115;-0.025209486;0.35274309
-0.028407115;-0.025209486;0.35274309
-0.02643083;-0.025209486;0.35274309
-0.028407115;-0.025209486;0.35274309
-0.028407115;-0.025209486;0.34483793
-0.028407115;-0.027185772;0.36064821
-0.028407115;-0.025209486;0.35274309
-0.02643083;-0.025209486;0.35274309
-0.028407115;-0.025209486;0.35274309
-0.028407115;-0.025209486;0.35274309
-0.028407115;-0.025209486;0.35274309
-0.028407115;-0.025209486;0.35274309
-0.028407115;-0.027185772;0.35274309
-0.028407115;-0.025209486;0.35274309
-0.028407115;-0.025209486;0.35274309
-0.02643083;-0.025209486;0.35274309
-0.028407115;-0.025209486;0.35274309
-0.028407115;-0.025209486;0.35274309
-0.02643083;-0.025209486;0.35274309
-0.02643083;-0.025209486;0.35274309
-0.02643083;-0.027185772;0.35274309
-0.028407115;-0.025209486;0.35274309
-0.02643083;-0.025209486;0.35274309
-0.02643083;-0.025209486;0.35274309
-0.028407115;-0.025209486;0.35274309
-0.028407115;-0.025209486;0.35274309
-0.028407115;-0.025209486;0.35274309
-0.02643083;-0.025209486;0.35274309
-0.028407115;-0.025209486;0.35274309
-0.02643083;-0.025209486;0.35274309
-0.028407115;-0.025209486;0.36064821
-0.02643083;-0.025209486;0.34483793
-0.030383399;-0.025209486;0.35274309
-0.028407115;-0.025209486;0.35274309
-0.028407115;-0.025209486;0.35274309
-0.02643083;-0.025209486;0.34483793
-0.028407115;-0.025209486;0.35274309
-0.028407115;-0.025209486;0.35274309
-0.02643083;-0.027185772;0.35274309
-0.02643083;-0.025209486;0.35274309
-0.028407115;-0.025209486;0.34483793
-0.028407115;-0.025209486;0.35274309
-0.028407115;-0.025209486;0.35274309
-0.028407115;-0.027185772;0.34483793
-0.028407115;-0.027185772;0.35274309
-0.02643083;-0.025209486;0.35274309
-0.028407115;-0.025209486;0.35274309
-0.028407115;-0.025209486;0.35274309
-0.02643083;-0.025209486;0.35274309
-0.028407115;-0.025209486;0.35274309
-0.028407115;-0.025209486;0.35274309
-0.028407115;-0.025209486;0.35274309
-0.02643083;-0.025209486;0.35274309
-0.028407115;-0.025209486;0.35274309
-0.02643083;-0.025209486;0.35274309
-0.028407115;-0.025209486;0.35274309
-0.02643083;-0.025209486;0.34483793
-0.028407115;-0.025209486;0.35274309
-0.02643083;-0.025209486;0.35274309
-0.028407115;-0.025209486;0.35274309
-0.028407115;-0.025209486;0.35274309
-0.028407115;-0.027185772;0.35274309
-0.02643083;-0.025209486;0.35274309
-0.028407115;-0.025209486;0.35274309
-0.028407115;-0.025209486;0.35274309
-0.02643083;-0.025209486;0.35274309
-0.028407115;-0.025209486;0.35274309
-0.028407115;-0.025209486;0.35274309
-0.02643083;-0.025209486;0.35274309
-0.028407115;-0.025209486;0.35274309
-0.02643083;-0.025209486;0.36064821
-0.02643083;-0.025209486;0.35274309
-0.028407115;-0.025209486;0.35274309
-0.02643083;-0.023233201;0.35274309
-0.028407115;-0.025209486;0.35274309
-0.02643083;-0.025209486;0.35274309
-0.028407115;-0.025209486;0.35274309
-0.028407115;-0.025209486;0.35274309
-0.02643083;-0.025209486;0.35274309
-0.02643083;-0.025209486;0.35274309
-0.02643083;-0.025209486;0.35274309
-0.028407115;-0.025209486;0.35274309
-0.028407115;-0.025209486;0.35274309
-0.028407115;-0.025209486;0.34483793
-0.028407115;-0.025209486;0.35274309
-0.02643083;-0.025209486;0.34483793
-0.02643083;-0.025209486;0.35274309
-0.028407115;-0.025209486;0.34483793
-0.02643083;-0.025209486;0.35274309
-0.028407115;-0.025209486;0.35274309
-0.02643083;-0.025209486;0.35274309
-0.028407115;-0.027185772;0.35274309
-0.028407115;-0.025209486;0.35274309
-0.028407115;-0.025209486;0.35274309
-0.02643083;-0.025209486;0.35274309
-0.02643083;-0.025209486;0.35274309
-0.02643083;-0.025209486;0.35274309
-0.02643083;-0.025209486;0.35274309
-0.028407115;-0.025209486;0.35274309
-0.028407115;-0.027185772;0.35274309
-0.02643083;-0.025209486;0.35274309
-0.02643083;-0.025209486;0.35274309
-0.02643083;-0.025209486;0.35274309
-0.02643083;-0.027185772;0.35274309
-0.028407115;-0.025209486;0.35274309
-0.024454545;-0.025209486;0.35274309
-0.02643083;-0.025209486;0.35274309
-0.028407115;-0.025209486;0.35274309
-0.02643083;-0.025209486;0.35274309
-0.02643083;-0.025209486;0.35274309
-0.02643083;-0.025209486;0.35274309
-0.028407115;-0.025209486;0.35274309
-0.024454545;-0.023233201;0.35274309
-0.02643083;-0.023233201;0.35274309
-0.02643083;-0.023233201;0.35274309
-0.02643083;-0.025209486;0.35274309
-0.028407115;-0.025209486;0.35274309
-0.02643083;-0.025209486;0.35274309
-0.02643083;-0.025209486;0.35274309
-0.02643083;-0.025209486;0.35274309
-0.02643083;-0.025209486;0.35274309
-0.02643083;-0.023233201;0.35274309
-0.024454545;-0.025209486;0.35274309
-0.02643083;-0.023233201;0.35274309
-0.02643083;-0.023233201;0.35274309
-0.02643083;-0.025209486;0.34483793
-0.02643083;-0.025209486;0.35274309
-0.02643083;-0.025209486;0.35274309
-0.02643083;-0.025209486;0.35274309
-0.024454545;-0.025209486;0.35274309
-0.02643083;-0.023233201;0.35274309
-0.02643083;-0.025209486;0.34483793
-0.024454545;-0.025209486;0.35274309
-0.024454545;-0.023233201;0.35274309
-0.02643083;-0.023233201;0.35274309
-0.02643083;-0.023233201;0.35274309
-0.02643083;-0.025209486;0.35274309
-0.024454545;-0.025209486;0.35274309
-0.02643083;-0.025209486;0.35274309
-0.024454545;-0.025209486;0.35274309
-0.024454545;-0.023233201;0.35274309
-0.02643083;-0.025209486;0.35274309
-0.02643083;-0.025209486;0.35274309
-0.02643083;-0.023233201;0.35274309
-0.02643083;-0.023233201;0.35274309
-0.02643083;-0.025209486;0.35274309
-0.024454545;-0.023233201;0.35274309
-0.024454545;-0.023233201;0.35274309
-0.02643083;-0.023233201;0.35274309
-0.024454545;-0.023233201;0.35274309
-0.024454545;-0.023233201;0.35274309
-0.024454545;-0.023233201;0.35274309
-0.02643083;-0.023233201;0.35274309
-0.02643083;-0.023233201;0.35274309
-0.02643083;-0.023233201;0.35274309
-0.024454545;-0.023233201;0.35274309
-0.02643083;-0.025209486;0.35274309
-0.024454545;-0.025209486;0.35274309
-0.02643083;-0.025209486;0.35274309
-0.024454545;-0.023233201;0.35274309
-0.02643083;-0.023233201;0.35274309
-0.02643083;-0.023233201;0.34483793
-0.024454545;-0.023233201;0.34483793
-0.024454545;-0.023233201;0.35274309
-0.024454545;-0.023233201;0.35274309
-0.024454545;-0.023233201;0.35274309
-0.024454545;-0.023233201;0.35274309
-0.024454545;-0.023233201;0.35274309
-0.02643083;-0.023233201;0.35274309
-0.024454545;-0.023233201;0.35274309
-0.024454545;-0.023233201;0.35274309
-0.024454545;-0.023233201;0.35274309
-0.024454545;-0.023233201;0.35274309
-0.024454545;-0.023233201;0.35274309
-0.024454545;-0.023233201;0.35274309
-0.02247826;-0.023233201;0.35274309
-0.024454545;-0.021256916;0.35274309
-0.024454545;-0.023233201;0.35274309
-0.024454545;-0.025209486;0.35274309
-0.024454545;-0.021256916;0.35274309
-0.02247826;-0.021256916;0.35274309
-0.024454545;-0.021256916;0.35274309
-0.024454545;-0.021256916;0.35274309
-0.02247826;-0.021256916;0.34483793
-0.024454545;-0.023233201;0.36064821
-0.024454545;-0.021256916;0.35274309
-0.02247826;-0.023233201;0.35274309
-0.02247826;-0.021256916;0.35274309
-0.02247826;-0.023233201;0.35274309
-0.02247826;-0.023233201;0.35274309
-0.02247826;-0.021256916;0.35274309
-0.024454545;-0.021256916;0.35274309
-0.024454545;-0.021256916;0.35274309
-0.02247826;-0.021256916;0.35274309
-0.02247826;-0.021256916;0.35274309
-0.024454545;-0.021256916;0.34483793
-0.02247826;-0.021256916;0.35274309
-0.024454545;-0.021256916;0.35274309
-0.024454545;-0.021256916;0.35274309
-0.02247826;-0.021256916;0.35274309
-0.024454545;-0.021256916;0.36064821
-0.024454545;-0.021256916;0.35274309
-0.02247826;-0.021256916;0.35274309
-0.02247826;-0.021256916;0.35274309
-0.024454545;-0.021256916;0.35274309
-0.02247826;-0.021256916;0.34483793
-0.024454545;-0.021256916;0.35274309
-0.024454545;-0.021256916;0.35274309
-0.02247826;-0.021256916;0.35274309
-0.02247826;-0.021256916;0.35274309
-0.02247826;-0.021256916;0.35274309
-0.02247826;-0.021256916;0.35274309
-0.02247826;-0.021256916;0.35274309
-0.02247826;-0.023233201;0.35274309
-0.02247826;-0.021256916;0.35274309
-0.02247826;-0.023233201;0.35274309
-0.02247826;-0.021256916;0.35274309
-0.02247826;-0.021256916;0.35274309
-0.02247826;-0.021256916;0.35274309
-0.02247826;-0.021256916;0.35274309
-0.02247826;-0.021256916;0.35274309
-0.02247826;-0.021256916;0.35274309
-0.02247826;-0.021256916;0.35274309
-0.02247826;-0.021256916;0.35274309
-0.02247826;-0.021256916;0.35274309
-0.02247826;-0.021256916;0.35274309
-0.02247826;-0.019280633;0.35274309
-0.02247826;-0.021256916;0.34483793
-0.02247826;-0.021256916;0.35274309
-0.02247826;-0.019280633;0.35274309
-0.020501977;-0.019280633;0.35274309
-0.020501977;-0.019280633;0.35274309
-0.02247826;-0.019280633;0.34483793
-0.02247826;-0.019280633;0.35274309
-0.02247826;-0.021256916;0.35274309
-0.020501977;-0.019280633;0.35274309
-0.02247826;-0.019280633;0.35274309
-0.020501977;-0.021256916;0.35274309
-0.020501977;-0.019280633;0.35274309
-0.020501977;-0.019280633;0.35274309
-0.02247826;-0.019280633;0.35274309
-0.020501977;-0.021256916;0.35274309
-0.02247826;-0.019280633;0.35274309
-0.020501977;-0.019280633;0.35274309
-0.020501977;-0.019280633;0.35274309
-0.020501977;-0.019280633;0.35274309
-0.020501977;-0.019280633;0.35274309
-0.020501977;-0.019280633;0.35274309
-0.020501977;-0.019280633;0.35274309
-0.02247826;-0.019280633;0.35274309
-0.02247826;-0.019280633;0.35274309
-0.020501977;-0.019280633;0.35274309
-0.020501977;-0.017304348;0.35274309
-0.020501977;-0.019280633;0.35274309
-0.020501977;-0.019280633;0.35274309
-0.020501977;-0.017304348;0.35274309
-0.020501977;-0.019280633;0.35274309
-0.020501977;-0.019280633;0.35274309
-0.020501977;-0.019280633;0.35274309
-0.018525692;-0.019280633;0.35274309
-0.020501977;-0.019280633;0.35274309
-0.020501977;-0.019280633;0.35274309
-0.020501977;-0.019280633;0.35274309
-0.018525692;-0.017304348;0.35274309
-0.020501977;-0.017304348;0.35274309
-0.020501977;-0.017304348;0.34483793
-0.020501977;-0.017304348;0.34483793
-0.020501977;-0.017304348;0.35274309
-0.018525692;-0.019280633;0.35274309
-0.020501977;-0.017304348;0.35274309
-0.018525692;-0.017304348;0.35274309
-0.018525692;-0.017304348;0.35274309
-0.018525692;-0.017304348;0.35274309
-0.018525692;-0.017304348;0.34483793
-0.018525692;-0.017304348;0.35274309
-0.018525692;-0.019280633;0.35274309
-0.016549407;-0.017304348;0.35274309
-0.018525692;-0.017304348;0.35274309
-0.020501977;-0.017304348;0.35274309
-0.018525692;-0.017304348;0.35274309
-0.018525692;-0.019280633;0.35274309
-0.018525692;-0.017304348;0.35274309
-0.018525692;-0.017304348;0.35274309
-0.018525692;-0.017304348;0.35274309
-0.016549407;-0.015328064;0.35274309
-0.016549407;-0.017304348;0.35274309
-0.018525692;-0.017304348;0.35274309
-0.016549407;-0.017304348;0.35274309
-0.018525692;-0.017304348;0.35274309
-0.020501977;-0.017304348;0.35274309
-0.016549407;-0.017304348;0.35274309
-0.016549407;-0.017304348;0.35274309
-0.018525692;-0.017304348;0.35274309
-0.016549407;-0.015328064;0.35274309
-0.016549407;-0.017304348;0.35274309
-0.018525692;-0.015328064;0.35274309
-0.016549407;-0.017304348;0.35274309
-0.016549407;-0.017304348;0.35274309
-0.016549407;-0.017304348;0.35274309
-0.016549407;-0.017304348;0.35274309
-0.016549407;-0.015328064;0.35274309
-0.016549407;-0.015328064;0.35274309
-0.016549407;-0.015328064;0.35274309
-0.016549407;-0.017304348;0.35274309
-0.016549407;-0.015328064;0.35274309
-0.016549407;-0.013351778;0.35274309
-0.016549407;-0.015328064;0.35274309
-0.016549407;-0.015328064;0.35274309
-0.016549407;-0.015328064;0.35274309
-0.016549407;-0.015328064;0.35274309
-0.016549407;-0.015328064;0.35274309
-0.014573122;-0.013351778;0.35274309
-0.014573122;-0.013351778;0.36064821
-0.016549407;-0.013351778;0.34483793
-0.016549407;-0.015328064;0.35274309
-0.016549407;-0.015328064;0.35274309
-0.014573122;-0.015328064;0.35274309
-0.016549407;-0.013351778;0.35274309
-0.016549407;-0.015328064;0.35274309
-0.014573122;-0.013351778;0.35274309
-0.016549407;-0.013351778;0.35274309
-0.016549407;-0.013351778;0.35274309
-0.014573122;-0.013351778;0.35274309
-0.014573122;-0.013351778;0.35274309
-0.014573122;-0.013351778;0.35274309
-0.016549407;-0.013351778;0.35274309
-0.012596838;-0.011375494;0.35274309
-0.014573122;-0.013351778;0.35274309
-0.014573122;-0.013351778;0.35274309
-0.014573122;-0.013351778;0.35274309
-0.014573122;-0.013351778;0.35274309
-0.014573122;-0.013351778;0.35274309
-0.012596838;-0.013351778;0.35274309
-0.012596838;-0.013351778;0.35274309
-0.012596838;-0.011375494;0.35274309
-0.014573122;-0.011375494;0.35274309
-0.014573122;-0.013351778;0.35274309
-0.012596838;-0.011375494;0.34483793
-0.014573122;-0.013351778;0.35274309
-0.012596838;-0.013351778;0.35274309
-0.012596838;-0.013351778;0.35274309
-0.012596838;-0.013351778;0.35274309
-0.012596838;-0.011375494;0.36064821
-0.012596838;-0.011375494;0.34483793
-0.012596838;-0.013351778;0.35274309
-0.012596838;-0.013351778;0.35274309
-0.012596838;-0.011375494;0.35274309
-0.010620553;-0.011375494;0.35274309
-0.012596838;-0.011375494;0.35274309
-0.012596838;-0.013351778;0.34483793
-0.012596838;-0.011375494;0.35274309
-0.010620553;-0.011375494;0.35274309
-0.012596838;-0.011375494;0.35274309
-0.012596838;-0.011375494;0.35274309
-0.012596838;-0.011375494;0.35274309
-0.010620553;-0.013351778;0.34483793
-0.012596838;-0.011375494;0.35274309
-0.012596838;-0.011375494;0.35274309
-0.010620553;-0.011375494;0.34483793
-0.010620553;-0.011375494;0.35274309
-0.010620553;-0.011375494;0.35274309
-0.010620553;-0.011375494;0.35274309
-0.012596838;-0.011375494;0.35274309
-0.012596838;-0.011375494;0.35274309
-0.010620553;-0.0093992092;0.35274309
-0.012596838;-0.011375494;0.35274309
-0.010620553;-0.011375494;0.35274309
-0.010620553;-0.011375494;0.35274309
-0.010620553;-0.0093992092;0.35274309
-0.010620553;-0.011375494;0.34483793
-0.010620553;-0.011375494;0.35274309
-0.010620553;-0.0093992092;0.35274309
-0.010620553;-0.011375494;0.35274309
-0.010620553;-0.0093992092;0.35274309
-0.010620553;-0.0093992092;0.35274309
-0.010620553;-0.0093992092;0.35274309
-0.010620553;-0.0093992092;0.34483793
-0.0086442688;-0.0093992092;0.34483793
-0.010620553;-0.0093992092;0.35274309
-0.010620553;-0.0093992092;0.35274309
-0.0086442688;-0.0093992092;0.35274309
-0.0086442688;-0.0093992092;0.35274309
-0.0086442688;-0.0093992092;0.35274309
-0.0086442688;-0.0093992092;0.35274309
-0.0086442688;-0.0093992092;0.35274309
-0.0086442688;-0.0093992092;0.35274309
-0.0086442688;-0.0093992092;0.35274309
-0.0086442688;-0.007422925;0.35274309
-0.0066679842;-0.0093992092;0.35274309
-0.0086442688;-0.007422925;0.35274309
-0.0086442688;-0.0093992092;0.34483793
-0.0066679842;-0.007422925;0.35274309
-0.0086442688;-0.0093992092;0.35274309
-0.0066679842;-0.007422925;0.35274309
-0.0066679842;-0.0093992092;0.35274309
-0.010620553;-0.007422925;0.35274309
-0.0066679842;-0.007422925;0.35274309
-0.0086442688;-0.007422925;0.35274309
-0.0066679842;-0.007422925;0.35274309
-0.0066679842;-0.0054466403;0.35274309
-0.0086442688;-0.007422925;0.34483793
-0.0066679842;-0.007422925;0.35274309
-0.0066679842;-0.007422925;0.35274309
-0.0086442688;-0.0054466403;0.35274309
-0.0066679842;-0.007422925;0.35274309
-0.0066679842;-0.0054466403;0.35274309
-0.0086442688;-0.0054466403;0.35274309
-0.0066679842;-0.0054466403;0.35274309
-0.0066679842;-0.0054466403;0.35274309
-0.0066679842;-0.0054466403;0.35274309
-0.0066679842;-0.007422925;0.34483793
-0.0086442688;-0.0054466403;0.35274309
-0.0066679842;-0.0054466403;0.35274309
-0.0066679842;-0.0054466403;0.34483793
-0.0066679842;-0.0054466403;0.35274309
-0.0066679842;-0.0054466403;0.35274309
-0.0066679842;-0.0054466403;0.35274309
-0.0046916995;-0.0054466403;0.35274309
-0.0066679842;-0.0054466403;0.35274309
-0.0066679842;-0.0054466403;0.35274309
-0.0066679842;-0.0054466403;0.35274309
-0.0046916995;-0.0054466403;0.36064821
-0.0046916995;-0.0054466403;0.35274309
-0.0066679842;-0.0054466403;0.35274309
-0.0046916995;-0.0054466403;0.35274309
-0.0066679842;-0.0054466403;0.35274309
-0.0066679842;-0.0054466403;0.35274309
-0.0046916995;-0.0054466403;0.35274309
-0.0066679842;-0.0054466403;0.35274309
-0.0046916995;-0.0054466403;0.35274309
-0.0066679842;-0.0034703556;0.35274309
-0.0046916995;-0.0034703556;0.34483793
-0.0046916995;-0.0054466403;0.35274309
-0.0027154151;-0.0034703556;0.35274309
-0.0046916995;-0.0054466403;0.35274309
-0.0027154151;-0.0034703556;0.35274309
-0.0046916995;-0.0054466403;0.35274309
-0.0027154151;-0.0034703556;0.35274309
-0.0027154151;-0.0034703556;0.35274309
-0.0046916995;-0.0034703556;0.35274309
-0.0046916995;-0.0034703556;0.35274309
-0.0027154151;-0.0034703556;0.35274309
-0.0027154151;-0.0034703556;0.35274309
-0.0027154151;-0.0034703556;0.35274309
-0.0027154151;-0.0034703556;0.35274309
-0.0027154151;-0.0054466403;0.35274309
-0.0027154151;-0.0054466403;0.35274309
-0.0027154151;-0.0054466403;0.35274309
-0.0027154151;-0.0034703556;0.35274309
-0.0027154151;-0.0034703556;0.35274309
-0.0027154151;-0.0034703556;0.35274309
-0.00073913042;-0.0034703556;0.35274309
-0.0027154151;-0.0034703556;0.35274309
-0.00073913042;-0.0034703556;0.35274309
-0.00073913042;-0.0034703556;0.35274309
-0.0027154151;-0.0034703556;0.35274309
-0.0027154151;-0.0034703556;0.35274309
-0.0027154151;-0.0014940711;0.35274309
-0.0027154151;-0.0034703556;0.35274309
-0.00073913042;-0.0034703556;0.35274309
-0.0027154151;-0.0014940711;0.35274309
-0.0027154151;-0.0034703556;0.35274309
-0.00073913042;-0.0014940711;0.35274309
-0.0027154151;-0.0014940711;0.35274309
-0.00073913042;-0.0014940711;0.35274309
-0.00073913042;-0.0014940711;0.35274309
-0.00073913042;-0.0014940711;0.35274309
-0.00073913042;-0.0014940711;0.35274309
-0.00073913042;-0.0014940711;0.35274309
-0.00073913042;-0.0014940711;0.35274309
-0.00073913042;-0.0014940711;0.35274309
-0.00073913042;-0.0014940711;0.35274309
-0.00073913042;-0.0014940711;0.35274309
-0.00073913042;-0.0014940711;0.35274309
-0.00073913042;-0.0014940711;0.35274309
-0.00073913042;-0.0014940711;0.35274309
-0.00073913042;0.00048221345;0.35274309
-0.00073913042;0.00048221345;0.34483793
-0.00073913042;-0.0014940711;0.35274309
-0.00073913042;-0.0014940711;0.34483793
0.0012371541;0.00048221345;0.34483793
0.0012371541;0.00048221345;0.35274309
0.0012371541;0.00048221345;0.35274309
-0.00073913042;-0.0014940711;0.35274309
0.0012371541;0.00048221345;0.35274309
0.0012371541;0.00048221345;0.35274309
0.0012371541;0.00048221345;0.35274309
0.0012371541;0.00048221345;0.35274309
0.0012371541;0.00048221345;0.35274309
0.0032134387;0.00048221345;0.35274309
0.0051897233;0.00048221345;0.35274309
0.0012371541;0.0024584981;0.35274309
0.0032134387;0.00048221345;0.34483793
0.0032134387;0.00048221345;0.35274309
0.0032134387;0.00048221345;0.35274309
0.0032134387;0.00048221345;0.34483793
0.0012371541;0.00048221345;0.34483793
0.0032134387;0.0024584981;0.35274309
0.0032134387;0.00048221345;0.35274309
0.0032134387;0.0024584981;0.34483793
0.0032134387;0.0024584981;0.35274309
0.0032134387;0.0024584981;0.35274309
0.0032134387;0.0024584981;0.35274309
0.0051897233;0.0024584981;0.35274309
0.0032134387;0.0024584981;0.35274309
0.0051897233;0.0024584981;0.35274309
0.0032134387;0.0024584981;0.35274309
0.0051897233;0.0024584981;0.35274309
0.0032134387;0.0024584981;0.35274309
0.0051897233;0.0024584981;0.35274309
0.0051897233;0.0024584981;0.35274309
0.0051897233;0.0024584981;0.35274309
0.0032134387;0.0024584981;0.35274309
0.0051897233;0.0024584981;0.35274309
0.0051897233;0.0024584981;0.35274309
0.0051897233;0.0044347825;0.35274309
0.0051897233;0.0044347825;0.35274309
0.0051897233;0.0044347825;0.35274309
0.007166008;0.0024584981;0.35274309
0.0051897233;0.0044347825;0.35274309
0.0051897233;0.0044347825;0.35274309
0.0051897233;0.0044347825;0.35274309
0.0051897233;0.0044347825;0.35274309
0.0051897233;0.0044347825;0.35274309
0.0051897233;0.0044347825;0.35274309
0.0051897233;0.0044347825;0.35274309
0.007166008;0.0044347825;0.35274309
0.007166008;0.0064110672;0.35274309
0.007166008;0.0064110672;0.35274309
0.007166008;0.0044347825;0.35274309
0.007166008;0.0064110672;0.35274309
0.007166008;0.0044347825;0.35274309
0.007166008;0.0044347825;0.35274309
0.007166008;0.0044347825;0.35274309
0.007166008;0.0044347825;0.35274309
0.007166008;0.0064110672;0.35274309
0.007166008;0.0044347825;0.35274309
0.007166008;0.0064110672;0.35274309
0.0091422927;0.0064110672;0.35274309
0.0091422927;0.0064110672;0.35274309
0.007166008;0.0064110672;0.35274309
0.0091422927;0.0064110672;0.35274309
0.0091422927;0.0064110672;0.35274309
0.0091422927;0.0064110672;0.35274309
0.0091422927;0.0083873514;0.35274309
0.0091422927;0.0064110672;0.35274309
0.0091422927;0.0083873514;0.35274309
0.007166008;0.0064110672;0.35274309
0.0091422927;0.0083873514;0.35274309
0.0091422927;0.0064110672;0.34483793
0.0091422927;0.0083873514;0.35274309
0.0091422927;0.0083873514;0.35274309
0.0091422927;0.0083873514;0.35274309
0.0091422927;0.0083873514;0.35274309
0.011118577;0.0064110672;0.35274309
0.011118577;0.0083873514;0.35274309
0.011118577;0.010363637;0.35274309
0.011118577;0.0083873514;0.35274309
0.011118577;0.0083873514;0.35274309
0.011118577;0.0083873514;0.35274309
0.011118577;0.0083873514;0.35274309
0.011118577;0.0083873514;0.35274309
0.013094862;0.0083873514;0.35274309
0.011118577;0.0083873514;0.35274309
0.011118577;0.010363637;0.35274309
0.011118577;0.0083873514;0.35274309
0.013094862;0.010363637;0.35274309
0.013094862;0.0083873514;0.35274309
0.011118577;0.0083873514;0.35274309
0.013094862;0.0083873514;0.34483793
0.013094862;0.010363637;0.35274309
0.013094862;0.0083873514;0.35274309
0.011118577;0.010363637;0.35274309
0.013094862;0.010363637;0.35274309
0.013094862;0.010363637;0.35274309
0.015071146;0.010363637;0.35274309
0.015071146;0.010363637;0.36064821
0.015071146;0.010363637;0.35274309
0.013094862;0.010363637;0.35274309
0.015071146;0.010363637;0.35274309
0.015071146;0.010363637;0.35274309
0.015071146;0.010363637;0.34483793
0.013094862;0.012339921;0.35274309
0.015071146;0.010363637;0.35274309
0.015071146;0.010363637;0.35274309
0.015071146;0.010363637;0.35274309
0.015071146;0.010363637;0.35274309
0.015071146;0.012339921;0.35274309
0.015071146;0.012339921;0.35274309
0.015071146;0.012339921;0.35274309
0.015071146;0.012339921;0.35274309
0.017047431;0.012339921;0.35274309
0.015071146;0.012339921;0.35274309
0.015071146;0.012339921;0.35274309
0.015071146;0.012339921;0.35274309
0.015071146;0.014316206;0.35274309
0.015071146;0.012339921;0.35274309
0.017047431;0.012339921;0.35274309
0.017047431;0.012339921;0.35274309
0.017047431;0.012339921;0.35274309
0.017047431;0.014316206;0.35274309
0.017047431;0.012339921;0.35274309
0.017047431;0.014316206;0.35274309
0.017047431;0.012339921;0.35274309
0.017047431;0.014316206;0.35274309
0.017047431;0.012339921;0.35274309
0.017047431;0.014316206;0.35274309
0.017047431;0.012339921;0.35274309
0.017047431;0.012339921;0.35274309
0.017047431;0.014316206;0.35274309
0.017047431;0.014316206;0.35274309
0.019023715;0.014316206;0.35274309
0.017047431;0.014316206;0.35274309
0.019023715;0.014316206;0.35274309
0.017047431;0.014316206;0.35274309
0.019023715;0.01629249;0.35274309
0.019023715;0.01629249;0.35274309
0.019023715;0.01629249;0.35274309
0.019023715;0.01629249;0.35274309
0.019023715;0.014316206;0.35274309
0.019023715;0.01629249;0.35274309
0.019023715;0.01629249;0.35274309
0.019023715;0.01629249;0.35274309
0.019023715;0.01629249;0.35274309
0.019023715;0.01629249;0.35274309
0.021;0.01629249;0.35274309
0.019023715;0.01629249;0.35274309
0.021;0.01629249;0.35274309
0.021;0.018268775;0.35274309
0.019023715;0.018268775;0.35274309
0.021;0.018268775;0.35274309
0.021;0.018268775;0.35274309
0.021;0.01629249;0.35274309
0.021;0.018268775;0.35274309
0.021;0.01629249;0.35274309
0.021;0.018268775;0.34483793
0.021;0.01629249;0.35274309
0.021;0.01629249;0.35274309
0.021;0.018268775;0.35274309
0.022976285;0.018268775;0.35274309
0.022976285;0.018268775;0.35274309
0.021;0.018268775;0.35274309
0.022976285;0.020245058;0.35274309
0.021;0.018268775;0.35274309
0.022976285;0.018268775;0.35274309
0.022976285;0.018268775;0.35274309
0.022976285;0.018268775;0.35274309
0.022976285;0.018268775;0.34483793
0.021;0.020245058;0.35274309
0.022976285;0.018268775;0.35274309
0.022976285;0.020245058;0.35274309
0.022976285;0.018268775;0.35274309
0.022976285;0.018268775;0.35274309
0.022976285;0.020245058;0.35274309
0.022976285;0.020245058;0.35274309
0.022976285;0.020245058;0.35274309
0.02495257;0.020245058;0.35274309
0.02495257;0.020245058;0.35274309
0.02495257;0.020245058;0.35274309
0.02495257;0.020245058;0.35274309
0.02495257;0.020245058;0.35274309
0.022976285;0.020245058;0.35274309
0.02495257;0.020245058;0.35274309
0.022976285;0.020245058;0.35274309
0.02495257;0.020245058;0.35274309
0.02495257;0.022221344;0.35274309
0.02495257;0.022221344;0.35274309
0.02495257;0.022221344;0.34483793
0.02495257;0.020245058;0.35274309
0.02495257;0.020245058;0.35274309
0.02495257;0.020245058;0.35274309
0.02495257;0.022221344;0.35274309
0.02495257;0.022221344;0.35274309
0.02495257;0.022221344;0.35274309
0.026928853;0.022221344;0.35274309
0.026928853;0.024197629;0.35274309
0.026928853;0.020245058;0.34483793
0.026928853;0.022221344;0.35274309
0.026928853;0.022221344;0.35274309
0.026928853;0.022221344;0.35274309
0.026928853;0.022221344;0.35274309
0.026928853;0.022221344;0.35274309
0.026928853;0.022221344;0.35274309
0.026928853;0.022221344;0.35274309
0.026928853;0.024197629;0.36064821
0.026928853;0.024197629;0.34483793
0.026928853;0.024197629;0.35274309
0.026928853;0.024197629;0.35274309
0.028905138;0.024197629;0.35274309
0.028905138;0.024197629;0.36064821
0.026928853;0.024197629;0.35274309
0.028905138;0.024197629;0.35274309
0.028905138;0.024197629;0.35274309
0.028905138;0.026173914;0.35274309
0.028905138;0.024197629;0.35274309
0.028905138;0.024197629;0.35274309
0.028905138;0.026173914;0.36064821
0.030881424;0.026173914;0.35274309
0.030881424;0.024197629;0.35274309
0.028905138;0.026173914;0.35274309
0.028905138;0.026173914;0.35274309
0.028905138;0.026173914;0.34483793
0.030881424;0.026173914;0.35274309
0.028905138;0.026173914;0.35274309
0.028905138;0.026173914;0.35274309
0.030881424;0.026173914;0.35274309
0.030881424;0.026173914;0.35274309
0.030881424;0.026173914;0.35274309
0.030881424;0.026173914;0.34483793
0.030881424;0.026173914;0.35274309
0.030881424;0.026173914;0.35274309
0.030881424;0.028150197;0.35274309
0.030881424;0.028150197;0.35274309
0.032857709;0.026173914;0.35274309
0.030881424;0.026173914;0.35274309
0.030881424;0.028150197;0.35274309
0.030881424;0.028150197;0.35274309
0.032857709;0.026173914;0.35274309
0.030881424;0.026173914;0.35274309
0.030881424;0.028150197;0.35274309
0.032857709;0.028150197;0.35274309
0.032857709;0.028150197;0.35274309
0.030881424;0.028150197;0.35274309
0.032857709;0.028150197;0.35274309
0.032857709;0.028150197;0.35274309
0.032857709;0.028150197;0.35274309
0.032857709;0.030126482;0.35274309
0.030881424;0.028150197;0.35274309
0.032857709;0.028150197;0.35274309
0.032857709;0.030126482;0.35274309
0.032857709;0.030126482;0.35274309
0.032857709;0.030126482;0.35274309
0.032857709;0.028150197;0.35274309
0.032857709;0.028150197;0.35274309
0.032857709;0.030126482;0.35274309
0.034833994;0.028150197;0.34483793
0.032857709;0.030126482;0.35274309
0.034833994;0.030126482;0.35274309
0.034833994;0.030126482;0.35274309
0.034833994;0.030126482;0.35274309
0.034833994;0.030126482;0.35274309
0.034833994;0.030126482;0.35274309
0.034833994;0.030126482;0.35274309
0.034833994;0.030126482;0.35274309
0.034833994;0.030126482;0.35274309
0.034833994;0.032102767;0.34483793
0.034833994;0.030126482;0.35274309
0.034833994;0.032102767;0.35274309
0.034833994;0.032102767;0.34483793
0.036810275;0.032102767;0.35274309
0.036810275;0.030126482;0.35274309
0.034833994;0.032102767;0.35274309
0.036810275;0.032102767;0.35274309
0.034833994;0.032102767;0.35274309
0.036810275;0.032102767;0.35274309
0.034833994;0.032102767;0.35274309
0.036810275;0.032102767;0.34483793
0.036810275;0.032102767;0.35274309
0.036810275;0.032102767;0.35274309
0.036810275;0.032102767;0.35274309
0.036810275;0.034079053;0.35274309
0.036810275;0.034079053;0.35274309
0.036810275;0.034079053;0.35274309
0.036810275;0.032102767;0.35274309
0.036810275;0.032102767;0.35274309
0.036810275;0.032102767;0.35274309
0.03878656;0.034079053;0.35274309
0.036810275;0.034079053;0.35274309
0.036810275;0.034079053;0.35274309
0.03878656;0.034079053;0.35274309
0.03878656;0.034079053;0.35274309
0.03878656;0.034079053;0.35274309
0.03878656;0.034079053;0.35274309
0.03878656;0.034079053;0.35274309
0.03878656;0.036055338;0.35274309
0.03878656;0.034079053;0.35274309
0.040762845;0.034079053;0.35274309
0.040762845;0.036055338;0.35274309
0.03878656;0.036055338;0.34483793
0.03878656;0.036055338;0.35274309
0.03878656;0.036055338;0.34483793
0.040762845;0.034079053;0.35274309
0.040762845;0.034079053;0.35274309
0.040762845;0.036055338;0.35274309
0.042739131;0.036055338;0.35274309
0.040762845;0.034079053;0.35274309
0.040762845;0.036055338;0.35274309
0.040762845;0.036055338;0.35274309
0.03878656;0.036055338;0.35274309
0.040762845;0.036055338;0.35274309
0.040762845;0.036055338;0.35274309
0.040762845;0.036055338;0.35274309
0.040762845;0.036055338;0.35274309
0.03878656;0.036055338;0.35274309
0.040762845;0.038031619;0.35274309
0.040762845;0.036055338;0.34483793
0.040762845;0.038031619;0.35274309
0.042739131;0.036055338;0.35274309
0.042739131;0.036055338;0.35274309
0.042739131;0.038031619;0.35274309
0.042739131;0.036055338;0.35274309
0.042739131;0.038031619;0.35274309
0.040762845;0.038031619;0.35274309
0.042739131;0.036055338;0.35274309
0.042739131;0.038031619;0.35274309
0.042739131;0.038031619;0.35274309
0.042739131;0.038031619;0.35274309
0.042739131;0.038031619;0.35274309
0.042739131;0.040007904;0.35274309
0.042739131;0.038031619;0.35274309
0.042739131;0.038031619;0.35274309
0.044715416;0.038031619;0.35274309
0.044715416;0.038031619;0.35274309
0.042739131;0.040007904;0.35274309
0.042739131;0.038031619;0.35274309
0.044715416;0.038031619;0.35274309
0.044715416;0.040007904;0.35274309
0.044715416;0.040007904;0.35274309
0.044715416;0.040007904;0.35274309
0.044715416;0.040007904;0.35274309
0.044715416;0.040007904;0.35274309
0.044715416;0.040007904;0.34483793
0.046691701;0.040007904;0.35274309
0.046691701;0.040007904;0.35274309
0.044715416;0.041984189;0.35274309
0.044715416;0.040007904;0.35274309
0.046691701;0.040007904;0.36064821
0.044715416;0.040007904;0.35274309
0.046691701;0.040007904;0.35274309
0.046691701;0.041984189;0.35274309
0.044715416;0.038031619;0.34483793
0.044715416;0.041984189;0.35274309
0.046691701;0.041984189;0.35274309
0.046691701;0.040007904;0.35274309
0.044715416;0.040007904;0.35274309
0.046691701;0.041984189;0.35274309
0.046691701;0.041984189;0.36064821
0.046691701;0.040007904;0.35274309
0.048667986;0.041984189;0.35274309
0.046691701;0.041984189;0.35274309
0.046691701;0.041984189;0.35274309
0.048667986;0.041984189;0.35274309
0.046691701;0.041984189;0.34483793
0.046691701;0.041984189;0.35274309
0.048667986;0.041984189;0.35274309
0.048667986;0.041984189;0.35274309
0.048667986;0.041984189;0.35274309
0.048667986;0.041984189;0.35274309
0.046691701;0.041984189;0.35274309
0.048667986;0.041984189;0.35274309
0.046691701;0.041984189;0.35274309
0.048667986;0.041984189;0.34483793
0.046691701;0.041984189;0.35274309
0.048667986;0.043960474;0.35274309
0.048667986;0.041984189;0.35274309
0.048667986;0.043960474;0.34483793
0.048667986;0.041984189;0.35274309
0.048667986;0.041984189;0.35274309
0.050644267;0.043960474;0.35274309
0.048667986;0.043960474;0.35274309
0.048667986;0.043960474;0.35274309
0.048667986;0.043960474;0.34483793
0.050644267;0.043960474;0.35274309
0.050644267;0.043960474;0.35274309
0.050644267;0.043960474;0.35274309
0.050644267;0.043960474;0.35274309
0.048667986;0.04593676;0.35274309
0.050644267;0.043960474;0.35274309
0.052620552;0.043960474;0.35274309
0.050644267;0.043960474;0.35274309
0.050644267;0.043960474;0.35274309
0.052620552;0.04593676;0.35274309
0.052620552;0.043960474;0.35274309
0.052620552;0.04593676;0.35274309
0.052620552;0.043960474;0.35274309
0.050644267;0.043960474;0.35274309
0.052620552;0.04593676;0.35274309
0.054596838;0.047913045;0.35274309
0.050644267;0.04593676;0.35274309
0.052620552;0.04593676;0.35274309
0.052620552;0.04593676;0.35274309
0.052620552;0.047913045;0.35274309
0.052620552;0.04593676;0.35274309
0.054596838;0.04593676;0.35274309
0.052620552;0.04593676;0.35274309
0.052620552;0.04593676;0.35274309
0.052620552;0.04593676;0.35274309
0.054596838;0.047913045;0.35274309
0.054596838;0.04593676;0.35274309
0.052620552;0.04593676;0.35274309
0.054596838;0.047913045;0.35274309
0.054596838;0.04593676;0.34483793
0.054596838;0.047913045;0.35274309
0.052620552;0.047913045;0.35274309
0.054596838;0.047913045;0.35274309
0.054596838;0.047913045;0.35274309
0.054596838;0.047913045;0.35274309
0.054596838;0.047913045;0.35274309
0.054596838;0.047913045;0.35274309
0.054596838;0.047913045;0.35274309
0.054596838;0.047913045;0.35274309
0.054596838;0.047913045;0.35274309
0.054596838;0.047913045;0.35274309
0.054596838;0.047913045;0.35274309
0.054596838;0.047913045;0.35274309
0.054596838;0.047913045;0.35274309
0.056573123;0.047913045;0.35274309
0.054596838;0.047913045;0.35274309
0.054596838;0.047913045;0.35274309
0.056573123;0.04988933;0.35274309
0.054596838;0.047913045;0.34483793
0.056573123;0.04988933;0.35274309
0.054596838;0.047913045;0.35274309
0.056573123;0.04988933;0.35274309
0.056573123;0.04988933;0.35274309
0.054596838;0.04988933;0.35274309
0.054596838;0.04988933;0.35274309
0.056573123;0.04988933;0.35274309
0.056573123;0.04988933;0.35274309
0.056573123;0.04988933;0.35274309
0.056573123;0.04988933;0.35274309
0.056573123;0.04988933;0.35274309
0.056573123;0.04988933;0.35274309
0.056573123;0.04988933;0.35274309
0.054596838;0.04988933;0.35274309
0.058549408;0.04988933;0.35274309
0.056573123;0.051865611;0.35274309
0.056573123;0.04988933;0.35274309
0.056573123;0.04988933;0.35274309
0.058549408;0.051865611;0.35274309
0.058549408;0.04988933;0.35274309
0.058549408;0.04988933;0.35274309
0.056573123;0.04988933;0.35274309
0.058549408;0.04988933;0.35274309
0.058549408;0.04988933;0.34483793
0.058549408;0.04988933;0.35274309
0.058549408;0.04988933;0.35274309
0.058549408;0.051865611;0.35274309
0.058549408;0.051865611;0.34483793
0.058549408;0.051865611;0.35274309
0.058549408;0.051865611;0.35274309
0.058549408;0.04988933;0.35274309
0.058549408;0.051865611;0.35274309
0.058549408;0.051865611;0.35274309
0.056573123;0.051865611;0.35274309
0.058549408;0.051865611;0.35274309
0.060525693;0.051865611;0.35274309
0.058549408;0.051865611;0.35274309
0.058549408;0.051865611;0.35274309
0.058549408;0.04988933;0.35274309
0.058549408;0.053841896;0.35274309
0.060525693;0.051865611;0.35274309
0.058549408;0.051865611;0.35274309
0.060525693;0.051865611;0.35274309
0.058549408;0.051865611;0.35274309
0.058549408;0.053841896;0.35274309
0.060525693;0.053841896;0.35274309
0.060525693;0.051865611;0.35274309
0.060525693;0.051865611;0.35274309
0.060525693;0.053841896;0.35274309
0.062501974;0.053841896;0.34483793
0.058549408;0.053841896;0.35274309
0.058549408;0.053841896;0.35274309
0.062501974;0.053841896;0.35274309
0.060525693;0.053841896;0.35274309
0.060525693;0.053841896;0.35274309
0.060525693;0.053841896;0.35274309
0.060525693;0.053841896;0.35274309
0.062501974;0.053841896;0.35274309
0.060525693;0.055818181;0.35274309
0.060525693;0.053841896;0.35274309
0.062501974;0.053841896;0.35274309
0.062501974;0.053841896;0.35274309
0.062501974;0.053841896;0.35274309
0.062501974;0.053841896;0.35274309
0.060525693;0.053841896;0.35274309
0.062501974;0.053841896;0.35274309
0.062501974;0.055818181;0.35274309
0.062501974;0.055818181;0.35274309
0.062501974;0.053841896;0.34483793
0.062501974;0.055818181;0.35274309
0.062501974;0.055818181;0.35274309
0.062501974;0.053841896;0.35274309
0.062501974;0.055818181;0.35274309
0.062501974;0.055818181;0.35274309
0.062501974;0.055818181;0.35274309
0.062501974;0.053841896;0.35274309
0.062501974;0.055818181;0.35274309
0.062501974;0.055818181;0.35274309
0.062501974;0.055818181;0.35274309
0.062501974;0.055818181;0.35274309
0.064478263;0.057794467;0.35274309
0.064478263;0.055818181;0.35274309
0.064478263;0.055818181;0.35274309
0.064478263;0.055818181;0.35274309
0.064478263;0.057794467;0.35274309
0.064478263;0.057794467;0.35274309
0.064478263;0.057794467;0.35274309
0.064478263;0.055818181;0.35274309
0.062501974;0.055818181;0.35274309
0.064478263;0.055818181;0.35274309
0.064478263;0.057794467;0.35274309
0.064478263;0.057794467;0.35274309
0.064478263;0.057794467;0.35274309
0.064478263;0.057794467;0.35274309
0.064478263;0.057794467;0.35274309
0.064478263;0.057794467;0.35274309
0.064478263;0.057794467;0.35274309
0.064478263;0.057794467;0.35274309
0.064478263;0.057794467;0.35274309
0.064478263;0.057794467;0.35274309
0.064478263;0.057794467;0.35274309
0.064478263;0.055818181;0.35274309
0.066454545;0.057794467;0.35274309
0.064478263;0.057794467;0.35274309
0.064478263;0.057794467;0.34483793
0.064478263;0.057794467;0.35274309
0.066454545;0.057794467;0.35274309
0.064478263;0.057794467;0.35274309
0.066454545;0.057794467;0.35274309
0.066454545;0.057794467;0.35274309
0.066454545;0.059770752;0.35274309
0.066454545;0.059770752;0.35274309
0.066454545;0.059770752;0.35274309
0.064478263;0.057794467;0.35274309
0.064478263;0.057794467;0.35274309
0.068430834;0.059770752;0.35274309
0.066454545;0.059770752;0.35274309
0.066454545;0.059770752;0.35274309
0.066454545;0.059770752;0.35274309
0.066454545;0.059770752;0.35274309
0.066454545;0.059770752;0.35274309
0.066454545;0.059770752;0.35274309
0.066454545;0.057794467;0.35274309
0.066454545;0.061747037;0.35274309
0.066454545;0.059770752;0.35274309
0.068430834;0.059770752;0.35274309
0.064478263;0.057794467;0.35274309
0.066454545;0.059770752;0.35274309
0.068430834;0.059770752;0.35274309
0.066454545;0.059770752;0.35274309
0.066454545;0.059770752;0.35274309
0.068430834;0.061747037;0.35274309
0.068430834;0.061747037;0.35274309
0.066454545;0.059770752;0.35274309
0.066454545;0.059770752;0.35274309
0.070407115;0.059770752;0.35274309
0.066454545;0.061747037;0.35274309
0.068430834;0.061747037;0.35274309
0.068430834;0.061747037;0.35274309
0.068430834;0.059770752;0.35274309
0.066454545;0.061747037;0.35274309
0.068430834;0.059770752;0.35274309
0.066454545;0.061747037;0.35274309
0.068430834;0.059770752;0.35274309
0.068430834;0.061747037;0.35274309
0.068430834;0.061747037;0.35274309
0.068430834;0.061747037;0.35274309
0.068430834;0.061747037;0.34483793
0.066454545;0.059770752;0.35274309
0.066454545;0.061747037;0.34483793
0.068430834;0.059770752;0.35274309
0.068430834;0.061747037;0.35274309
0.068430834;0.061747037;0.35274309
0.068430834;0.061747037;0.35274309
0.066454545;0.061747037;0.35274309
0.070407115;0.061747037;0.35274309
0.068430834;0.061747037;0.35274309
0.068430834;0.061747037;0.35274309
0.070407115;0.061747037;0.35274309
0.068430834;0.061747037;0.35274309
0.070407115;0.063723318;0.35274309
0.070407115;0.063723318;0.35274309
0.068430834;0.061747037;0.35274309
0.070407115;0.061747037;0.34483793
0.070407115;0.061747037;0.35274309
0.070407115;0.061747037;0.35274309
0.068430834;0.061747037;0.35274309
0.068430834;0.061747037;0.35274309
0.070407115;0.061747037;0.35274309
0.070407115;0.061747037;0.34483793
0.070407115;0.061747037;0.35274309
0.068430834;0.063723318;0.35274309
0.070407115;0.061747037;0.35274309
0.070407115;0.063723318;0.35274309
0.068430834;0.061747037;0.35274309
0.070407115;0.063723318;0.35274309
0.068430834;0.061747037;0.35274309
0.070407115;0.063723318;0.35274309
0.070407115;0.063723318;0.35274309
0.070407115;0.063723318;0.35274309
0.070407115;0.063723318;0.35274309
0.068430834;0.063723318;0.35274309
0.070407115;0.063723318;0.35274309
0.070407115;0.061747037;0.34483793
0.070407115;0.063723318;0.35274309
0.070407115;0.063723318;0.35274309
0.070407115;0.063723318;0.35274309
0.070407115;0.063723318;0.35274309
0.072383396;0.063723318;0.35274309
0.070407115;0.063723318;0.35274309
0.070407115;0.063723318;0.35274309
0.070407115;0.065699607;0.35274309
0.070407115;0.065699607;0.35274309
0.070407115;0.065699607;0.35274309
0.070407115;0.063723318;0.35274309
0.070407115;0.063723318;0.35274309
0.070407115;0.061747037;0.35274309
0.070407115;0.065699607;0.35274309
0.072383396;0.065699607;0.35274309
0.072383396;0.063723318;0.34483793
0.070407115;0.063723318;0.35274309
0.070407115;0.063723318;0.36064821
0.070407115;0.063723318;0.35274309
0.072383396;0.065699607;0.35274309
0.070407115;0.065699607;0.35274309
0.072383396;0.063723318;0.35274309
0.072383396;0.063723318;0.35274309
0.070407115;0.063723318;0.35274309
0.070407115;0.063723318;0.35274309
0.070407115;0.065699607;0.35274309
0.070407115;0.065699607;0.35274309
0.070407115;0.065699607;0.35274309
0.070407115;0.063723318;0.35274309
0.072383396;0.065699607;0.35274309
0.072383396;0.063723318;0.35274309
0.072383396;0.065699607;0.35274309
0.072383396;0.067675889;0.35274309
0.070407115;0.063723318;0.35274309
0.072383396;0.065699607;0.35274309
0.070407115;0.065699607;0.35274309
0.070407115;0.067675889;0.35274309
0.072383396;0.065699607;0.35274309
0.072383396;0.065699607;0.35274309
0.070407115;0.065699607;0.35274309
0.070407115;0.065699607;0.35274309
0.072383396;0.065699607;0.35274309
0.070407115;0.065699607;0.35274309
0.072383396;0.065699607;0.35274309
0.070407115;0.065699607;0.35274309
0.072383396;0.065699607;0.35274309
0.072383396;0.065699607;0.35274309
0.070407115;0.065699607;0.35274309
0.072383396;0.065699607;0.35274309
0.072383396;0.065699607;0.35274309
0.072383396;0.065699607;0.35274309
0.072383396;0.065699607;0.35274309
0.072383396;0.065699607;0.35274309
0.072383396;0.067675889;0.35274309
0.070407115;0.065699607;0.35274309
0.072383396;0.067675889;0.34483793
0.072383396;0.065699607;0.35274309
0.072383396;0.065699607;0.35274309
0.072383396;0.065699607;0.35274309
0.070407115;0.065699607;0.35274309
0.072383396;0.065699607;0.35274309
0.072383396;0.067675889;0.35274309
0.070407115;0.065699607;0.35274309
0.072383396;0.067675889;0.35274309
0.074359685;0.067675889;0.35274309
0.072383396;0.067675889;0.35274309
0.072383396;0.065699607;0.35274309
0.072383396;0.067675889;0.35274309
0.072383396;0.067675889;0.35274309
0.072383396;0.067675889;0.34483793
0.072383396;0.067675889;0.35274309
0.072383396;0.067675889;0.35274309
0.072383396;0.065699607;0.35274309
0.072383396;0.067675889;0.35274309
0.072383396;0.067675889;0.35274309
0.072383396;0.065699607;0.35274309
0.074359685;0.065699607;0.35274309
0.074359685;0.067675889;0.35274309
0.072383396;0.065699607;0.35274309
0.072383396;0.065699607;0.35274309
0.072383396;0.067675889;0.35274309
0.072383396;0.067675889;0.35274309
0.072383396;0.067675889;0.35274309
0.072383396;0.067675889;0.35274309
0.074359685;0.067675889;0.35274309
0.074359685;0.067675889;0.35274309
0.074359685;0.067675889;0.34483793
0.072383396;0.067675889;0.35274309
0.072383396;0.067675889;0.35274309
0.072383396;0.067675889;0.35274309
0.072383396;0.067675889;0.35274309
0.074359685;0.067675889;0.35274309
0.074359685;0.067675889;0.34483793
0.072383396;0.067675889;0.35274309
0.074359685;0.069652177;0.35274309
0.072383396;0.067675889;0.35274309
0.074359685;0.067675889;0.35274309
0.072383396;0.069652177;0.35274309
0.074359685;0.067675889;0.35274309
0.072383396;0.069652177;0.35274309
0.074359685;0.069652177;0.35274309
0.072383396;0.067675889;0.35274309
0.072383396;0.067675889;0.35274309
0.072383396;0.067675889;0.35274309
0.072383396;0.069652177;0.35274309
0.072383396;0.067675889;0.35274309
0.074359685;0.067675889;0.35274309
0.074359685;0.069652177;0.35274309
0.074359685;0.067675889;0.35274309
0.072383396;0.067675889;0.35274309
0.072383396;0.067675889;0.35274309
0.072383396;0.067675889;0.35274309
0.074359685;0.067675889;0.35274309
0.072383396;0.069652177;0.35274309
0.072383396;0.067675889;0.35274309
0.072383396;0.067675889;0.35274309
0.074359685;0.067675889;0.35274309
0.072383396;0.069652177;0.35274309
0.074359685;0.069652177;0.35274309
0.074359685;0.067675889;0.35274309
0.076335967;0.067675889;0.34483793
0.074359685;0.069652177;0.35274309
0.072383396;0.067675889;0.35274309
0.074359685;0.067675889;0.35274309
0.074359685;0.067675889;0.35274309
0.072383396;0.069652177;0.35274309
0.074359685;0.069652177;0.35274309
0.074359685;0.069652177;0.35274309
0.072383396;0.069652177;0.35274309
0.072383396;0.069652177;0.35274309
0.072383396;0.067675889;0.35274309
0.074359685;0.067675889;0.35274309
0.072383396;0.067675889;0.35274309
0.072383396;0.067675889;0.35274309
0.074359685;0.067675889;0.35274309
0.072383396;0.067675889;0.35274309
0.074359685;0.067675889;0.35274309
0.074359685;0.067675889;0.35274309
0.072383396;0.069652177;0.35274309
0.074359685;0.069652177;0.35274309
0.072383396;0.069652177;0.35274309
0.074359685;0.067675889;0.35274309
0.074359685;0.069652177;0.35274309
0.072383396;0.067675889;0.35274309
0.072383396;0.069652177;0.35274309
0.074359685;0.067675889;0.34483793
0.074359685;0.067675889;0.35274309
0.074359685;0.069652177;0.35274309
0.072383396;0.067675889;0.35274309
0.072383396;0.069652177;0.34483793
0.074359685;0.067675889;0.35274309
0.074359685;0.069652177;0.35274309
0.072383396;0.067675889;0.35274309
0.074359685;0.071628459;0.35274309
0.072383396;0.069652177;0.35274309
0.072383396;0.067675889;0.35274309
0.072383396;0.069652177;0.35274309
0.072383396;0.069652177;0.35274309
0.074359685;0.069652177;0.35274309
0.072383396;0.067675889;0.35274309
0.072383396;0.069652177;0.35274309
0.074359685;0.067675889;0.35274309
0.074359685;0.067675889;0.35274309
0.072383396;0.069652177;0.35274309
0.072383396;0.069652177;0.35274309
0.074359685;0.069652177;0.35274309
0.072383396;0.067675889;0.35274309
0.074359685;0.069652177;0.35274309
0.074359685;0.069652177;0.35274309
0.072383396;0.069652177;0.35274309
0.072383396;0.069652177;0.35274309
0.072383396;0.071628459;0.34483793
0.072383396;0.069652177;0.35274309
0.074359685;0.069652177;0.35274309
0.074359685;0.069652177;0.35274309
0.074359685;0.069652177;0.35274309
0.072383396;0.069652177;0.35274309
0.072383396;0.069652177;0.35274309
0.072383396;0.069652177;0.35274309
0.074359685;0.069652177;0.36064821
0.072383396;0.069652177;0.35274309
0.074359685;0.069652177;0.34483793
0.074359685;0.069652177;0.35274309
0.072383396;0.069652177;0.35274309
0.072383396;0.069652177;0.35274309
0.074359685;0.069652177;0.34483793
0.074359685;0.069652177;0.35274309
0.074359685;0.067675889;0.35274309
0.072383396;0.069652177;0.35274309
0.074359685;0.069652177;0.35274309
0.072383396;0.069652177;0.35274309
0.072383396;0.069652177;0.35274309
0.072383396;0.069652177;0.35274309
0.072383396;0.069652177;0.35274309
0.072383396;0.069652177;0.35274309
0.074359685;0.069652177;0.35274309
0.072383396;0.067675889;0.35274309
0.072383396;0.069652177;0.35274309
0.072383396;0.067675889;0.35274309
0.072383396;0.069652177;0.35274309
0.072383396;0.069652177;0.35274309
0.072383396;0.069652177;0.35274309
0.072383396;0.069652177;0.35274309
0.074359685;0.069652177;0.34483793
0.072383396;0.067675889;0.35274309
0.074359685;0.069652177;0.35274309
0.072383396;0.069652177;0.35274309
0.072383396;0.069652177;0.35274309
0.074359685;0.067675889;0.35274309
0.072383396;0.069652177;0.35274309
0.072383396;0.069652177;0.35274309
0.072383396;0.067675889;0.34483793
0.072383396;0.069652177;0.34483793
0.072383396;0.069652177;0.35274309
0.072383396;0.069652177;0.35274309
0.072383396;0.069652177;0.35274309
0.072383396;0.069652177;0.35274309
0.074359685;0.069652177;0.34483793
0.072383396;0.069652177;0.35274309
0.072383396;0.069652177;0.35274309
0.072383396;0.069652177;0.35274309
0.070407115;0.069652177;0.35274309
0.072383396;0.069652177;0.35274309
0.070407115;0.069652177;0.35274309
0.070407115;0.067675889;0.34483793
0.072383396;0.069652177;0.35274309
0.072383396;0.069652177;0.35274309
0.072383396;0.067675889;0.35274309
0.072383396;0.067675889;0.35274309
0.072383396;0.069652177;0.35274309
0.070407115;0.069652177;0.34483793
0.072383396;0.069652177;0.35274309
0.072383396;0.069652177;0.35274309
0.072383396;0.069652177;0.35274309
0.072383396;0.069652177;0.34483793
0.070407115;0.069652177;0.35274309
0.072383396;0.069652177;0.35274309
0.074359685;0.069652177;0.35274309
0.072383396;0.069652177;0.35274309
0.070407115;0.069652177;0.35274309
0.072383396;0.067675889;0.35274309
0.072383396;0.069652177;0.35274309
0.072383396;0.069652177;0.35274309
0.072383396;0.067675889;0.35274309
0.070407115;0.069652177;0.35274309
0.070407115;0.067675889;0.35274309
0.072383396;0.069652177;0.35274309
0.072383396;0.067675889;0.35274309
0.070407115;0.069652177;0.35274309
0.070407115;0.069652177;0.35274309
0.072383396;0.067675889;0.35274309
0.070407115;0.069652177;0.35274309
0.070407115;0.067675889;0.34483793
0.070407115;0.067675889;0.35274309
0.070407115;0.069652177;0.35274309
0.070407115;0.069652177;0.35274309
0.070407115;0.069652177;0.35274309
0.070407115;0.069652177;0.35274309
0.070407115;0.069652177;0.35274309
0.072383396;0.069652177;0.35274309
0.070407115;0.067675889;0.35274309
0.070407115;0.067675889;0.35274309
0.070407115;0.067675889;0.35274309
0.070407115;0.067675889;0.35274309
0.070407115;0.069652177;0.35274309
0.070407115;0.067675889;0.35274309
0.070407115;0.067675889;0.35274309
0.070407115;0.069652177;0.35274309
0.070407115;0.069652177;0.34483793
0.070407115;0.067675889;0.35274309
0.072383396;0.067675889;0.35274309
0.070407115;0.069652177;0.35274309
0.070407115;0.067675889;0.35274309
0.070407115;0.067675889;0.34483793
0.068430834;0.067675889;0.34483793
0.072383396;0.067675889;0.34483793
0.070407115;0.069652177;0.35274309
0.068430834;0.067675889;0.35274309
0.068430834;0.067675889;0.35274309
0.068430834;0.067675889;0.35274309
0.070407115;0.067675889;0.35274309
0.068430834;0.067675889;0.35274309
0.070407115;0.069652177;0.35274309
0.070407115;0.069652177;0.35274309
0.070407115;0.067675889;0.35274309
0.070407115;0.067675889;0.35274309
0.070407115;0.069652177;0.34483793
0.068430834;0.069652177;0.35274309
0.070407115;0.067675889;0.35274309
0.070407115;0.067675889;0.35274309
0.070407115;0.067675889;0.35274309
0.070407115;0.067675889;0.35274309
0.068430834;0.067675889;0.35274309
0.070407115;0.067675889;0.35274309
0.068430834;0.067675889;0.35274309
0.070407115;0.067675889;0.35274309
0.070407115;0.069652177;0.35274309
0.068430834;0.067675889;0.35274309
0.070407115;0.067675889;0.35274309
0.068430834;0.067675889;0.35274309
0.068430834;0.067675889;0.35274309
0.068430834;0.067675889;0.34483793
0.068430834;0.067675889;0.35274309
0.068430834;0.067675889;0.35274309
0.068430834;0.067675889;0.34483793
0.068430834;0.067675889;0.35274309
0.068430834;0.067675889;0.34483793
0.068430834;0.067675889;0.34483793
0.068430834;0.067675889;0.34483793
0.068430834;0.067675889;0.34483793
0.068430834;0.067675889;0.35274309
0.068430834;0.067675889;0.35274309
0.068430834;0.067675889;0.35274309
0.068430834;0.067675889;0.35274309
0.066454545;0.065699607;0.35274309
0.066454545;0.067675889;0.35274309
0.068430834;0.067675889;0.35274309
0.068430834;0.067675889;0.35274309
0.068430834;0.067675889;0.35274309
0.068430834;0.067675889;0.35274309
0.068430834;0.067675889;0.35274309
0.066454545;0.067675889;0.35274309
0.068430834;0.067675889;0.35274309
0.068430834;0.067675889;0.35274309
0.068430834;0.067675889;0.35274309
0.066454545;0.067675889;0.35274309
0.066454545;0.065699607;0.35274309
0.066454545;0.067675889;0.35274309
0.066454545;0.067675889;0.35274309
0.066454545;0.067675889;0.35274309
0.066454545;0.065699607;0.35274309
0.066454545;0.067675889;0.35274309
0.066454545;0.065699607;0.35274309
0.066454545;0.067675889;0.35274309
0.066454545;0.065699607;0.35274309
0.068430834;0.067675889;0.35274309
0.066454545;0.065699607;0.35274309
0.066454545;0.065699607;0.35274309
0.068430834;0.067675889;0.35274309
0.066454545;0.065699607;0.35274309
0.066454545;0.067675889;0.34483793
0.066454545;0.065699607;0.35274309
0.064478263;0.067675889;0.35274309
0.066454545;0.067675889;0.35274309
0.066454545;0.067675889;0.35274309
0.066454545;0.065699607;0.35274309
0.066454545;0.065699607;0.35274309
0.066454545;0.065699607;0.35274309
0.066454545;0.063723318;0.35274309
0.066454545;0.065699607;0.34483793
0.064478263;0.065699607;0.35274309
0.064478263;0.065699607;0.35274309
0.064478263;0.067675889;0.34483793
0.066454545;0.065699607;0.34483793
0.066454545;0.065699607;0.35274309
0.066454545;0.063723318;0.35274309
0.064478263;0.065699607;0.35274309
0.064478263;0.065699607;0.35274309
0.064478263;0.065699607;0.35274309
0.064478263;0.065699607;0.35274309
0.064478263;0.065699607;0.35274309
0.066454545;0.063723318;0.35274309
0.064478263;0.065699607;0.35274309
0.064478263;0.063723318;0.34483793
0.064478263;0.063723318;0.35274309
0.064478263;0.065699607;0.35274309
0.064478263;0.063723318;0.35274309
0.064478263;0.063723318;0.35274309
0.064478263;0.065699607;0.35274309
0.064478263;0.065699607;0.35274309
0.062501974;0.065699607;0.35274309
0.062501974;0.065699607;0.35274309
0.064478263;0.065699607;0.35274309
0.064478263;0.065699607;0.35274309
0.062501974;0.063723318;0.35274309
0.064478263;0.065699607;0.35274309
0.062501974;0.063723318;0.35274309
0.062501974;0.063723318;0.35274309
0.062501974;0.065699607;0.35274309
0.062501974;0.063723318;0.35274309
0.062501974;0.063723318;0.35274309
0.062501974;0.063723318;0.35274309
0.062501974;0.063723318;0.35274309
0.062501974;0.063723318;0.35274309
0.062501974;0.063723318;0.35274309
0.062501974;0.063723318;0.35274309
0.062501974;0.063723318;0.35274309
0.062501974;0.061747037;0.35274309
0.062501974;0.063723318;0.35274309
0.062501974;0.063723318;0.35274309
0.062501974;0.063723318;0.35274309
0.062501974;0.063723318;0.35274309
0.060525693;0.063723318;0.35274309
0.060525693;0.063723318;0.35274309
0.062501974;0.063723318;0.35274309
0.062501974;0.061747037;0.35274309
0.060525693;0.063723318;0.35274309
0.060525693;0.063723318;0.35274309
0.062501974;0.061747037;0.35274309
0.062501974;0.063723318;0.35274309
0.060525693;0.063723318;0.35274309
0.060525693;0.063723318;0.35274309
0.060525693;0.063723318;0.35274309
0.058549408;0.061747037;0.35274309
0.060525693;0.063723318;0.34483793
0.060525693;0.061747037;0.35274309
0.058549408;0.061747037;0.35274309
0.060525693;0.061747037;0.35274309
0.060525693;0.063723318;0.35274309
0.060525693;0.061747037;0.35274309
0.060525693;0.063723318;0.35274309
0.058549408;0.061747037;0.35274309
0.060525693;0.063723318;0.35274309
0.058549408;0.061747037;0.35274309
0.058549408;0.061747037;0.35274309
0.058549408;0.061747037;0.35274309
0.058549408;0.061747037;0.35274309
0.058549408;0.061747037;0.34483793
0.060525693;0.061747037;0.35274309
0.060525693;0.061747037;0.35274309
0.060525693;0.061747037;0.34483793
0.058549408;0.061747037;0.35274309
0.058549408;0.061747037;0.35274309
0.058549408;0.061747037;0.35274309
0.058549408;0.061747037;0.35274309
0.058549408;0.061747037;0.35274309
0.056573123;0.061747037;0.35274309
0.058549408;0.061747037;0.35274309
0.058549408;0.061747037;0.35274309
0.056573123;0.061747037;0.35274309
0.058549408;0.061747037;0.35274309
0.056573123;0.061747037;0.35274309
0.056573123;0.061747037;0.35274309
0.056573123;0.061747037;0.35274309
0.056573123;0.059770752;0.35274309
0.058549408;0.061747037;0.35274309
0.056573123;0.061747037;0.34483793
0.056573123;0.061747037;0.34483793
0.056573123;0.059770752;0.35274309
0.056573123;0.059770752;0.35274309
0.056573123;0.059770752;0.35274309
0.056573123;0.059770752;0.35274309
0.054596838;0.059770752;0.34483793
0.056573123;0.059770752;0.35274309
0.056573123;0.059770752;0.35274309
0.056573123;0.061747037;0.35274309
0.054596838;0.059770752;0.35274309
0.056573123;0.059770752;0.35274309
0.054596838;0.059770752;0.34483793
0.054596838;0.059770752;0.35274309
0.054596838;0.059770752;0.35274309
0.054596838;0.059770752;0.35274309
0.056573123;0.059770752;0.34483793
0.056573123;0.059770752;0.35274309
0.054596838;0.059770752;0.34483793
0.056573123;0.057794467;0.35274309
0.054596838;0.059770752;0.35274309
0.054596838;0.059770752;0.34483793
0.054596838;0.059770752;0.35274309
0.054596838;0.057794467;0.35274309
0.054596838;0.057794467;0.35274309
0.054596838;0.059770752;0.35274309
0.054596838;0.059770752;0.35274309
0.054596838;0.057794467;0.35274309
0.052620552;0.059770752;0.35274309
0.054596838;0.057794467;0.34483793
0.054596838;0.059770752;0.35274309
0.054596838;0.057794467;0.34483793
0.054596838;0.057794467;0.34483793
0.052620552;0.057794467;0.35274309
0.052620552;0.057794467;0.35274309
0.052620552;0.059770752;0.35274309
0.052620552;0.059770752;0.35274309
0.052620552;0.057794467;0.35274309
0.054596838;0.059770752;0.35274309
0.052620552;0.057794467;0.35274309
0.052620552;0.057794467;0.35274309
0.052620552;0.057794467;0.35274309
0.050644267;0.057794467;0.35274309
0.050644267;0.057794467;0.35274309
0.052620552;0.057794467;0.35274309
0.050644267;0.057794467;0.35274309
0.050644267;0.057794467;0.34483793
0.052620552;0.055818181;0.34483793
0.052620552;0.057794467;0.35274309
0.052620552;0.057794467;0.34483793
0.052620552;0.057794467;0.35274309
0.052620552;0.055818181;0.34483793
0.052620552;0.057794467;0.35274309
0.050644267;0.055818181;0.34483793
0.050644267;0.055818181;0.35274309
0.050644267;0.055818181;0.35274309
0.052620552;0.055818181;0.35274309
0.050644267;0.057794467;0.35274309
0.052620552;0.055818181;0.35274309
0.050644267;0.055818181;0.35274309
0.052620552;0.055818181;0.35274309
0.050644267;0.055818181;0.35274309
0.050644267;0.055818181;0.35274309
0.050644267;0.055818181;0.35274309
0.050644267;0.053841896;0.35274309
0.050644267;0.055818181;0.35274309
0.048667986;0.055818181;0.35274309
0.048667986;0.055818181;0.35274309
0.050644267;0.055818181;0.35274309
0.048667986;0.053841896;0.35274309
0.048667986;0.053841896;0.35274309
0.050644267;0.055818181;0.35274309
0.048667986;0.055818181;0.35274309
0.048667986;0.053841896;0.35274309
0.048667986;0.055818181;0.35274309
0.048667986;0.055818181;0.34483793
0.048667986;0.055818181;0.35274309
0.048667986;0.053841896;0.35274309
0.048667986;0.053841896;0.35274309
0.048667986;0.053841896;0.34483793
0.048667986;0.055818181;0.35274309
0.048667986;0.053841896;0.35274309
0.048667986;0.053841896;0.35274309
0.046691701;0.053841896;0.35274309
0.046691701;0.053841896;0.35274309
0.048667986;0.053841896;0.35274309
0.048667986;0.053841896;0.35274309
0.046691701;0.053841896;0.35274309
0.046691701;0.053841896;0.35274309
0.048667986;0.053841896;0.35274309
0.046691701;0.053841896;0.35274309
0.046691701;0.053841896;0.35274309
0.046691701;0.053841896;0.35274309
0.046691701;0.051865611;0.35274309
0.046691701;0.053841896;0.35274309
0.046691701;0.053841896;0.35274309
0.046691701;0.051865611;0.35274309
0.046691701;0.051865611;0.35274309
0.044715416;0.051865611;0.35274309
0.044715416;0.051865611;0.34483793
0.046691701;0.051865611;0.35274309
0.046691701;0.051865611;0.35274309
0.046691701;0.04988933;0.35274309
0.044715416;0.051865611;0.35274309
0.046691701;0.051865611;0.34483793
0.044715416;0.051865611;0.35274309
0.044715416;0.051865611;0.35274309
0.044715416;0.04988933;0.35274309
0.042739131;0.051865611;0.35274309
0.044715416;0.04988933;0.35274309
0.042739131;0.051865611;0.35274309
0.044715416;0.04988933;0.34483793
0.044715416;0.051865611;0.35274309
0.044715416;0.051865611;0.35274309
0.044715416;0.051865611;0.35274309
0.042739131;0.051865611;0.34483793
0.044715416;0.051865611;0.35274309
0.040762845;0.051865611;0.35274309
0.042739131;0.04988933;0.35274309
0.042739131;0.04988933;0.35274309
0.042739131;0.04988933;0.35274309
0.042739131;0.04988933;0.35274309
0.042739131;0.04988933;0.35274309
0.042739131;0.04988933;0.35274309
0.042739131;0.04988933;0.35274309
0.042739131;0.04988933;0.34483793
0.042739131;0.04988933;0.34483793
0.042739131;0.04988933;0.35274309
0.042739131;0.04988933;0.35274309
0.040762845;0.047913045;0.35274309
0.042739131;0.04988933;0.35274309
0.042739131;0.04988933;0.34483793
0.042739131;0.04988933;0.35274309
0.040762845;0.047913045;0.34483793
0.040762845;0.04988933;0.35274309
0.040762845;0.047913045;0.35274309
0.040762845;0.04988933;0.35274309
0.040762845;0.047913045;0.35274309
0.040762845;0.04988933;0.35274309
0.040762845;0.04988933;0.35274309
0.040762845;0.047913045;0.35274309
0.040762845;0.047913045;0.35274309
0.040762845;0.047913045;0.35274309
0.040762845;0.047913045;0.35274309
0.040762845;0.047913045;0.34483793
0.03878656;0.047913045;0.34483793
0.040762845;0.047913045;0.34483793
0.040762845;0.047913045;0.34483793
0.03878656;0.047913045;0.35274309
0.03878656;0.047913045;0.35274309
0.03878656;0.047913045;0.34483793
0.03878656;0.047913045;0.35274309
0.03878656;0.047913045;0.34483793
0.03878656;0.047913045;0.35274309
0.03878656;0.04593676;0.35274309
0.03878656;0.04593676;0.35274309
0.03878656;0.047913045;0.35274309
0.03878656;0.047913045;0.35274309
0.03878656;0.04593676;0.35274309
0.03878656;0.047913045;0.35274309
0.036810275;0.047913045;0.34483793
0.03878656;0.047913045;0.35274309
0.03878656;0.047913045;0.35274309
0.03878656;0.047913045;0.35274309
0.03878656;0.04593676;0.34483793
0.036810275;0.04593676;0.35274309
0.034833994;0.04593676;0.35274309
0.036810275;0.04593676;0.35274309
0.036810275;0.04593676;0.35274309
0.036810275;0.043960474;0.35274309
0.03878656;0.04593676;0.35274309
0.036810275;0.04593676;0.35274309
0.034833994;0.04593676;0.35274309
0.034833994;0.04593676;0.35274309
0.036810275;0.043960474;0.34483793
0.034833994;0.04593676;0.35274309
0.034833994;0.04593676;0.35274309
0.034833994;0.04593676;0.35274309
0.034833994;0.04593676;0.35274309
0.034833994;0.04593676;0.35274309
0.034833994;0.043960474;0.35274309
0.034833994;0.04593676;0.35274309
0.034833994;0.043960474;0.35274309
0.034833994;0.043960474;0.35274309
0.034833994;0.043960474;0.35274309
0.032857709;0.043960474;0.35274309
0.032857709;0.043960474;0.35274309
0.034833994;0.043960474;0.35274309
0.032857709;0.043960474;0.35274309
0.030881424;0.043960474;0.35274309
0.032857709;0.043960474;0.35274309
0.034833994;0.043960474;0.35274309
0.032857709;0.043960474;0.35274309
0.032857709;0.043960474;0.35274309
0.032857709;0.043960474;0.35274309
0.030881424;0.04593676;0.35274309
0.030881424;0.043960474;0.34483793
0.032857709;0.041984189;0.35274309
0.030881424;0.043960474;0.35274309
0.030881424;0.043960474;0.34483793
0.030881424;0.043960474;0.35274309
0.030881424;0.041984189;0.35274309
0.030881424;0.041984189;0.35274309
0.030881424;0.041984189;0.35274309
0.030881424;0.041984189;0.34483793
0.030881424;0.041984189;0.35274309
0.028905138;0.041984189;0.34483793
0.032857709;0.041984189;0.35274309
0.028905138;0.043960474;0.35274309
0.030881424;0.041984189;0.35274309
0.030881424;0.040007904;0.35274309
0.030881424;0.041984189;0.35274309
0.030881424;0.041984189;0.35274309
0.030881424;0.041984189;0.35274309
0.028905138;0.040007904;0.34483793
0.030881424;0.041984189;0.34483793
0.030881424;0.041984189;0.34483793
0.030881424;0.041984189;0.34483793
0.028905138;0.040007904;0.34483793
0.030881424;0.040007904;0.35274309
0.028905138;0.040007904;0.35274309
0.028905138;0.040007904;0.35274309
0.028905138;0.040007904;0.35274309
0.028905138;0.040007904;0.35274309
0.028905138;0.040007904;0.34483793
0.028905138;0.040007904;0.35274309
0.028905138;0.040007904;0.35274309
0.026928853;0.041984189;0.35274309
0.028905138;0.040007904;0.34483793
0.026928853;0.040007904;0.35274309
0.028905138;0.040007904;0.35274309
0.028905138;0.040007904;0.35274309
0.026928853;0.038031619;0.34483793
0.026928853;0.038031619;0.34483793
0.026928853;0.040007904;0.35274309
0.026928853;0.040007904;0.35274309
0.02495257;0.040007904;0.35274309
0.026928853;0.038031619;0.34483793
0.026928853;0.038031619;0.34483793
0.026928853;0.038031619;0.35274309
0.02495257;0.038031619;0.35274309
0.026928853;0.038031619;0.35274309
0.02495257;0.038031619;0.35274309
0.026928853;0.038031619;0.35274309
0.02495257;0.038031619;0.35274309
0.02495257;0.038031619;0.35274309
0.02495257;0.038031619;0.34483793
0.02495257;0.038031619;0.35274309
0.026928853;0.038031619;0.34483793
0.02495257;0.038031619;0.35274309
0.026928853;0.038031619;0.35274309
0.02495257;0.036055338;0.35274309
0.02495257;0.038031619;0.35274309
0.022976285;0.038031619;0.35274309
0.022976285;0.038031619;0.35274309
0.022976285;0.036055338;0.34483793
0.02495257;0.036055338;0.35274309
0.022976285;0.036055338;0.35274309
0.02495257;0.038031619;0.35274309
0.022976285;0.036055338;0.35274309
0.022976285;0.036055338;0.35274309
0.022976285;0.036055338;0.34483793
0.022976285;0.036055338;0.35274309
0.022976285;0.036055338;0.35274309
0.021;0.036055338;0.35274309
0.021;0.034079053;0.35274309
0.022976285;0.036055338;0.35274309
0.022976285;0.036055338;0.35274309
0.021;0.036055338;0.35274309
0.021;0.034079053;0.34483793
0.021;0.036055338;0.35274309
0.021;0.036055338;0.35274309
0.021;0.036055338;0.35274309
0.021;0.036055338;0.35274309
0.022976285;0.034079053;0.35274309
0.022976285;0.036055338;0.34483793
0.021;0.034079053;0.35274309
0.021;0.036055338;0.35274309
0.021;0.034079053;0.35274309
0.021;0.034079053;0.35274309
0.021;0.034079053;0.35274309
0.021;0.034079053;0.35274309
0.021;0.034079053;0.35274309
0.021;0.034079053;0.35274309
0.019023715;0.034079053;0.35274309
0.019023715;0.034079053;0.34483793
0.019023715;0.034079053;0.34483793
0.021;0.034079053;0.35274309
0.019023715;0.034079053;0.35274309
0.019023715;0.034079053;0.35274309
0.019023715;0.034079053;0.35274309
0.019023715;0.032102767;0.35274309
0.017047431;0.032102767;0.34483793
0.019023715;0.034079053;0.35274309
0.019023715;0.032102767;0.35274309
0.019023715;0.032102767;0.35274309
0.017047431;0.032102767;0.35274309
0.017047431;0.032102767;0.35274309
0.017047431;0.032102767;0.35274309
0.017047431;0.032102767;0.35274309
0.019023715;0.032102767;0.35274309
0.017047431;0.032102767;0.34483793
0.017047431;0.032102767;0.35274309
0.019023715;0.032102767;0.35274309
0.017047431;0.032102767;0.34483793
0.017047431;0.032102767;0.35274309
0.015071146;0.030126482;0.35274309
0.017047431;0.032102767;0.35274309
0.017047431;0.030126482;0.35274309
0.015071146;0.032102767;0.35274309
0.017047431;0.030126482;0.35274309
0.015071146;0.032102767;0.35274309
0.017047431;0.032102767;0.35274309
0.015071146;0.030126482;0.35274309
0.015071146;0.030126482;0.35274309
0.015071146;0.030126482;0.35274309
0.015071146;0.030126482;0.34483793
0.015071146;0.030126482;0.35274309
0.015071146;0.030126482;0.35274309
0.015071146;0.030126482;0.35274309
0.015071146;0.028150197;0.35274309
0.015071146;0.028150197;0.35274309
0.015071146;0.030126482;0.35274309
0.013094862;0.030126482;0.35274309
0.015071146;0.028150197;0.35274309
0.015071146;0.028150197;0.35274309
0.013094862;0.028150197;0.35274309
0.013094862;0.028150197;0.35274309
0.013094862;0.028150197;0.35274309
0.013094862;0.028150197;0.35274309
0.013094862;0.028150197;0.35274309
0.013094862;0.028150197;0.35274309
0.013094862;0.030126482;0.35274309
0.011118577;0.028150197;0.35274309
0.013094862;0.028150197;0.35274309
0.011118577;0.028150197;0.35274309
0.013094862;0.026173914;0.35274309
0.015071146;0.026173914;0.35274309
0.011118577;0.026173914;0.35274309
0.013094862;0.028150197;0.35274309
0.011118577;0.026173914;0.35274309
0.013094862;0.026173914;0.35274309
0.011118577;0.028150197;0.35274309
0.011118577;0.028150197;0.35274309
0.011118577;0.028150197;0.34483793
0.011118577;0.026173914;0.35274309
0.011118577;0.026173914;0.35274309
0.011118577;0.026173914;0.34483793
0.011118577;0.026173914;0.35274309
0.0091422927;0.026173914;0.35274309
0.011118577;0.026173914;0.35274309
0.0091422927;0.026173914;0.35274309
0.011118577;0.026173914;0.35274309
0.011118577;0.026173914;0.35274309
0.011118577;0.026173914;0.35274309
0.0091422927;0.026173914;0.35274309
0.007166008;0.026173914;0.35274309
0.007166008;0.024197629;0.35274309
0.0091422927;0.024197629;0.35274309
0.0091422927;0.026173914;0.35274309
0.0091422927;0.024197629;0.35274309
0.0091422927;0.026173914;0.35274309
0.0091422927;0.024197629;0.35274309
0.0091422927;0.024197629;0.35274309
0.0091422927;0.024197629;0.35274309
0.007166008;0.024197629;0.35274309
0.0091422927;0.024197629;0.35274309
0.007166008;0.024197629;0.35274309
0.007166008;0.024197629;0.34483793
0.007166008;0.024197629;0.35274309
0.007166008;0.024197629;0.35274309
0.007166008;0.024197629;0.34483793
0.007166008;0.024197629;0.35274309
0.007166008;0.022221344;0.35274309
0.007166008;0.022221344;0.35274309
0.007166008;0.024197629;0.35274309
0.007166008;0.022221344;0.35274309
0.007166008;0.022221344;0.35274309
0.0051897233;0.022221344;0.35274309
0.007166008;0.024197629;0.34483793
0.0051897233;0.022221344;0.35274309
0.0051897233;0.022221344;0.35274309
0.0032134387;0.022221344;0.35274309
0.0051897233;0.022221344;0.34483793
0.0051897233;0.022221344;0.35274309
0.0051897233;0.022221344;0.35274309
0.007166008;0.022221344;0.35274309
0.0051897233;0.022221344;0.35274309
0.0032134387;0.020245058;0.34483793
0.0051897233;0.020245058;0.35274309
0.0051897233;0.024197629;0.35274309
0.0051897233;0.020245058;0.35274309
0.0051897233;0.020245058;0.35274309
0.0032134387;0.020245058;0.34483793
0.0051897233;0.020245058;0.35274309
0.0032134387;0.020245058;0.34483793
0.0051897233;0.022221344;0.35274309
0.0032134387;0.020245058;0.35274309
0.0051897233;0.022221344;0.35274309
0.0032134387;0.020245058;0.35274309
0.0032134387;0.020245058;0.35274309
0.0032134387;0.020245058;0.35274309
0.0032134387;0.020245058;0.35274309
0.0012371541;0.020245058;0.35274309
0.0012371541;0.020245058;0.35274309
0.0032134387;0.020245058;0.34483793
0.0032134387;0.018268775;0.35274309
-0.00073913042;0.018268775;0.35274309
0.0012371541;0.018268775;0.35274309
0.0012371541;0.018268775;0.35274309
0.0012371541;0.018268775;0.35274309
0.0012371541;0.018268775;0.35274309
0.0012371541;0.018268775;0.35274309
-0.00073913042;0.018268775;0.35274309
-0.00073913042;0.01629249;0.35274309
0.0012371541;0.018268775;0.35274309
-0.00073913042;0.018268775;0.35274309
-0.00073913042;0.018268775;0.35274309
-0.00073913042;0.018268775;0.35274309
-0.0027154151;0.018268775;0.35274309
-0.00073913042;0.01629249;0.34483793
-0.00073913042;0.018268775;0.35274309
-0.00073913042;0.018268775;0.35274309
-0.00073913042;0.01629249;0.35274309
-0.00073913042;0.01629249;0.35274309
-0.00073913042;0.01629249;0.35274309
-0.00073913042;0.01629249;0.35274309
-0.00073913042;0.01629249;0.35274309
-0.00073913042;0.018268775;0.35274309
-0.00073913042;0.01629249;0.35274309
-0.00073913042;0.01629249;0.35274309
-0.00073913042;0.01629249;0.35274309
-0.0027154151;0.01629249;0.35274309
-0.00073913042;0.01629249;0.35274309
-0.00073913042;0.014316206;0.34483793
-0.0027154151;0.01629249;0.35274309
-0.0027154151;0.01629249;0.35274309
-0.00073913042;0.014316206;0.35274309
-0.0027154151;0.014316206;0.35274309
-0.0027154151;0.014316206;0.34483793
-0.0027154151;0.014316206;0.35274309
-0.0027154151;0.01629249;0.35274309
-0.0046916995;0.01629249;0.34483793
-0.0027154151;0.014316206;0.35274309
-0.0027154151;0.014316206;0.35274309
-0.0027154151;0.014316206;0.34483793
-0.0046916995;0.014316206;0.35274309
-0.0027154151;0.014316206;0.35274309
-0.0046916995;0.014316206;0.35274309
-0.0046916995;0.014316206;0.34483793
-0.0027154151;0.014316206;0.35274309
-0.0027154151;0.014316206;0.35274309
-0.0046916995;0.012339921;0.35274309
-0.0046916995;0.014316206;0.35274309
-0.0027154151;0.014316206;0.35274309
-0.0046916995;0.014316206;0.35274309
-0.0046916995;0.012339921;0.35274309
-0.0046916995;0.012339921;0.35274309
-0.0046916995;0.012339921;0.35274309
-0.0046916995;0.012339921;0.35274309
-0.0027154151;0.014316206;0.34483793
-0.0046916995;0.012339921;0.35274309
-0.0046916995;0.012339921;0.35274309
-0.0046916995;0.012339921;0.34483793
-0.0066679842;0.012339921;0.35274309
-0.0046916995;0.012339921;0.34483793
-0.0066679842;0.012339921;0.35274309
-0.0046916995;0.010363637;0.35274309
-0.0046916995;0.012339921;0.35274309
-0.0066679842;0.010363637;0.35274309
-0.0066679842;0.012339921;0.34483793
-0.0066679842;0.010363637;0.35274309
-0.0066679842;0.010363637;0.35274309
-0.0066679842;0.010363637;0.35274309
-0.0066679842;0.010363637;0.35274309
-0.0066679842;0.010363637;0.35274309
-0.0066679842;0.010363637;0.35274309
-0.0066679842;0.012339921;0.35274309
-0.0066679842;0.010363637;0.34483793
-0.0046916995;0.010363637;0.35274309
-0.0066679842;0.010363637;0.35274309
-0.0086442688;0.010363637;0.35274309
-0.0066679842;0.010363637;0.35274309
-0.0066679842;0.010363637;0.35274309
-0.0066679842;0.012339921;0.35274309
-0.0066679842;0.010363637;0.35274309
-0.0086442688;0.010363637;0.35274309
-0.0066679842;0.010363637;0.35274309
-0.0086442688;0.010363637;0.35274309
-0.0086442688;0.0083873514;0.35274309
-0.0066679842;0.0083873514;0.35274309
-0.0086442688;0.0083873514;0.35274309
-0.0086442688;0.0083873514;0.35274309
-0.0086442688;0.0083873514;0.35274309
-0.0086442688;0.0083873514;0.35274309
-0.0086442688;0.0083873514;0.35274309
-0.0086442688;0.0083873514;0.35274309
-0.0086442688;0.0083873514;0.35274309
-0.0086442688;0.0083873514;0.34483793
-0.0086442688;0.0083873514;0.34483793
-0.010620553;0.0083873514;0.35274309
-0.010620553;0.0083873514;0.35274309
-0.010620553;0.0083873514;0.35274309
-0.010620553;0.0083873514;0.35274309
-0.0086442688;0.0083873514;0.35274309
-0.010620553;0.0083873514;0.35274309
-0.010620553;0.0083873514;0.35274309
-0.010620553;0.0083873514;0.35274309
-0.010620553;0.0083873514;0.35274309
-0.0086442688;0.0083873514;0.35274309
-0.010620553;0.0083873514;0.35274309
-0.010620553;0.0083873514;0.35274309
-0.010620553;0.0064110672;0.35274309
-0.010620553;0.0064110672;0.35274309
-0.012596838;0.0064110672;0.35274309
-0.010620553;0.0064110672;0.35274309
-0.010620553;0.0064110672;0.35274309
-0.010620553;0.0064110672;0.35274309
-0.012596838;0.0064110672;0.35274309
-0.010620553;0.0064110672;0.34483793
-0.010620553;0.0064110672;0.35274309
-0.012596838;0.0064110672;0.35274309
-0.012596838;0.0044347825;0.35274309
-0.012596838;0.0064110672;0.35274309
-0.012596838;0.0064110672;0.34483793
-0.012596838;0.0064110672;0.35274309
-0.010620553;0.0044347825;0.35274309
-0.012596838;0.0044347825;0.35274309
-0.012596838;0.0044347825;0.35274309
-0.012596838;0.0044347825;0.35274309
-0.012596838;0.0064110672;0.35274309
-0.010620553;0.0024584981;0.35274309
-0.012596838;0.0044347825;0.35274309
-0.014573122;0.0044347825;0.35274309
-0.014573122;0.0044347825;0.35274309
-0.012596838;0.0044347825;0.34483793
-0.014573122;0.0024584981;0.35274309
-0.012596838;0.0044347825;0.34483793
-0.012596838;0.0044347825;0.35274309
-0.012596838;0.0044347825;0.35274309
-0.014573122;0.0044347825;0.35274309
-0.014573122;0.0024584981;0.35274309
-0.012596838;0.0024584981;0.35274309
-0.012596838;0.0044347825;0.35274309
-0.014573122;0.0044347825;0.35274309
-0.014573122;0.0024584981;0.34483793
-0.012596838;0.0024584981;0.35274309
-0.014573122;0.0024584981;0.35274309
-0.014573122;0.0024584981;0.35274309
-0.014573122;0.0024584981;0.34483793
-0.014573122;0.0024584981;0.35274309
-0.014573122;0.0024584981;0.35274309
-0.016549407;0.0024584981;0.35274309
-0.014573122;0.00048221345;0.35274309
-0.014573122;0.00048221345;0.35274309
-0.014573122;0.0024584981;0.35274309
-0.016549407;0.0024584981;0.35274309
-0.016549407;0.00048221345;0.35274309
-0.016549407;0.00048221345;0.35274309
-0.016549407;0.00048221345;0.35274309
-0.016549407;0.0024584981;0.35274309
-0.014573122;0.00048221345;0.35274309
-0.016549407;0.00048221345;0.35274309
-0.016549407;0.00048221345;0.35274309
-0.016549407;0.00048221345;0.35274309
-0.016549407;0.00048221345;0.35274309
-0.016549407;0.00048221345;0.35274309
-0.016549407;0.00048221345;0.35274309
-0.016549407;0.00048221345;0.34483793
-0.014573122;0.00048221345;0.35274309
-0.016549407;0.00048221345;0.35274309
-0.016549407;-0.0014940711;0.35274309
-0.018525692;0.00048221345;0.35274309
-0.016549407;0.00048221345;0.35274309
-0.016549407;0.00048221345;0.35274309
-0.016549407;0.00048221345;0.35274309
-0.016549407;0.00048221345;0.35274309
-0.018525692;0.00048221345;0.34483793
-0.016549407;-0.0014940711;0.34483793
-0.018525692;-0.0014940711;0.35274309
-0.018525692;-0.0014940711;0.35274309
-0.018525692;-0.0014940711;0.35274309
-0.016549407;-0.0014940711;0.35274309
-0.018525692;-0.0014940711;0.35274309
-0.018525692;-0.0014940711;0.35274309
-0.018525692;-0.0034703556;0.35274309
-0.018525692;-0.0014940711;0.35274309
-0.018525692;-0.0014940711;0.35274309
-0.018525692;-0.0014940711;0.35274309
-0.020501977;-0.0014940711;0.35274309
-0.018525692;-0.0014940711;0.35274309
-0.018525692;-0.0034703556;0.35274309
-0.018525692;-0.0034703556;0.35274309
-0.020501977;-0.0014940711;0.35274309
-0.020501977;-0.0014940711;0.35274309
-0.018525692;-0.0034703556;0.35274309
-0.020501977;-0.0034703556;0.35274309
-0.018525692;-0.0034703556;0.35274309
-0.018525692;-0.0034703556;0.35274309
-0.020501977;-0.0034703556;0.35274309
-0.020501977;-0.0034703556;0.34483793
-0.020501977;-0.0034703556;0.35274309
-0.020501977;-0.0034703556;0.35274309
-0.020501977;-0.0034703556;0.35274309
-0.018525692;-0.0034703556;0.35274309
-0.020501977;-0.0034703556;0.35274309
-0.020501977;-0.0054466403;0.35274309
-0.020501977;-0.0034703556;0.34483793
-0.020501977;-0.0034703556;0.35274309
-0.020501977;-0.0034703556;0.35274309
-0.020501977;-0.0034703556;0.35274309
-0.020501977;-0.0054466403;0.35274309
-0.020501977;-0.0034703556;0.35274309
-0.018525692;-0.0034703556;0.35274309
-0.020501977;-0.0034703556;0.35274309
-0.020501977;-0.0054466403;0.35274309
-0.02247826;-0.0054466403;0.35274309
-0.020501977;-0.0054466403;0.35274309
-0.020501977;-0.0054466403;0.35274309
-0.020501977;-0.0054466403;0.35274309
-0.020501977;-0.0054466403;0.35274309
-0.02247826;-0.0054466403;0.35274309
-0.020501977;-0.0054466403;0.35274309
-0.020501977;-0.0054466403;0.35274309
-0.020501977;-0.0054466403;0.35274309
-0.02247826;-0.0054466403;0.34483793
-0.02247826;-0.0054466403;0.34483793
-0.020501977;-0.007422925;0.35274309
-0.02247826;-0.0054466403;0.35274309
-0.02247826;-0.0054466403;0.35274309
-0.020501977;-0.0054466403;0.34483793
-0.02247826;-0.0054466403;0.35274309
-0.02247826;-0.0054466403;0.34483793
-0.02247826;-0.0054466403;0.34483793
-0.02247826;-0.0054466403;0.35274309
-0.02247826;-0.007422925;0.35274309
-0.02247826;-0.0054466403;0.35274309
-0.024454545;-0.0054466403;0.35274309
-0.02247826;-0.007422925;0.35274309
-0.024454545;-0.007422925;0.35274309
-0.02247826;-0.007422925;0.35274309
-0.02247826;-0.007422925;0.35274309
-0.02247826;-0.0054466403;0.35274309
-0.02247826;-0.007422925;0.35274309
-0.02247826;-0.007422925;0.35274309
-0.02247826;-0.007422925;0.35274309
-0.024454545;-0.007422925;0.34483793
-0.02247826;-0.007422925;0.35274309
-0.024454545;-0.007422925;0.35274309
-0.024454545;-0.007422925;0.35274309
-0.02247826;-0.007422925;0.35274309
-0.024454545;-0.007422925;0.35274309
-0.02247826;-0.007422925;0.35274309
-0.024454545;-0.0093992092;0.35274309
-0.024454545;-0.007422925;0.35274309
-0.024454545;-0.007422925;0.35274309
-0.02247826;-0.007422925;0.34483793
-0.02247826;-0.0093992092;0.35274309
-0.02247826;-0.007422925;0.34483793
-0.024454545;-0.0093992092;0.35274309
-0.024454545;-0.007422925;0.35274309
-0.024454545;-0.0093992092;0.34483793
-0.024454545;-0.007422925;0.35274309
-0.024454545;-0.0093992092;0.34483793
-0.024454545;-0.0093992092;0.35274309
-0.024454545;-0.0093992092;0.35274309
-0.024454545;-0.0093992092;0.35274309
-0.024454545;-0.0093992092;0.34483793
-0.02247826;-0.0093992092;0.35274309
-0.024454545;-0.0093992092;0.34483793
-0.024454545;-0.011375494;0.34483793
-0.024454545;-0.0093992092;0.35274309
-0.024454545;-0.0093992092;0.35274309
-0.024454545;-0.0093992092;0.35274309
-0.024454545;-0.0093992092;0.35274309
-0.024454545;-0.0093992092;0.35274309
-0.02643083;-0.0093992092;0.35274309
-0.02643083;-0.0093992092;0.35274309
-0.024454545;-0.011375494;0.35274309
-0.02643083;-0.0093992092;0.35274309
-0.02643083;-0.0093992092;0.35274309
-0.024454545;-0.011375494;0.34483793
-0.02643083;-0.011375494;0.34483793
-0.02643083;-0.011375494;0.35274309
-0.024454545;-0.011375494;0.35274309
-0.02643083;-0.0093992092;0.35274309
-0.02643083;-0.011375494;0.35274309
-0.02643083;-0.011375494;0.35274309
-0.02643083;-0.0093992092;0.35274309
-0.024454545;-0.011375494;0.35274309
-0.02643083;-0.011375494;0.35274309
-0.02643083;-0.011375494;0.35274309
-0.02643083;-0.011375494;0.35274309
-0.02643083;-0.0093992092;0.35274309
-0.02643083;-0.011375494;0.34483793
-0.028407115;-0.011375494;0.35274309
-0.02643083;-0.013351778;0.35274309
-0.02643083;-0.011375494;0.35274309
-0.02643083;-0.011375494;0.35274309
-0.02643083;-0.013351778;0.35274309
-0.02643083;-0.011375494;0.35274309
-0.028407115;-0.011375494;0.35274309
-0.02643083;-0.011375494;0.34483793
-0.024454545;-0.011375494;0.35274309
-0.02643083;-0.011375494;0.35274309
-0.02643083;-0.011375494;0.34483793
-0.028407115;-0.011375494;0.34483793
-0.028407115;-0.013351778;0.34483793
-0.02643083;-0.013351778;0.35274309
-0.02643083;-0.013351778;0.35274309
-0.02643083;-0.013351778;0.35274309
-0.028407115;-0.013351778;0.34483793
-0.02643083;-0.013351778;0.34483793
-0.02643083;-0.013351778;0.35274309
-0.02643083;-0.013351778;0.35274309
-0.02643083;-0.013351778;0.35274309
-0.02643083;-0.013351778;0.35274309
-0.030383399;-0.013351778;0.34483793
-0.02643083;-0.013351778;0.35274309
-0.024454545;-0.013351778;0.35274309
-0.02643083;-0.013351778;0.35274309
-0.028407115;-0.013351778;0.35274309
-0.028407115;-0.013351778;0.35274309
-0.028407115;-0.013351778;0.35274309
-0.028407115;-0.013351778;0.35274309
-0.02643083;-0.013351778;0.35274309
-0.028407115;-0.013351778;0.35274309
-0.028407115;-0.013351778;0.34483793
-0.028407115;-0.013351778;0.34483793
-0.028407115;-0.013351778;0.35274309
-0.028407115;-0.013351778;0.35274309
-0.028407115;-0.013351778;0.35274309
-0.028407115;-0.015328064;0.35274309
-0.02643083;-0.015328064;0.35274309
-0.028407115;-0.015328064;0.35274309
-0.030383399;-0.015328064;0.35274309
-0.028407115;-0.013351778;0.35274309
-0.028407115;-0.013351778;0.35274309
-0.030383399;-0.015328064;0.35274309
-0.028407115;-0.015328064;0.35274309
-0.028407115;-0.015328064;0.35274309
-0.028407115;-0.015328064;0.35274309
-0.028407115;-0.015328064;0.35274309
-0.028407115;-0.015328064;0.35274309
-0.028407115;-0.015328064;0.35274309
-0.028407115;-0.015328064;0.35274309
-0.030383399;-0.017304348;0.34483793
-0.028407115;-0.015328064;0.35274309
-0.030383399;-0.015328064;0.35274309
-0.030383399;-0.015328064;0.35274309
-0.028407115;-0.015328064;0.35274309
-0.030383399;-0.015328064;0.35274309
-0.028407115;-0.015328064;0.35274309
-0.028407115;-0.015328064;0.35274309
-0.028407115;-0.015328064;0.34483793
-0.028407115;-0.017304348;0.35274309
-0.028407115;-0.015328064;0.35274309
-0.030383399;-0.017304348;0.35274309
-0.028407115;-0.017304348;0.35274309
-0.028407115;-0.017304348;0.35274309
-0.028407115;-0.017304348;0.35274309
-0.030383399;-0.015328064;0.35274309
-0.028407115;-0.017304348;0.35274309
-0.028407115;-0.017304348;0.35274309
-0.028407115;-0.017304348;0.34483793
-0.02643083;-0.015328064;0.35274309
-0.028407115;-0.017304348;0.35274309
-0.028407115;-0.017304348;0.35274309
-0.028407115;-0.017304348;0.35274309
-0.028407115;-0.017304348;0.35274309
-0.028407115;-0.017304348;0.35274309
-0.028407115;-0.017304348;0.35274309
-0.028407115;-0.017304348;0.35274309
-0.02643083;-0.017304348;0.35274309
-0.030383399;-0.017304348;0.35274309
-0.030383399;-0.017304348;0.35274309
-0.028407115;-0.017304348;0.35274309
-0.028407115;-0.017304348;0.35274309
-0.028407115;-0.017304348;0.35274309
-0.028407115;-0.017304348;0.35274309
-0.028407115;-0.017304348;0.35274309
-0.028407115;-0.017304348;0.34483793
-0.028407115;-0.017304348;0.34483793
-0.028407115;-0.017304348;0.35274309
-0.030383399;-0.019280633;0.35274309
-0.028407115;-0.017304348;0.35274309
-0.028407115;-0.017304348;0.35274309
-0.030383399;-0.017304348;0.35274309
-0.030383399;-0.019280633;0.35274309
-0.028407115;-0.019280633;0.35274309
-0.030383399;-0.019280633;0.35274309
-0.030383399;-0.019280633;0.35274309
-0.028407115;-0.019280633;0.35274309
-0.028407115;-0.019280633;0.34483793
-0.028407115;-0.019280633;0.35274309
-0.028407115;-0.019280633;0.35274309
-0.030383399;-0.019280633;0.35274309
-0.028407115;-0.019280633;0.35274309
-0.028407115;-0.019280633;0.35274309
-0.028407115;-0.019280633;0.35274309
-0.030383399;-0.019280633;0.35274309
-0.028407115;-0.019280633;0.35274309
-0.030383399;-0.019280633;0.35274309
-0.030383399;-0.017304348;0.35274309
-0.028407115;-0.019280633;0.35274309
-0.030383399;-0.019280633;0.35274309
-0.030383399;-0.019280633;0.35274309
-0.030383399;-0.019280633;0.35274309
-0.030383399;-0.021256916;0.34483793
-0.030383399;-0.021256916;0.34483793
-0.030383399;-0.019280633;0.35274309
-0.030383399;-0.019280633;0.34483793
-0.030383399;-0.019280633;0.36064821
-0.028407115;-0.019280633;0.35274309
-0.028407115;-0.019280633;0.35274309
-0.028407115;-0.021256916;0.34483793
-0.030383399;-0.019280633;0.35274309
-0.030383399;-0.019280633;0.35274309
-0.028407115;-0.021256916;0.35274309
-0.028407115;-0.019280633;0.35274309
-0.028407115;-0.019280633;0.35274309
-0.028407115;-0.021256916;0.35274309
-0.028407115;-0.021256916;0.35274309
-0.028407115;-0.021256916;0.35274309
-0.028407115;-0.021256916;0.35274309
-0.028407115;-0.021256916;0.34483793
-0.028407115;-0.021256916;0.34483793
-0.028407115;-0.021256916;0.35274309
-0.028407115;-0.021256916;0.34483793
-0.028407115;-0.019280633;0.35274309
-0.028407115;-0.021256916;0.35274309
-0.028407115;-0.021256916;0.35274309
-0.028407115;-0.021256916;0.35274309
-0.028407115;-0.021256916;0.35274309
-0.030383399;-0.019280633;0.35274309
-0.028407115;-0.021256916;0.35274309
-0.028407115;-0.021256916;0.35274309
-0.02643083;-0.021256916;0.34483793
-0.028407115;-0.021256916;0.35274309
-0.028407115;-0.021256916;0.35274309
-0.030383399;-0.021256916;0.34483793
-0.02643083;-0.021256916;0.35274309
-0.030383399;-0.021256916;0.34483793
-0.028407115;-0.021256916;0.35274309
-0.028407115;-0.021256916;0.34483793
-0.028407115;-0.021256916;0.35274309
-0.02643083;-0.023233201;0.35274309
-0.030383399;-0.021256916;0.35274309
-0.030383399;-0.021256916;0.35274309
-0.028407115;-0.023233201;0.35274309
-0.030383399;-0.021256916;0.35274309
-0.028407115;-0.021256916;0.35274309
-0.028407115;-0.021256916;0.35274309
-0.028407115;-0.021256916;0.35274309
-0.028407115;-0.021256916;0.35274309
-0.028407115;-0.023233201;0.35274309
-0.028407115;-0.021256916;0.35274309
-0.028407115;-0.021256916;0.35274309
-0.028407115;-0.023233201;0.35274309
-0.028407115;-0.023233201;0.35274309
-0.028407115;-0.023233201;0.35274309
-0.028407115;-0.023233201;0.35274309
-0.028407115;-0.023233201;0.35274309
-0.028407115;-0.021256916;0.35274309
-0.028407115;-0.021256916;0.35274309
-0.028407115;-0.021256916;0.35274309
-0.030383399;-0.023233201;0.35274309
-0.028407115;-0.021256916;0.34483793
-0.028407115;-0.023233201;0.35274309
-0.028407115;-0.021256916;0.35274309
-0.028407115;-0.023233201;0.34483793
-0.028407115;-0.023233201;0.35274309
-0.028407115;-0.023233201;0.35274309
-0.028407115;-0.021256916;0.35274309
-0.028407115;-0.023233201;0.35274309
-0.028407115;-0.023233201;0.34483793
-0.02643083;-0.021256916;0.35274309
-0.02643083;-0.023233201;0.34483793
-0.02643083;-0.023233201;0.35274309
-0.028407115;-0.023233201;0.35274309
-0.028407115;-0.021256916;0.34483793
-0.028407115;-0.023233201;0.35274309
-0.028407115;-0.023233201;0.35274309
-0.028407115;-0.023233201;0.35274309
-0.028407115;-0.023233201;0.35274309
-0.028407115;-0.023233201;0.35274309
-0.028407115;-0.023233201;0.35274309
-0.028407115;-0.023233201;0.35274309
-0.02643083;-0.023233201;0.35274309
-0.028407115;-0.023233201;0.35274309
-0.028407115;-0.023233201;0.35274309
-0.02643083;-0.023233201;0.35274309
-0.028407115;-0.023233201;0.35274309
-0.028407115;-0.023233201;0.35274309
-0.028407115;-0.023233201;0.35274309
-0.028407115;-0.023233201;0.35274309
-0.02643083;-0.023233201;0.34483793
-0.028407115;-0.023233201;0.35274309
-0.02643083;-0.023233201;0.35274309
-0.028407115;-0.023233201;0.34483793
-0.028407115;-0.023233201;0.35274309
-0.02643083;-0.023233201;0.35274309
-0.02643083;-0.021256916;0.35274309
-0.02643083;-0.023233201;0.35274309
-0.028407115;-0.023233201;0.35274309
-0.028407115;-0.023233201;0.34483793
-0.028407115;-0.023233201;0.35274309
-0.028407115;-0.023233201;0.35274309
-0.028407115;-0.025209486;0.35274309
-0.02643083;-0.023233201;0.35274309
-0.028407115;-0.023233201;0.35274309
-0.02643083;-0.025209486;0.35274309
-0.02643083;-0.025209486;0.35274309
-0.02643083;-0.025209486;0.35274309
-0.02643083;-0.023233201;0.35274309
-0.02643083;-0.023233201;0.35274309
-0.028407115;-0.023233201;0.35274309
-0.02643083;-0.023233201;0.35274309
-0.02643083;-0.023233201;0.35274309
-0.024454545;-0.025209486;0.35274309
-0.02643083;-0.025209486;0.35274309
-0.024454545;-0.025209486;0.35274309
-0.02643083;-0.025209486;0.35274309
-0.02643083;-0.023233201;0.35274309
-0.02643083;-0.025209486;0.35274309
-0.02643083;-0.025209486;0.35274309
-0.02643083;-0.025209486;0.35274309
-0.02643083;-0.023233201;0.34483793
-0.02643083;-0.025209486;0.34483793
-0.02643083;-0.023233201;0.35274309
-0.02643083;-0.025209486;0.35274309
-0.02643083;-0.025209486;0.35274309
-0.02643083;-0.025209486;0.35274309
-0.02643083;-0.025209486;0.35274309
-0.024454545;-0.025209486;0.34483793
-0.028407115;-0.023233201;0.35274309
-0.024454545;-0.025209486;0.35274309
-0.024454545;-0.025209486;0.35274309
-0.02643083;-0.025209486;0.35274309
-0.024454545;-0.025209486;0.35274309
-0.024454545;-0.023233201;0.35274309
-0.02643083;-0.025209486;0.35274309
-0.024454545;-0.025209486;0.35274309
-0.024454545;-0.025209486;0.35274309
-0.024454545;-0.023233201;0.35274309
-0.024454545;-0.023233201;0.35274309
-0.024454545;-0.025209486;0.35274309
-0.024454545;-0.025209486;0.34483793
-0.02643083;-0.025209486;0.35274309
-0.024454545;-0.025209486;0.35274309
-0.024454545;-0.025209486;0.35274309
-0.024454545;-0.023233201;0.34483793
-0.024454545;-0.025209486;0.35274309
-0.024454545;-0.025209486;0.35274309
-0.024454545;-0.023233201;0.35274309
-0.02643083;-0.025209486;0.34483793
-0.02643083;-0.025209486;0.35274309
-0.024454545;-0.023233201;0.35274309
-0.024454545;-0.025209486;0.35274309
-0.024454545;-0.025209486;0.34483793
-0.02643083;-0.025209486;0.35274309
-0.024454545;-0.025209486;0.35274309
-0.02247826;-0.023233201;0.35274309
-0.024454545;-0.025209486;0.35274309
-0.024454545;-0.025209486;0.35274309
-0.024454545;-0.023233201;0.35274309
-0.024454545;-0.025209486;0.35274309
-0.024454545;-0.025209486;0.35274309
-0.02247826;-0.025209486;0.35274309
-0.024454545;-0.025209486;0.35274309
-0.024454545;-0.027185772;0.35274309
-0.02247826;-0.025209486;0.35274309
-0.024454545;-0.025209486;0.35274309
-0.024454545;-0.025209486;0.34483793
-0.024454545;-0.025209486;0.34483793
-0.02247826;-0.025209486;0.34483793
-0.024454545;-0.025209486;0.35274309
-0.024454545;-0.025209486;0.35274309
-0.024454545;-0.025209486;0.35274309
-0.02247826;-0.025209486;0.34483793
-0.02247826;-0.025209486;0.35274309
-0.02247826;-0.027185772;0.35274309
-0.02247826;-0.025209486;0.35274309
-0.02247826;-0.025209486;0.35274309
-0.02247826;-0.025209486;0.35274309
-0.02247826;-0.025209486;0.34483793
-0.02247826;-0.025209486;0.35274309
-0.02247826;-0.027185772;0.35274309
-0.02247826;-0.025209486;0.35274309
-0.02247826;-0.025209486;0.35274309
-0.020501977;-0.025209486;0.35274309
-0.02247826;-0.025209486;0.35274309
-0.020501977;-0.025209486;0.35274309
-0.02247826;-0.025209486;0.35274309
-0.02247826;-0.023233201;0.35274309
-0.020501977;-0.025209486;0.34483793
-0.02247826;-0.027185772;0.34483793
-0.02247826;-0.025209486;0.34483793
-0.02247826;-0.025209486;0.35274309
-0.02247826;-0.025209486;0.35274309
-0.018525692;-0.025209486;0.35274309
-0.020501977;-0.025209486;0.34483793
-0.02247826;-0.025209486;0.35274309
-0.020501977;-0.025209486;0.35274309
-0.02247826;-0.025209486;0.35274309
-0.020501977;-0.025209486;0.35274309
-0.020501977;-0.025209486;0.35274309
-0.020501977;-0.025209486;0.35274309
-0.020501977;-0.025209486;0.35274309
-0.02247826;-0.025209486;0.35274309
-0.020501977;-0.025209486;0.35274309
-0.020501977;-0.025209486;0.35274309
-0.02247826;-0.025209486;0.35274309
-0.020501977;-0.025209486;0.35274309
-0.020501977;-0.027185772;0.35274309
-0.020501977;-0.025209486;0.35274309
-0.020501977;-0.025209486;0.35274309
-0.020501977;-0.025209486;0.35274309
-0.020501977;-0.025209486;0.34483793
-0.018525692;-0.025209486;0.35274309
-0.018525692;-0.025209486;0.35274309
-0.018525692;-0.025209486;0.35274309
-0.020501977;-0.025209486;0.35274309
-0.020501977;-0.025209486;0.35274309
-0.020501977;-0.025209486;0.35274309
-0.020501977;-0.025209486;0.35274309
-0.018525692;-0.025209486;0.35274309
-0.018525692;-0.027185772;0.35274309
-0.018525692;-0.025209486;0.34483793
-0.016549407;-0.025209486;0.35274309
-0.016549407;-0.025209486;0.34483793
-0.018525692;-0.025209486;0.35274309
-0.018525692;-0.027185772;0.35274309
-0.018525692;-0.025209486;0.34483793
-0.018525692;-0.025209486;0.35274309
-0.018525692;-0.025209486;0.35274309
-0.018525692;-0.025209486;0.35274309
-0.016549407;-0.025209486;0.35274309
-0.016549407;-0.025209486;0.35274309
-0.018525692;-0.025209486;0.35274309
-0.016549407;-0.027185772;0.35274309
-0.016549407;-0.025209486;0.35274309
-0.016549407;-0.025209486;0.35274309
-0.018525692;-0.027185772;0.35274309
-0.016549407;-0.025209486;0.35274309
-0.018525692;-0.027185772;0.35274309
-0.016549407;-0.025209486;0.35274309
-0.016549407;-0.027185772;0.35274309
-0.016549407;-0.025209486;0.35274309
-0.016549407;-0.025209486;0.35274309
-0.016549407;-0.025209486;0.35274309
-0.016549407;-0.025209486;0.35274309
-0.016549407;-0.025209486;0.35274309
-0.016549407;-0.025209486;0.35274309
-0.018525692;-0.025209486;0.34483793
-0.014573122;-0.027185772;0.35274309
-0.016549407;-0.025209486;0.35274309
-0.014573122;-0.025209486;0.35274309
-0.016549407;-0.025209486;0.35274309
-0.016549407;-0.025209486;0.35274309
-0.014573122;-0.025209486;0.35274309
-0.014573122;-0.025209486;0.35274309
-0.016549407;-0.025209486;0.35274309
-0.014573122;-0.025209486;0.35274309
-0.016549407;-0.025209486;0.35274309
-0.014573122;-0.025209486;0.35274309
-0.012596838;-0.025209486;0.35274309
-0.014573122;-0.025209486;0.34483793
-0.016549407;-0.025209486;0.34483793
-0.014573122;-0.025209486;0.35274309
-0.014573122;-0.025209486;0.35274309
-0.012596838;-0.027185772;0.35274309
-0.012596838;-0.025209486;0.35274309
-0.014573122;-0.025209486;0.35274309
-0.014573122;-0.023233201;0.35274309
-0.012596838;-0.025209486;0.35274309
-0.012596838;-0.025209486;0.35274309
-0.014573122;-0.025209486;0.35274309
-0.012596838;-0.025209486;0.35274309
-0.012596838;-0.023233201;0.35274309
-0.012596838;-0.023233201;0.35274309
-0.012596838;-0.025209486;0.35274309
-0.012596838;-0.025209486;0.35274309
-0.014573122;-0.025209486;0.35274309
-0.012596838;-0.025209486;0.35274309
-0.012596838;-0.023233201;0.35274309
-0.012596838;-0.025209486;0.35274309
-0.012596838;-0.025209486;0.35274309
-0.012596838;-0.025209486;0.34483793
-0.012596838;-0.025209486;0.35274309
-0.012596838;-0.025209486;0.35274309
-0.012596838;-0.025209486;0.35274309
-0.012596838;-0.023233201;0.35274309
-0.010620553;-0.025209486;0.35274309
-0.012596838;-0.025209486;0.35274309
-0.012596838;-0.025209486;0.34483793
-0.012596838;-0.025209486;0.35274309
-0.012596838;-0.025209486;0.35274309
-0.012596838;-0.023233201;0.35274309
-0.012596838;-0.023233201;0.35274309
-0.012596838;-0.025209486;0.35274309
-0.012596838;-0.025209486;0.35274309
-0.010620553;-0.025209486;0.34483793
-0.010620553;-0.025209486;0.35274309
-0.010620553;-0.023233201;0.34483793
-0.012596838;-0.025209486;0.35274309
-0.010620553;-0.025209486;0.34483793
-0.010620553;-0.023233201;0.35274309
-0.010620553;-0.023233201;0.35274309
-0.010620553;-0.023233201;0.35274309
-0.010620553;-0.023233201;0.35274309
-0.010620553;-0.025209486;0.35274309
-0.012596838;-0.025209486;0.35274309
-0.010620553;-0.023233201;0.35274309
-0.010620553;-0.025209486;0.35274309
-0.0086442688;-0.023233201;0.35274309
-0.010620553;-0.023233201;0.35274309
-0.0086442688;-0.023233201;0.35274309
-0.010620553;-0.025209486;0.34483793
-0.0086442688;-0.023233201;0.35274309
-0.0086442688;-0.023233201;0.35274309
-0.0086442688;-0.023233201;0.35274309
-0.0086442688;-0.023233201;0.35274309
-0.0086442688;-0.023233201;0.35274309
-0.0086442688;-0.023233201;0.34483793
-0.0086442688;-0.023233201;0.34483793
-0.010620553;-0.023233201;0.35274309
-0.010620553;-0.023233201;0.35274309
-0.0086442688;-0.023233201;0.35274309
-0.0086442688;-0.023233201;0.34483793
-0.0086442688;-0.023233201;0.35274309
-0.0066679842;-0.023233201;0.35274309
-0.0066679842;-0.023233201;0.35274309
-0.0086442688;-0.021256916;0.35274309
-0.0086442688;-0.023233201;0.34483793
-0.0066679842;-0.023233201;0.35274309
-0.0066679842;-0.023233201;0.35274309
-0.0066679842;-0.023233201;0.35274309
-0.0086442688;-0.023233201;0.35274309
-0.0086442688;-0.023233201;0.35274309
-0.0066679842;-0.021256916;0.35274309
-0.0066679842;-0.023233201;0.35274309
-0.0086442688;-0.023233201;0.35274309
-0.0066679842;-0.023233201;0.35274309
-0.0046916995;-0.023233201;0.35274309
-0.0066679842;-0.021256916;0.35274309
-0.0066679842;-0.023233201;0.35274309
-0.0066679842;-0.023233201;0.35274309
-0.0066679842;-0.021256916;0.35274309
-0.0066679842;-0.021256916;0.35274309
-0.0066679842;-0.023233201;0.35274309
-0.0066679842;-0.023233201;0.34483793
-0.0046916995;-0.023233201;0.35274309
-0.0066679842;-0.023233201;0.34483793
-0.0046916995;-0.021256916;0.35274309
-0.0046916995;-0.021256916;0.35274309
-0.0046916995;-0.021256916;0.35274309
-0.0046916995;-0.023233201;0.35274309
-0.0046916995;-0.023233201;0.35274309
-0.0066679842;-0.021256916;0.35274309
-0.0046916995;-0.023233201;0.35274309
-0.0046916995;-0.023233201;0.35274309
-0.0046916995;-0.023233201;0.35274309
-0.0046916995;-0.021256916;0.35274309
-0.0046916995;-0.021256916;0.35274309
-0.0027154151;-0.023233201;0.35274309
-0.0046916995;-0.021256916;0.35274309
-0.0046916995;-0.021256916;0.34483793
-0.0046916995;-0.021256916;0.35274309
-0.0046916995;-0.021256916;0.35274309
-0.0046916995;-0.021256916;0.35274309
-0.0046916995;-0.021256916;0.35274309
-0.0046916995;-0.021256916;0.34483793
-0.0027154151;-0.021256916;0.35274309
-0.0027154151;-0.021256916;0.35274309
-0.0027154151;-0.021256916;0.35274309
-0.0027154151;-0.021256916;0.35274309
-0.0027154151;-0.021256916;0.35274309
-0.00073913042;-0.021256916;0.35274309
-0.0027154151;-0.021256916;0.35274309
-0.0027154151;-0.021256916;0.35274309
-0.0027154151;-0.019280633;0.35274309
-0.0027154151;-0.023233201;0.35274309
-0.0027154151;-0.021256916;0.34483793
-0.0027154151;-0.021256916;0.34483793
-0.00073913042;-0.021256916;0.35274309
-0.00073913042;-0.021256916;0.34483793
-0.00073913042;-0.021256916;0.35274309
-0.00073913042;-0.021256916;0.35274309
0.0012371541;-0.021256916;0.34483793
-0.00073913042;-0.021256916;0.35274309
0.0012371541;-0.021256916;0.35274309
0.0012371541;-0.021256916;0.34483793
-0.00073913042;-0.021256916;0.35274309
-0.00073913042;-0.021256916;0.34483793
-0.00073913042;-0.021256916;0.35274309
-0.00073913042;-0.021256916;0.35274309
-0.00073913042;-0.021256916;0.35274309
0.0012371541;-0.021256916;0.35274309
-0.00073913042;-0.021256916;0.35274309
0.0012371541;-0.019280633;0.35274309
0.0012371541;-0.021256916;0.35274309
0.0012371541;-0.021256916;0.34483793
0.0012371541;-0.021256916;0.34483793
0.0012371541;-0.019280633;0.34483793
0.0012371541;-0.019280633;0.35274309
0.0032134387;-0.019280633;0.34483793
0.0012371541;-0.019280633;0.35274309
0.0032134387;-0.019280633;0.35274309
0.0012371541;-0.019280633;0.35274309
0.0032134387;-0.021256916;0.35274309
0.0032134387;-0.019280633;0.35274309
0.0012371541;-0.021256916;0.35274309
0.0032134387;-0.019280633;0.35274309
0.0012371541;-0.019280633;0.35274309
0.0012371541;-0.019280633;0.35274309
0.0032134387;-0.019280633;0.35274309
0.0051897233;-0.019280633;0.35274309
0.0032134387;-0.019280633;0.35274309
0.0032134387;-0.019280633;0.35274309
0.0032134387;-0.019280633;0.35274309
0.0032134387;-0.019280633;0.34483793
0.0051897233;-0.019280633;0.35274309
0.0032134387;-0.019280633;0.35274309
0.0032134387;-0.017304348;0.34483793
0.0051897233;-0.019280633;0.35274309
0.0032134387;-0.019280633;0.35274309
0.0051897233;-0.019280633;0.35274309
0.0051897233;-0.019280633;0.34483793
0.0051897233;-0.019280633;0.34483793
0.0051897233;-0.017304348;0.35274309
0.0051897233;-0.017304348;0.35274309
0.007166008;-0.017304348;0.34483793
0.0051897233;-0.017304348;0.34483793
0.0051897233;-0.019280633;0.35274309
0.007166008;-0.017304348;0.34483793
0.0051897233;-0.019280633;0.35274309
0.0051897233;-0.017304348;0.34483793
0.007166008;-0.019280633;0.35274309
0.0091422927;-0.017304348;0.34483793
0.007166008;-0.017304348;0.35274309
0.007166008;-0.017304348;0.35274309
0.007166008;-0.017304348;0.34483793
0.007166008;-0.019280633;0.35274309
0.0091422927;-0.019280633;0.34483793
0.007166008;-0.019280633;0.35274309
0.0091422927;-0.017304348;0.35274309
0.007166008;-0.017304348;0.35274309
0.007166008;-0.019280633;0.35274309
0.007166008;-0.017304348;0.35274309
0.007166008;-0.017304348;0.35274309
0.0091422927;-0.017304348;0.35274309
0.0091422927;-0.017304348;0.35274309
0.0091422927;-0.015328064;0.35274309
0.0091422927;-0.017304348;0.35274309
0.0091422927;-0.017304348;0.35274309
0.0091422927;-0.017304348;0.34483793
0.0091422927;-0.017304348;0.34483793
0.011118577;-0.017304348;0.35274309
0.011118577;-0.017304348;0.34483793
0.0091422927;-0.017304348;0.34483793
0.011118577;-0.017304348;0.34483793
0.011118577;-0.017304348;0.35274309
0.011118577;-0.015328064;0.35274309
0.011118577;-0.015328064;0.35274309
0.011118577;-0.015328064;0.35274309
0.011118577;-0.015328064;0.35274309
0.011118577;-0.017304348;0.35274309
0.013094862;-0.015328064;0.35274309
0.013094862;-0.015328064;0.35274309
0.011118577;-0.015328064;0.35274309
0.013094862;-0.017304348;0.35274309
0.011118577;-0.015328064;0.35274309
0.013094862;-0.015328064;0.35274309
0.013094862;-0.015328064;0.35274309
0.011118577;-0.015328064;0.35274309
0.011118577;-0.015328064;0.35274309
0.013094862;-0.013351778;0.35274309
0.013094862;-0.015328064;0.35274309
0.013094862;-0.015328064;0.34483793
0.013094862;-0.015328064;0.34483793
0.013094862;-0.015328064;0.35274309
0.015071146;-0.015328064;0.35274309
0.015071146;-0.015328064;0.35274309
0.015071146;-0.015328064;0.35274309
0.015071146;-0.013351778;0.35274309
0.015071146;-0.015328064;0.35274309
0.015071146;-0.013351778;0.35274309
0.015071146;-0.013351778;0.35274309
0.017047431;-0.013351778;0.34483793
0.015071146;-0.013351778;0.34483793
0.015071146;-0.013351778;0.35274309
0.015071146;-0.013351778;0.35274309
0.015071146;-0.013351778;0.35274309
0.015071146;-0.013351778;0.35274309
0.015071146;-0.013351778;0.35274309
0.015071146;-0.015328064;0.35274309
0.017047431;-0.013351778;0.34483793
0.017047431;-0.013351778;0.34483793
0.017047431;-0.013351778;0.35274309
0.015071146;-0.013351778;0.34483793
0.017047431;-0.013351778;0.35274309
0.017047431;-0.013351778;0.35274309
0.017047431;-0.013351778;0.35274309
0.017047431;-0.013351778;0.35274309
0.017047431;-0.013351778;0.35274309
0.017047431;-0.013351778;0.35274309
0.015071146;-0.011375494;0.35274309
0.017047431;-0.013351778;0.35274309
0.017047431;-0.011375494;0.35274309
0.017047431;-0.011375494;0.35274309
0.019023715;-0.011375494;0.35274309
0.017047431;-0.011375494;0.34483793
0.017047431;-0.013351778;0.35274309
0.019023715;-0.013351778;0.35274309
0.019023715;-0.013351778;0.35274309
0.017047431;-0.013351778;0.35274309
0.019023715;-0.011375494;0.35274309
0.019023715;-0.011375494;0.35274309
0.019023715;-0.011375494;0.35274309
0.017047431;-0.011375494;0.35274309
0.019023715;-0.011375494;0.35274309
0.021;-0.011375494;0.34483793
0.019023715;-0.011375494;0.35274309
0.019023715;-0.011375494;0.35274309
0.021;-0.011375494;0.35274309
0.021;-0.011375494;0.34483793
0.021;-0.011375494;0.35274309
0.019023715;-0.011375494;0.35274309
0.021;-0.011375494;0.35274309
0.021;-0.011375494;0.35274309
0.019023715;-0.011375494;0.35274309
0.021;-0.0093992092;0.35274309
0.021;-0.011375494;0.35274309
0.021;-0.011375494;0.35274309
0.021;-0.011375494;0.35274309
0.022976285;-0.011375494;0.34483793
0.021;-0.011375494;0.35274309
0.021;-0.011375494;0.34483793
0.022976285;-0.0093992092;0.35274309
0.021;-0.0093992092;0.35274309
0.021;-0.0093992092;0.35274309
0.021;-0.0093992092;0.35274309
0.022976285;-0.0093992092;0.35274309
0.021;-0.0093992092;0.35274309
0.021;-0.0093992092;0.34483793
0.022976285;-0.0093992092;0.34483793
0.021;-0.0093992092;0.35274309
0.022976285;-0.0093992092;0.35274309
0.022976285;-0.0093992092;0.35274309
0.022976285;-0.0093992092;0.35274309
0.022976285;-0.0093992092;0.35274309
0.02495257;-0.0093992092;0.35274309
0.02495257;-0.0093992092;0.34483793
0.022976285;-0.0093992092;0.35274309
0.02495257;-0.0093992092;0.34483793
0.022976285;-0.0093992092;0.34483793
0.02495257;-0.007422925;0.35274309
0.02495257;-0.007422925;0.35274309
0.02495257;-0.007422925;0.35274309
0.02495257;-0.007422925;0.35274309
0.022976285;-0.0093992092;0.35274309
0.02495257;-0.0093992092;0.35274309
0.02495257;-0.007422925;0.35274309
0.02495257;-0.007422925;0.35274309
0.026928853;-0.0093992092;0.35274309
0.026928853;-0.007422925;0.35274309
0.02495257;-0.007422925;0.35274309
0.02495257;-0.007422925;0.35274309
0.026928853;-0.007422925;0.35274309
0.026928853;-0.007422925;0.35274309
0.026928853;-0.007422925;0.35274309
0.026928853;-0.0054466403;0.34483793
0.028905138;-0.0054466403;0.34483793
0.026928853;-0.007422925;0.35274309
0.028905138;-0.0054466403;0.35274309
0.028905138;-0.0054466403;0.34483793
0.028905138;-0.0054466403;0.35274309
0.028905138;-0.007422925;0.35274309
0.028905138;-0.0054466403;0.35274309
0.028905138;-0.0054466403;0.35274309
0.028905138;-0.0054466403;0.35274309
0.030881424;-0.0054466403;0.34483793
0.030881424;-0.0054466403;0.35274309
0.028905138;-0.007422925;0.35274309
0.028905138;-0.0054466403;0.34483793
0.028905138;-0.0054466403;0.35274309
0.028905138;-0.0054466403;0.35274309
0.028905138;-0.0054466403;0.35274309
0.028905138;-0.0034703556;0.35274309
0.030881424;-0.0054466403;0.35274309
0.030881424;-0.0054466403;0.35274309
0.030881424;-0.0054466403;0.35274309
0.030881424;-0.0054466403;0.34483793
0.030881424;-0.0054466403;0.35274309
0.030881424;-0.0054466403;0.34483793
0.030881424;-0.0034703556;0.35274309
0.030881424;-0.0054466403;0.35274309
0.032857709;-0.0034703556;0.35274309
0.030881424;-0.0034703556;0.34483793
0.030881424;-0.0054466403;0.35274309
0.032857709;-0.0054466403;0.35274309
0.030881424;-0.0054466403;0.35274309
0.030881424;-0.0034703556;0.35274309
0.030881424;-0.0034703556;0.35274309
0.032857709;-0.0034703556;0.35274309
0.032857709;-0.0034703556;0.35274309
0.032857709;-0.0054466403;0.35274309
0.032857709;-0.0034703556;0.35274309
0.032857709;-0.0034703556;0.35274309
0.032857709;-0.0034703556;0.35274309
0.030881424;-0.0054466403;0.35274309
0.032857709;-0.0054466403;0.35274309
0.032857709;-0.0034703556;0.35274309
0.032857709;-0.0034703556;0.35274309
0.034833994;-0.0034703556;0.35274309
0.034833994;-0.0034703556;0.35274309
0.032857709;-0.0034703556;0.35274309
0.036810275;-0.0034703556;0.35274309
0.034833994;-0.0034703556;0.35274309
0.034833994;-0.0014940711;0.35274309
0.032857709;-0.0034703556;0.35274309
0.034833994;-0.0034703556;0.35274309
0.032857709;-0.0034703556;0.34483793
0.034833994;-0.0034703556;0.35274309
0.034833994;-0.0034703556;0.35274309
0.034833994;-0.0034703556;0.35274309
0.034833994;-0.0034703556;0.35274309
0.034833994;-0.0014940711;0.34483793
0.034833994;-0.0014940711;0.35274309
0.034833994;-0.0034703556;0.35274309
0.034833994;-0.0034703556;0.34483793
0.034833994;-0.0014940711;0.34483793
0.034833994;-0.0014940711;0.35274309
0.034833994;-0.0014940711;0.35274309
0.036810275;-0.0014940711;0.35274309
0.034833994;-0.0014940711;0.35274309
0.036810275;-0.0014940711;0.35274309
0.03878656;-0.0014940711;0.35274309
0.036810275;-0.0014940711;0.35274309
0.03878656;-0.0014940711;0.35274309
0.03878656;0.00048221345;0.35274309
0.03878656;-0.0014940711;0.35274309
0.03878656;-0.0014940711;0.35274309
0.03878656;0.00048221345;0.35274309
0.03878656;-0.0014940711;0.35274309
0.036810275;0.00048221345;0.35274309
0.036810275;0.00048221345;0.34483793
0.03878656;0.00048221345;0.35274309
0.036810275;-0.0014940711;0.35274309
0.03878656;-0.0014940711;0.35274309
0.03878656;-0.0014940711;0.35274309
0.040762845;0.00048221345;0.35274309
0.040762845;0.00048221345;0.35274309
0.03878656;0.00048221345;0.35274309
0.040762845;0.00048221345;0.35274309
0.03878656;0.00048221345;0.35274309
0.040762845;0.00048221345;0.35274309
0.040762845;0.00048221345;0.35274309
0.040762845;0.00048221345;0.35274309
0.042739131;0.00048221345;0.34483793
0.040762845;0.00048221345;0.35274309
0.040762845;0.0024584981;0.35274309
0.040762845;0.0024584981;0.35274309
0.040762845;0.00048221345;0.35274309
0.040762845;0.0024584981;0.35274309
0.040762845;0.0024584981;0.34483793
0.040762845;0.0024584981;0.35274309
0.042739131;0.00048221345;0.35274309
0.042739131;0.00048221345;0.35274309
0.040762845;0.0024584981;0.35274309
0.042739131;0.0024584981;0.35274309
0.042739131;0.0024584981;0.35274309
0.042739131;0.0024584981;0.35274309
0.042739131;0.0024584981;0.35274309
0.042739131;0.0024584981;0.35274309
0.042739131;0.0044347825;0.35274309
0.042739131;0.0024584981;0.35274309
0.042739131;0.0024584981;0.34483793
0.042739131;0.00048221345;0.35274309
0.042739131;0.0024584981;0.35274309
0.042739131;0.0024584981;0.35274309
0.044715416;0.0044347825;0.35274309
0.042739131;0.0024584981;0.35274309
0.042739131;0.0024584981;0.35274309
0.044715416;0.0024584981;0.35274309
0.044715416;0.0044347825;0.35274309
0.044715416;0.0044347825;0.35274309
0.044715416;0.0024584981;0.35274309
0.044715416;0.0024584981;0.35274309
0.044715416;0.0024584981;0.35274309
0.044715416;0.0044347825;0.34483793
0.044715416;0.0024584981;0.35274309
0.044715416;0.0044347825;0.35274309
0.044715416;0.0044347825;0.35274309
0.044715416;0.0044347825;0.34483793
0.046691701;0.0044347825;0.35274309
0.046691701;0.0044347825;0.35274309
0.046691701;0.0044347825;0.35274309
0.046691701;0.0044347825;0.35274309
0.046691701;0.0064110672;0.34483793
0.046691701;0.0044347825;0.35274309
0.046691701;0.0064110672;0.35274309
0.046691701;0.0044347825;0.35274309
0.046691701;0.0064110672;0.34483793
0.046691701;0.0064110672;0.34483793
0.048667986;0.0044347825;0.35274309
0.046691701;0.0064110672;0.35274309
0.046691701;0.0064110672;0.35274309
0.046691701;0.0044347825;0.35274309
0.048667986;0.0064110672;0.35274309
0.048667986;0.0064110672;0.35274309
0.048667986;0.0064110672;0.35274309
0.046691701;0.0044347825;0.35274309
0.048667986;0.0064110672;0.35274309
0.048667986;0.0064110672;0.35274309
0.048667986;0.0064110672;0.35274309
0.048667986;0.0064110672;0.35274309
0.050644267;0.0083873514;0.35274309
0.050644267;0.0064110672;0.35274309
0.048667986;0.0083873514;0.35274309
0.048667986;0.0083873514;0.35274309
0.048667986;0.0083873514;0.34483793
0.048667986;0.0083873514;0.34483793
0.048667986;0.0083873514;0.35274309
0.048667986;0.0083873514;0.35274309
0.050644267;0.0083873514;0.35274309
0.048667986;0.0083873514;0.35274309
0.050644267;0.0083873514;0.35274309
0.050644267;0.010363637;0.35274309
0.050644267;0.0083873514;0.35274309
0.050644267;0.0083873514;0.35274309
0.050644267;0.0064110672;0.34483793
0.050644267;0.0083873514;0.35274309
0.050644267;0.0083873514;0.35274309
0.050644267;0.010363637;0.35274309
0.050644267;0.010363637;0.35274309
0.050644267;0.010363637;0.35274309
0.050644267;0.010363637;0.35274309
0.052620552;0.010363637;0.34483793
0.052620552;0.010363637;0.35274309
0.052620552;0.010363637;0.35274309
0.052620552;0.010363637;0.35274309
0.052620552;0.010363637;0.35274309
0.052620552;0.010363637;0.35274309
0.052620552;0.010363637;0.35274309
0.054596838;0.012339921;0.35274309
0.052620552;0.010363637;0.35274309
0.052620552;0.010363637;0.35274309
0.054596838;0.010363637;0.34483793
0.052620552;0.012339921;0.34483793
0.054596838;0.010363637;0.35274309
0.054596838;0.010363637;0.35274309
0.054596838;0.012339921;0.35274309
0.054596838;0.010363637;0.35274309
0.054596838;0.012339921;0.35274309
0.054596838;0.010363637;0.35274309
0.054596838;0.012339921;0.34483793
0.054596838;0.012339921;0.35274309
0.054596838;0.012339921;0.35274309
0.054596838;0.012339921;0.35274309
0.054596838;0.012339921;0.35274309
0.054596838;0.012339921;0.35274309
0.056573123;0.012339921;0.35274309
0.054596838;0.012339921;0.35274309
0.054596838;0.012339921;0.35274309
0.054596838;0.012339921;0.35274309
0.054596838;0.012339921;0.35274309
0.054596838;0.012339921;0.35274309
0.056573123;0.012339921;0.35274309
0.054596838;0.012339921;0.35274309
0.056573123;0.014316206;0.35274309
0.054596838;0.014316206;0.35274309
0.056573123;0.014316206;0.35274309
0.056573123;0.012339921;0.35274309
0.056573123;0.012339921;0.35274309
0.056573123;0.014316206;0.35274309
0.058549408;0.014316206;0.34483793
0.056573123;0.014316206;0.34483793
0.056573123;0.012339921;0.35274309
0.056573123;0.014316206;0.35274309
0.056573123;0.014316206;0.35274309
0.056573123;0.012339921;0.35274309
0.056573123;0.014316206;0.35274309
0.056573123;0.01629249;0.35274309
0.056573123;0.014316206;0.35274309
0.056573123;0.01629249;0.35274309
0.058549408;0.014316206;0.35274309
0.058549408;0.01629249;0.35274309
0.058549408;0.01629249;0.35274309
0.058549408;0.01629249;0.35274309
0.058549408;0.01629249;0.35274309
0.058549408;0.01629249;0.35274309
0.058549408;0.01629249;0.34483793
0.058549408;0.01629249;0.35274309
0.058549408;0.01629249;0.35274309
0.058549408;0.018268775;0.35274309
0.058549408;0.018268775;0.34483793
0.058549408;0.01629249;0.34483793
0.058549408;0.018268775;0.35274309
0.058549408;0.01629249;0.35274309
0.060525693;0.018268775;0.35274309
0.058549408;0.018268775;0.35274309
0.060525693;0.018268775;0.35274309
0.058549408;0.018268775;0.35274309
0.060525693;0.018268775;0.35274309
0.060525693;0.018268775;0.35274309
0.060525693;0.01629249;0.35274309
0.060525693;0.018268775;0.35274309
0.060525693;0.020245058;0.34483793
0.058549408;0.018268775;0.34483793
0.060525693;0.020245058;0.35274309
0.060525693;0.018268775;0.35274309
0.060525693;0.018268775;0.35274309
0.060525693;0.018268775;0.35274309
0.060525693;0.020245058;0.35274309
0.060525693;0.018268775;0.35274309
0.062501974;0.020245058;0.35274309
0.062501974;0.020245058;0.35274309
0.062501974;0.020245058;0.35274309
0.060525693;0.020245058;0.35274309
0.062501974;0.020245058;0.34483793
0.060525693;0.018268775;0.35274309
0.064478263;0.020245058;0.35274309
0.062501974;0.020245058;0.35274309
0.062501974;0.020245058;0.35274309
0.062501974;0.022221344;0.35274309
0.062501974;0.020245058;0.34483793
0.062501974;0.020245058;0.35274309
0.062501974;0.020245058;0.35274309
0.060525693;0.020245058;0.34483793
0.062501974;0.022221344;0.35274309
0.062501974;0.020245058;0.34483793
0.062501974;0.022221344;0.35274309
0.064478263;0.020245058;0.35274309
0.062501974;0.020245058;0.35274309
0.064478263;0.020245058;0.35274309
0.064478263;0.020245058;0.35274309
0.064478263;0.020245058;0.35274309
0.062501974;0.022221344;0.34483793
0.064478263;0.022221344;0.35274309
0.064478263;0.022221344;0.35274309
0.064478263;0.022221344;0.34483793
0.064478263;0.022221344;0.35274309
0.064478263;0.022221344;0.35274309
0.064478263;0.022221344;0.35274309
0.064478263;0.022221344;0.34483793
0.064478263;0.022221344;0.35274309
0.064478263;0.022221344;0.35274309
0.064478263;0.022221344;0.35274309
0.064478263;0.022221344;0.35274309
0.064478263;0.022221344;0.35274309
0.064478263;0.024197629;0.35274309
0.064478263;0.022221344;0.35274309
0.066454545;0.022221344;0.35274309
0.066454545;0.022221344;0.35274309
0.064478263;0.022221344;0.35274309
0.064478263;0.022221344;0.35274309
0.064478263;0.024197629;0.35274309
0.066454545;0.024197629;0.35274309
0.064478263;0.024197629;0.35274309
0.064478263;0.024197629;0.35274309
0.066454545;0.024197629;0.35274309
0.064478263;0.024197629;0.34483793
0.066454545;0.024197629;0.35274309
0.066454545;0.026173914;0.35274309
0.066454545;0.026173914;0.35274309
0.066454545;0.024197629;0.34483793
0.066454545;0.026173914;0.35274309
0.064478263;0.026173914;0.35274309
0.066454545;0.024197629;0.35274309
0.066454545;0.024197629;0.35274309
0.066454545;0.026173914;0.35274309
0.066454545;0.026173914;0.34483793
0.066454545;0.026173914;0.35274309
0.066454545;0.026173914;0.35274309
0.066454545;0.026173914;0.35274309
0.068430834;0.026173914;0.35274309
0.066454545;0.026173914;0.35274309
0.066454545;0.028150197;0.35274309
0.066454545;0.026173914;0.35274309
0.066454545;0.026173914;0.34483793
0.066454545;0.028150197;0.35274309
0.068430834;0.026173914;0.34483793
0.068430834;0.028150197;0.35274309
0.068430834;0.026173914;0.35274309
0.066454545;0.026173914;0.35274309
0.068430834;0.026173914;0.35274309
0.066454545;0.028150197;0.35274309
0.066454545;0.028150197;0.35274309
0.068430834;0.028150197;0.35274309
0.068430834;0.028150197;0.35274309
0.066454545;0.028150197;0.35274309
0.068430834;0.028150197;0.34483793
0.066454545;0.030126482;0.35274309
0.068430834;0.026173914;0.34483793
0.068430834;0.028150197;0.35274309
0.068430834;0.030126482;0.35274309
0.066454545;0.028150197;0.35274309
0.068430834;0.030126482;0.34483793
0.068430834;0.030126482;0.35274309
0.068430834;0.030126482;0.34483793
0.068430834;0.028150197;0.35274309
0.068430834;0.028150197;0.35274309
0.068430834;0.030126482;0.35274309
0.068430834;0.030126482;0.35274309
0.068430834;0.030126482;0.34483793
0.070407115;0.030126482;0.35274309
0.070407115;0.030126482;0.34483793
0.068430834;0.030126482;0.35274309
0.068430834;0.030126482;0.35274309
0.070407115;0.030126482;0.34483793
0.070407115;0.030126482;0.34483793
0.070407115;0.030126482;0.35274309
0.070407115;0.030126482;0.35274309
0.070407115;0.030126482;0.35274309
0.068430834;0.032102767;0.35274309
0.070407115;0.030126482;0.35274309
0.070407115;0.030126482;0.35274309
0.070407115;0.030126482;0.35274309
0.070407115;0.032102767;0.34483793
0.068430834;0.032102767;0.35274309
0.070407115;0.032102767;0.35274309
0.070407115;0.032102767;0.35274309
0.070407115;0.032102767;0.35274309
0.070407115;0.032102767;0.35274309
0.070407115;0.032102767;0.34483793
0.070407115;0.032102767;0.34483793
0.070407115;0.032102767;0.35274309
0.070407115;0.032102767;0.35274309
0.070407115;0.032102767;0.34483793
0.070407115;0.032102767;0.35274309
0.070407115;0.034079053;0.34483793
0.070407115;0.034079053;0.35274309
0.070407115;0.034079053;0.35274309
0.070407115;0.032102767;0.35274309
0.070407115;0.032102767;0.35274309
0.070407115;0.034079053;0.35274309
0.068430834;0.034079053;0.35274309
0.070407115;0.034079053;0.35274309
0.070407115;0.034079053;0.34483793
0.070407115;0.034079053;0.34483793
0.070407115;0.034079053;0.34483793
0.070407115;0.034079053;0.35274309
0.070407115;0.034079053;0.35274309
0.070407115;0.034079053;0.35274309
0.070407115;0.034079053;0.35274309
0.068430834;0.034079053;0.35274309
0.072383396;0.034079053;0.35274309
0.070407115;0.036055338;0.35274309
0.070407115;0.034079053;0.35274309
0.072383396;0.036055338;0.34483793
0.070407115;0.034079053;0.35274309
0.070407115;0.034079053;0.35274309
0.070407115;0.036055338;0.35274309
0.070407115;0.036055338;0.35274309
0.072383396;0.036055338;0.35274309
0.072383396;0.036055338;0.34483793
0.070407115;0.036055338;0.34483793
0.072383396;0.036055338;0.34483793
0.072383396;0.036055338;0.35274309
0.072383396;0.036055338;0.35274309
0.072383396;0.036055338;0.34483793
0.072383396;0.036055338;0.35274309
0.072383396;0.036055338;0.35274309
0.072383396;0.038031619;0.35274309
0.072383396;0.036055338;0.35274309
0.072383396;0.036055338;0.35274309
0.072383396;0.038031619;0.35274309
0.072383396;0.036055338;0.35274309
0.072383396;0.038031619;0.35274309
0.072383396;0.036055338;0.35274309
0.072383396;0.038031619;0.35274309
0.072383396;0.038031619;0.34483793
0.072383396;0.038031619;0.35274309
0.074359685;0.038031619;0.35274309
0.072383396;0.038031619;0.35274309
0.074359685;0.038031619;0.35274309
0.072383396;0.038031619;0.34483793
0.072383396;0.038031619;0.35274309
0.072383396;0.040007904;0.34483793
0.072383396;0.040007904;0.35274309
0.072383396;0.040007904;0.34483793
0.072383396;0.038031619;0.35274309
0.072383396;0.038031619;0.35274309
0.072383396;0.040007904;0.35274309
0.072383396;0.038031619;0.35274309
0.074359685;0.040007904;0.35274309
0.072383396;0.038031619;0.34483793
0.072383396;0.040007904;0.35274309
0.072383396;0.040007904;0.35274309
0.072383396;0.040007904;0.34483793
0.072383396;0.040007904;0.35274309
0.074359685;0.040007904;0.35274309
0.072383396;0.040007904;0.34483793
0.072383396;0.040007904;0.35274309
0.072383396;0.040007904;0.35274309
0.072383396;0.040007904;0.35274309
0.072383396;0.040007904;0.35274309
0.074359685;0.040007904;0.35274309
0.072383396;0.040007904;0.35274309
0.074359685;0.040007904;0.35274309
0.072383396;0.041984189;0.35274309
0.072383396;0.041984189;0.35274309
0.074359685;0.040007904;0.35274309
0.074359685;0.040007904;0.35274309
0.072383396;0.041984189;0.35274309
0.074359685;0.041984189;0.35274309
0.072383396;0.041984189;0.34483793
0.074359685;0.041984189;0.35274309
0.072383396;0.041984189;0.35274309
0.072383396;0.041984189;0.35274309
0.074359685;0.041984189;0.35274309
0.072383396;0.041984189;0.34483793
0.074359685;0.041984189;0.35274309
0.072383396;0.041984189;0.35274309
0.072383396;0.043960474;0.35274309
0.074359685;0.041984189;0.35274309
0.074359685;0.041984189;0.35274309
0.072383396;0.041984189;0.35274309
0.074359685;0.041984189;0.34483793
0.074359685;0.043960474;0.35274309
0.074359685;0.041984189;0.35274309
0.072383396;0.043960474;0.35274309
0.074359685;0.041984189;0.35274309
0.072383396;0.043960474;0.35274309
0.072383396;0.043960474;0.35274309
0.074359685;0.043960474;0.34483793
0.074359685;0.041984189;0.34483793
0.072383396;0.043960474;0.34483793
0.074359685;0.043960474;0.35274309
0.072383396;0.043960474;0.35274309
0.072383396;0.043960474;0.35274309
0.074359685;0.043960474;0.34483793
0.074359685;0.043960474;0.34483793
0.074359685;0.043960474;0.34483793
0.074359685;0.043960474;0.35274309
0.074359685;0.043960474;0.35274309
0.074359685;0.043960474;0.35274309
0.074359685;0.043960474;0.35274309
0.074359685;0.043960474;0.34483793
0.074359685;0.043960474;0.35274309
0.074359685;0.043960474;0.34483793
0.074359685;0.043960474;0.35274309
0.074359685;0.04593676;0.35274309
0.074359685;0.04593676;0.35274309
0.074359685;0.043960474;0.35274309
0.074359685;0.043960474;0.35274309
0.074359685;0.047913045;0.35274309
0.074359685;0.047913045;0.34483793
0.072383396;0.04593676;0.35274309
0.074359685;0.04593676;0.35274309
0.074359685;0.04593676;0.34483793
0.074359685;0.04593676;0.35274309
0.074359685;0.04593676;0.35274309
0.074359685;0.047913045;0.35274309
0.074359685;0.04593676;0.34483793
0.074359685;0.047913045;0.34483793
0.074359685;0.04593676;0.34483793
0.074359685;0.04593676;0.35274309
0.074359685;0.047913045;0.35274309
0.072383396;0.047913045;0.35274309
0.074359685;0.047913045;0.34483793
0.072383396;0.04593676;0.35274309
0.074359685;0.047913045;0.35274309
0.072383396;0.047913045;0.35274309
0.074359685;0.047913045;0.35274309
0.074359685;0.047913045;0.34483793
0.072383396;0.047913045;0.35274309
0.074359685;0.047913045;0.35274309
0.074359685;0.047913045;0.35274309
0.074359685;0.047913045;0.35274309
0.074359685;0.04988933;0.35274309
0.072383396;0.047913045;0.35274309
0.072383396;0.047913045;0.34483793
0.072383396;0.04988933;0.34483793
0.074359685;0.047913045;0.35274309
0.074359685;0.04988933;0.35274309
0.074359685;0.047913045;0.35274309
0.072383396;0.047913045;0.35274309
0.072383396;0.047913045;0.35274309
0.072383396;0.047913045;0.35274309
0.072383396;0.04988933;0.34483793
0.072383396;0.04988933;0.35274309
0.072383396;0.047913045;0.35274309
0.072383396;0.04988933;0.35274309
0.074359685;0.04988933;0.35274309
0.074359685;0.047913045;0.35274309
0.072383396;0.04988933;0.35274309
0.072383396;0.04988933;0.35274309
0.074359685;0.04988933;0.35274309
0.072383396;0.04988933;0.35274309
0.074359685;0.04988933;0.35274309
0.072383396;0.04988933;0.35274309
0.072383396;0.04988933;0.35274309
0.074359685;0.04988933;0.35274309
0.072383396;0.051865611;0.35274309
0.072383396;0.04988933;0.35274309
0.072383396;0.04988933;0.35274309
0.074359685;0.04988933;0.35274309
0.072383396;0.04988933;0.35274309
0.072383396;0.04988933;0.35274309
0.072383396;0.04988933;0.35274309
0.074359685;0.051865611;0.35274309
0.074359685;0.051865611;0.35274309
0.072383396;0.051865611;0.35274309
0.070407115;0.04988933;0.35274309
0.074359685;0.051865611;0.35274309
0.074359685;0.051865611;0.34483793
0.072383396;0.051865611;0.35274309
0.070407115;0.051865611;0.35274309
0.072383396;0.051865611;0.35274309
0.072383396;0.051865611;0.35274309
0.074359685;0.051865611;0.35274309
0.074359685;0.051865611;0.35274309
0.072383396;0.051865611;0.35274309
0.070407115;0.051865611;0.35274309
0.074359685;0.051865611;0.35274309
0.074359685;0.051865611;0.35274309
0.072383396;0.053841896;0.35274309
0.074359685;0.051865611;0.35274309
0.072383396;0.051865611;0.35274309
0.072383396;0.051865611;0.34483793
0.074359685;0.053841896;0.35274309
0.072383396;0.053841896;0.35274309
0.072383396;0.053841896;0.35274309
0.072383396;0.051865611;0.35274309
0.072383396;0.053841896;0.35274309
0.074359685;0.053841896;0.35274309
0.072383396;0.053841896;0.35274309
0.072383396;0.053841896;0.35274309
0.072383396;0.053841896;0.35274309
0.072383396;0.053841896;0.35274309
0.072383396;0.053841896;0.34483793
0.074359685;0.051865611;0.35274309
0.072383396;0.053841896;0.35274309
0.072383396;0.053841896;0.34483793
0.072383396;0.053841896;0.35274309
0.072383396;0.053841896;0.35274309
0.072383396;0.053841896;0.35274309
0.070407115;0.053841896;0.35274309
0.070407115;0.053841896;0.35274309
0.072383396;0.053841896;0.35274309
0.072383396;0.055818181;0.35274309
0.072383396;0.053841896;0.35274309
0.072383396;0.053841896;0.35274309
0.072383396;0.053841896;0.35274309
0.072383396;0.055818181;0.35274309
0.070407115;0.053841896;0.35274309
0.072383396;0.055818181;0.34483793
0.070407115;0.053841896;0.35274309
0.070407115;0.055818181;0.34483793
0.072383396;0.055818181;0.35274309
0.072383396;0.055818181;0.35274309
0.070407115;0.055818181;0.35274309
0.070407115;0.055818181;0.35274309
0.072383396;0.055818181;0.35274309
0.072383396;0.055818181;0.35274309
0.070407115;0.057794467;0.35274309
0.070407115;0.057794467;0.34483793
0.072383396;0.055818181;0.35274309
0.070407115;0.055818181;0.35274309
0.070407115;0.055818181;0.34483793
0.070407115;0.055818181;0.35274309
0.070407115;0.055818181;0.35274309
0.070407115;0.057794467;0.35274309
0.070407115;0.057794467;0.34483793
0.070407115;0.055818181;0.35274309
0.070407115;0.055818181;0.35274309
0.070407115;0.055818181;0.35274309
0.070407115;0.057794467;0.35274309
0.070407115;0.057794467;0.34483793
0.072383396;0.057794467;0.35274309
0.068430834;0.057794467;0.34483793
0.070407115;0.057794467;0.34483793
0.070407115;0.057794467;0.35274309
0.070407115;0.057794467;0.35274309
0.070407115;0.057794467;0.35274309
0.070407115;0.055818181;0.35274309
0.070407115;0.057794467;0.35274309
0.068430834;0.057794467;0.34483793
0.068430834;0.057794467;0.35274309
0.070407115;0.057794467;0.35274309
0.068430834;0.057794467;0.35274309
0.070407115;0.057794467;0.35274309
0.068430834;0.057794467;0.34483793
0.070407115;0.057794467;0.35274309
0.068430834;0.057794467;0.35274309
0.068430834;0.057794467;0.35274309
0.066454545;0.057794467;0.35274309
0.068430834;0.057794467;0.35274309
0.068430834;0.059770752;0.35274309
0.068430834;0.057794467;0.35274309
0.068430834;0.059770752;0.35274309
0.070407115;0.059770752;0.35274309
0.068430834;0.057794467;0.34483793
0.068430834;0.059770752;0.35274309
0.068430834;0.059770752;0.35274309
0.068430834;0.059770752;0.35274309
0.068430834;0.059770752;0.35274309
0.068430834;0.059770752;0.35274309
0.068430834;0.057794467;0.34483793
0.066454545;0.059770752;0.35274309
0.070407115;0.059770752;0.35274309
0.068430834;0.059770752;0.35274309
0.066454545;0.059770752;0.35274309
0.068430834;0.059770752;0.35274309
0.066454545;0.059770752;0.35274309
0.068430834;0.059770752;0.35274309
0.066454545;0.059770752;0.35274309
0.066454545;0.059770752;0.35274309
0.066454545;0.059770752;0.35274309
0.066454545;0.061747037;0.34483793
0.068430834;0.059770752;0.35274309
0.068430834;0.059770752;0.35274309
0.066454545;0.059770752;0.35274309
0.068430834;0.059770752;0.35274309
0.066454545;0.061747037;0.35274309
0.064478263;0.059770752;0.35274309
0.064478263;0.059770752;0.35274309
0.066454545;0.061747037;0.35274309
0.066454545;0.059770752;0.34483793
0.066454545;0.061747037;0.35274309
0.066454545;0.061747037;0.35274309
0.064478263;0.061747037;0.35274309
0.066454545;0.061747037;0.35274309
0.066454545;0.061747037;0.35274309
0.066454545;0.061747037;0.35274309
0.066454545;0.061747037;0.34483793
0.066454545;0.061747037;0.35274309
0.064478263;0.061747037;0.35274309
0.064478263;0.061747037;0.34483793
0.064478263;0.059770752;0.34483793
0.066454545;0.061747037;0.35274309
0.066454545;0.061747037;0.35274309
0.066454545;0.061747037;0.34483793
0.066454545;0.061747037;0.35274309
0.064478263;0.061747037;0.35274309
0.064478263;0.059770752;0.35274309
0.064478263;0.061747037;0.35274309
0.064478263;0.061747037;0.35274309
0.064478263;0.059770752;0.35274309
0.064478263;0.061747037;0.35274309
0.064478263;0.061747037;0.35274309
0.064478263;0.061747037;0.35274309
0.062501974;0.061747037;0.34483793
0.064478263;0.061747037;0.35274309
0.064478263;0.061747037;0.35274309
0.064478263;0.061747037;0.34483793
0.064478263;0.061747037;0.35274309
0.062501974;0.061747037;0.35274309
0.062501974;0.061747037;0.35274309
0.062501974;0.061747037;0.35274309
0.064478263;0.063723318;0.35274309
0.062501974;0.063723318;0.35274309
0.062501974;0.061747037;0.35274309
0.064478263;0.061747037;0.35274309
0.062501974;0.061747037;0.35274309
0.062501974;0.063723318;0.35274309
0.062501974;0.063723318;0.35274309
0.062501974;0.063723318;0.35274309
0.062501974;0.063723318;0.35274309
0.060525693;0.063723318;0.34483793
0.062501974;0.063723318;0.35274309
0.060525693;0.061747037;0.34483793
0.062501974;0.061747037;0.35274309
0.062501974;0.063723318;0.35274309
0.062501974;0.063723318;0.35274309
0.062501974;0.063723318;0.35274309
0.062501974;0.063723318;0.35274309
0.060525693;0.061747037;0.35274309
0.060525693;0.065699607;0.34483793
0.060525693;0.063723318;0.35274309
0.062501974;0.063723318;0.35274309
0.060525693;0.065699607;0.35274309
0.060525693;0.063723318;0.35274309
0.060525693;0.063723318;0.35274309
0.060525693;0.063723318;0.35274309
0.060525693;0.065699607;0.35274309
0.060525693;0.065699607;0.35274309
0.060525693;0.065699607;0.35274309
0.060525693;0.065699607;0.35274309
0.060525693;0.063723318;0.35274309
0.060525693;0.063723318;0.35274309
0.060525693;0.065699607;0.35274309
0.058549408;0.065699607;0.35274309
0.060525693;0.065699607;0.35274309
0.058549408;0.065699607;0.35274309
0.058549408;0.063723318;0.35274309
0.058549408;0.065699607;0.35274309
0.058549408;0.065699607;0.34483793
0.060525693;0.063723318;0.35274309
0.060525693;0.063723318;0.34483793
0.058549408;0.065699607;0.35274309
0.060525693;0.063723318;0.35274309
0.058549408;0.065699607;0.34483793
0.060525693;0.065699607;0.34483793
0.058549408;0.065699607;0.35274309
0.058549408;0.065699607;0.35274309
0.058549408;0.063723318;0.34483793
0.056573123;0.065699607;0.35274309
0.058549408;0.065699607;0.35274309
0.058549408;0.065699607;0.35274309
0.058549408;0.065699607;0.35274309
0.056573123;0.065699607;0.35274309
0.056573123;0.065699607;0.35274309
0.058549408;0.065699607;0.34483793
0.058549408;0.063723318;0.35274309
0.058549408;0.065699607;0.35274309
0.056573123;0.065699607;0.36064821
0.058549408;0.065699607;0.35274309
0.058549408;0.065699607;0.34483793
0.058549408;0.065699607;0.35274309
0.056573123;0.065699607;0.35274309
0.058549408;0.065699607;0.35274309
0.056573123;0.065699607;0.35274309
0.056573123;0.067675889;0.35274309
0.058549408;0.065699607;0.35274309
0.056573123;0.065699607;0.35274309
0.056573123;0.065699607;0.34483793
0.056573123;0.065699607;0.35274309
0.056573123;0.065699607;0.35274309
0.054596838;0.067675889;0.35274309
0.054596838;0.067675889;0.35274309
0.054596838;0.065699607;0.34483793
0.056573123;0.065699607;0.35274309
0.056573123;0.065699607;0.35274309
0.054596838;0.067675889;0.34483793
0.054596838;0.065699607;0.34483793
0.054596838;0.067675889;0.35274309
0.054596838;0.067675889;0.34483793
0.054596838;0.067675889;0.35274309
0.054596838;0.065699607;0.35274309
0.054596838;0.067675889;0.34483793
0.054596838;0.065699607;0.35274309
0.054596838;0.067675889;0.35274309
0.052620552;0.067675889;0.35274309
0.054596838;0.065699607;0.35274309
0.054596838;0.067675889;0.35274309
0.052620552;0.067675889;0.35274309
0.054596838;0.067675889;0.35274309
0.054596838;0.067675889;0.34483793
0.054596838;0.067675889;0.35274309
0.052620552;0.065699607;0.35274309
0.054596838;0.067675889;0.35274309
0.052620552;0.067675889;0.35274309
0.054596838;0.067675889;0.34483793
0.052620552;0.067675889;0.35274309
0.052620552;0.067675889;0.35274309
0.052620552;0.067675889;0.35274309
0.052620552;0.067675889;0.35274309
0.052620552;0.067675889;0.34483793
0.052620552;0.067675889;0.35274309
0.050644267;0.067675889;0.35274309
0.052620552;0.065699607;0.35274309
0.050644267;0.067675889;0.34483793
0.052620552;0.065699607;0.35274309
0.052620552;0.067675889;0.35274309
0.050644267;0.067675889;0.35274309
0.052620552;0.067675889;0.35274309
0.050644267;0.067675889;0.35274309
0.052620552;0.069652177;0.34483793
0.050644267;0.069652177;0.34483793
0.052620552;0.069652177;0.35274309
0.050644267;0.069652177;0.35274309
0.050644267;0.067675889;0.34483793
0.050644267;0.067675889;0.35274309
0.048667986;0.067675889;0.34483793
0.048667986;0.069652177;0.35274309
0.048667986;0.067675889;0.35274309
0.048667986;0.067675889;0.34483793
0.050644267;0.069652177;0.35274309
0.048667986;0.067675889;0.35274309
0.050644267;0.069652177;0.34483793
0.048667986;0.069652177;0.35274309
0.048667986;0.067675889;0.35274309
0.048667986;0.067675889;0.35274309
0.048667986;0.067675889;0.34483793
0.048667986;0.069652177;0.35274309
0.048667986;0.067675889;0.35274309
0.046691701;0.069652177;0.34483793
0.048667986;0.067675889;0.35274309
0.048667986;0.069652177;0.35274309
0.048667986;0.067675889;0.34483793
0.048667986;0.067675889;0.35274309
0.046691701;0.069652177;0.35274309
0.048667986;0.067675889;0.35274309
0.046691701;0.067675889;0.35274309
0.046691701;0.069652177;0.35274309
0.048667986;0.069652177;0.35274309
0.046691701;0.067675889;0.35274309
0.046691701;0.067675889;0.35274309
0.048667986;0.067675889;0.34483793
0.046691701;0.069652177;0.34483793
0.046691701;0.067675889;0.35274309
0.046691701;0.067675889;0.34483793
0.044715416;0.069652177;0.35274309
0.046691701;0.067675889;0.35274309
0.044715416;0.069652177;0.34483793
0.044715416;0.069652177;0.35274309
0.044715416;0.067675889;0.35274309
0.044715416;0.069652177;0.34483793
0.044715416;0.069652177;0.34483793
0.044715416;0.069652177;0.34483793
0.044715416;0.067675889;0.35274309
0.044715416;0.067675889;0.35274309
0.044715416;0.069652177;0.35274309
0.044715416;0.067675889;0.35274309
0.044715416;0.067675889;0.34483793
0.044715416;0.067675889;0.34483793
0.042739131;0.067675889;0.34483793
0.044715416;0.069652177;0.35274309
0.042739131;0.069652177;0.35274309
0.042739131;0.067675889;0.35274309
0.044715416;0.067675889;0.34483793
0.042739131;0.067675889;0.35274309
0.042739131;0.067675889;0.35274309
0.042739131;0.069652177;0.35274309
0.042739131;0.069652177;0.35274309
0.040762845;0.067675889;0.35274309
0.042739131;0.069652177;0.35274309
0.042739131;0.067675889;0.35274309
0.042739131;0.069652177;0.35274309
0.040762845;0.069652177;0.34483793
0.042739131;0.069652177;0.35274309
0.040762845;0.069652177;0.35274309
0.042739131;0.069652177;0.35274309
0.042739131;0.069652177;0.34483793
0.040762845;0.069652177;0.35274309
0.040762845;0.069652177;0.35274309
0.040762845;0.069652177;0.35274309
0.042739131;0.069652177;0.35274309
0.040762845;0.069652177;0.34483793
0.040762845;0.069652177;0.35274309
0.040762845;0.069652177;0.35274309
0.040762845;0.069652177;0.34483793
0.040762845;0.069652177;0.34483793
0.040762845;0.069652177;0.34483793
0.03878656;0.069652177;0.35274309
0.03878656;0.067675889;0.35274309
0.03878656;0.069652177;0.35274309
0.040762845;0.067675889;0.35274309
0.040762845;0.069652177;0.35274309
0.03878656;0.067675889;0.34483793
0.03878656;0.069652177;0.35274309
0.03878656;0.067675889;0.35274309
0.036810275;0.069652177;0.35274309
0.03878656;0.069652177;0.35274309
0.03878656;0.069652177;0.35274309
0.036810275;0.069652177;0.35274309
0.036810275;0.069652177;0.34483793
0.036810275;0.067675889;0.34483793
0.036810275;0.069652177;0.35274309
0.036810275;0.069652177;0.34483793
0.03878656;0.069652177;0.35274309
0.036810275;0.067675889;0.35274309
0.034833994;0.069652177;0.35274309
0.034833994;0.069652177;0.34483793
0.036810275;0.067675889;0.35274309
0.034833994;0.067675889;0.35274309
0.036810275;0.069652177;0.34483793
0.034833994;0.069652177;0.35274309
0.034833994;0.069652177;0.35274309
0.034833994;0.069652177;0.35274309
0.034833994;0.067675889;0.35274309
0.034833994;0.067675889;0.35274309
0.034833994;0.069652177;0.35274309
0.034833994;0.069652177;0.35274309
0.034833994;0.067675889;0.35274309
0.034833994;0.069652177;0.35274309
0.034833994;0.069652177;0.35274309
0.034833994;0.069652177;0.35274309
0.032857709;0.069652177;0.35274309
0.034833994;0.069652177;0.34483793
0.032857709;0.069652177;0.34483793
0.032857709;0.067675889;0.35274309
0.034833994;0.069652177;0.35274309
0.032857709;0.069652177;0.35274309
0.034833994;0.069652177;0.35274309
0.032857709;0.069652177;0.35274309
0.032857709;0.069652177;0.34483793
0.032857709;0.069652177;0.35274309
0.032857709;0.069652177;0.34483793
0.030881424;0.069652177;0.34483793
0.032857709;0.067675889;0.35274309
0.032857709;0.069652177;0.35274309
0.030881424;0.069652177;0.35274309
0.030881424;0.069652177;0.35274309
0.032857709;0.067675889;0.35274309
0.030881424;0.069652177;0.35274309
0.030881424;0.069652177;0.35274309
0.030881424;0.069652177;0.34483793
0.030881424;0.069652177;0.34483793
0.030881424;0.069652177;0.35274309
0.030881424;0.067675889;0.35274309
0.030881424;0.069652177;0.35274309
0.030881424;0.067675889;0.35274309
0.030881424;0.069652177;0.35274309
0.030881424;0.069652177;0.35274309
0.030881424;0.069652177;0.35274309
0.030881424;0.069652177;0.35274309
0.028905138;0.067675889;0.35274309
0.028905138;0.069652177;0.35274309
0.030881424;0.067675889;0.35274309
0.028905138;0.069652177;0.35274309
0.028905138;0.067675889;0.35274309
0.028905138;0.069652177;0.35274309
0.028905138;0.069652177;0.35274309
0.028905138;0.069652177;0.35274309
0.028905138;0.069652177;0.35274309
0.028905138;0.069652177;0.35274309
0.026928853;0.069652177;0.35274309
0.026928853;0.069652177;0.35274309
0.026928853;0.069652177;0.35274309
0.026928853;0.069652177;0.34483793
0.026928853;0.069652177;0.34483793
0.026928853;0.069652177;0.34483793
0.02495257;0.067675889;0.35274309
0.026928853;0.067675889;0.34483793
0.026928853;0.069652177;0.35274309
0.02495257;0.069652177;0.35274309
0.02495257;0.067675889;0.34483793
0.026928853;0.069652177;0.35274309
0.02495257;0.067675889;0.35274309
0.02495257;0.069652177;0.34483793
0.02495257;0.067675889;0.34483793
0.02495257;0.067675889;0.34483793
0.02495257;0.069652177;0.34483793
0.022976285;0.069652177;0.35274309
0.02495257;0.067675889;0.34483793
0.022976285;0.069652177;0.35274309
0.02495257;0.067675889;0.35274309
0.02495257;0.069652177;0.35274309
0.022976285;0.067675889;0.35274309
0.022976285;0.069652177;0.35274309
0.022976285;0.067675889;0.35274309
0.022976285;0.069652177;0.35274309
0.022976285;0.067675889;0.35274309
0.022976285;0.067675889;0.34483793
0.022976285;0.067675889;0.34483793
0.022976285;0.067675889;0.35274309
0.021;0.067675889;0.34483793
0.022976285;0.067675889;0.35274309
0.021;0.067675889;0.35274309
0.022976285;0.067675889;0.35274309
0.022976285;0.069652177;0.35274309
0.021;0.069652177;0.35274309
0.022976285;0.067675889;0.35274309
0.021;0.069652177;0.35274309
0.021;0.067675889;0.35274309
0.021;0.067675889;0.35274309
0.021;0.067675889;0.35274309
0.021;0.069652177;0.35274309
0.021;0.067675889;0.34483793
0.021;0.069652177;0.35274309
0.021;0.069652177;0.35274309
0.021;0.069652177;0.35274309
0.021;0.067675889;0.35274309
0.019023715;0.067675889;0.35274309
0.021;0.067675889;0.35274309
0.019023715;0.067675889;0.35274309
0.021;0.069652177;0.35274309
0.019023715;0.067675889;0.35274309
0.019023715;0.067675889;0.35274309
0.021;0.067675889;0.35274309
0.017047431;0.067675889;0.35274309
0.019023715;0.067675889;0.34483793
0.019023715;0.067675889;0.34483793
0.019023715;0.067675889;0.35274309
0.019023715;0.067675889;0.35274309
0.017047431;0.069652177;0.34483793
0.017047431;0.067675889;0.35274309
0.017047431;0.067675889;0.35274309
0.017047431;0.067675889;0.34483793
0.017047431;0.067675889;0.35274309
0.017047431;0.067675889;0.34483793
0.017047431;0.067675889;0.35274309
0.015071146;0.067675889;0.34483793
0.017047431;0.067675889;0.35274309
0.017047431;0.067675889;0.34483793
0.017047431;0.067675889;0.35274309
0.017047431;0.067675889;0.35274309
0.015071146;0.067675889;0.35274309
0.017047431;0.067675889;0.35274309
0.015071146;0.065699607;0.35274309
0.017047431;0.067675889;0.35274309
0.017047431;0.067675889;0.35274309
0.015071146;0.067675889;0.35274309
0.015071146;0.067675889;0.35274309
0.015071146;0.067675889;0.35274309
0.015071146;0.067675889;0.35274309
0.015071146;0.067675889;0.35274309
0.015071146;0.065699607;0.34483793
0.015071146;0.065699607;0.34483793
0.015071146;0.065699607;0.35274309
0.013094862;0.067675889;0.35274309
0.013094862;0.067675889;0.35274309
0.015071146;0.067675889;0.35274309
0.013094862;0.065699607;0.35274309
0.013094862;0.067675889;0.35274309
0.013094862;0.067675889;0.35274309
0.015071146;0.065699607;0.35274309
0.013094862;0.067675889;0.34483793
0.013094862;0.065699607;0.35274309
0.011118577;0.065699607;0.35274309
0.011118577;0.065699607;0.35274309
0.013094862;0.065699607;0.35274309
0.011118577;0.065699607;0.35274309
0.011118577;0.067675889;0.35274309
0.011118577;0.067675889;0.35274309
0.011118577;0.067675889;0.35274309
0.011118577;0.067675889;0.35274309
0.011118577;0.065699607;0.35274309
0.011118577;0.065699607;0.35274309
0.011118577;0.067675889;0.35274309
0.0091422927;0.065699607;0.35274309
0.0091422927;0.065699607;0.35274309
0.011118577;0.065699607;0.35274309
0.0091422927;0.063723318;0.35274309
0.011118577;0.063723318;0.35274309
0.011118577;0.065699607;0.35274309
0.011118577;0.065699607;0.35274309
0.0091422927;0.065699607;0.35274309
0.0091422927;0.065699607;0.34483793
0.0091422927;0.063723318;0.35274309
0.011118577;0.065699607;0.35274309
0.007166008;0.065699607;0.35274309
0.007166008;0.065699607;0.35274309
0.0091422927;0.065699607;0.35274309
0.007166008;0.065699607;0.35274309
0.0091422927;0.063723318;0.35274309
0.007166008;0.065699607;0.34483793
0.007166008;0.065699607;0.35274309
0.007166008;0.067675889;0.35274309
0.0091422927;0.065699607;0.35274309
0.007166008;0.065699607;0.35274309
0.007166008;0.065699607;0.35274309
0.007166008;0.063723318;0.35274309
0.007166008;0.065699607;0.35274309
0.007166008;0.065699607;0.35274309
0.007166008;0.063723318;0.35274309
0.007166008;0.065699607;0.35274309
0.0051897233;0.065699607;0.35274309
0.0051897233;0.065699607;0.35274309
0.007166008;0.065699607;0.35274309
0.0051897233;0.065699607;0.35274309
0.007166008;0.065699607;0.35274309
0.0051897233;0.063723318;0.34483793
0.0051897233;0.065699607;0.35274309
0.0051897233;0.063723318;0.35274309
0.0051897233;0.063723318;0.35274309
0.0051897233;0.063723318;0.35274309
0.0051897233;0.063723318;0.35274309
0.0051897233;0.063723318;0.35274309
0.0051897233;0.065699607;0.35274309
0.0032134387;0.063723318;0.35274309
0.0032134387;0.063723318;0.35274309
0.0032134387;0.065699607;0.35274309
0.0032134387;0.061747037;0.35274309
0.0032134387;0.063723318;0.34483793
0.0012371541;0.063723318;0.35274309
0.0032134387;0.063723318;0.34483793
0.0032134387;0.065699607;0.35274309
0.0032134387;0.061747037;0.35274309
0.0032134387;0.061747037;0.35274309
0.0032134387;0.061747037;0.35274309
0.0012371541;0.061747037;0.35274309
0.0012371541;0.061747037;0.35274309
0.0012371541;0.063723318;0.35274309
0.0012371541;0.061747037;0.34483793
0.0012371541;0.061747037;0.34483793
0.0012371541;0.061747037;0.35274309
0.0012371541;0.061747037;0.34483793
0.0012371541;0.061747037;0.35274309
0.0012371541;0.059770752;0.35274309
0.0012371541;0.063723318;0.35274309
0.0012371541;0.061747037;0.34483793
0.0012371541;0.063723318;0.35274309
-0.00073913042;0.061747037;0.35274309
-0.00073913042;0.061747037;0.35274309
0.0012371541;0.061747037;0.34483793
0.0012371541;0.061747037;0.35274309
-0.00073913042;0.061747037;0.35274309
-0.00073913042;0.061747037;0.34483793
-0.00073913042;0.061747037;0.35274309
-0.00073913042;0.059770752;0.35274309
-0.00073913042;0.061747037;0.35274309
-0.00073913042;0.061747037;0.34483793
-0.0027154151;0.061747037;0.35274309
-0.0027154151;0.061747037;0.35274309
-0.00073913042;0.061747037;0.35274309
-0.00073913042;0.061747037;0.35274309
-0.0027154151;0.059770752;0.34483793
-0.0027154151;0.061747037;0.35274309
-0.00073913042;0.061747037;0.35274309
-0.0027154151;0.061747037;0.35274309
-0.0027154151;0.059770752;0.35274309
-0.0027154151;0.061747037;0.34483793
-0.0027154151;0.061747037;0.35274309
-0.0027154151;0.059770752;0.34483793
-0.0027154151;0.061747037;0.35274309
-0.0027154151;0.059770752;0.35274309
-0.0027154151;0.059770752;0.35274309
-0.0027154151;0.061747037;0.35274309
-0.0046916995;0.061747037;0.35274309
-0.0046916995;0.061747037;0.35274309
-0.0046916995;0.059770752;0.34483793
-0.0046916995;0.061747037;0.35274309
-0.0046916995;0.059770752;0.35274309
-0.0027154151;0.059770752;0.35274309
-0.0046916995;0.059770752;0.35274309
-0.0027154151;0.057794467;0.35274309
-0.0027154151;0.059770752;0.35274309
-0.0046916995;0.059770752;0.35274309
-0.0046916995;0.059770752;0.35274309
-0.0027154151;0.059770752;0.35274309
-0.0027154151;0.059770752;0.35274309
-0.0046916995;0.059770752;0.35274309
-0.0046916995;0.059770752;0.35274309
-0.0066679842;0.059770752;0.34483793
-0.0066679842;0.059770752;0.34483793
-0.0046916995;0.057794467;0.35274309
-0.0066679842;0.059770752;0.34483793
-0.0066679842;0.059770752;0.35274309
-0.0066679842;0.059770752;0.35274309
-0.0046916995;0.059770752;0.35274309
-0.0066679842;0.057794467;0.35274309
-0.0086442688;0.059770752;0.35274309
-0.0066679842;0.059770752;0.35274309
-0.0066679842;0.057794467;0.35274309
-0.0066679842;0.059770752;0.35274309
-0.0086442688;0.057794467;0.34483793
-0.0086442688;0.059770752;0.35274309
-0.0086442688;0.059770752;0.35274309
-0.0066679842;0.057794467;0.34483793
-0.0086442688;0.059770752;0.35274309
-0.0086442688;0.057794467;0.35274309
-0.0086442688;0.057794467;0.34483793
-0.010620553;0.057794467;0.34483793
-0.0086442688;0.059770752;0.35274309
-0.0086442688;0.057794467;0.35274309
-0.0086442688;0.057794467;0.35274309
-0.0086442688;0.057794467;0.35274309
-0.010620553;0.057794467;0.35274309
-0.0086442688;0.057794467;0.35274309
-0.0086442688;0.057794467;0.35274309
-0.0086442688;0.057794467;0.35274309
-0.010620553;0.057794467;0.35274309
-0.010620553;0.057794467;0.35274309
-0.010620553;0.057794467;0.34483793
-0.010620553;0.057794467;0.35274309
-0.010620553;0.057794467;0.34483793
-0.0086442688;0.057794467;0.35274309
-0.010620553;0.055818181;0.35274309
-0.010620553;0.055818181;0.34483793
-0.010620553;0.055818181;0.35274309
-0.010620553;0.057794467;0.35274309
-0.010620553;0.055818181;0.35274309
-0.010620553;0.057794467;0.35274309
-0.010620553;0.055818181;0.35274309
-0.010620553;0.055818181;0.35274309
-0.010620553;0.055818181;0.35274309
-0.010620553;0.055818181;0.35274309
-0.010620553;0.055818181;0.35274309
-0.010620553;0.055818181;0.34483793
-0.012596838;0.057794467;0.35274309
-0.012596838;0.055818181;0.34483793
-0.012596838;0.055818181;0.35274309
-0.012596838;0.055818181;0.35274309
-0.012596838;0.055818181;0.35274309
-0.012596838;0.055818181;0.35274309
-0.012596838;0.055818181;0.35274309
-0.014573122;0.055818181;0.35274309
-0.010620553;0.055818181;0.35274309
-0.012596838;0.055818181;0.35274309
-0.014573122;0.053841896;0.35274309
-0.012596838;0.053841896;0.35274309
-0.012596838;0.053841896;0.35274309
-0.012596838;0.053841896;0.35274309
-0.012596838;0.053841896;0.34483793
-0.010620553;0.055818181;0.35274309
-0.012596838;0.053841896;0.35274309
-0.014573122;0.053841896;0.35274309
-0.012596838;0.055818181;0.35274309
-0.014573122;0.053841896;0.35274309
-0.012596838;0.053841896;0.35274309
-0.014573122;0.055818181;0.35274309
-0.014573122;0.053841896;0.34483793
-0.012596838;0.051865611;0.35274309
-0.014573122;0.053841896;0.35274309
-0.014573122;0.053841896;0.35274309
-0.014573122;0.051865611;0.34483793
-0.014573122;0.053841896;0.35274309
-0.014573122;0.051865611;0.35274309
-0.014573122;0.051865611;0.35274309
-0.014573122;0.051865611;0.35274309
-0.016549407;0.051865611;0.35274309
-0.014573122;0.051865611;0.35274309
-0.014573122;0.053841896;0.35274309
-0.016549407;0.051865611;0.35274309
-0.014573122;0.053841896;0.35274309
-0.014573122;0.051865611;0.34483793
-0.014573122;0.053841896;0.34483793
-0.014573122;0.051865611;0.35274309
-0.016549407;0.051865611;0.35274309
-0.016549407;0.051865611;0.35274309
-0.016549407;0.051865611;0.35274309
-0.016549407;0.051865611;0.34483793
-0.018525692;0.051865611;0.34483793
-0.016549407;0.051865611;0.35274309
-0.018525692;0.051865611;0.35274309
-0.016549407;0.051865611;0.34483793
-0.016549407;0.051865611;0.35274309
-0.018525692;0.051865611;0.35274309
-0.016549407;0.04988933;0.35274309
-0.016549407;0.051865611;0.35274309
-0.016549407;0.04988933;0.35274309
-0.018525692;0.051865611;0.35274309
-0.016549407;0.04988933;0.35274309
-0.018525692;0.04988933;0.34483793
-0.018525692;0.051865611;0.34483793
-0.018525692;0.04988933;0.35274309
-0.018525692;0.04988933;0.35274309
-0.020501977;0.04988933;0.35274309
-0.016549407;0.04988933;0.35274309
-0.018525692;0.04988933;0.35274309
-0.018525692;0.04988933;0.35274309
-0.018525692;0.047913045;0.34483793
-0.018525692;0.04988933;0.35274309
-0.016549407;0.04988933;0.35274309
-0.018525692;0.047913045;0.35274309
-0.018525692;0.04988933;0.35274309
-0.020501977;0.04988933;0.35274309
-0.020501977;0.04988933;0.34483793
-0.018525692;0.04988933;0.35274309
-0.018525692;0.04988933;0.35274309
-0.018525692;0.047913045;0.35274309
-0.020501977;0.04988933;0.35274309
-0.020501977;0.04988933;0.35274309
-0.018525692;0.047913045;0.35274309
-0.018525692;0.047913045;0.34483793
-0.018525692;0.047913045;0.35274309
-0.02247826;0.047913045;0.35274309
-0.020501977;0.047913045;0.35274309
-0.02247826;0.047913045;0.35274309
-0.020501977;0.047913045;0.35274309
-0.020501977;0.047913045;0.34483793
-0.02247826;0.047913045;0.35274309
-0.02247826;0.047913045;0.35274309
-0.020501977;0.047913045;0.35274309
-0.020501977;0.047913045;0.35274309
-0.020501977;0.047913045;0.35274309
-0.02247826;0.047913045;0.34483793
-0.02247826;0.047913045;0.34483793
-0.020501977;0.047913045;0.35274309
-0.02247826;0.04593676;0.35274309
-0.02247826;0.04593676;0.35274309
-0.02247826;0.047913045;0.35274309
-0.02247826;0.04593676;0.34483793
-0.02247826;0.04593676;0.35274309
-0.020501977;0.04593676;0.35274309
-0.02247826;0.04593676;0.35274309
-0.02247826;0.04593676;0.34483793
-0.020501977;0.047913045;0.35274309
-0.02247826;0.04593676;0.35274309
-0.020501977;0.04593676;0.35274309
-0.02247826;0.04593676;0.35274309
-0.02247826;0.04593676;0.35274309
-0.02247826;0.04593676;0.35274309
-0.02247826;0.04593676;0.35274309
-0.024454545;0.04593676;0.35274309
-0.02247826;0.04593676;0.35274309
-0.02247826;0.04593676;0.35274309
-0.02247826;0.04593676;0.35274309
-0.02247826;0.043960474;0.35274309
-0.02247826;0.043960474;0.35274309
-0.02247826;0.04593676;0.35274309
-0.02247826;0.04593676;0.35274309
-0.024454545;0.04593676;0.35274309
-0.02247826;0.04593676;0.35274309
-0.02247826;0.043960474;0.35274309
-0.02247826;0.043960474;0.34483793
-0.024454545;0.043960474;0.35274309
-0.024454545;0.043960474;0.35274309
-0.024454545;0.043960474;0.35274309
-0.024454545;0.043960474;0.35274309
-0.024454545;0.043960474;0.35274309
-0.02643083;0.043960474;0.34483793
-0.024454545;0.043960474;0.35274309
-0.02247826;0.043960474;0.35274309
-0.024454545;0.043960474;0.34483793
-0.024454545;0.043960474;0.35274309
-0.024454545;0.041984189;0.35274309
-0.024454545;0.041984189;0.35274309
-0.02247826;0.043960474;0.34483793
-0.02247826;0.043960474;0.35274309
-0.024454545;0.043960474;0.35274309
-0.02643083;0.041984189;0.35274309
-0.024454545;0.041984189;0.35274309
-0.024454545;0.043960474;0.35274309
-0.02643083;0.041984189;0.35274309
-0.024454545;0.041984189;0.35274309
-0.02643083;0.041984189;0.35274309
-0.024454545;0.041984189;0.35274309
-0.024454545;0.041984189;0.34483793
-0.024454545;0.041984189;0.35274309
-0.024454545;0.041984189;0.35274309
-0.024454545;0.041984189;0.35274309
-0.024454545;0.041984189;0.35274309
-0.02643083;0.041984189;0.35274309
-0.02643083;0.041984189;0.35274309
-0.02643083;0.041984189;0.35274309
-0.024454545;0.041984189;0.35274309
-0.02643083;0.041984189;0.35274309
-0.02643083;0.041984189;0.35274309
-0.024454545;0.040007904;0.35274309
-0.02643083;0.041984189;0.35274309
-0.024454545;0.041984189;0.35274309
-0.02643083;0.040007904;0.35274309
-0.02643083;0.040007904;0.35274309
-0.02643083;0.040007904;0.35274309
-0.02643083;0.040007904;0.35274309
-0.02643083;0.040007904;0.35274309
-0.02643083;0.040007904;0.34483793
-0.024454545;0.040007904;0.34483793
-0.028407115;0.040007904;0.35274309
-0.02643083;0.040007904;0.35274309
-0.02643083;0.040007904;0.34483793
-0.028407115;0.040007904;0.35274309
-0.02643083;0.040007904;0.35274309
-0.02643083;0.040007904;0.34483793
-0.02643083;0.040007904;0.35274309
-0.02643083;0.038031619;0.35274309
-0.02643083;0.040007904;0.35274309
-0.02643083;0.040007904;0.35274309
-0.028407115;0.040007904;0.35274309
-0.02643083;0.040007904;0.35274309
-0.028407115;0.038031619;0.35274309
-0.02643083;0.038031619;0.34483793
-0.028407115;0.040007904;0.35274309
-0.02643083;0.038031619;0.35274309
-0.028407115;0.038031619;0.35274309
-0.028407115;0.038031619;0.34483793
-0.02643083;0.038031619;0.35274309
-0.028407115;0.038031619;0.35274309
-0.02643083;0.038031619;0.35274309
-0.028407115;0.038031619;0.35274309
-0.030383399;0.038031619;0.35274309
-0.028407115;0.038031619;0.34483793
-0.028407115;0.038031619;0.35274309
-0.028407115;0.038031619;0.35274309
-0.028407115;0.038031619;0.35274309
-0.028407115;0.036055338;0.34483793
-0.028407115;0.038031619;0.35274309
-0.028407115;0.036055338;0.35274309
-0.028407115;0.036055338;0.35274309
-0.028407115;0.038031619;0.34483793
-0.028407115;0.036055338;0.35274309
-0.030383399;0.036055338;0.35274309
-0.028407115;0.036055338;0.34483793
-0.02643083;0.036055338;0.35274309
-0.030383399;0.036055338;0.34483793
-0.028407115;0.036055338;0.35274309
-0.028407115;0.036055338;0.35274309
-0.028407115;0.038031619;0.34483793
-0.028407115;0.036055338;0.34483793
-0.028407115;0.036055338;0.35274309
-0.030383399;0.036055338;0.35274309
-0.028407115;0.036055338;0.34483793
-0.028407115;0.036055338;0.35274309
-0.028407115;0.036055338;0.35274309
-0.028407115;0.036055338;0.35274309
-0.028407115;0.036055338;0.35274309
-0.030383399;0.034079053;0.35274309
-0.028407115;0.034079053;0.35274309
-0.030383399;0.034079053;0.35274309
-0.028407115;0.034079053;0.34483793
-0.030383399;0.034079053;0.35274309
-0.028407115;0.034079053;0.35274309
-0.028407115;0.036055338;0.35274309
-0.028407115;0.034079053;0.34483793
-0.028407115;0.034079053;0.35274309
-0.030383399;0.034079053;0.35274309
-0.028407115;0.034079053;0.35274309
-0.028407115;0.034079053;0.34483793
-0.028407115;0.034079053;0.35274309
-0.028407115;0.034079053;0.35274309
-0.028407115;0.032102767;0.35274309
-0.028407115;0.034079053;0.35274309
-0.030383399;0.034079053;0.35274309
-0.028407115;0.034079053;0.35274309
-0.030383399;0.034079053;0.35274309
-0.028407115;0.034079053;0.34483793
-0.028407115;0.034079053;0.35274309
-0.028407115;0.032102767;0.34483793
-0.030383399;0.032102767;0.35274309
-0.030383399;0.032102767;0.35274309
-0.028407115;0.034079053;0.35274309
-0.030383399;0.032102767;0.34483793
-0.028407115;0.032102767;0.34483793
-0.028407115;0.032102767;0.35274309
-0.030383399;0.032102767;0.35274309
-0.028407115;0.032102767;0.35274309
-0.028407115;0.032102767;0.35274309
-0.030383399;0.034079053;0.35274309
-0.028407115;0.032102767;0.35274309
-0.028407115;0.032102767;0.35274309
-0.030383399;0.032102767;0.34483793
-0.030383399;0.032102767;0.34483793
-0.030383399;0.032102767;0.35274309
-0.028407115;0.032102767;0.35274309
-0.030383399;0.032102767;0.35274309
-0.028407115;0.032102767;0.35274309
-0.028407115;0.030126482;0.35274309
-0.028407115;0.030126482;0.35274309
-0.030383399;0.030126482;0.35274309
-0.028407115;0.030126482;0.35274309
-0.028407115;0.030126482;0.34483793
-0.030383399;0.030126482;0.34483793
-0.030383399;0.030126482;0.35274309
-0.028407115;0.030126482;0.34483793
-0.030383399;0.030126482;0.34483793
-0.030383399;0.030126482;0.34483793
-0.030383399;0.030126482;0.35274309
-0.030383399;0.030126482;0.34483793
-0.030383399;0.030126482;0.35274309
-0.028407115;0.028150197;0.34483793
-0.030383399;0.030126482;0.35274309
-0.028407115;0.030126482;0.35274309
-0.030383399;0.028150197;0.35274309
-0.030383399;0.028150197;0.35274309
-0.030383399;0.030126482;0.35274309
-0.030383399;0.028150197;0.35274309
-0.028407115;0.028150197;0.34483793
-0.028407115;0.028150197;0.35274309
-0.030383399;0.028150197;0.35274309
-0.030383399;0.026173914;0.34483793
-0.028407115;0.028150197;0.35274309
-0.028407115;0.026173914;0.35274309
-0.030383399;0.026173914;0.35274309
-0.030383399;0.028150197;0.35274309
-0.030383399;0.028150197;0.35274309
-0.030383399;0.026173914;0.35274309
-0.030383399;0.026173914;0.35274309
-0.030383399;0.026173914;0.35274309
-0.030383399;0.026173914;0.34483793
-0.028407115;0.026173914;0.35274309
-0.030383399;0.026173914;0.35274309
-0.028407115;0.026173914;0.35274309
-0.030383399;0.026173914;0.34483793
-0.030383399;0.024197629;0.35274309
-0.030383399;0.026173914;0.35274309
-0.030383399;0.026173914;0.35274309
-0.030383399;0.026173914;0.35274309
-0.028407115;0.026173914;0.35274309
-0.028407115;0.026173914;0.35274309
-0.028407115;0.026173914;0.35274309
-0.028407115;0.026173914;0.35274309
-0.028407115;0.026173914;0.35274309
-0.028407115;0.024197629;0.35274309
-0.030383399;0.026173914;0.35274309
-0.030383399;0.024197629;0.35274309
-0.028407115;0.024197629;0.35274309
-0.028407115;0.024197629;0.35274309
-0.028407115;0.024197629;0.35274309
-0.028407115;0.024197629;0.35274309
-0.028407115;0.024197629;0.35274309
-0.028407115;0.022221344;0.35274309
-0.030383399;0.024197629;0.35274309
-0.028407115;0.022221344;0.35274309
-0.028407115;0.024197629;0.35274309
-0.028407115;0.022221344;0.35274309
-0.030383399;0.022221344;0.35274309
-0.030383399;0.022221344;0.35274309
-0.028407115;0.022221344;0.35274309
-0.028407115;0.024197629;0.34483793
-0.030383399;0.024197629;0.35274309
-0.030383399;0.024197629;0.35274309
-0.028407115;0.022221344;0.35274309
-0.028407115;0.022221344;0.35274309
-0.028407115;0.022221344;0.35274309
-0.028407115;0.022221344;0.34483793
-0.030383399;0.022221344;0.35274309
-0.028407115;0.022221344;0.34483793
-0.028407115;0.022221344;0.35274309
-0.028407115;0.020245058;0.35274309
-0.030383399;0.022221344;0.35274309
-0.030383399;0.022221344;0.35274309
-0.030383399;0.022221344;0.34483793
-0.028407115;0.020245058;0.35274309
-0.028407115;0.020245058;0.35274309
-0.030383399;0.020245058;0.35274309
-0.028407115;0.022221344;0.35274309
-0.028407115;0.020245058;0.35274309
-0.030383399;0.020245058;0.35274309
-0.028407115;0.020245058;0.35274309
-0.030383399;0.020245058;0.35274309
-0.030383399;0.020245058;0.35274309
-0.028407115;0.020245058;0.35274309
-0.028407115;0.020245058;0.34483793
-0.028407115;0.020245058;0.35274309
-0.028407115;0.020245058;0.35274309
-0.030383399;0.020245058;0.35274309
-0.028407115;0.020245058;0.35274309
-0.028407115;0.020245058;0.35274309
-0.028407115;0.020245058;0.35274309
-0.02643083;0.020245058;0.35274309
-0.028407115;0.018268775;0.35274309
-0.028407115;0.020245058;0.35274309
-0.030383399;0.020245058;0.35274309
-0.028407115;0.020245058;0.35274309
-0.028407115;0.018268775;0.35274309
-0.02643083;0.020245058;0.35274309
-0.028407115;0.018268775;0.35274309
-0.02643083;0.018268775;0.35274309
-0.02643083;0.018268775;0.35274309
-0.028407115;0.018268775;0.35274309
-0.02643083;0.020245058;0.35274309
-0.028407115;0.018268775;0.35274309
-0.030383399;0.018268775;0.34483793
-0.028407115;0.018268775;0.35274309
-0.028407115;0.018268775;0.34483793
-0.028407115;0.01629249;0.35274309
-0.02643083;0.018268775;0.35274309
-0.02643083;0.01629249;0.35274309
-0.02643083;0.01629249;0.35274309
-0.028407115;0.01629249;0.34483793
-0.02643083;0.01629249;0.35274309
-0.028407115;0.01629249;0.35274309
-0.024454545;0.014316206;0.35274309
-0.02643083;0.01629249;0.34483793
-0.028407115;0.01629249;0.35274309
-0.02643083;0.01629249;0.35274309
-0.02643083;0.01629249;0.35274309
-0.02643083;0.014316206;0.35274309
-0.02643083;0.01629249;0.35274309
-0.02643083;0.01629249;0.34483793
-0.02643083;0.014316206;0.35274309
-0.02643083;0.01629249;0.35274309
-0.02643083;0.014316206;0.35274309
-0.028407115;0.01629249;0.35274309
-0.02643083;0.014316206;0.35274309
-0.02643083;0.014316206;0.35274309
-0.024454545;0.014316206;0.34483793
-0.024454545;0.014316206;0.35274309
-0.02643083;0.014316206;0.35274309
-0.02643083;0.012339921;0.35274309
-0.02643083;0.014316206;0.35274309
-0.02643083;0.014316206;0.34483793
-0.02643083;0.014316206;0.35274309
-0.02643083;0.014316206;0.35274309
-0.02643083;0.012339921;0.34483793
-0.024454545;0.012339921;0.34483793
-0.024454545;0.012339921;0.35274309
-0.02643083;0.012339921;0.35274309
-0.024454545;0.014316206;0.35274309
-0.024454545;0.012339921;0.35274309
-0.024454545;0.014316206;0.34483793
-0.02643083;0.012339921;0.35274309
-0.024454545;0.012339921;0.34483793
-0.024454545;0.012339921;0.35274309
-0.024454545;0.012339921;0.35274309
-0.024454545;0.012339921;0.34483793
-0.02643083;0.010363637;0.35274309
-0.024454545;0.012339921;0.34483793
-0.02247826;0.012339921;0.35274309
-0.024454545;0.012339921;0.34483793
-0.024454545;0.012339921;0.35274309
-0.02247826;0.012339921;0.35274309
-0.024454545;0.012339921;0.35274309
-0.02247826;0.012339921;0.35274309
-0.02247826;0.010363637;0.35274309
-0.02247826;0.010363637;0.35274309
-0.024454545;0.010363637;0.35274309
-0.024454545;0.010363637;0.35274309
-0.02247826;0.010363637;0.35274309
-0.02247826;0.010363637;0.35274309
-0.02247826;0.010363637;0.35274309
-0.02247826;0.010363637;0.35274309
-0.02247826;0.010363637;0.34483793
-0.02247826;0.010363637;0.35274309
-0.02247826;0.010363637;0.35274309
-0.02247826;0.010363637;0.35274309
-0.020501977;0.010363637;0.35274309
-0.02247826;0.010363637;0.35274309
-0.02247826;0.010363637;0.35274309
-0.02247826;0.010363637;0.34483793
-0.02247826;0.010363637;0.35274309
-0.02247826;0.010363637;0.35274309
-0.020501977;0.010363637;0.35274309
-0.02247826;0.010363637;0.35274309
-0.02247826;0.0083873514;0.35274309
-0.02247826;0.010363637;0.35274309
-0.02247826;0.0083873514;0.35274309
-0.02247826;0.0064110672;0.35274309
-0.02247826;0.0083873514;0.35274309
-0.02247826;0.0083873514;0.34483793
-0.02247826;0.0083873514;0.35274309
-0.020501977;0.0083873514;0.35274309
-0.02247826;0.0083873514;0.34483793
-0.02247826;0.0083873514;0.35274309
-0.020501977;0.0083873514;0.35274309
-0.020501977;0.0064110672;0.35274309
-0.020501977;0.0064110672;0.35274309
-0.020501977;0.0083873514;0.35274309
-0.020501977;0.0064110672;0.34483793
-0.020501977;0.0064110672;0.34483793
-0.020501977;0.0064110672;0.34483793
-0.02247826;0.0064110672;0.35274309
-0.018525692;0.0064110672;0.35274309
-0.020501977;0.0064110672;0.35274309
-0.020501977;0.0083873514;0.35274309
-0.020501977;0.0064110672;0.35274309
-0.020501977;0.0064110672;0.35274309
-0.018525692;0.0064110672;0.35274309
-0.020501977;0.0064110672;0.35274309
-0.018525692;0.0064110672;0.34483793
-0.018525692;0.0064110672;0.35274309
-0.018525692;0.0064110672;0.35274309
-0.018525692;0.0064110672;0.34483793
-0.020501977;0.0044347825;0.35274309
-0.018525692;0.0064110672;0.35274309
-0.018525692;0.0064110672;0.35274309
-0.018525692;0.0044347825;0.35274309
-0.016549407;0.0064110672;0.35274309
-0.018525692;0.0064110672;0.35274309
-0.016549407;0.0044347825;0.35274309
-0.016549407;0.0064110672;0.35274309
-0.016549407;0.0024584981;0.35274309
-0.018525692;0.0044347825;0.35274309
-0.016549407;0.0024584981;0.34483793
-0.018525692;0.0044347825;0.34483793
-0.016549407;0.0044347825;0.34483793
-0.018525692;0.0064110672;0.35274309
-0.016549407;0.0044347825;0.34483793
-0.018525692;0.0044347825;0.35274309
-0.016549407;0.0044347825;0.34483793
-0.016549407;0.0044347825;0.35274309
-0.016549407;0.0024584981;0.35274309
-0.016549407;0.0024584981;0.35274309
-0.016549407;0.0024584981;0.35274309
-0.016549407;0.0044347825;0.35274309
-0.016549407;0.0024584981;0.35274309
-0.016549407;0.0024584981;0.34483793
-0.016549407;0.0024584981;0.34483793
-0.016549407;0.0024584981;0.34483793
-0.016549407;0.0024584981;0.35274309
-0.016549407;0.0044347825;0.35274309
-0.016549407;0.0024584981;0.34483793
-0.016549407;0.0024584981;0.34483793
-0.016549407;0.00048221345;0.34483793
-0.016549407;0.0024584981;0.35274309
-0.016549407;0.0024584981;0.35274309
-0.016549407;0.00048221345;0.35274309
-0.014573122;0.0024584981;0.34483793
-0.014573122;0.00048221345;0.35274309
-0.014573122;0.00048221345;0.35274309
-0.014573122;0.00048221345;0.35274309
-0.014573122;0.0024584981;0.34483793
-0.014573122;0.00048221345;0.35274309
-0.016549407;0.00048221345;0.35274309
-0.014573122;0.00048221345;0.35274309
-0.014573122;0.00048221345;0.34483793
-0.012596838;0.00048221345;0.34483793
-0.012596838;0.00048221345;0.34483793
-0.014573122;0.00048221345;0.34483793
-0.014573122;0.00048221345;0.34483793
-0.012596838;0.00048221345;0.35274309
-0.014573122;0.00048221345;0.35274309
-0.012596838;0.00048221345;0.35274309
-0.014573122;0.00048221345;0.35274309
-0.014573122;0.00048221345;0.35274309
-0.014573122;0.00048221345;0.35274309
-0.012596838;0.00048221345;0.35274309
-0.014573122;0.00048221345;0.35274309
-0.012596838;0.00048221345;0.34483793
-0.012596838;0.00048221345;0.34483793
-0.012596838;-0.0014940711;0.35274309
-0.012596838;-0.0014940711;0.35274309
-0.012596838;0.00048221345;0.35274309
-0.012596838;0.00048221345;0.35274309
-0.012596838;-0.0014940711;0.35274309
-0.012596838;-0.0014940711;0.35274309
-0.012596838;-0.0014940711;0.35274309
-0.012596838;-0.0014940711;0.35274309
-0.012596838;-0.0014940711;0.35274309
-0.012596838;-0.0014940711;0.35274309
-0.012596838;-0.0014940711;0.34483793
-0.012596838;-0.0034703556;0.35274309
-0.010620553;-0.0014940711;0.35274309
-0.010620553;-0.0034703556;0.35274309
-0.012596838;-0.0034703556;0.35274309
-0.010620553;-0.0034703556;0.34483793
-0.010620553;-0.0014940711;0.35274309
-0.010620553;-0.0034703556;0.35274309
-0.010620553;-0.0034703556;0.34483793
-0.010620553;-0.0034703556;0.35274309
-0.010620553;-0.0034703556;0.34483793
-0.0086442688;-0.0034703556;0.34483793
-0.010620553;-0.0034703556;0.35274309
-0.010620553;-0.0034703556;0.35274309
-0.010620553;-0.0034703556;0.35274309
-0.0086442688;-0.0034703556;0.35274309
-0.0086442688;-0.0034703556;0.35274309
-0.0086442688;-0.0034703556;0.34483793
-0.010620553;-0.0034703556;0.34483793
-0.0086442688;-0.0034703556;0.35274309
-0.010620553;-0.0054466403;0.35274309
-0.0086442688;-0.0034703556;0.35274309
-0.0086442688;-0.0054466403;0.34483793
-0.010620553;-0.0034703556;0.35274309
-0.0086442688;-0.0034703556;0.35274309
-0.0086442688;-0.0034703556;0.35274309
-0.0086442688;-0.0034703556;0.35274309
-0.010620553;-0.0054466403;0.35274309
-0.0086442688;-0.0034703556;0.34483793
-0.0086442688;-0.0054466403;0.35274309
-0.0086442688;-0.0034703556;0.35274309
-0.0086442688;-0.0054466403;0.35274309
-0.0066679842;-0.0054466403;0.35274309
-0.0066679842;-0.0054466403;0.35274309
-0.0086442688;-0.0054466403;0.35274309
-0.0046916995;-0.0034703556;0.35274309
-0.0066679842;-0.0054466403;0.35274309
-0.0066679842;-0.0054466403;0.35274309
-0.0066679842;-0.0054466403;0.35274309
-0.0066679842;-0.0054466403;0.35274309
-0.0066679842;-0.0054466403;0.35274309
-0.0066679842;-0.0054466403;0.35274309
-0.0066679842;-0.0054466403;0.35274309
-0.0066679842;-0.0054466403;0.34483793
-0.0066679842;-0.0054466403;0.35274309
-0.0066679842;-0.0054466403;0.34483793
-0.0066679842;-0.0054466403;0.34483793
-0.0066679842;-0.0054466403;0.35274309
-0.0046916995;-0.0054466403;0.35274309
-0.0046916995;-0.0054466403;0.35274309
-0.0046916995;-0.0054466403;0.35274309
-0.0046916995;-0.007422925;0.35274309
-0.0046916995;-0.0054466403;0.35274309
-0.0046916995;-0.0054466403;0.35274309
-0.0046916995;-0.0054466403;0.35274309
-0.0046916995;-0.007422925;0.35274309
-0.0027154151;-0.007422925;0.35274309
-0.0027154151;-0.007422925;0.35274309
-0.0046916995;-0.007422925;0.34483793
-0.0046916995;-0.007422925;0.34483793
-0.0046916995;-0.007422925;0.35274309
-0.0027154151;-0.007422925;0.35274309
-0.0027154151;-0.007422925;0.35274309
-0.0027154151;-0.007422925;0.34483793
-0.0027154151;-0.007422925;0.34483793
-0.0027154151;-0.007422925;0.34483793
-0.0027154151;-0.007422925;0.35274309
-0.0027154151;-0.007422925;0.35274309
-0.0027154151;-0.0093992092;0.35274309
-0.0027154151;-0.0093992092;0.34483793
-0.0027154151;-0.0093992092;0.35274309
-0.0027154151;-0.0093992092;0.35274309
-0.0027154151;-0.0093992092;0.35274309
-0.0027154151;-0.0093992092;0.35274309
-0.00073913042;-0.0093992092;0.34483793
-0.00073913042;-0.0093992092;0.35274309
-0.0027154151;-0.0093992092;0.35274309
-0.00073913042;-0.0093992092;0.34483793
-0.00073913042;-0.0093992092;0.35274309
-0.00073913042;-0.0093992092;0.35274309
-0.00073913042;-0.0093992092;0.35274309
-0.0027154151;-0.0093992092;0.35274309
-0.00073913042;-0.0093992092;0.35274309
-0.00073913042;-0.0093992092;0.35274309
0.0012371541;-0.0093992092;0.34483793
-0.00073913042;-0.0093992092;0.35274309
-0.00073913042;-0.011375494;0.34483793
-0.00073913042;-0.0093992092;0.34483793
0.0012371541;-0.011375494;0.35274309
-0.00073913042;-0.011375494;0.35274309
0.0012371541;-0.011375494;0.34483793
0.0012371541;-0.0093992092;0.35274309
0.0012371541;-0.011375494;0.35274309
0.0012371541;-0.011375494;0.35274309
-0.00073913042;-0.011375494;0.35274309
0.0032134387;-0.011375494;0.35274309
0.0012371541;-0.011375494;0.35274309
0.0032134387;-0.011375494;0.35274309
0.0012371541;-0.0093992092;0.34483793
0.0051897233;-0.0093992092;0.34483793
0.0032134387;-0.0093992092;0.35274309
0.0032134387;-0.011375494;0.35274309
0.0032134387;-0.011375494;0.34483793
0.0032134387;-0.011375494;0.35274309
0.0032134387;-0.011375494;0.34483793
0.0032134387;-0.011375494;0.35274309
0.0032134387;-0.011375494;0.35274309
0.0032134387;-0.011375494;0.35274309
0.0051897233;-0.011375494;0.35274309
0.0051897233;-0.011375494;0.35274309
0.0051897233;-0.011375494;0.35274309
0.0051897233;-0.0093992092;0.35274309
0.0051897233;-0.013351778;0.35274309
0.007166008;-0.011375494;0.35274309
0.0051897233;-0.011375494;0.35274309
0.007166008;-0.011375494;0.35274309
0.0051897233;-0.013351778;0.35274309
0.0051897233;-0.011375494;0.35274309
0.007166008;-0.013351778;0.35274309
0.007166008;-0.011375494;0.34483793
0.0051897233;-0.011375494;0.34483793
0.007166008;-0.013351778;0.35274309
0.007166008;-0.013351778;0.35274309
0.007166008;-0.013351778;0.34483793
0.007166008;-0.013351778;0.35274309
0.007166008;-0.013351778;0.34483793
0.007166008;-0.013351778;0.35274309
0.007166008;-0.013351778;0.35274309
0.007166008;-0.013351778;0.35274309
0.007166008;-0.011375494;0.35274309
0.0091422927;-0.013351778;0.35274309
0.0091422927;-0.013351778;0.34483793
0.007166008;-0.013351778;0.35274309
0.0091422927;-0.013351778;0.35274309
0.0091422927;-0.013351778;0.35274309
0.0091422927;-0.013351778;0.34483793
0.0091422927;-0.015328064;0.35274309
0.011118577;-0.013351778;0.35274309
0.0091422927;-0.015328064;0.35274309
0.011118577;-0.015328064;0.35274309
0.011118577;-0.015328064;0.34483793
0.0091422927;-0.017304348;0.35274309
0.0091422927;-0.015328064;0.35274309
0.011118577;-0.015328064;0.34483793
0.0091422927;-0.013351778;0.35274309
0.0091422927;-0.015328064;0.35274309
0.011118577;-0.015328064;0.34483793
0.011118577;-0.015328064;0.35274309
0.011118577;-0.015328064;0.35274309
0.013094862;-0.015328064;0.35274309
0.011118577;-0.015328064;0.35274309
0.011118577;-0.015328064;0.35274309
0.011118577;-0.015328064;0.35274309
0.013094862;-0.017304348;0.35274309
0.013094862;-0.015328064;0.35274309
0.013094862;-0.015328064;0.35274309
0.015071146;-0.015328064;0.35274309
0.013094862;-0.015328064;0.35274309
0.013094862;-0.017304348;0.34483793
0.015071146;-0.017304348;0.35274309
0.013094862;-0.015328064;0.34483793
0.015071146;-0.015328064;0.35274309
0.013094862;-0.017304348;0.34483793
0.015071146;-0.015328064;0.35274309
0.015071146;-0.017304348;0.35274309
0.015071146;-0.017304348;0.35274309
0.015071146;-0.015328064;0.35274309
0.015071146;-0.015328064;0.35274309
0.013094862;-0.017304348;0.34483793
0.013094862;-0.015328064;0.35274309
0.017047431;-0.017304348;0.35274309
0.015071146;-0.017304348;0.35274309
0.017047431;-0.017304348;0.35274309
0.017047431;-0.017304348;0.35274309
0.015071146;-0.017304348;0.35274309
0.017047431;-0.017304348;0.34483793
0.017047431;-0.017304348;0.35274309
0.017047431;-0.017304348;0.35274309
0.017047431;-0.017304348;0.34483793
0.017047431;-0.019280633;0.35274309
0.017047431;-0.017304348;0.35274309
0.017047431;-0.017304348;0.35274309
0.017047431;-0.017304348;0.34483793
0.017047431;-0.017304348;0.34483793
0.017047431;-0.017304348;0.34483793
0.019023715;-0.017304348;0.35274309
0.019023715;-0.017304348;0.35274309
0.017047431;-0.017304348;0.35274309
0.019023715;-0.017304348;0.35274309
0.019023715;-0.017304348;0.35274309
0.017047431;-0.017304348;0.35274309
0.019023715;-0.017304348;0.35274309
0.019023715;-0.017304348;0.35274309
0.019023715;-0.017304348;0.35274309
0.019023715;-0.017304348;0.35274309
0.019023715;-0.017304348;0.35274309
0.019023715;-0.019280633;0.35274309
0.021;-0.017304348;0.35274309
0.021;-0.017304348;0.34483793
0.021;-0.017304348;0.35274309
0.019023715;-0.019280633;0.34483793
0.021;-0.019280633;0.35274309
0.021;-0.019280633;0.35274309
0.021;-0.017304348;0.35274309
0.021;-0.019280633;0.35274309
0.021;-0.019280633;0.35274309
0.021;-0.019280633;0.35274309
0.021;-0.017304348;0.35274309
0.021;-0.019280633;0.35274309
0.021;-0.019280633;0.35274309
0.021;-0.019280633;0.34483793
0.021;-0.019280633;0.35274309
0.022976285;-0.019280633;0.35274309
0.022976285;-0.019280633;0.35274309
0.021;-0.019280633;0.34483793
0.022976285;-0.019280633;0.35274309
0.022976285;-0.019280633;0.34483793
0.022976285;-0.019280633;0.35274309
0.022976285;-0.019280633;0.34483793
0.022976285;-0.019280633;0.35274309
0.022976285;-0.019280633;0.35274309
0.022976285;-0.019280633;0.35274309
0.02495257;-0.019280633;0.34483793
0.02495257;-0.019280633;0.35274309
0.022976285;-0.019280633;0.34483793
0.022976285;-0.019280633;0.35274309
0.02495257;-0.021256916;0.35274309
0.02495257;-0.021256916;0.34483793
0.02495257;-0.021256916;0.35274309
0.022976285;-0.019280633;0.35274309
0.02495257;-0.019280633;0.35274309
0.02495257;-0.019280633;0.35274309
0.02495257;-0.021256916;0.35274309
0.02495257;-0.019280633;0.35274309
0.026928853;-0.021256916;0.34483793
0.026928853;-0.019280633;0.35274309
0.026928853;-0.021256916;0.34483793
0.02495257;-0.021256916;0.35274309
0.02495257;-0.019280633;0.35274309
0.026928853;-0.019280633;0.34483793
0.026928853;-0.021256916;0.35274309
0.02495257;-0.021256916;0.35274309
0.028905138;-0.019280633;0.35274309
0.026928853;-0.021256916;0.35274309
0.026928853;-0.019280633;0.35274309
0.026928853;-0.021256916;0.34483793
0.028905138;-0.021256916;0.35274309
0.028905138;-0.021256916;0.35274309
0.028905138;-0.021256916;0.34483793
0.028905138;-0.021256916;0.35274309
0.028905138;-0.021256916;0.35274309
0.028905138;-0.021256916;0.35274309
0.028905138;-0.021256916;0.35274309
0.028905138;-0.021256916;0.35274309
0.030881424;-0.021256916;0.35274309
0.028905138;-0.021256916;0.35274309
0.030881424;-0.021256916;0.34483793
0.030881424;-0.021256916;0.35274309
0.030881424;-0.021256916;0.34483793
0.030881424;-0.021256916;0.35274309
0.030881424;-0.021256916;0.35274309
0.030881424;-0.021256916;0.35274309
0.028905138;-0.021256916;0.35274309
0.030881424;-0.023233201;0.35274309
0.030881424;-0.023233201;0.35274309
0.030881424;-0.021256916;0.35274309
0.030881424;-0.023233201;0.35274309
0.032857709;-0.023233201;0.35274309
0.032857709;-0.023233201;0.35274309
0.030881424;-0.021256916;0.35274309
0.032857709;-0.021256916;0.34483793
0.032857709;-0.021256916;0.35274309
0.032857709;-0.023233201;0.35274309
0.032857709;-0.021256916;0.35274309
0.032857709;-0.021256916;0.35274309
0.032857709;-0.023233201;0.35274309
0.032857709;-0.023233201;0.34483793
0.032857709;-0.021256916;0.35274309
0.034833994;-0.023233201;0.35274309
0.032857709;-0.023233201;0.35274309
0.034833994;-0.023233201;0.34483793
0.032857709;-0.023233201;0.35274309
0.034833994;-0.023233201;0.35274309
0.032857709;-0.023233201;0.35274309
0.032857709;-0.023233201;0.35274309
0.034833994;-0.023233201;0.35274309
0.034833994;-0.023233201;0.35274309
0.034833994;-0.023233201;0.34483793
0.034833994;-0.023233201;0.35274309
0.034833994;-0.023233201;0.35274309
0.034833994;-0.023233201;0.35274309
0.034833994;-0.023233201;0.35274309
0.034833994;-0.023233201;0.35274309
0.036810275;-0.023233201;0.35274309
0.034833994;-0.023233201;0.35274309
0.036810275;-0.023233201;0.35274309
0.034833994;-0.021256916;0.34483793
0.036810275;-0.023233201;0.35274309
0.036810275;-0.023233201;0.34483793
0.034833994;-0.023233201;0.34483793
0.03878656;-0.023233201;0.35274309
0.03878656;-0.023233201;0.35274309
0.036810275;-0.023233201;0.34483793
0.03878656;-0.023233201;0.35274309
0.03878656;-0.023233201;0.35274309
0.03878656;-0.021256916;0.34483793
0.03878656;-0.023233201;0.35274309
0.03878656;-0.025209486;0.35274309
0.040762845;-0.023233201;0.35274309
0.03878656;-0.023233201;0.34483793
0.03878656;-0.023233201;0.34483793
0.03878656;-0.023233201;0.34483793
0.040762845;-0.025209486;0.34483793
0.03878656;-0.023233201;0.34483793
0.040762845;-0.025209486;0.35274309
0.040762845;-0.023233201;0.35274309
0.03878656;-0.023233201;0.34483793
0.040762845;-0.023233201;0.35274309
0.040762845;-0.023233201;0.35274309
0.040762845;-0.023233201;0.34483793
0.040762845;-0.023233201;0.35274309
0.040762845;-0.023233201;0.35274309
0.040762845;-0.023233201;0.35274309
0.040762845;-0.025209486;0.35274309
0.040762845;-0.025209486;0.34483793
0.040762845;-0.025209486;0.35274309
0.040762845;-0.023233201;0.35274309
0.042739131;-0.023233201;0.35274309
0.042739131;-0.023233201;0.35274309
0.042739131;-0.023233201;0.34483793
0.040762845;-0.025209486;0.35274309
0.040762845;-0.025209486;0.35274309
0.042739131;-0.025209486;0.35274309
0.042739131;-0.025209486;0.35274309
0.042739131;-0.023233201;0.34483793
0.042739131;-0.023233201;0.35274309
0.042739131;-0.023233201;0.35274309
0.042739131;-0.025209486;0.35274309
0.044715416;-0.025209486;0.35274309
0.044715416;-0.025209486;0.35274309
0.044715416;-0.025209486;0.35274309
0.046691701;-0.025209486;0.35274309
0.044715416;-0.025209486;0.35274309
0.044715416;-0.023233201;0.35274309
0.046691701;-0.023233201;0.35274309
0.044715416;-0.023233201;0.35274309
0.044715416;-0.023233201;0.35274309
0.044715416;-0.025209486;0.35274309
0.046691701;-0.023233201;0.35274309
0.042739131;-0.025209486;0.35274309
0.046691701;-0.025209486;0.35274309
0.046691701;-0.025209486;0.35274309
0.046691701;-0.025209486;0.35274309
0.046691701;-0.025209486;0.35274309
0.046691701;-0.025209486;0.35274309
0.046691701;-0.025209486;0.35274309
0.046691701;-0.025209486;0.35274309
0.048667986;-0.025209486;0.34483793
0.046691701;-0.025209486;0.35274309
0.046691701;-0.025209486;0.35274309
0.046691701;-0.025209486;0.35274309
0.046691701;-0.025209486;0.34483793
0.048667986;-0.025209486;0.35274309
0.048667986;-0.025209486;0.35274309
0.048667986;-0.025209486;0.35274309
0.048667986;-0.025209486;0.34483793
0.048667986;-0.025209486;0.35274309
0.048667986;-0.023233201;0.35274309
0.046691701;-0.025209486;0.35274309
0.048667986;-0.027185772;0.34483793
0.048667986;-0.025209486;0.35274309
0.048667986;-0.025209486;0.35274309
0.048667986;-0.025209486;0.35274309
0.048667986;-0.025209486;0.34483793
0.050644267;-0.025209486;0.35274309
0.048667986;-0.025209486;0.35274309
0.050644267;-0.025209486;0.34483793
0.050644267;-0.025209486;0.34483793
0.050644267;-0.025209486;0.34483793
0.048667986;-0.025209486;0.34483793
0.052620552;-0.025209486;0.35274309
0.050644267;-0.025209486;0.34483793
0.052620552;-0.025209486;0.35274309
0.050644267;-0.027185772;0.35274309
0.050644267;-0.025209486;0.35274309
0.052620552;-0.025209486;0.35274309
0.052620552;-0.023233201;0.35274309
0.052620552;-0.027185772;0.35274309
0.052620552;-0.025209486;0.35274309
0.052620552;-0.025209486;0.35274309
0.052620552;-0.025209486;0.35274309
0.052620552;-0.025209486;0.35274309
0.052620552;-0.025209486;0.35274309
0.052620552;-0.025209486;0.35274309
0.052620552;-0.025209486;0.34483793
0.050644267;-0.025209486;0.35274309
0.054596838;-0.025209486;0.35274309
0.052620552;-0.025209486;0.35274309
0.052620552;-0.025209486;0.35274309
0.052620552;-0.025209486;0.35274309
0.052620552;-0.025209486;0.35274309
0.054596838;-0.025209486;0.35274309
0.052620552;-0.025209486;0.34483793
0.052620552;-0.025209486;0.35274309
0.054596838;-0.025209486;0.35274309
0.054596838;-0.025209486;0.35274309
0.054596838;-0.025209486;0.35274309
0.054596838;-0.025209486;0.35274309
0.054596838;-0.025209486;0.35274309
0.052620552;-0.025209486;0.34483793
0.056573123;-0.025209486;0.34483793
0.054596838;-0.025209486;0.35274309
0.054596838;-0.025209486;0.34483793
0.054596838;-0.025209486;0.35274309
0.054596838;-0.025209486;0.35274309
0.056573123;-0.025209486;0.35274309
0.056573123;-0.025209486;0.35274309
0.056573123;-0.025209486;0.35274309
0.056573123;-0.027185772;0.35274309
0.056573123;-0.025209486;0.35274309
0.056573123;-0.025209486;0.35274309
0.056573123;-0.025209486;0.35274309
0.054596838;-0.025209486;0.35274309
0.056573123;-0.025209486;0.35274309
0.056573123;-0.025209486;0.35274309
0.056573123;-0.027185772;0.35274309
0.056573123;-0.025209486;0.35274309
0.056573123;-0.025209486;0.35274309
0.056573123;-0.025209486;0.35274309
0.056573123;-0.025209486;0.35274309
0.056573123;-0.025209486;0.35274309
0.056573123;-0.023233201;0.35274309
0.056573123;-0.025209486;0.35274309
0.058549408;-0.025209486;0.34483793
0.056573123;-0.025209486;0.35274309
0.058549408;-0.025209486;0.35274309
0.056573123;-0.025209486;0.34483793
0.058549408;-0.025209486;0.35274309
0.058549408;-0.025209486;0.35274309
0.058549408;-0.025209486;0.35274309
0.058549408;-0.027185772;0.35274309
0.058549408;-0.025209486;0.35274309
0.058549408;-0.025209486;0.35274309
0.058549408;-0.027185772;0.35274309
0.058549408;-0.025209486;0.35274309
0.058549408;-0.025209486;0.34483793
0.060525693;-0.025209486;0.35274309
0.058549408;-0.025209486;0.35274309
0.060525693;-0.027185772;0.34483793
0.060525693;-0.025209486;0.34483793
0.058549408;-0.025209486;0.34483793
0.060525693;-0.025209486;0.34483793
0.058549408;-0.027185772;0.35274309
0.060525693;-0.025209486;0.35274309
0.058549408;-0.025209486;0.35274309
0.062501974;-0.025209486;0.35274309
0.060525693;-0.027185772;0.34483793
0.060525693;-0.025209486;0.34483793
0.060525693;-0.025209486;0.35274309
0.060525693;-0.025209486;0.35274309
0.062501974;-0.025209486;0.35274309
0.062501974;-0.025209486;0.35274309
0.062501974;-0.025209486;0.35274309
0.060525693;-0.025209486;0.35274309
0.062501974;-0.025209486;0.34483793
0.062501974;-0.025209486;0.35274309
0.062501974;-0.027185772;0.35274309
0.062501974;-0.025209486;0.35274309
0.060525693;-0.025209486;0.35274309
0.062501974;-0.025209486;0.35274309
0.064478263;-0.025209486;0.35274309
0.062501974;-0.025209486;0.35274309
0.062501974;-0.025209486;0.35274309
0.062501974;-0.027185772;0.35274309
0.064478263;-0.025209486;0.35274309
0.062501974;-0.025209486;0.35274309
0.062501974;-0.025209486;0.35274309
0.062501974;-0.025209486;0.35274309
0.062501974;-0.025209486;0.35274309
0.064478263;-0.025209486;0.35274309
0.062501974;-0.025209486;0.34483793
0.064478263;-0.025209486;0.35274309
0.062501974;-0.025209486;0.35274309
0.064478263;-0.025209486;0.35274309
0.064478263;-0.025209486;0.35274309
0.064478263;-0.025209486;0.35274309
0.064478263;-0.025209486;0.35274309
0.064478263;-0.025209486;0.34483793
0.066454545;-0.025209486;0.35274309
0.064478263;-0.025209486;0.35274309
0.064478263;-0.025209486;0.35274309
0.064478263;-0.025209486;0.34483793
0.064478263;-0.025209486;0.35274309
0.064478263;-0.025209486;0.35274309
0.064478263;-0.025209486;0.34483793
0.066454545;-0.025209486;0.35274309
0.064478263;-0.025209486;0.35274309
0.064478263;-0.025209486;0.35274309
0.066454545;-0.025209486;0.35274309
0.064478263;-0.025209486;0.34483793
0.064478263;-0.025209486;0.34483793
0.064478263;-0.023233201;0.35274309
0.064478263;-0.025209486;0.35274309
0.066454545;-0.025209486;0.35274309
0.066454545;-0.025209486;0.35274309
0.064478263;-0.025209486;0.34483793
0.064478263;-0.023233201;0.35274309
0.066454545;-0.023233201;0.35274309
0.064478263;-0.025209486;0.34483793
0.066454545;-0.025209486;0.34483793
0.066454545;-0.025209486;0.35274309
0.064478263;-0.025209486;0.35274309
0.066454545;-0.025209486;0.35274309
0.066454545;-0.023233201;0.35274309
0.066454545;-0.023233201;0.35274309
0.066454545;-0.025209486;0.35274309
0.066454545;-0.023233201;0.35274309
0.066454545;-0.025209486;0.35274309
0.066454545;-0.025209486;0.35274309
0.066454545;-0.023233201;0.35274309
0.066454545;-0.023233201;0.34483793
0.068430834;-0.023233201;0.35274309
0.068430834;-0.025209486;0.34483793
0.068430834;-0.023233201;0.34483793
0.068430834;-0.023233201;0.34483793
0.066454545;-0.023233201;0.35274309
0.066454545;-0.025209486;0.34483793
0.066454545;-0.023233201;0.35274309
0.068430834;-0.025209486;0.35274309
0.068430834;-0.023233201;0.35274309
0.068430834;-0.025209486;0.34483793
0.070407115;-0.023233201;0.35274309
0.068430834;-0.025209486;0.34483793
0.066454545;-0.023233201;0.35274309
0.070407115;-0.023233201;0.35274309
0.068430834;-0.023233201;0.34483793
0.068430834;-0.023233201;0.34483793
0.068430834;-0.023233201;0.35274309
0.066454545;-0.023233201;0.34483793
0.066454545;-0.023233201;0.34483793
0.070407115;-0.023233201;0.34483793
0.068430834;-0.023233201;0.34483793
0.070407115;-0.023233201;0.35274309
0.068430834;-0.023233201;0.35274309
0.068430834;-0.023233201;0.35274309
0.068430834;-0.025209486;0.35274309
0.070407115;-0.023233201;0.35274309
0.068430834;-0.023233201;0.34483793
0.068430834;-0.023233201;0.35274309
0.068430834;-0.023233201;0.35274309
0.068430834;-0.021256916;0.35274309
0.068430834;-0.023233201;0.35274309
0.070407115;-0.023233201;0.34483793
0.068430834;-0.023233201;0.35274309
0.070407115;-0.023233201;0.35274309
0.068430834;-0.025209486;0.35274309
0.070407115;-0.021256916;0.34483793
0.070407115;-0.023233201;0.35274309
0.070407115;-0.021256916;0.35274309
0.068430834;-0.023233201;0.35274309
0.070407115;-0.023233201;0.35274309
0.070407115;-0.023233201;0.35274309
0.070407115;-0.023233201;0.35274309
0.072383396;-0.023233201;0.35274309
0.072383396;-0.023233201;0.35274309
0.070407115;-0.021256916;0.35274309
0.072383396;-0.023233201;0.35274309
0.070407115;-0.023233201;0.34483793
0.070407115;-0.023233201;0.35274309
0.070407115;-0.021256916;0.35274309
0.070407115;-0.021256916;0.35274309
0.072383396;-0.021256916;0.35274309
0.072383396;-0.021256916;0.35274309
0.070407115;-0.021256916;0.34483793
0.072383396;-0.021256916;0.35274309
0.070407115;-0.023233201;0.35274309
0.070407115;-0.023233201;0.34483793
0.072383396;-0.023233201;0.35274309
0.072383396;-0.021256916;0.35274309
0.072383396;-0.021256916;0.35274309
0.072383396;-0.023233201;0.35274309
0.070407115;-0.021256916;0.35274309
0.072383396;-0.021256916;0.35274309
0.072383396;-0.023233201;0.35274309
0.070407115;-0.021256916;0.35274309
0.072383396;-0.021256916;0.34483793
0.070407115;-0.023233201;0.34483793
0.070407115;-0.021256916;0.35274309
0.072383396;-0.021256916;0.35274309
0.070407115;-0.021256916;0.35274309
0.070407115;-0.021256916;0.34483793
0.072383396;-0.021256916;0.35274309
0.072383396;-0.021256916;0.34483793
0.072383396;-0.021256916;0.35274309
0.070407115;-0.019280633;0.35274309
0.074359685;-0.021256916;0.35274309
0.072383396;-0.021256916;0.35274309
0.072383396;-0.021256916;0.34483793
0.072383396;-0.021256916;0.35274309
0.072383396;-0.021256916;0.35274309
0.072383396;-0.023233201;0.35274309
0.072383396;-0.021256916;0.35274309
0.072383396;-0.019280633;0.35274309
0.072383396;-0.021256916;0.35274309
0.072383396;-0.021256916;0.34483793
0.072383396;-0.021256916;0.35274309
0.072383396;-0.019280633;0.35274309
0.074359685;-0.019280633;0.35274309
0.072383396;-0.021256916;0.35274309
0.072383396;-0.021256916;0.35274309
0.072383396;-0.021256916;0.35274309
0.072383396;-0.021256916;0.35274309
0.072383396;-0.021256916;0.35274309
0.072383396;-0.021256916;0.35274309
0.072383396;-0.021256916;0.35274309
0.072383396;-0.019280633;0.34483793
0.074359685;-0.019280633;0.35274309
0.074359685;-0.021256916;0.35274309
0.072383396;-0.019280633;0.35274309
0.072383396;-0.019280633;0.35274309
0.072383396;-0.019280633;0.35274309
0.074359685;-0.019280633;0.35274309
0.074359685;-0.019280633;0.35274309
0.072383396;-0.019280633;0.35274309
0.072383396;-0.021256916;0.35274309
0.072383396;-0.019280633;0.34483793
0.074359685;-0.021256916;0.35274309
0.074359685;-0.019280633;0.34483793
0.074359685;-0.019280633;0.35274309
0.074359685;-0.019280633;0.34483793
0.074359685;-0.021256916;0.35274309
0.072383396;-0.019280633;0.35274309
0.074359685;-0.019280633;0.35274309
0.072383396;-0.019280633;0.35274309
0.074359685;-0.019280633;0.35274309
0.074359685;-0.019280633;0.35274309
0.074359685;-0.019280633;0.35274309
0.074359685;-0.017304348;0.35274309
0.074359685;-0.019280633;0.35274309
0.072383396;-0.017304348;0.35274309
0.072383396;-0.019280633;0.34483793
0.074359685;-0.019280633;0.34483793
0.074359685;-0.019280633;0.35274309
0.074359685;-0.019280633;0.35274309
0.074359685;-0.019280633;0.35274309
0.072383396;-0.017304348;0.35274309
0.074359685;-0.017304348;0.35274309
0.076335967;-0.019280633;0.34483793
0.074359685;-0.019280633;0.34483793
0.074359685;-0.017304348;0.34483793
0.074359685;-0.017304348;0.34483793
0.074359685;-0.017304348;0.35274309
0.072383396;-0.019280633;0.34483793
0.074359685;-0.017304348;0.35274309
0.074359685;-0.017304348;0.34483793
0.074359685;-0.019280633;0.35274309
0.076335967;-0.019280633;0.35274309
0.074359685;-0.017304348;0.35274309
0.074359685;-0.017304348;0.35274309
0.072383396;-0.017304348;0.35274309
0.074359685;-0.017304348;0.34483793
0.074359685;-0.017304348;0.34483793
0.074359685;-0.017304348;0.35274309
0.072383396;-0.017304348;0.35274309
0.074359685;-0.017304348;0.35274309
0.074359685;-0.017304348;0.35274309
0.074359685;-0.017304348;0.35274309
0.074359685;-0.017304348;0.34483793
0.076335967;-0.017304348;0.35274309
0.074359685;-0.015328064;0.35274309
0.074359685;-0.015328064;0.34483793
0.074359685;-0.017304348;0.35274309
0.074359685;-0.017304348;0.35274309
0.074359685;-0.017304348;0.35274309
0.074359685;-0.017304348;0.35274309
0.072383396;-0.015328064;0.34483793
0.074359685;-0.017304348;0.34483793
0.072383396;-0.017304348;0.34483793
0.074359685;-0.015328064;0.34483793
0.074359685;-0.015328064;0.35274309
0.074359685;-0.015328064;0.35274309
0.074359685;-0.015328064;0.34483793
0.074359685;-0.015328064;0.35274309
0.074359685;-0.015328064;0.35274309
0.074359685;-0.015328064;0.35274309
0.074359685;-0.017304348;0.35274309
0.076335967;-0.015328064;0.34483793
0.074359685;-0.015328064;0.35274309
0.074359685;-0.015328064;0.34483793
0.074359685;-0.015328064;0.35274309
0.074359685;-0.013351778;0.35274309
0.074359685;-0.015328064;0.35274309
0.074359685;-0.013351778;0.34483793
0.072383396;-0.013351778;0.35274309
0.072383396;-0.015328064;0.35274309
0.074359685;-0.013351778;0.35274309
0.074359685;-0.013351778;0.35274309
0.074359685;-0.015328064;0.35274309
0.072383396;-0.013351778;0.35274309
0.074359685;-0.013351778;0.35274309
0.072383396;-0.013351778;0.34483793
0.074359685;-0.013351778;0.35274309
0.074359685;-0.015328064;0.35274309
0.074359685;-0.015328064;0.35274309
0.072383396;-0.013351778;0.34483793
0.074359685;-0.013351778;0.35274309
0.072383396;-0.013351778;0.35274309
0.072383396;-0.015328064;0.34483793
0.072383396;-0.013351778;0.35274309
0.074359685;-0.013351778;0.35274309
0.072383396;-0.013351778;0.35274309
0.072383396;-0.013351778;0.35274309
0.074359685;-0.013351778;0.34483793
0.074359685;-0.013351778;0.34483793
0.072383396;-0.013351778;0.34483793
0.072383396;-0.013351778;0.34483793
0.074359685;-0.013351778;0.35274309
0.074359685;-0.013351778;0.35274309
0.074359685;-0.013351778;0.34483793
0.074359685;-0.013351778;0.35274309
0.074359685;-0.013351778;0.35274309
0.074359685;-0.011375494;0.35274309
0.074359685;-0.013351778;0.35274309
0.074359685;-0.011375494;0.35274309
0.074359685;-0.013351778;0.35274309
0.072383396;-0.013351778;0.35274309
0.074359685;-0.013351778;0.35274309
0.074359685;-0.013351778;0.34483793
0.072383396;-0.013351778;0.35274309
0.074359685;-0.013351778;0.35274309
0.072383396;-0.011375494;0.34483793
0.072383396;-0.013351778;0.35274309
0.072383396;-0.011375494;0.35274309
0.072383396;-0.013351778;0.35274309
0.072383396;-0.011375494;0.34483793
0.074359685;-0.011375494;0.35274309
0.074359685;-0.011375494;0.35274309
0.072383396;-0.011375494;0.34483793
0.072383396;-0.011375494;0.35274309
0.072383396;-0.011375494;0.35274309
0.072383396;-0.011375494;0.35274309
0.072383396;-0.011375494;0.35274309
0.072383396;-0.011375494;0.35274309
0.072383396;-0.011375494;0.35274309
0.072383396;-0.011375494;0.35274309
0.072383396;-0.011375494;0.34483793
0.072383396;-0.0093992092;0.35274309
0.072383396;-0.011375494;0.35274309
0.072383396;-0.011375494;0.35274309
0.070407115;-0.011375494;0.35274309
0.070407115;-0.011375494;0.35274309
0.072383396;-0.011375494;0.35274309
0.072383396;-0.0093992092;0.34483793
0.070407115;-0.0093992092;0.35274309
0.072383396;-0.0093992092;0.35274309
0.072383396;-0.0093992092;0.35274309
0.072383396;-0.0093992092;0.35274309
0.072383396;-0.0093992092;0.34483793
0.070407115;-0.011375494;0.35274309
0.072383396;-0.0093992092;0.35274309
0.070407115;-0.0093992092;0.34483793
0.070407115;-0.0093992092;0.35274309
0.072383396;-0.0093992092;0.35274309
0.070407115;-0.0093992092;0.35274309
0.072383396;-0.0093992092;0.35274309
0.070407115;-0.0093992092;0.35274309
0.070407115;-0.0093992092;0.35274309
0.072383396;-0.0093992092;0.35274309
0.070407115;-0.0093992092;0.34483793
0.072383396;-0.0093992092;0.35274309
0.070407115;-0.007422925;0.35274309
0.070407115;-0.007422925;0.35274309
0.072383396;-0.0093992092;0.34483793
0.072383396;-0.007422925;0.35274309
0.072383396;-0.0093992092;0.35274309
0.072383396;-0.0093992092;0.35274309
0.070407115;-0.0093992092;0.35274309
0.070407115;-0.007422925;0.34483793
0.070407115;-0.007422925;0.35274309
0.070407115;-0.007422925;0.35274309
0.070407115;-0.0054466403;0.35274309
0.072383396;-0.007422925;0.35274309
0.070407115;-0.007422925;0.35274309
0.068430834;-0.007422925;0.35274309
0.070407115;-0.007422925;0.35274309
0.068430834;-0.0054466403;0.35274309
0.070407115;-0.007422925;0.35274309
0.070407115;-0.0054466403;0.35274309
0.070407115;-0.007422925;0.35274309
0.070407115;-0.0054466403;0.35274309
0.070407115;-0.0054466403;0.35274309
0.068430834;-0.0054466403;0.35274309
0.070407115;-0.0054466403;0.35274309
0.070407115;-0.007422925;0.35274309
0.070407115;-0.0054466403;0.34483793
0.070407115;-0.007422925;0.35274309
0.068430834;-0.0054466403;0.34483793
0.068430834;-0.0054466403;0.35274309
0.068430834;-0.0054466403;0.34483793
0.070407115;-0.0054466403;0.35274309
0.068430834;-0.0054466403;0.35274309
0.070407115;-0.0054466403;0.35274309
0.068430834;-0.0054466403;0.35274309
0.068430834;-0.0054466403;0.35274309
0.068430834;-0.0034703556;0.35274309
0.068430834;-0.0054466403;0.35274309
0.068430834;-0.0054466403;0.35274309
0.068430834;-0.0054466403;0.34483793
0.066454545;-0.0054466403;0.35274309
0.066454545;-0.0054466403;0.35274309
0.068430834;-0.0054466403;0.35274309
0.068430834;-0.0054466403;0.34483793
0.068430834;-0.0054466403;0.35274309
0.068430834;-0.0054466403;0.35274309
0.066454545;-0.0034703556;0.35274309
0.066454545;-0.0054466403;0.35274309
0.066454545;-0.0034703556;0.35274309
0.066454545;-0.0054466403;0.35274309
0.068430834;-0.0054466403;0.35274309
0.066454545;-0.0054466403;0.35274309
0.066454545;-0.0034703556;0.35274309
0.066454545;-0.0054466403;0.35274309
0.068430834;-0.0034703556;0.35274309
0.064478263;-0.0054466403;0.35274309
0.064478263;-0.0034703556;0.35274309
0.066454545;-0.0034703556;0.35274309
0.066454545;-0.0034703556;0.34483793
0.066454545;-0.0034703556;0.35274309
0.064478263;-0.0034703556;0.34483793
0.064478263;-0.0034703556;0.35274309
0.066454545;-0.0034703556;0.35274309
0.066454545;-0.0014940711;0.35274309
0.064478263;-0.0034703556;0.35274309
0.064478263;-0.0014940711;0.34483793
0.066454545;-0.0034703556;0.34483793
0.064478263;-0.0034703556;0.35274309
0.064478263;-0.0034703556;0.34483793
0.066454545;-0.0034703556;0.35274309
0.064478263;-0.0034703556;0.35274309
0.064478263;-0.0014940711;0.34483793
0.064478263;-0.0034703556;0.35274309
0.064478263;-0.0034703556;0.34483793
0.064478263;-0.0034703556;0.35274309
0.064478263;-0.0034703556;0.34483793
0.064478263;-0.0034703556;0.35274309
0.064478263;-0.0014940711;0.35274309
0.064478263;-0.0014940711;0.34483793
0.064478263;-0.0014940711;0.35274309
0.066454545;0.00048221345;0.34483793
0.064478263;-0.0014940711;0.35274309
0.062501974;-0.0014940711;0.35274309
0.062501974;0.00048221345;0.35274309
0.062501974;-0.0014940711;0.35274309
0.064478263;-0.0014940711;0.35274309
0.062501974;-0.0014940711;0.35274309
0.064478263;-0.0014940711;0.35274309
0.062501974;-0.0014940711;0.35274309
0.062501974;0.00048221345;0.34483793
0.062501974;0.00048221345;0.35274309
0.062501974;-0.0014940711;0.35274309
0.062501974;-0.0014940711;0.35274309
0.062501974;0.00048221345;0.35274309
0.062501974;0.00048221345;0.34483793
0.062501974;0.00048221345;0.35274309
0.062501974;0.00048221345;0.35274309
0.060525693;0.00048221345;0.35274309
0.062501974;0.0024584981;0.35274309
0.062501974;0.00048221345;0.35274309
0.060525693;0.00048221345;0.35274309
0.062501974;0.00048221345;0.35274309
0.062501974;0.00048221345;0.34483793
0.060525693;0.00048221345;0.35274309
0.060525693;0.00048221345;0.34483793
0.062501974;0.00048221345;0.34483793
0.060525693;0.00048221345;0.34483793
0.060525693;0.0024584981;0.35274309
0.060525693;0.00048221345;0.34483793
0.060525693;0.0024584981;0.34483793
0.060525693;0.00048221345;0.35274309
0.062501974;0.00048221345;0.35274309
0.060525693;0.0024584981;0.35274309
0.060525693;0.0024584981;0.35274309
0.058549408;0.0024584981;0.35274309
0.060525693;0.0024584981;0.35274309
0.060525693;0.0024584981;0.35274309
0.060525693;0.0024584981;0.35274309
0.058549408;0.0024584981;0.35274309
0.058549408;0.0024584981;0.35274309
0.058549408;0.0024584981;0.35274309
0.058549408;0.0024584981;0.35274309
0.060525693;0.0024584981;0.35274309
0.058549408;0.0024584981;0.35274309
0.060525693;0.0024584981;0.35274309
0.060525693;0.00048221345;0.35274309
0.058549408;0.00048221345;0.35274309
0.058549408;0.0024584981;0.34483793
0.058549408;0.0044347825;0.35274309
0.060525693;0.0044347825;0.35274309
0.056573123;0.0024584981;0.34483793
0.058549408;0.0024584981;0.35274309
0.056573123;0.0024584981;0.35274309
0.058549408;0.0024584981;0.34483793
0.058549408;0.0044347825;0.35274309
0.058549408;0.0044347825;0.35274309
0.058549408;0.0044347825;0.34483793
0.056573123;0.0044347825;0.35274309
0.058549408;0.0064110672;0.35274309
0.056573123;0.0044347825;0.35274309
0.056573123;0.0064110672;0.35274309
0.056573123;0.0044347825;0.35274309
0.056573123;0.0044347825;0.34483793
0.056573123;0.0044347825;0.35274309
0.056573123;0.0044347825;0.34483793
0.056573123;0.0044347825;0.35274309
0.056573123;0.0064110672;0.34483793
0.056573123;0.0044347825;0.34483793
0.054596838;0.0064110672;0.34483793
0.054596838;0.0044347825;0.34483793
0.054596838;0.0064110672;0.35274309
0.056573123;0.0064110672;0.35274309
0.056573123;0.0064110672;0.35274309
0.054596838;0.0064110672;0.35274309
0.054596838;0.0064110672;0.35274309
0.056573123;0.0064110672;0.35274309
0.054596838;0.0044347825;0.35274309
0.054596838;0.0064110672;0.34483793
0.054596838;0.0083873514;0.35274309
0.054596838;0.0064110672;0.35274309
0.054596838;0.0064110672;0.35274309
0.054596838;0.0083873514;0.35274309
0.054596838;0.0064110672;0.35274309
0.052620552;0.0083873514;0.35274309
0.054596838;0.0064110672;0.35274309
0.054596838;0.0083873514;0.35274309
0.052620552;0.0064110672;0.35274309
0.054596838;0.0083873514;0.34483793
0.054596838;0.0083873514;0.35274309
0.052620552;0.0083873514;0.35274309
0.054596838;0.0083873514;0.35274309
0.052620552;0.0083873514;0.35274309
0.052620552;0.0083873514;0.34483793
0.054596838;0.0083873514;0.35274309
0.054596838;0.0083873514;0.35274309
0.054596838;0.0083873514;0.35274309
0.052620552;0.0083873514;0.35274309
0.052620552;0.010363637;0.35274309
0.052620552;0.010363637;0.34483793
0.052620552;0.0083873514;0.35274309
0.052620552;0.010363637;0.35274309
0.050644267;0.0083873514;0.35274309
0.050644267;0.010363637;0.35274309
0.050644267;0.010363637;0.35274309
0.050644267;0.010363637;0.35274309
0.050644267;0.010363637;0.35274309
0.050644267;0.010363637;0.35274309
0.050644267;0.010363637;0.35274309
0.050644267;0.010363637;0.35274309
0.048667986;0.010363637;0.34483793
0.050644267;0.010363637;0.35274309
0.050644267;0.010363637;0.35274309
0.048667986;0.010363637;0.35274309
0.048667986;0.010363637;0.35274309
0.048667986;0.012339921;0.35274309
0.048667986;0.010363637;0.35274309
0.048667986;0.010363637;0.35274309
0.048667986;0.010363637;0.34483793
0.048667986;0.010363637;0.35274309
0.048667986;0.010363637;0.34483793
0.046691701;0.012339921;0.35274309
0.046691701;0.010363637;0.35274309
0.048667986;0.012339921;0.34483793
0.048667986;0.012339921;0.35274309
0.046691701;0.010363637;0.35274309
0.048667986;0.012339921;0.35274309
0.046691701;0.012339921;0.35274309
0.048667986;0.010363637;0.35274309
0.048667986;0.012339921;0.34483793
0.046691701;0.012339921;0.35274309
0.046691701;0.012339921;0.35274309
0.046691701;0.012339921;0.35274309
0.048667986;0.012339921;0.35274309
0.046691701;0.012339921;0.35274309
0.046691701;0.014316206;0.35274309
0.046691701;0.012339921;0.35274309
0.046691701;0.012339921;0.35274309
0.046691701;0.012339921;0.34483793
0.044715416;0.014316206;0.35274309
0.046691701;0.014316206;0.35274309
0.046691701;0.014316206;0.34483793
0.046691701;0.014316206;0.34483793
0.044715416;0.014316206;0.35274309
0.044715416;0.014316206;0.35274309
0.044715416;0.014316206;0.34483793
0.044715416;0.01629249;0.35274309
0.044715416;0.014316206;0.35274309
0.044715416;0.014316206;0.35274309
0.042739131;0.014316206;0.35274309
0.042739131;0.01629249;0.34483793
0.044715416;0.014316206;0.35274309
0.042739131;0.014316206;0.35274309
0.042739131;0.014316206;0.35274309
0.044715416;0.01629249;0.35274309
0.042739131;0.01629249;0.34483793
0.040762845;0.01629249;0.35274309
0.040762845;0.01629249;0.35274309
0.042739131;0.01629249;0.34483793
0.040762845;0.01629249;0.34483793
0.040762845;0.01629249;0.35274309
0.042739131;0.01629249;0.34483793
0.042739131;0.01629249;0.35274309
0.042739131;0.01629249;0.35274309
0.040762845;0.018268775;0.35274309
0.040762845;0.01629249;0.35274309
0.040762845;0.01629249;0.35274309
0.040762845;0.01629249;0.35274309
0.040762845;0.01629249;0.35274309
0.040762845;0.01629249;0.35274309
0.03878656;0.01629249;0.35274309
0.03878656;0.018268775;0.35274309
0.040762845;0.018268775;0.35274309
0.03878656;0.018268775;0.35274309
0.03878656;0.018268775;0.35274309
0.03878656;0.018268775;0.35274309
0.03878656;0.018268775;0.35274309
0.03878656;0.018268775;0.35274309
0.03878656;0.018268775;0.35274309
0.03878656;0.018268775;0.35274309
0.03878656;0.018268775;0.35274309
0.03878656;0.018268775;0.35274309
0.036810275;0.018268775;0.34483793
0.036810275;0.018268775;0.34483793
0.03878656;0.020245058;0.35274309
0.036810275;0.020245058;0.35274309
0.036810275;0.020245058;0.35274309
0.036810275;0.020245058;0.35274309
0.034833994;0.020245058;0.35274309
0.034833994;0.020245058;0.35274309
0.036810275;0.020245058;0.35274309
0.036810275;0.020245058;0.34483793
0.034833994;0.018268775;0.35274309
0.034833994;0.020245058;0.35274309
0.036810275;0.020245058;0.35274309
0.036810275;0.020245058;0.34483793
0.034833994;0.020245058;0.35274309
0.032857709;0.020245058;0.35274309
0.036810275;0.020245058;0.34483793
0.034833994;0.022221344;0.35274309
0.034833994;0.022221344;0.35274309
0.034833994;0.022221344;0.35274309
0.034833994;0.020245058;0.34483793
0.034833994;0.022221344;0.35274309
0.034833994;0.020245058;0.35274309
0.032857709;0.020245058;0.35274309
0.032857709;0.022221344;0.35274309
0.032857709;0.022221344;0.35274309
0.032857709;0.022221344;0.35274309
0.032857709;0.020245058;0.35274309
0.030881424;0.022221344;0.34483793
0.032857709;0.022221344;0.35274309
0.032857709;0.022221344;0.35274309
0.032857709;0.022221344;0.35274309
0.032857709;0.024197629;0.35274309
0.032857709;0.022221344;0.34483793
0.030881424;0.022221344;0.35274309
0.032857709;0.024197629;0.35274309
0.030881424;0.024197629;0.35274309
0.030881424;0.024197629;0.35274309
0.030881424;0.024197629;0.35274309
0.032857709;0.024197629;0.34483793
0.030881424;0.024197629;0.34483793
0.028905138;0.022221344;0.34483793
0.030881424;0.024197629;0.35274309
0.030881424;0.024197629;0.35274309
0.028905138;0.024197629;0.35274309
0.030881424;0.024197629;0.35274309
0.030881424;0.024197629;0.35274309
0.028905138;0.022221344;0.35274309
0.028905138;0.024197629;0.35274309
0.030881424;0.024197629;0.35274309
0.028905138;0.024197629;0.35274309
0.028905138;0.026173914;0.35274309
0.028905138;0.024197629;0.34483793
0.028905138;0.024197629;0.35274309
0.028905138;0.026173914;0.35274309
0.026928853;0.026173914;0.35274309
0.026928853;0.024197629;0.35274309
0.028905138;0.026173914;0.35274309
0.026928853;0.024197629;0.34483793
0.026928853;0.026173914;0.34483793
0.026928853;0.026173914;0.35274309
0.026928853;0.026173914;0.35274309
0.026928853;0.026173914;0.35274309
0.026928853;0.026173914;0.35274309
0.026928853;0.026173914;0.35274309
0.02495257;0.026173914;0.34483793
0.02495257;0.026173914;0.35274309
0.026928853;0.026173914;0.34483793
0.026928853;0.026173914;0.35274309
0.02495257;0.026173914;0.35274309
0.02495257;0.026173914;0.35274309
0.02495257;0.026173914;0.35274309
0.02495257;0.026173914;0.34483793
0.02495257;0.028150197;0.35274309
0.026928853;0.028150197;0.35274309
0.02495257;0.028150197;0.35274309
0.02495257;0.028150197;0.35274309
0.022976285;0.028150197;0.35274309
0.02495257;0.028150197;0.35274309
0.022976285;0.030126482;0.35274309
0.022976285;0.028150197;0.34483793
0.02495257;0.028150197;0.35274309
0.022976285;0.030126482;0.34483793
0.021;0.028150197;0.35274309
0.022976285;0.028150197;0.35274309
0.022976285;0.030126482;0.35274309
0.022976285;0.030126482;0.35274309
0.022976285;0.028150197;0.35274309
0.022976285;0.030126482;0.36064821
0.021;0.030126482;0.35274309
0.022976285;0.030126482;0.35274309
0.021;0.030126482;0.35274309
0.021;0.030126482;0.35274309
0.021;0.028150197;0.35274309
0.021;0.030126482;0.34483793
0.021;0.030126482;0.35274309
0.021;0.030126482;0.35274309
0.019023715;0.032102767;0.35274309
0.021;0.030126482;0.35274309
0.019023715;0.032102767;0.34483793
0.021;0.032102767;0.35274309
0.019023715;0.030126482;0.35274309
0.019023715;0.030126482;0.35274309
0.019023715;0.030126482;0.35274309
0.019023715;0.032102767;0.35274309
0.021;0.032102767;0.35274309
0.019023715;0.030126482;0.35274309
0.019023715;0.032102767;0.35274309
0.019023715;0.032102767;0.35274309
0.017047431;0.030126482;0.34483793
0.019023715;0.032102767;0.35274309
0.017047431;0.032102767;0.35274309
0.019023715;0.032102767;0.35274309
0.019023715;0.032102767;0.35274309
0.019023715;0.032102767;0.34483793
0.017047431;0.032102767;0.34483793
0.017047431;0.032102767;0.35274309
0.017047431;0.032102767;0.34483793
0.017047431;0.034079053;0.34483793
0.017047431;0.032102767;0.34483793
0.017047431;0.034079053;0.35274309
0.015071146;0.032102767;0.34483793
0.015071146;0.032102767;0.34483793
0.017047431;0.034079053;0.34483793
0.015071146;0.036055338;0.34483793
0.015071146;0.034079053;0.35274309
0.017047431;0.034079053;0.34483793
0.015071146;0.036055338;0.34483793
0.015071146;0.034079053;0.35274309
0.015071146;0.034079053;0.35274309
0.015071146;0.034079053;0.35274309
0.015071146;0.034079053;0.34483793
0.015071146;0.036055338;0.35274309
0.015071146;0.036055338;0.34483793
0.013094862;0.034079053;0.35274309
0.011118577;0.034079053;0.35274309
0.013094862;0.036055338;0.34483793
0.011118577;0.036055338;0.35274309
0.013094862;0.036055338;0.34483793
0.013094862;0.036055338;0.35274309
0.013094862;0.036055338;0.35274309
0.013094862;0.036055338;0.34483793
0.013094862;0.034079053;0.34483793
0.013094862;0.038031619;0.34483793
0.011118577;0.036055338;0.35274309
0.011118577;0.036055338;0.35274309
0.013094862;0.036055338;0.35274309
0.011118577;0.036055338;0.35274309
0.013094862;0.036055338;0.35274309
0.011118577;0.036055338;0.35274309
0.011118577;0.036055338;0.35274309
0.011118577;0.036055338;0.35274309
0.0091422927;0.036055338;0.35274309
0.011118577;0.036055338;0.35274309
0.0091422927;0.038031619;0.35274309
0.011118577;0.038031619;0.35274309
0.011118577;0.038031619;0.35274309
0.0091422927;0.038031619;0.35274309
0.011118577;0.038031619;0.35274309
0.0091422927;0.038031619;0.35274309
0.0091422927;0.038031619;0.35274309
0.0091422927;0.038031619;0.35274309
0.0091422927;0.038031619;0.34483793
0.007166008;0.038031619;0.35274309
0.0091422927;0.038031619;0.35274309
0.007166008;0.038031619;0.35274309
0.0091422927;0.040007904;0.35274309
0.007166008;0.038031619;0.35274309
0.007166008;0.038031619;0.35274309
0.0091422927;0.040007904;0.34483793
0.007166008;0.038031619;0.35274309
0.007166008;0.040007904;0.35274309
0.0091422927;0.040007904;0.34483793
0.007166008;0.040007904;0.34483793
0.007166008;0.040007904;0.35274309
0.007166008;0.040007904;0.35274309
0.007166008;0.040007904;0.35274309
0.0051897233;0.040007904;0.34483793
0.0051897233;0.040007904;0.34483793
0.0051897233;0.038031619;0.35274309
0.007166008;0.040007904;0.35274309
0.0051897233;0.040007904;0.35274309
0.0051897233;0.040007904;0.35274309
0.0051897233;0.040007904;0.35274309
0.0051897233;0.041984189;0.35274309
0.0051897233;0.040007904;0.35274309
0.0051897233;0.040007904;0.35274309
0.0032134387;0.041984189;0.34483793
0.0051897233;0.041984189;0.35274309
0.0051897233;0.040007904;0.34483793
0.0051897233;0.041984189;0.35274309
0.0032134387;0.041984189;0.34483793
0.0032134387;0.041984189;0.35274309
0.0032134387;0.041984189;0.35274309
0.0032134387;0.041984189;0.35274309
0.0032134387;0.041984189;0.34483793
0.0012371541;0.041984189;0.35274309
0.0051897233;0.041984189;0.34483793
0.0012371541;0.041984189;0.35274309
0.0032134387;0.040007904;0.35274309
0.0032134387;0.041984189;0.35274309
0.0012371541;0.041984189;0.35274309
0.0032134387;0.041984189;0.35274309
0.0012371541;0.041984189;0.34483793
0.0012371541;0.041984189;0.35274309
0.0012371541;0.043960474;0.35274309
0.0012371541;0.041984189;0.34483793
0.0012371541;0.043960474;0.35274309
-0.00073913042;0.043960474;0.34483793
0.0012371541;0.043960474;0.35274309
0.0012371541;0.043960474;0.35274309
-0.00073913042;0.041984189;0.35274309
0.0012371541;0.043960474;0.35274309
0.0012371541;0.043960474;0.35274309
-0.00073913042;0.043960474;0.34483793
-0.00073913042;0.043960474;0.34483793
-0.00073913042;0.043960474;0.35274309
-0.00073913042;0.043960474;0.35274309
-0.00073913042;0.043960474;0.35274309
-0.0027154151;0.04593676;0.34483793
-0.00073913042;0.043960474;0.35274309
-0.0027154151;0.043960474;0.34483793
-0.0027154151;0.043960474;0.35274309
-0.0027154151;0.043960474;0.35274309
-0.0027154151;0.043960474;0.34483793
-0.0027154151;0.043960474;0.35274309
-0.0027154151;0.04593676;0.35274309
-0.0027154151;0.043960474;0.34483793
-0.0027154151;0.04593676;0.35274309
-0.0027154151;0.04593676;0.34483793
-0.0027154151;0.04593676;0.35274309
-0.0046916995;0.04593676;0.34483793
-0.0027154151;0.04593676;0.35274309
-0.0027154151;0.04593676;0.35274309
-0.0027154151;0.04593676;0.35274309
-0.0027154151;0.04593676;0.34483793
-0.0046916995;0.04593676;0.35274309
-0.0046916995;0.04593676;0.35274309
-0.0046916995;0.047913045;0.35274309
-0.0046916995;0.047913045;0.35274309
-0.0066679842;0.04593676;0.35274309
-0.0046916995;0.04593676;0.35274309
-0.0046916995;0.04593676;0.35274309
-0.0066679842;0.04593676;0.35274309
-0.0046916995;0.04593676;0.35274309
-0.0066679842;0.047913045;0.34483793
-0.0066679842;0.047913045;0.35274309
-0.0046916995;0.047913045;0.35274309
-0.0066679842;0.047913045;0.34483793
-0.0046916995;0.047913045;0.35274309
-0.0066679842;0.047913045;0.34483793
-0.0066679842;0.047913045;0.35274309
-0.0046916995;0.047913045;0.34483793
-0.0066679842;0.047913045;0.35274309
-0.0086442688;0.047913045;0.35274309
-0.0066679842;0.047913045;0.35274309
-0.0066679842;0.047913045;0.35274309
-0.0066679842;0.047913045;0.35274309
-0.0066679842;0.047913045;0.35274309
-0.0066679842;0.047913045;0.35274309
-0.0086442688;0.04988933;0.35274309
-0.0086442688;0.047913045;0.35274309
-0.0066679842;0.04988933;0.35274309
-0.0086442688;0.047913045;0.35274309
-0.0086442688;0.047913045;0.35274309
-0.0086442688;0.047913045;0.35274309
-0.0066679842;0.04988933;0.34483793
-0.0086442688;0.047913045;0.35274309
-0.0086442688;0.047913045;0.34483793
-0.0086442688;0.04988933;0.35274309
-0.0086442688;0.047913045;0.35274309
-0.0086442688;0.04988933;0.35274309
-0.010620553;0.04988933;0.35274309
-0.0086442688;0.04988933;0.35274309
-0.010620553;0.04988933;0.35274309
-0.010620553;0.04988933;0.35274309
-0.010620553;0.04988933;0.35274309
-0.010620553;0.04988933;0.35274309
-0.010620553;0.04988933;0.35274309
-0.010620553;0.051865611;0.35274309
-0.012596838;0.04988933;0.34483793
-0.010620553;0.04988933;0.35274309
-0.010620553;0.051865611;0.35274309
-0.010620553;0.04988933;0.34483793
-0.010620553;0.04988933;0.35274309
-0.010620553;0.051865611;0.34483793
-0.010620553;0.051865611;0.35274309
-0.012596838;0.04988933;0.35274309
-0.010620553;0.04988933;0.34483793
-0.012596838;0.051865611;0.35274309
-0.010620553;0.04988933;0.35274309
-0.010620553;0.051865611;0.35274309
-0.012596838;0.051865611;0.35274309
-0.012596838;0.051865611;0.35274309
-0.010620553;0.051865611;0.35274309
-0.012596838;0.051865611;0.35274309
-0.012596838;0.051865611;0.35274309
-0.010620553;0.051865611;0.34483793
-0.012596838;0.051865611;0.35274309
-0.012596838;0.051865611;0.35274309
-0.012596838;0.051865611;0.35274309
-0.012596838;0.051865611;0.34483793
-0.012596838;0.051865611;0.35274309
-0.012596838;0.051865611;0.35274309
-0.014573122;0.053841896;0.34483793
-0.012596838;0.053841896;0.34483793
-0.014573122;0.051865611;0.34483793
-0.014573122;0.051865611;0.34483793
-0.014573122;0.051865611;0.34483793
-0.014573122;0.051865611;0.35274309
-0.016549407;0.053841896;0.35274309
-0.014573122;0.053841896;0.35274309
-0.016549407;0.053841896;0.35274309
-0.014573122;0.051865611;0.34483793
-0.014573122;0.053841896;0.35274309
-0.016549407;0.053841896;0.34483793
-0.014573122;0.053841896;0.35274309
-0.016549407;0.053841896;0.35274309
-0.016549407;0.053841896;0.35274309
-0.016549407;0.053841896;0.35274309
-0.016549407;0.053841896;0.34483793
-0.014573122;0.053841896;0.35274309
-0.014573122;0.053841896;0.35274309
-0.014573122;0.053841896;0.34483793
-0.016549407;0.053841896;0.35274309
-0.016549407;0.053841896;0.35274309
-0.016549407;0.053841896;0.35274309
-0.016549407;0.053841896;0.35274309
-0.016549407;0.053841896;0.35274309
-0.016549407;0.053841896;0.35274309
-0.016549407;0.053841896;0.35274309
-0.016549407;0.055818181;0.34483793
-0.016549407;0.055818181;0.34483793
-0.018525692;0.055818181;0.34483793
-0.016549407;0.055818181;0.35274309
-0.018525692;0.055818181;0.35274309
-0.016549407;0.055818181;0.34483793
-0.018525692;0.055818181;0.35274309
-0.018525692;0.055818181;0.35274309
-0.018525692;0.055818181;0.35274309
-0.018525692;0.053841896;0.34483793
-0.018525692;0.055818181;0.35274309
-0.020501977;0.057794467;0.35274309
-0.018525692;0.055818181;0.35274309
-0.018525692;0.055818181;0.35274309
-0.018525692;0.057794467;0.35274309
-0.020501977;0.055818181;0.35274309
-0.018525692;0.057794467;0.34483793
-0.018525692;0.055818181;0.34483793
-0.020501977;0.055818181;0.35274309
-0.018525692;0.057794467;0.35274309
-0.020501977;0.057794467;0.35274309
-0.020501977;0.057794467;0.35274309
-0.020501977;0.055818181;0.35274309
-0.020501977;0.055818181;0.35274309
-0.020501977;0.057794467;0.35274309
-0.020501977;0.055818181;0.35274309
-0.020501977;0.057794467;0.35274309
-0.020501977;0.057794467;0.35274309
-0.020501977;0.057794467;0.35274309
-0.02247826;0.057794467;0.35274309
-0.020501977;0.057794467;0.35274309
-0.020501977;0.057794467;0.34483793
-0.020501977;0.057794467;0.35274309
-0.020501977;0.057794467;0.35274309
-0.02247826;0.057794467;0.34483793
-0.020501977;0.057794467;0.35274309
-0.020501977;0.059770752;0.35274309
-0.020501977;0.057794467;0.35274309
-0.020501977;0.057794467;0.35274309
-0.02247826;0.057794467;0.35274309
-0.02247826;0.057794467;0.35274309
-0.02247826;0.057794467;0.35274309
-0.02247826;0.057794467;0.34483793
-0.02247826;0.057794467;0.35274309
-0.02247826;0.059770752;0.34483793
-0.02247826;0.057794467;0.35274309
-0.02247826;0.057794467;0.35274309
-0.02247826;0.057794467;0.35274309
-0.02247826;0.059770752;0.35274309
-0.02247826;0.059770752;0.35274309
-0.02247826;0.059770752;0.35274309
-0.02247826;0.059770752;0.34483793
-0.02247826;0.059770752;0.35274309
-0.02247826;0.057794467;0.35274309
-0.02247826;0.059770752;0.35274309
-0.02247826;0.057794467;0.35274309
-0.024454545;0.059770752;0.35274309
-0.02247826;0.059770752;0.35274309
-0.024454545;0.059770752;0.35274309
-0.02247826;0.059770752;0.35274309
-0.02247826;0.059770752;0.35274309
-0.024454545;0.061747037;0.35274309
-0.024454545;0.059770752;0.34483793
-0.02247826;0.059770752;0.35274309
-0.024454545;0.059770752;0.35274309
-0.024454545;0.059770752;0.34483793
-0.024454545;0.061747037;0.34483793
-0.02247826;0.059770752;0.35274309
-0.024454545;0.059770752;0.35274309
-0.02247826;0.059770752;0.34483793
-0.024454545;0.061747037;0.35274309
-0.024454545;0.061747037;0.35274309
-0.024454545;0.059770752;0.35274309
-0.024454545;0.061747037;0.35274309
-0.024454545;0.059770752;0.35274309
-0.02643083;0.059770752;0.35274309
-0.024454545;0.061747037;0.35274309
-0.024454545;0.059770752;0.35274309
-0.024454545;0.059770752;0.35274309
-0.02643083;0.061747037;0.35274309
-0.024454545;0.061747037;0.35274309
-0.024454545;0.061747037;0.35274309
-0.024454545;0.061747037;0.35274309
-0.024454545;0.061747037;0.35274309
-0.024454545;0.061747037;0.34483793
-0.02643083;0.061747037;0.35274309
-0.02643083;0.063723318;0.34483793
-0.024454545;0.061747037;0.35274309
-0.02643083;0.061747037;0.35274309
-0.02643083;0.061747037;0.35274309
-0.028407115;0.061747037;0.35274309
-0.02643083;0.061747037;0.34483793
-0.02643083;0.061747037;0.35274309
-0.024454545;0.063723318;0.35274309
-0.028407115;0.061747037;0.35274309
-0.02643083;0.061747037;0.34483793
-0.02643083;0.061747037;0.35274309
-0.02643083;0.059770752;0.35274309
-0.02643083;0.061747037;0.35274309
-0.02643083;0.063723318;0.35274309
-0.028407115;0.061747037;0.35274309
-0.02643083;0.061747037;0.35274309
-0.02643083;0.061747037;0.34483793
-0.028407115;0.061747037;0.34483793
-0.028407115;0.061747037;0.35274309
-0.02643083;0.061747037;0.34483793
-0.028407115;0.063723318;0.34483793
-0.028407115;0.063723318;0.35274309
-0.028407115;0.061747037;0.35274309
-0.02643083;0.061747037;0.35274309
-0.028407115;0.063723318;0.35274309
-0.02643083;0.063723318;0.35274309
-0.028407115;0.063723318;0.35274309
-0.02643083;0.061747037;0.35274309
-0.028407115;0.063723318;0.35274309
-0.02643083;0.063723318;0.35274309
-0.02643083;0.063723318;0.35274309
-0.028407115;0.063723318;0.34483793
-0.02643083;0.061747037;0.35274309
-0.02643083;0.063723318;0.35274309
-0.028407115;0.061747037;0.34483793
-0.028407115;0.061747037;0.34483793
-0.028407115;0.063723318;0.35274309
-0.028407115;0.063723318;0.35274309
-0.028407115;0.063723318;0.35274309
-0.028407115;0.063723318;0.35274309
-0.028407115;0.063723318;0.35274309
-0.028407115;0.065699607;0.35274309
-0.028407115;0.063723318;0.35274309
-0.030383399;0.063723318;0.34483793
-0.028407115;0.065699607;0.35274309
-0.028407115;0.063723318;0.35274309
-0.02643083;0.065699607;0.35274309
-0.028407115;0.065699607;0.35274309
-0.028407115;0.063723318;0.35274309
-0.028407115;0.065699607;0.35274309
-0.02643083;0.063723318;0.34483793
-0.028407115;0.063723318;0.35274309
-0.030383399;0.063723318;0.35274309
-0.028407115;0.063723318;0.34483793
-0.028407115;0.065699607;0.35274309
-0.028407115;0.063723318;0.34483793
-0.028407115;0.065699607;0.35274309
-0.030383399;0.065699607;0.35274309
-0.028407115;0.065699607;0.35274309
-0.028407115;0.063723318;0.34483793
-0.028407115;0.065699607;0.35274309
-0.028407115;0.063723318;0.35274309
-0.028407115;0.065699607;0.34483793
-0.030383399;0.065699607;0.35274309
-0.028407115;0.065699607;0.35274309
-0.030383399;0.065699607;0.35274309
-0.030383399;0.065699607;0.35274309
-0.028407115;0.065699607;0.35274309
-0.028407115;0.065699607;0.34483793
-0.030383399;0.065699607;0.35274309
-0.028407115;0.065699607;0.35274309
-0.028407115;0.065699607;0.34483793
-0.028407115;0.063723318;0.35274309
-0.030383399;0.065699607;0.35274309
-0.030383399;0.065699607;0.35274309
-0.028407115;0.065699607;0.35274309
-0.028407115;0.065699607;0.35274309
-0.030383399;0.065699607;0.35274309
-0.030383399;0.065699607;0.35274309
-0.030383399;0.067675889;0.34483793
-0.028407115;0.065699607;0.35274309
-0.030383399;0.065699607;0.34483793
-0.030383399;0.065699607;0.35274309
-0.030383399;0.067675889;0.35274309
-0.028407115;0.067675889;0.34483793
-0.030383399;0.065699607;0.35274309
-0.030383399;0.065699607;0.34483793
-0.028407115;0.065699607;0.35274309
-0.030383399;0.065699607;0.34483793
-0.030383399;0.067675889;0.34483793
-0.028407115;0.065699607;0.34483793
-0.030383399;0.065699607;0.35274309
-0.028407115;0.067675889;0.35274309
-0.028407115;0.067675889;0.35274309
-0.030383399;0.065699607;0.35274309
-0.030383399;0.065699607;0.35274309
-0.030383399;0.067675889;0.35274309
-0.028407115;0.065699607;0.34483793
-0.028407115;0.067675889;0.34483793
-0.030383399;0.067675889;0.35274309
-0.030383399;0.067675889;0.35274309
-0.030383399;0.067675889;0.35274309
-0.028407115;0.067675889;0.35274309
-0.028407115;0.067675889;0.35274309
-0.030383399;0.065699607;0.35274309
-0.030383399;0.067675889;0.35274309
-0.030383399;0.067675889;0.35274309
-0.030383399;0.067675889;0.35274309
-0.030383399;0.067675889;0.34483793
-0.030383399;0.067675889;0.35274309
-0.030383399;0.067675889;0.35274309
-0.028407115;0.067675889;0.34483793
-0.028407115;0.067675889;0.34483793
-0.028407115;0.067675889;0.35274309
-0.028407115;0.067675889;0.35274309
-0.030383399;0.067675889;0.34483793
-0.030383399;0.067675889;0.35274309
-0.030383399;0.067675889;0.35274309
-0.030383399;0.067675889;0.34483793
-0.030383399;0.067675889;0.35274309
-0.028407115;0.067675889;0.34483793
-0.030383399;0.067675889;0.35274309
-0.028407115;0.067675889;0.35274309
-0.030383399;0.067675889;0.34483793
-0.028407115;0.067675889;0.35274309
-0.028407115;0.067675889;0.35274309
-0.030383399;0.067675889;0.34483793
-0.028407115;0.067675889;0.35274309
-0.028407115;0.067675889;0.35274309
-0.028407115;0.067675889;0.34483793
-0.030383399;0.067675889;0.34483793
-0.030383399;0.067675889;0.35274309
-0.030383399;0.067675889;0.35274309
-0.028407115;0.067675889;0.35274309
-0.030383399;0.065699607;0.35274309
-0.030383399;0.067675889;0.34483793
-0.030383399;0.067675889;0.35274309
-0.030383399;0.067675889;0.35274309
-0.030383399;0.067675889;0.35274309
-0.030383399;0.067675889;0.35274309
-0.030383399;0.067675889;0.35274309
-0.030383399;0.067675889;0.35274309
-0.028407115;0.067675889;0.35274309
-0.028407115;0.069652177;0.35274309
-0.028407115;0.067675889;0.35274309
-0.028407115;0.069652177;0.35274309
-0.028407115;0.067675889;0.35274309
-0.030383399;0.067675889;0.35274309
-0.028407115;0.069652177;0.34483793
-0.030383399;0.069652177;0.34483793
-0.028407115;0.067675889;0.35274309
-0.030383399;0.067675889;0.35274309
-0.028407115;0.067675889;0.34483793
-0.028407115;0.067675889;0.35274309
-0.030383399;0.067675889;0.35274309
-0.028407115;0.067675889;0.35274309
-0.030383399;0.067675889;0.35274309
-0.030383399;0.067675889;0.34483793
-0.028407115;0.067675889;0.35274309
-0.030383399;0.069652177;0.35274309
-0.028407115;0.067675889;0.35274309
-0.028407115;0.067675889;0.35274309
-0.028407115;0.067675889;0.35274309
-0.028407115;0.067675889;0.35274309
-0.028407115;0.067675889;0.34483793
-0.028407115;0.067675889;0.35274309
-0.030383399;0.069652177;0.35274309
-0.028407115;0.067675889;0.35274309
-0.030383399;0.067675889;0.35274309
-0.028407115;0.067675889;0.35274309
-0.030383399;0.069652177;0.34483793
-0.028407115;0.069652177;0.34483793
-0.028407115;0.069652177;0.35274309
-0.028407115;0.069652177;0.34483793
-0.028407115;0.067675889;0.35274309
-0.028407115;0.069652177;0.35274309
-0.030383399;0.069652177;0.35274309
-0.028407115;0.069652177;0.35274309
-0.028407115;0.067675889;0.34483793
-0.030383399;0.069652177;0.35274309
-0.028407115;0.067675889;0.34483793
-0.028407115;0.067675889;0.35274309
-0.028407115;0.067675889;0.35274309
-0.028407115;0.067675889;0.35274309
-0.02643083;0.069652177;0.35274309
-0.028407115;0.069652177;0.34483793
-0.028407115;0.067675889;0.35274309
-0.028407115;0.069652177;0.34483793
-0.028407115;0.069652177;0.35274309
-0.028407115;0.069652177;0.35274309
-0.028407115;0.069652177;0.35274309
-0.028407115;0.069652177;0.34483793
-0.028407115;0.069652177;0.35274309
-0.028407115;0.069652177;0.34483793
-0.028407115;0.069652177;0.35274309
-0.028407115;0.069652177;0.35274309
-0.028407115;0.069652177;0.35274309
-0.028407115;0.069652177;0.35274309
-0.02643083;0.069652177;0.34483793
-0.02643083;0.069652177;0.35274309
-0.02643083;0.069652177;0.34483793
-0.02643083;0.069652177;0.34483793
-0.02643083;0.069652177;0.34483793
-0.02643083;0.069652177;0.34483793
-0.02643083;0.069652177;0.35274309
-0.02643083;0.069652177;0.35274309
-0.02643083;0.069652177;0.35274309
-0.02643083;0.069652177;0.34483793
-0.02643083;0.069652177;0.34483793
-0.02643083;0.067675889;0.34483793
-0.02643083;0.069652177;0.35274309
-0.02643083;0.069652177;0.34483793
-0.028407115;0.069652177;0.35274309
-0.02643083;0.069652177;0.34483793
-0.024454545;0.069652177;0.35274309
-0.024454545;0.069652177;0.35274309
-0.02643083;0.067675889;0.35274309
-0.02643083;0.069652177;0.35274309
-0.02643083;0.067675889;0.35274309
-0.028407115;0.069652177;0.35274309
-0.02643083;0.069652177;0.35274309
-0.02643083;0.069652177;0.35274309
-0.024454545;0.067675889;0.35274309
-0.024454545;0.069652177;0.34483793
-0.024454545;0.069652177;0.35274309
-0.024454545;0.069652177;0.35274309
-0.02643083;0.069652177;0.35274309
-0.02643083;0.069652177;0.35274309
-0.02643083;0.069652177;0.35274309
-0.02643083;0.069652177;0.34483793
-0.024454545;0.069652177;0.35274309
-0.024454545;0.069652177;0.35274309
-0.024454545;0.069652177;0.35274309
-0.024454545;0.069652177;0.35274309
-0.024454545;0.069652177;0.35274309
-0.024454545;0.069652177;0.34483793
-0.024454545;0.069652177;0.35274309
-0.02643083;0.069652177;0.35274309
-0.024454545;0.069652177;0.35274309
-0.024454545;0.069652177;0.34483793
-0.024454545;0.069652177;0.35274309
-0.02247826;0.067675889;0.35274309
-0.02247826;0.067675889;0.35274309
-0.02247826;0.067675889;0.34483793
-0.02247826;0.069652177;0.35274309
-0.024454545;0.069652177;0.35274309
-0.02247826;0.069652177;0.35274309
-0.02247826;0.069652177;0.35274309
-0.02247826;0.069652177;0.35274309
-0.02247826;0.067675889;0.34483793
-0.02247826;0.069652177;0.35274309
-0.02247826;0.069652177;0.35274309
-0.02247826;0.069652177;0.35274309
-0.024454545;0.067675889;0.35274309
-0.02247826;0.069652177;0.34483793
-0.02247826;0.069652177;0.35274309
-0.02247826;0.069652177;0.35274309
-0.020501977;0.069652177;0.35274309
-0.02247826;0.069652177;0.35274309
-0.02247826;0.067675889;0.35274309
-0.020501977;0.069652177;0.35274309
-0.02247826;0.069652177;0.35274309
-0.02247826;0.067675889;0.35274309
-0.02247826;0.067675889;0.35274309
-0.02247826;0.069652177;0.35274309
-0.020501977;0.069652177;0.34483793
-0.020501977;0.069652177;0.35274309
-0.02247826;0.069652177;0.35274309
-0.020501977;0.067675889;0.35274309
-0.020501977;0.067675889;0.34483793
-0.020501977;0.067675889;0.35274309
-0.020501977;0.069652177;0.35274309
-0.020501977;0.067675889;0.34483793
-0.020501977;0.069652177;0.35274309
-0.020501977;0.067675889;0.35274309
-0.020501977;0.067675889;0.35274309
-0.018525692;0.067675889;0.35274309
-0.020501977;0.069652177;0.35274309
-0.018525692;0.069652177;0.35274309
-0.018525692;0.069652177;0.34483793
-0.018525692;0.069652177;0.35274309
-0.018525692;0.067675889;0.35274309
-0.018525692;0.067675889;0.34483793
-0.016549407;0.069652177;0.35274309
-0.018525692;0.069652177;0.35274309
-0.020501977;0.069652177;0.34483793
-0.018525692;0.067675889;0.35274309
-0.018525692;0.067675889;0.35274309
-0.018525692;0.067675889;0.35274309
-0.018525692;0.067675889;0.35274309
-0.018525692;0.069652177;0.35274309
-0.016549407;0.069652177;0.35274309
-0.018525692;0.067675889;0.34483793
-0.016549407;0.067675889;0.34483793
-0.016549407;0.067675889;0.35274309
-0.018525692;0.067675889;0.34483793
-0.018525692;0.067675889;0.35274309
-0.016549407;0.067675889;0.35274309
-0.016549407;0.067675889;0.34483793
-0.018525692;0.069652177;0.35274309
-0.016549407;0.067675889;0.35274309
-0.016549407;0.067675889;0.35274309
-0.016549407;0.067675889;0.34483793
-0.016549407;0.067675889;0.35274309
-0.016549407;0.069652177;0.34483793
-0.018525692;0.067675889;0.34483793
-0.016549407;0.067675889;0.34483793
-0.016549407;0.067675889;0.35274309
-0.016549407;0.067675889;0.34483793
-0.014573122;0.067675889;0.34483793
-0.016549407;0.067675889;0.35274309
-0.014573122;0.067675889;0.35274309
-0.016549407;0.067675889;0.35274309
-0.016549407;0.069652177;0.35274309
-0.016549407;0.067675889;0.34483793
-0.014573122;0.067675889;0.35274309
-0.016549407;0.069652177;0.35274309
-0.016549407;0.067675889;0.35274309
-0.014573122;0.067675889;0.35274309
-0.016549407;0.069652177;0.35274309
-0.014573122;0.067675889;0.34483793
-0.014573122;0.067675889;0.34483793
-0.014573122;0.067675889;0.35274309
-0.014573122;0.067675889;0.35274309
-0.014573122;0.067675889;0.35274309
-0.014573122;0.069652177;0.35274309
-0.012596838;0.067675889;0.35274309
-0.014573122;0.069652177;0.35274309
-0.014573122;0.067675889;0.34483793
-0.014573122;0.067675889;0.35274309
-0.014573122;0.067675889;0.35274309
-0.014573122;0.067675889;0.35274309
-0.012596838;0.067675889;0.35274309
-0.012596838;0.067675889;0.34483793
-0.012596838;0.067675889;0.35274309
-0.012596838;0.067675889;0.35274309
-0.012596838;0.067675889;0.34483793
-0.012596838;0.067675889;0.35274309
-0.012596838;0.067675889;0.35274309
-0.012596838;0.067675889;0.35274309
-0.012596838;0.067675889;0.34483793
-0.012596838;0.067675889;0.35274309
-0.012596838;0.067675889;0.34483793
-0.012596838;0.067675889;0.35274309
-0.010620553;0.067675889;0.35274309
-0.010620553;0.067675889;0.35274309
-0.010620553;0.067675889;0.34483793
-0.010620553;0.067675889;0.35274309
-0.012596838;0.067675889;0.35274309
-0.010620553;0.065699607;0.34483793
-0.012596838;0.067675889;0.35274309
-0.010620553;0.067675889;0.34483793
-0.012596838;0.067675889;0.35274309
-0.010620553;0.067675889;0.35274309
-0.0086442688;0.067675889;0.35274309
-0.010620553;0.067675889;0.35274309
-0.010620553;0.067675889;0.35274309
-0.010620553;0.067675889;0.35274309
-0.010620553;0.067675889;0.35274309
-0.010620553;0.067675889;0.34483793
-0.010620553;0.067675889;0.35274309
-0.0086442688;0.067675889;0.35274309
-0.010620553;0.065699607;0.35274309
-0.0086442688;0.065699607;0.34483793
-0.0086442688;0.067675889;0.35274309
-0.0086442688;0.067675889;0.35274309
-0.0086442688;0.065699607;0.35274309
-0.0086442688;0.067675889;0.34483793
-0.0086442688;0.065699607;0.35274309
-0.0086442688;0.067675889;0.35274309
-0.010620553;0.067675889;0.35274309
-0.0086442688;0.065699607;0.35274309
-0.0086442688;0.065699607;0.34483793
-0.0066679842;0.063723318;0.35274309
-0.0066679842;0.067675889;0.34483793
-0.0086442688;0.067675889;0.34483793
-0.0066679842;0.067675889;0.35274309
-0.0066679842;0.065699607;0.35274309
-0.0066679842;0.065699607;0.34483793
-0.0086442688;0.065699607;0.34483793
-0.0066679842;0.065699607;0.35274309
-0.0066679842;0.067675889;0.35274309
-0.0066679842;0.063723318;0.34483793
-0.0066679842;0.065699607;0.35274309
-0.0046916995;0.065699607;0.35274309
-0.0066679842;0.065699607;0.35274309
-0.0046916995;0.063723318;0.35274309
-0.0066679842;0.065699607;0.35274309
-0.0066679842;0.065699607;0.35274309
-0.0046916995;0.065699607;0.34483793
-0.0066679842;0.065699607;0.34483793
-0.0066679842;0.063723318;0.35274309
-0.0046916995;0.063723318;0.35274309
-0.0046916995;0.065699607;0.35274309
-0.0046916995;0.065699607;0.35274309
-0.0046916995;0.065699607;0.35274309
-0.0046916995;0.063723318;0.35274309
-0.0046916995;0.063723318;0.35274309
-0.0027154151;0.063723318;0.35274309
-0.0046916995;0.063723318;0.34483793
-0.0027154151;0.065699607;0.35274309
-0.0046916995;0.065699607;0.35274309
-0.0046916995;0.065699607;0.35274309
-0.0027154151;0.065699607;0.35274309
-0.0027154151;0.065699607;0.34483793
-0.0027154151;0.065699607;0.35274309
-0.0027154151;0.065699607;0.34483793
-0.0027154151;0.065699607;0.35274309
-0.0027154151;0.065699607;0.34483793
-0.0027154151;0.063723318;0.34483793
-0.0027154151;0.063723318;0.34483793
-0.0027154151;0.065699607;0.35274309
-0.00073913042;0.063723318;0.35274309
-0.0027154151;0.065699607;0.35274309
-0.00073913042;0.063723318;0.35274309
-0.00073913042;0.065699607;0.35274309
-0.00073913042;0.063723318;0.34483793
-0.00073913042;0.063723318;0.34483793
-0.00073913042;0.063723318;0.35274309
-0.00073913042;0.063723318;0.35274309
-0.00073913042;0.065699607;0.34483793
-0.00073913042;0.063723318;0.35274309
-0.00073913042;0.063723318;0.35274309
0.0012371541;0.063723318;0.35274309
-0.00073913042;0.063723318;0.35274309
-0.00073913042;0.063723318;0.34483793
0.0012371541;0.063723318;0.35274309
0.0012371541;0.065699607;0.34483793
0.0012371541;0.061747037;0.34483793
0.0012371541;0.063723318;0.34483793
0.0032134387;0.063723318;0.35274309
0.0012371541;0.061747037;0.35274309
0.0012371541;0.063723318;0.35274309
0.0032134387;0.063723318;0.35274309
0.0012371541;0.063723318;0.34483793
0.0032134387;0.061747037;0.35274309
0.0032134387;0.061747037;0.34483793
0.0032134387;0.063723318;0.34483793
0.0032134387;0.061747037;0.35274309
0.0032134387;0.063723318;0.35274309
0.0051897233;0.061747037;0.34483793
0.0032134387;0.061747037;0.35274309
0.0051897233;0.063723318;0.35274309
0.0032134387;0.063723318;0.34483793
0.0032134387;0.061747037;0.35274309
0.0051897233;0.061747037;0.35274309
0.0051897233;0.059770752;0.34483793
0.0032134387;0.061747037;0.35274309
0.0051897233;0.061747037;0.34483793
0.0051897233;0.061747037;0.35274309
0.0051897233;0.061747037;0.35274309
0.0051897233;0.061747037;0.35274309
0.0051897233;0.061747037;0.35274309
0.007166008;0.061747037;0.35274309
0.0051897233;0.061747037;0.35274309
0.007166008;0.061747037;0.34483793
0.007166008;0.061747037;0.34483793
0.007166008;0.061747037;0.35274309
0.007166008;0.061747037;0.35274309
0.007166008;0.061747037;0.35274309
0.007166008;0.061747037;0.35274309
0.007166008;0.061747037;0.35274309
0.007166008;0.061747037;0.35274309
0.0091422927;0.061747037;0.35274309
0.0091422927;0.061747037;0.35274309
0.007166008;0.059770752;0.34483793
0.0091422927;0.059770752;0.35274309
0.0091422927;0.059770752;0.35274309
0.0091422927;0.059770752;0.35274309
0.0091422927;0.059770752;0.35274309
0.0091422927;0.059770752;0.35274309
0.0091422927;0.059770752;0.35274309
0.0091422927;0.059770752;0.35274309
0.011118577;0.061747037;0.35274309
0.011118577;0.061747037;0.34483793
0.011118577;0.059770752;0.35274309
0.011118577;0.059770752;0.35274309
0.011118577;0.059770752;0.34483793
0.013094862;0.059770752;0.35274309
0.011118577;0.061747037;0.35274309
0.011118577;0.059770752;0.35274309
0.011118577;0.059770752;0.35274309
0.011118577;0.059770752;0.35274309
0.013094862;0.059770752;0.35274309
0.011118577;0.059770752;0.35274309
0.013094862;0.059770752;0.34483793
0.015071146;0.059770752;0.35274309
0.011118577;0.059770752;0.35274309
0.013094862;0.059770752;0.35274309
0.013094862;0.057794467;0.35274309
0.013094862;0.059770752;0.34483793
0.013094862;0.059770752;0.35274309
0.015071146;0.059770752;0.35274309
0.013094862;0.057794467;0.35274309
0.015071146;0.057794467;0.34483793
0.015071146;0.057794467;0.35274309
0.015071146;0.059770752;0.35274309
0.013094862;0.057794467;0.35274309
0.015071146;0.057794467;0.34483793
0.013094862;0.057794467;0.34483793
0.013094862;0.057794467;0.35274309
0.015071146;0.057794467;0.35274309
0.015071146;0.057794467;0.35274309
0.015071146;0.057794467;0.34483793
0.017047431;0.057794467;0.35274309
0.015071146;0.057794467;0.35274309
0.017047431;0.055818181;0.35274309
0.017047431;0.057794467;0.35274309
0.017047431;0.057794467;0.35274309
0.017047431;0.057794467;0.35274309
0.017047431;0.057794467;0.35274309
0.017047431;0.057794467;0.35274309
0.017047431;0.057794467;0.34483793
0.017047431;0.055818181;0.35274309
0.019023715;0.057794467;0.34483793
0.017047431;0.057794467;0.35274309
0.017047431;0.057794467;0.35274309
0.017047431;0.057794467;0.35274309
0.017047431;0.055818181;0.35274309
0.019023715;0.057794467;0.35274309
0.019023715;0.057794467;0.35274309
0.019023715;0.057794467;0.35274309
0.019023715;0.055818181;0.35274309
0.019023715;0.057794467;0.35274309
0.019023715;0.055818181;0.35274309
0.019023715;0.057794467;0.35274309
0.021;0.055818181;0.35274309
0.019023715;0.055818181;0.34483793
0.019023715;0.055818181;0.35274309
0.021;0.055818181;0.35274309
0.021;0.055818181;0.34483793
0.021;0.055818181;0.34483793
0.021;0.057794467;0.34483793
0.021;0.055818181;0.35274309
0.021;0.055818181;0.34483793
0.021;0.055818181;0.35274309
0.021;0.055818181;0.35274309
0.022976285;0.055818181;0.34483793
0.021;0.055818181;0.34483793
0.022976285;0.055818181;0.35274309
0.021;0.055818181;0.35274309
0.022976285;0.055818181;0.35274309
0.02495257;0.053841896;0.35274309
0.022976285;0.055818181;0.35274309
0.022976285;0.053841896;0.34483793
0.022976285;0.053841896;0.35274309
0.022976285;0.053841896;0.34483793
0.02495257;0.053841896;0.35274309
0.022976285;0.055818181;0.34483793
0.022976285;0.053841896;0.35274309
0.022976285;0.053841896;0.34483793
0.02495257;0.053841896;0.34483793
0.02495257;0.053841896;0.35274309
0.02495257;0.053841896;0.35274309
0.02495257;0.053841896;0.35274309
0.02495257;0.053841896;0.35274309
0.02495257;0.053841896;0.34483793
0.02495257;0.053841896;0.34483793
0.02495257;0.051865611;0.34483793
0.026928853;0.053841896;0.35274309
0.026928853;0.053841896;0.35274309
0.02495257;0.051865611;0.35274309
0.026928853;0.053841896;0.35274309
0.026928853;0.053841896;0.35274309
0.026928853;0.053841896;0.34483793
0.02495257;0.051865611;0.35274309
0.026928853;0.051865611;0.34483793
0.028905138;0.051865611;0.35274309
0.026928853;0.053841896;0.35274309
0.026928853;0.051865611;0.35274309
0.028905138;0.051865611;0.35274309
0.028905138;0.04988933;0.35274309
0.026928853;0.051865611;0.35274309
0.028905138;0.051865611;0.35274309
0.028905138;0.051865611;0.34483793
0.028905138;0.04988933;0.35274309
0.028905138;0.051865611;0.35274309
0.028905138;0.051865611;0.35274309
0.028905138;0.051865611;0.35274309
0.030881424;0.051865611;0.35274309
0.030881424;0.051865611;0.35274309
0.030881424;0.04988933;0.35274309
0.030881424;0.04988933;0.35274309
0.030881424;0.051865611;0.34483793
0.028905138;0.051865611;0.35274309
0.030881424;0.04988933;0.35274309
0.030881424;0.04988933;0.35274309
0.030881424;0.04988933;0.34483793
0.032857709;0.04988933;0.34483793
0.030881424;0.04988933;0.35274309
0.032857709;0.04988933;0.35274309
0.032857709;0.04988933;0.35274309
0.032857709;0.04988933;0.35274309
0.030881424;0.04988933;0.35274309
0.032857709;0.04988933;0.35274309
0.032857709;0.047913045;0.34483793
0.032857709;0.04988933;0.35274309
0.032857709;0.047913045;0.34483793
0.032857709;0.04988933;0.34483793
0.032857709;0.047913045;0.34483793
0.032857709;0.047913045;0.35274309
0.034833994;0.04988933;0.35274309
0.032857709;0.047913045;0.34483793
0.032857709;0.047913045;0.35274309
0.032857709;0.047913045;0.35274309
0.034833994;0.047913045;0.34483793
0.034833994;0.04988933;0.35274309
0.034833994;0.047913045;0.34483793
0.034833994;0.047913045;0.35274309
0.036810275;0.047913045;0.35274309
0.034833994;0.047913045;0.35274309
0.034833994;0.04988933;0.34483793
0.034833994;0.047913045;0.35274309
0.036810275;0.047913045;0.35274309
0.036810275;0.047913045;0.35274309
0.036810275;0.047913045;0.34483793
0.036810275;0.047913045;0.35274309
0.036810275;0.047913045;0.35274309
0.034833994;0.047913045;0.35274309
0.03878656;0.047913045;0.35274309
0.036810275;0.047913045;0.34483793
0.036810275;0.047913045;0.35274309
0.03878656;0.04593676;0.35274309
0.03878656;0.047913045;0.34483793
0.03878656;0.047913045;0.35274309
0.03878656;0.047913045;0.35274309
0.036810275;0.04593676;0.35274309
0.03878656;0.047913045;0.35274309
0.03878656;0.047913045;0.35274309
0.03878656;0.047913045;0.35274309
0.03878656;0.047913045;0.35274309
0.040762845;0.047913045;0.35274309
0.040762845;0.043960474;0.35274309
0.040762845;0.04593676;0.35274309
0.040762845;0.047913045;0.35274309
0.040762845;0.043960474;0.34483793
0.040762845;0.04593676;0.35274309
0.040762845;0.047913045;0.35274309
0.040762845;0.04593676;0.34483793
0.040762845;0.047913045;0.35274309
0.040762845;0.047913045;0.35274309
0.040762845;0.04593676;0.34483793
0.040762845;0.04593676;0.34483793
0.042739131;0.04593676;0.35274309
0.042739131;0.043960474;0.34483793
0.042739131;0.043960474;0.35274309
0.040762845;0.043960474;0.35274309
0.042739131;0.04593676;0.35274309
0.042739131;0.043960474;0.34483793
0.042739131;0.043960474;0.35274309
0.042739131;0.043960474;0.35274309
0.044715416;0.043960474;0.35274309
0.042739131;0.04593676;0.35274309
0.042739131;0.043960474;0.34483793
0.042739131;0.043960474;0.34483793
0.044715416;0.04593676;0.35274309
0.044715416;0.043960474;0.34483793
0.044715416;0.043960474;0.35274309
0.044715416;0.041984189;0.34483793
0.044715416;0.043960474;0.34483793
0.044715416;0.041984189;0.35274309
0.042739131;0.041984189;0.35274309
0.044715416;0.043960474;0.35274309
0.044715416;0.043960474;0.35274309
0.044715416;0.043960474;0.35274309
0.046691701;0.041984189;0.34483793
0.046691701;0.041984189;0.35274309
0.046691701;0.041984189;0.35274309
0.044715416;0.041984189;0.34483793
0.046691701;0.041984189;0.35274309
0.046691701;0.041984189;0.35274309
0.046691701;0.041984189;0.34483793
0.046691701;0.041984189;0.35274309
0.046691701;0.041984189;0.35274309
0.048667986;0.043960474;0.34483793
0.046691701;0.041984189;0.34483793
0.046691701;0.041984189;0.35274309
0.048667986;0.040007904;0.35274309
0.048667986;0.041984189;0.35274309
0.048667986;0.041984189;0.35274309
0.048667986;0.041984189;0.35274309
0.048667986;0.041984189;0.34483793
0.050644267;0.041984189;0.35274309
0.050644267;0.041984189;0.35274309
0.050644267;0.041984189;0.35274309
0.048667986;0.040007904;0.34483793
0.048667986;0.040007904;0.35274309
0.048667986;0.040007904;0.34483793
0.050644267;0.041984189;0.35274309
0.050644267;0.040007904;0.35274309
0.050644267;0.040007904;0.35274309
0.050644267;0.040007904;0.35274309
0.048667986;0.040007904;0.35274309
0.048667986;0.040007904;0.35274309
0.052620552;0.040007904;0.34483793
0.050644267;0.040007904;0.35274309
0.050644267;0.040007904;0.34483793
0.050644267;0.040007904;0.35274309
0.052620552;0.040007904;0.35274309
0.050644267;0.040007904;0.35274309
0.052620552;0.040007904;0.35274309
0.050644267;0.040007904;0.35274309
0.052620552;0.040007904;0.34483793
0.050644267;0.040007904;0.34483793
0.052620552;0.040007904;0.35274309
0.052620552;0.038031619;0.35274309
0.054596838;0.038031619;0.35274309
0.052620552;0.038031619;0.35274309
0.054596838;0.038031619;0.35274309
0.052620552;0.040007904;0.34483793
0.054596838;0.038031619;0.35274309
0.052620552;0.038031619;0.34483793
0.052620552;0.038031619;0.35274309
0.054596838;0.038031619;0.34483793
0.052620552;0.038031619;0.35274309
0.056573123;0.038031619;0.35274309
0.054596838;0.038031619;0.34483793
0.054596838;0.038031619;0.35274309
0.054596838;0.038031619;0.34483793
0.054596838;0.038031619;0.34483793
0.054596838;0.038031619;0.34483793
0.054596838;0.038031619;0.34483793
0.054596838;0.036055338;0.35274309
0.054596838;0.036055338;0.35274309
0.054596838;0.036055338;0.34483793
0.056573123;0.036055338;0.35274309
0.054596838;0.036055338;0.34483793
0.056573123;0.036055338;0.34483793
0.056573123;0.036055338;0.35274309
0.056573123;0.036055338;0.35274309
0.056573123;0.036055338;0.35274309
0.056573123;0.034079053;0.35274309
0.056573123;0.036055338;0.35274309
0.056573123;0.036055338;0.35274309
0.056573123;0.034079053;0.35274309
0.056573123;0.036055338;0.35274309
0.058549408;0.036055338;0.35274309
0.056573123;0.036055338;0.34483793
0.058549408;0.036055338;0.35274309
0.058549408;0.036055338;0.35274309
0.058549408;0.036055338;0.35274309
0.056573123;0.034079053;0.35274309
0.058549408;0.036055338;0.35274309
0.058549408;0.034079053;0.34483793
0.058549408;0.034079053;0.34483793
0.058549408;0.034079053;0.35274309
0.058549408;0.034079053;0.35274309
0.058549408;0.034079053;0.35274309
0.060525693;0.036055338;0.35274309
0.058549408;0.034079053;0.35274309
0.060525693;0.034079053;0.35274309
0.058549408;0.034079053;0.35274309
0.058549408;0.034079053;0.35274309
0.060525693;0.034079053;0.35274309
0.060525693;0.034079053;0.35274309
0.060525693;0.034079053;0.35274309
0.058549408;0.034079053;0.34483793
0.060525693;0.034079053;0.35274309
0.060525693;0.034079053;0.35274309
0.060525693;0.034079053;0.34483793
0.060525693;0.032102767;0.35274309
0.060525693;0.032102767;0.35274309
0.060525693;0.034079053;0.35274309
0.060525693;0.032102767;0.35274309
0.060525693;0.032102767;0.35274309
0.062501974;0.032102767;0.35274309
0.062501974;0.032102767;0.34483793
0.062501974;0.032102767;0.34483793
0.060525693;0.032102767;0.34483793
0.062501974;0.032102767;0.35274309
0.060525693;0.032102767;0.34483793
0.060525693;0.032102767;0.35274309
0.060525693;0.032102767;0.35274309
0.062501974;0.030126482;0.34483793
0.062501974;0.032102767;0.34483793
0.062501974;0.030126482;0.35274309
0.062501974;0.032102767;0.35274309
0.062501974;0.030126482;0.35274309
0.062501974;0.030126482;0.34483793
0.064478263;0.032102767;0.34483793
0.064478263;0.030126482;0.35274309
0.062501974;0.030126482;0.35274309
0.062501974;0.030126482;0.35274309
0.064478263;0.030126482;0.35274309
0.062501974;0.030126482;0.34483793
0.064478263;0.030126482;0.35274309
0.064478263;0.030126482;0.35274309
0.064478263;0.028150197;0.35274309
0.062501974;0.030126482;0.35274309
0.064478263;0.030126482;0.35274309
0.064478263;0.030126482;0.34483793
0.064478263;0.028150197;0.35274309
0.064478263;0.030126482;0.35274309
0.062501974;0.030126482;0.34483793
0.064478263;0.028150197;0.35274309
0.064478263;0.028150197;0.35274309
0.064478263;0.028150197;0.35274309
0.064478263;0.028150197;0.35274309
0.064478263;0.028150197;0.35274309
0.064478263;0.028150197;0.34483793
0.064478263;0.026173914;0.35274309
0.064478263;0.028150197;0.34483793
0.064478263;0.028150197;0.34483793
0.064478263;0.028150197;0.34483793
0.064478263;0.026173914;0.35274309
0.064478263;0.028150197;0.34483793
0.064478263;0.028150197;0.35274309
0.064478263;0.028150197;0.35274309
0.066454545;0.026173914;0.34483793
0.066454545;0.026173914;0.35274309
0.066454545;0.028150197;0.34483793
0.066454545;0.026173914;0.35274309
0.066454545;0.026173914;0.35274309
0.066454545;0.028150197;0.35274309
0.066454545;0.026173914;0.34483793
0.066454545;0.026173914;0.35274309
0.066454545;0.026173914;0.35274309
0.066454545;0.026173914;0.35274309
0.068430834;0.026173914;0.35274309
0.068430834;0.026173914;0.35274309
0.066454545;0.026173914;0.35274309
0.066454545;0.024197629;0.34483793
0.066454545;0.026173914;0.35274309
0.066454545;0.026173914;0.34483793
0.066454545;0.026173914;0.34483793
0.066454545;0.024197629;0.35274309
0.068430834;0.024197629;0.34483793
0.068430834;0.024197629;0.35274309
0.068430834;0.024197629;0.34483793
0.068430834;0.024197629;0.35274309
0.066454545;0.024197629;0.34483793
0.068430834;0.022221344;0.35274309
0.068430834;0.024197629;0.35274309
0.068430834;0.024197629;0.35274309
0.068430834;0.022221344;0.35274309
0.068430834;0.024197629;0.35274309
0.068430834;0.024197629;0.35274309
0.068430834;0.024197629;0.34483793
0.070407115;0.024197629;0.35274309
0.068430834;0.022221344;0.34483793
0.068430834;0.024197629;0.35274309
0.068430834;0.022221344;0.34483793
0.068430834;0.022221344;0.35274309
0.070407115;0.024197629;0.35274309
0.068430834;0.022221344;0.35274309
0.070407115;0.022221344;0.34483793
0.070407115;0.022221344;0.34483793
0.068430834;0.022221344;0.35274309
0.070407115;0.022221344;0.35274309
0.068430834;0.020245058;0.35274309
0.070407115;0.022221344;0.35274309
0.070407115;0.020245058;0.35274309
0.070407115;0.022221344;0.35274309
0.070407115;0.022221344;0.35274309
0.068430834;0.022221344;0.35274309
0.070407115;0.022221344;0.35274309
0.070407115;0.022221344;0.34483793
0.072383396;0.020245058;0.34483793
0.070407115;0.020245058;0.35274309
0.070407115;0.020245058;0.34483793
0.072383396;0.020245058;0.35274309
0.070407115;0.020245058;0.34483793
0.070407115;0.020245058;0.35274309
0.070407115;0.020245058;0.35274309
0.072383396;0.022221344;0.35274309
0.070407115;0.020245058;0.35274309
0.072383396;0.020245058;0.35274309
0.072383396;0.020245058;0.35274309
0.070407115;0.020245058;0.35274309
0.070407115;0.020245058;0.34483793
0.070407115;0.020245058;0.34483793
0.072383396;0.020245058;0.35274309
0.072383396;0.020245058;0.35274309
0.072383396;0.01629249;0.34483793
0.072383396;0.018268775;0.35274309
0.072383396;0.020245058;0.35274309
0.072383396;0.018268775;0.35274309
0.072383396;0.020245058;0.35274309
0.070407115;0.018268775;0.34483793
0.072383396;0.020245058;0.35274309
0.070407115;0.018268775;0.35274309
0.072383396;0.018268775;0.35274309
0.072383396;0.018268775;0.34483793
0.072383396;0.018268775;0.35274309
0.072383396;0.018268775;0.35274309
0.072383396;0.018268775;0.35274309
0.072383396;0.018268775;0.35274309
0.072383396;0.018268775;0.34483793
0.072383396;0.01629249;0.34483793
0.072383396;0.01629249;0.35274309
0.072383396;0.01629249;0.35274309
0.072383396;0.01629249;0.35274309
0.072383396;0.01629249;0.35274309
0.072383396;0.01629249;0.35274309
0.072383396;0.01629249;0.35274309
0.072383396;0.01629249;0.35274309
0.072383396;0.01629249;0.35274309
0.072383396;0.01629249;0.34483793
0.074359685;0.01629249;0.35274309
0.074359685;0.01629249;0.34483793
0.072383396;0.01629249;0.34483793
0.072383396;0.01629249;0.35274309
0.072383396;0.01629249;0.35274309
0.074359685;0.014316206;0.35274309
0.072383396;0.01629249;0.34483793
0.074359685;0.014316206;0.34483793
0.072383396;0.014316206;0.35274309
0.072383396;0.014316206;0.35274309
0.072383396;0.014316206;0.35274309
0.072383396;0.014316206;0.34483793
0.072383396;0.012339921;0.35274309
0.074359685;0.014316206;0.34483793
0.072383396;0.012339921;0.34483793
0.074359685;0.014316206;0.35274309
0.072383396;0.014316206;0.34483793
0.072383396;0.012339921;0.35274309
0.074359685;0.014316206;0.34483793
0.074359685;0.012339921;0.35274309
0.074359685;0.014316206;0.35274309
0.074359685;0.014316206;0.34483793
0.072383396;0.014316206;0.35274309
0.074359685;0.012339921;0.35274309
0.074359685;0.014316206;0.35274309
0.074359685;0.012339921;0.35274309
0.074359685;0.012339921;0.35274309
0.076335967;0.012339921;0.34483793
0.074359685;0.012339921;0.35274309
0.074359685;0.012339921;0.35274309
0.074359685;0.012339921;0.34483793
0.074359685;0.012339921;0.35274309
0.074359685;0.012339921;0.35274309
0.074359685;0.012339921;0.35274309
0.074359685;0.012339921;0.34483793
0.074359685;0.012339921;0.35274309
0.074359685;0.010363637;0.35274309
0.074359685;0.012339921;0.34483793
0.074359685;0.012339921;0.34483793
0.074359685;0.010363637;0.35274309
0.074359685;0.010363637;0.35274309
0.074359685;0.012339921;0.34483793
0.074359685;0.010363637;0.35274309
0.074359685;0.010363637;0.35274309
0.076335967;0.010363637;0.34483793
0.074359685;0.010363637;0.35274309
0.076335967;0.010363637;0.35274309
0.074359685;0.010363637;0.34483793
0.074359685;0.010363637;0.35274309
0.074359685;0.010363637;0.35274309
0.076335967;0.010363637;0.34483793
0.074359685;0.010363637;0.34483793
0.074359685;0.010363637;0.35274309
0.074359685;0.010363637;0.34483793
0.074359685;0.010363637;0.35274309
0.076335967;0.010363637;0.34483793
0.076335967;0.010363637;0.35274309
0.074359685;0.010363637;0.35274309
0.072383396;0.0083873514;0.35274309
0.074359685;0.010363637;0.35274309
0.074359685;0.0083873514;0.34483793
0.076335967;0.0083873514;0.35274309
0.074359685;0.0083873514;0.34483793
0.074359685;0.0083873514;0.35274309
0.076335967;0.0083873514;0.34483793
0.074359685;0.0083873514;0.35274309
0.072383396;0.0083873514;0.35274309
0.074359685;0.0083873514;0.34483793
0.074359685;0.0083873514;0.35274309
0.074359685;0.0083873514;0.34483793
0.074359685;0.0064110672;0.35274309
0.074359685;0.0064110672;0.35274309
0.074359685;0.0064110672;0.34483793
0.074359685;0.0083873514;0.35274309
0.076335967;0.0064110672;0.35274309
0.076335967;0.0064110672;0.35274309
0.074359685;0.0064110672;0.35274309
0.074359685;0.0083873514;0.34483793
0.074359685;0.0064110672;0.35274309
0.072383396;0.0083873514;0.34483793
0.074359685;0.0064110672;0.35274309
0.074359685;0.0064110672;0.35274309
0.074359685;0.0044347825;0.35274309
0.072383396;0.0064110672;0.35274309
0.072383396;0.0064110672;0.35274309
0.074359685;0.0064110672;0.35274309
0.074359685;0.0064110672;0.34483793
0.072383396;0.0044347825;0.34483793
0.074359685;0.0064110672;0.35274309
0.074359685;0.0064110672;0.34483793
0.076335967;0.0064110672;0.35274309
0.074359685;0.0044347825;0.35274309
0.074359685;0.0064110672;0.34483793
0.074359685;0.0044347825;0.35274309
0.074359685;0.0044347825;0.35274309
0.076335967;0.0044347825;0.35274309
0.074359685;0.0044347825;0.35274309
0.072383396;0.0044347825;0.35274309
0.074359685;0.0044347825;0.35274309
0.074359685;0.0044347825;0.34483793
0.074359685;0.0024584981;0.35274309
0.074359685;0.0044347825;0.35274309
0.074359685;0.0044347825;0.34483793
0.074359685;0.0044347825;0.35274309
0.072383396;0.0044347825;0.35274309
0.074359685;0.0024584981;0.34483793
0.074359685;0.0024584981;0.35274309
0.072383396;0.0044347825;0.34483793
0.074359685;0.0024584981;0.34483793
0.074359685;0.0044347825;0.34483793
0.074359685;0.0044347825;0.34483793
0.074359685;0.0024584981;0.34483793
0.074359685;0.0024584981;0.35274309
0.074359685;0.0044347825;0.35274309
0.074359685;0.0024584981;0.35274309
0.074359685;0.0024584981;0.35274309
0.072383396;0.0024584981;0.35274309
0.074359685;0.0024584981;0.35274309
0.074359685;0.0024584981;0.34483793
0.074359685;0.0024584981;0.35274309
0.074359685;0.0024584981;0.34483793
0.072383396;0.0024584981;0.35274309
0.072383396;0.00048221345;0.34483793
0.074359685;0.00048221345;0.34483793
0.072383396;0.00048221345;0.35274309
0.072383396;0.00048221345;0.35274309
0.072383396;0.0024584981;0.35274309
0.074359685;0.0024584981;0.35274309
0.072383396;0.00048221345;0.35274309
0.072383396;0.00048221345;0.34483793
0.074359685;0.00048221345;0.35274309
0.074359685;0.00048221345;0.35274309
0.072383396;0.00048221345;0.34483793
0.072383396;0.00048221345;0.35274309
0.072383396;0.00048221345;0.34483793
0.074359685;0.00048221345;0.35274309
0.074359685;0.00048221345;0.35274309
0.072383396;0.00048221345;0.34483793
0.072383396;0.00048221345;0.35274309
0.072383396;0.00048221345;0.34483793
0.072383396;-0.0014940711;0.35274309
0.072383396;0.00048221345;0.35274309
0.072383396;0.00048221345;0.35274309
0.072383396;-0.0014940711;0.35274309
0.072383396;0.00048221345;0.35274309
0.070407115;0.00048221345;0.35274309
0.070407115;0.00048221345;0.35274309
0.070407115;-0.0014940711;0.34483793
0.070407115;-0.0014940711;0.34483793
0.070407115;-0.0014940711;0.34483793
0.070407115;-0.0034703556;0.34483793
0.070407115;-0.0014940711;0.35274309
0.072383396;-0.0014940711;0.34483793
0.070407115;-0.0014940711;0.35274309
0.072383396;-0.0014940711;0.35274309
0.070407115;-0.0014940711;0.35274309
0.070407115;-0.0014940711;0.34483793
0.070407115;-0.0014940711;0.35274309
0.072383396;-0.0014940711;0.35274309
0.070407115;-0.0034703556;0.34483793
0.070407115;-0.0014940711;0.34483793
0.070407115;-0.0034703556;0.34483793
0.072383396;-0.0034703556;0.34483793
0.070407115;-0.0034703556;0.35274309
0.072383396;-0.0034703556;0.35274309
0.070407115;-0.0034703556;0.34483793
0.070407115;-0.0034703556;0.34483793
0.070407115;-0.0034703556;0.34483793
0.070407115;-0.0014940711;0.34483793
0.070407115;-0.0034703556;0.35274309
0.070407115;-0.0034703556;0.35274309
0.068430834;-0.0034703556;0.35274309
0.068430834;-0.0034703556;0.35274309
0.070407115;-0.0054466403;0.35274309
0.068430834;-0.0034703556;0.35274309
0.070407115;-0.0034703556;0.35274309
0.072383396;-0.0034703556;0.35274309
0.070407115;-0.0034703556;0.34483793
0.068430834;-0.0054466403;0.34483793
0.070407115;-0.0034703556;0.35274309
0.070407115;-0.0034703556;0.34483793
0.068430834;-0.0054466403;0.35274309
0.068430834;-0.0034703556;0.35274309
0.068430834;-0.0054466403;0.35274309
0.068430834;-0.0034703556;0.35274309
0.068430834;-0.0054466403;0.35274309
0.066454545;-0.0054466403;0.34483793
0.070407115;-0.0054466403;0.35274309
0.066454545;-0.0054466403;0.35274309
0.066454545;-0.0054466403;0.34483793
0.066454545;-0.0054466403;0.35274309
0.068430834;-0.0054466403;0.35274309
0.068430834;-0.0054466403;0.34483793
0.068430834;-0.007422925;0.34483793
0.068430834;-0.007422925;0.35274309
0.068430834;-0.0054466403;0.35274309
0.068430834;-0.0054466403;0.35274309
0.066454545;-0.0054466403;0.35274309
0.066454545;-0.0054466403;0.34483793
0.066454545;-0.0054466403;0.35274309
0.064478263;-0.0054466403;0.34483793
0.066454545;-0.007422925;0.35274309
0.066454545;-0.0054466403;0.35274309
0.066454545;-0.007422925;0.34483793
0.066454545;-0.0054466403;0.34483793
0.066454545;-0.007422925;0.34483793
0.066454545;-0.0054466403;0.35274309
0.064478263;-0.0054466403;0.35274309
0.066454545;-0.0054466403;0.35274309
0.066454545;-0.0054466403;0.34483793
0.066454545;-0.007422925;0.35274309
0.064478263;-0.007422925;0.34483793
0.064478263;-0.0054466403;0.35274309
0.064478263;-0.0054466403;0.35274309
0.064478263;-0.007422925;0.34483793
0.064478263;-0.007422925;0.35274309
0.064478263;-0.007422925;0.35274309
0.064478263;-0.007422925;0.35274309
0.064478263;-0.007422925;0.35274309
0.064478263;-0.007422925;0.35274309
0.064478263;-0.007422925;0.35274309
0.064478263;-0.007422925;0.34483793
0.064478263;-0.007422925;0.35274309
0.064478263;-0.007422925;0.35274309
0.062501974;-0.007422925;0.35274309
0.064478263;-0.0093992092;0.35274309
0.064478263;-0.007422925;0.34483793
0.064478263;-0.007422925;0.35274309
0.062501974;-0.0093992092;0.34483793
0.064478263;-0.0093992092;0.35274309
0.062501974;-0.0093992092;0.34483793
0.062501974;-0.0093992092;0.34483793
0.064478263;-0.0093992092;0.35274309
0.064478263;-0.0093992092;0.34483793
0.062501974;-0.007422925;0.35274309
0.060525693;-0.0093992092;0.35274309
0.064478263;-0.0093992092;0.35274309
0.062501974;-0.0093992092;0.34483793
0.062501974;-0.0093992092;0.35274309
0.062501974;-0.0093992092;0.35274309
0.062501974;-0.0093992092;0.35274309
0.062501974;-0.0093992092;0.34483793
0.062501974;-0.0093992092;0.34483793
0.062501974;-0.011375494;0.34483793
0.062501974;-0.0093992092;0.35274309
0.062501974;-0.011375494;0.35274309
0.062501974;-0.0093992092;0.35274309
0.062501974;-0.011375494;0.35274309
0.062501974;-0.011375494;0.35274309
0.062501974;-0.0093992092;0.35274309
0.060525693;-0.011375494;0.35274309
0.060525693;-0.011375494;0.35274309
0.062501974;-0.011375494;0.34483793
0.060525693;-0.011375494;0.35274309
0.058549408;-0.011375494;0.34483793
0.058549408;-0.011375494;0.35274309
0.058549408;-0.0093992092;0.34483793
0.060525693;-0.011375494;0.34483793
0.060525693;-0.011375494;0.35274309
0.060525693;-0.011375494;0.34483793
0.058549408;-0.011375494;0.34483793
0.058549408;-0.011375494;0.35274309
0.060525693;-0.011375494;0.34483793
0.060525693;-0.013351778;0.35274309
0.058549408;-0.013351778;0.35274309
0.058549408;-0.011375494;0.34483793
0.058549408;-0.011375494;0.34483793
0.060525693;-0.011375494;0.34483793
0.058549408;-0.011375494;0.34483793
0.058549408;-0.011375494;0.35274309
0.058549408;-0.011375494;0.35274309
0.058549408;-0.011375494;0.35274309
0.058549408;-0.011375494;0.35274309
0.058549408;-0.011375494;0.35274309
0.058549408;-0.011375494;0.34483793
0.056573123;-0.013351778;0.35274309
0.058549408;-0.013351778;0.35274309
0.058549408;-0.013351778;0.34483793
0.056573123;-0.013351778;0.35274309
0.056573123;-0.013351778;0.35274309
0.056573123;-0.013351778;0.35274309
0.058549408;-0.013351778;0.34483793
0.058549408;-0.013351778;0.35274309
0.056573123;-0.013351778;0.35274309
0.056573123;-0.013351778;0.35274309
0.056573123;-0.013351778;0.35274309
0.056573123;-0.015328064;0.35274309
0.054596838;-0.013351778;0.35274309
0.054596838;-0.013351778;0.34483793
0.056573123;-0.013351778;0.34483793
0.054596838;-0.013351778;0.35274309
0.054596838;-0.013351778;0.35274309
0.054596838;-0.013351778;0.35274309
0.054596838;-0.015328064;0.35274309
0.056573123;-0.013351778;0.34483793
0.054596838;-0.013351778;0.35274309
0.054596838;-0.013351778;0.35274309
0.054596838;-0.013351778;0.35274309
0.054596838;-0.013351778;0.35274309
0.052620552;-0.013351778;0.35274309
0.054596838;-0.013351778;0.35274309
0.054596838;-0.013351778;0.35274309
0.052620552;-0.013351778;0.34483793
0.054596838;-0.013351778;0.35274309
0.052620552;-0.015328064;0.34483793
0.052620552;-0.013351778;0.35274309
0.054596838;-0.015328064;0.34483793
0.054596838;-0.015328064;0.35274309
0.054596838;-0.015328064;0.34483793
0.054596838;-0.015328064;0.34483793
0.052620552;-0.013351778;0.34483793
0.052620552;-0.015328064;0.34483793
0.054596838;-0.017304348;0.35274309
0.052620552;-0.015328064;0.34483793
0.052620552;-0.015328064;0.35274309
0.052620552;-0.015328064;0.35274309
0.050644267;-0.015328064;0.35274309
0.052620552;-0.015328064;0.35274309
0.050644267;-0.015328064;0.34483793
0.052620552;-0.015328064;0.34483793
0.052620552;-0.015328064;0.35274309
0.050644267;-0.017304348;0.34483793
0.050644267;-0.017304348;0.35274309
0.050644267;-0.015328064;0.34483793
0.050644267;-0.017304348;0.34483793
0.050644267;-0.015328064;0.34483793
0.050644267;-0.017304348;0.34483793
0.050644267;-0.017304348;0.34483793
0.048667986;-0.015328064;0.35274309
0.048667986;-0.015328064;0.35274309
0.048667986;-0.017304348;0.34483793
0.048667986;-0.017304348;0.35274309
0.048667986;-0.017304348;0.35274309
0.050644267;-0.017304348;0.35274309
0.048667986;-0.017304348;0.35274309
0.048667986;-0.017304348;0.35274309
0.048667986;-0.017304348;0.35274309
0.046691701;-0.017304348;0.35274309
0.046691701;-0.017304348;0.35274309
0.048667986;-0.017304348;0.34483793
0.046691701;-0.017304348;0.35274309
0.046691701;-0.017304348;0.35274309
0.046691701;-0.017304348;0.35274309
0.048667986;-0.017304348;0.35274309
0.046691701;-0.017304348;0.34483793
0.046691701;-0.017304348;0.35274309
0.046691701;-0.019280633;0.35274309
0.046691701;-0.017304348;0.34483793
0.046691701;-0.017304348;0.34483793
0.046691701;-0.017304348;0.34483793
0.046691701;-0.019280633;0.35274309
0.044715416;-0.019280633;0.35274309
0.046691701;-0.019280633;0.35274309
0.046691701;-0.019280633;0.35274309
0.044715416;-0.019280633;0.35274309
0.044715416;-0.019280633;0.35274309
0.044715416;-0.019280633;0.35274309
0.044715416;-0.019280633;0.35274309
0.044715416;-0.019280633;0.35274309
0.044715416;-0.017304348;0.35274309
0.044715416;-0.019280633;0.35274309
0.042739131;-0.017304348;0.35274309
0.042739131;-0.017304348;0.35274309
0.042739131;-0.019280633;0.34483793
0.042739131;-0.019280633;0.35274309
0.042739131;-0.019280633;0.35274309
0.042739131;-0.019280633;0.34483793
0.042739131;-0.019280633;0.35274309
0.042739131;-0.019280633;0.35274309
0.042739131;-0.019280633;0.35274309
0.042739131;-0.019280633;0.35274309
0.042739131;-0.019280633;0.35274309
0.040762845;-0.019280633;0.35274309
0.042739131;-0.019280633;0.35274309
0.040762845;-0.019280633;0.35274309
0.040762845;-0.019280633;0.35274309
0.040762845;-0.019280633;0.35274309
0.040762845;-0.021256916;0.35274309
0.040762845;-0.019280633;0.35274309
0.040762845;-0.021256916;0.34483793
0.040762845;-0.021256916;0.35274309
0.040762845;-0.019280633;0.34483793
0.040762845;-0.019280633;0.34483793
0.03878656;-0.019280633;0.35274309
0.03878656;-0.019280633;0.35274309
0.03878656;-0.019280633;0.34483793
0.03878656;-0.019280633;0.34483793
0.03878656;-0.021256916;0.34483793
0.03878656;-0.019280633;0.35274309
0.03878656;-0.019280633;0.34483793
0.03878656;-0.021256916;0.35274309
0.03878656;-0.021256916;0.35274309
0.036810275;-0.019280633;0.35274309
0.03878656;-0.019280633;0.35274309
0.03878656;-0.021256916;0.35274309
0.036810275;-0.021256916;0.35274309
0.036810275;-0.021256916;0.34483793
0.036810275;-0.019280633;0.34483793
0.036810275;-0.021256916;0.35274309
0.036810275;-0.021256916;0.35274309
0.03878656;-0.021256916;0.35274309
0.036810275;-0.021256916;0.34483793
0.036810275;-0.021256916;0.35274309
0.036810275;-0.019280633;0.35274309
0.034833994;-0.021256916;0.34483793
0.034833994;-0.019280633;0.35274309
0.036810275;-0.021256916;0.35274309
0.034833994;-0.021256916;0.34483793
0.034833994;-0.021256916;0.35274309
0.036810275;-0.021256916;0.35274309
0.032857709;-0.021256916;0.34483793
0.034833994;-0.021256916;0.35274309
0.032857709;-0.021256916;0.35274309
0.032857709;-0.021256916;0.35274309
0.032857709;-0.021256916;0.35274309
0.032857709;-0.021256916;0.35274309
0.032857709;-0.021256916;0.35274309
0.032857709;-0.021256916;0.35274309
0.030881424;-0.021256916;0.34483793
0.032857709;-0.021256916;0.35274309
0.032857709;-0.021256916;0.35274309
0.032857709;-0.021256916;0.35274309
0.032857709;-0.021256916;0.35274309
0.032857709;-0.021256916;0.34483793
0.030881424;-0.021256916;0.35274309
0.030881424;-0.021256916;0.35274309
0.030881424;-0.021256916;0.35274309
0.030881424;-0.023233201;0.35274309
0.030881424;-0.023233201;0.35274309
0.030881424;-0.023233201;0.35274309
0.032857709;-0.021256916;0.35274309
0.028905138;-0.023233201;0.35274309
0.030881424;-0.023233201;0.35274309
0.030881424;-0.021256916;0.34483793
0.028905138;-0.025209486;0.34483793
0.030881424;-0.021256916;0.34483793
0.030881424;-0.023233201;0.35274309
0.028905138;-0.023233201;0.34483793
0.028905138;-0.021256916;0.35274309
0.028905138;-0.023233201;0.34483793
0.028905138;-0.023233201;0.34483793
0.028905138;-0.023233201;0.35274309
0.028905138;-0.021256916;0.34483793
0.028905138;-0.021256916;0.35274309
0.026928853;-0.023233201;0.35274309
0.028905138;-0.021256916;0.35274309
0.02495257;-0.023233201;0.35274309
0.028905138;-0.023233201;0.35274309
0.026928853;-0.021256916;0.35274309
0.026928853;-0.023233201;0.34483793
0.026928853;-0.023233201;0.34483793
0.02495257;-0.023233201;0.34483793
0.026928853;-0.021256916;0.34483793
0.026928853;-0.023233201;0.34483793
0.02495257;-0.023233201;0.35274309
0.026928853;-0.023233201;0.35274309
0.02495257;-0.023233201;0.35274309
0.022976285;-0.023233201;0.35274309
0.02495257;-0.021256916;0.35274309
0.022976285;-0.023233201;0.35274309
0.02495257;-0.023233201;0.34483793
0.02495257;-0.023233201;0.35274309
0.02495257;-0.023233201;0.35274309
0.02495257;-0.023233201;0.35274309
0.022976285;-0.023233201;0.35274309
0.022976285;-0.023233201;0.34483793
0.022976285;-0.025209486;0.35274309
0.022976285;-0.023233201;0.35274309
0.022976285;-0.025209486;0.35274309
0.022976285;-0.023233201;0.35274309
0.022976285;-0.023233201;0.35274309
0.022976285;-0.023233201;0.35274309
0.022976285;-0.025209486;0.35274309
0.022976285;-0.025209486;0.35274309
0.022976285;-0.025209486;0.35274309
0.021;-0.023233201;0.35274309
0.022976285;-0.025209486;0.34483793
0.021;-0.025209486;0.35274309
0.021;-0.023233201;0.35274309
0.021;-0.023233201;0.34483793
0.022976285;-0.023233201;0.35274309
0.021;-0.025209486;0.35274309
0.021;-0.025209486;0.34483793
0.019023715;-0.023233201;0.35274309
0.021;-0.025209486;0.35274309
0.019023715;-0.023233201;0.35274309
0.019023715;-0.023233201;0.35274309
0.019023715;-0.025209486;0.35274309
0.019023715;-0.025209486;0.34483793
0.019023715;-0.025209486;0.35274309
0.019023715;-0.025209486;0.35274309
0.019023715;-0.023233201;0.35274309
0.019023715;-0.023233201;0.35274309
0.019023715;-0.025209486;0.35274309
0.019023715;-0.025209486;0.35274309
0.017047431;-0.025209486;0.35274309
0.017047431;-0.023233201;0.35274309
0.017047431;-0.025209486;0.34483793
0.017047431;-0.023233201;0.35274309
0.017047431;-0.025209486;0.34483793
0.017047431;-0.025209486;0.35274309
0.017047431;-0.025209486;0.35274309
0.017047431;-0.023233201;0.35274309
0.015071146;-0.023233201;0.35274309
0.017047431;-0.025209486;0.34483793
0.015071146;-0.023233201;0.35274309
0.015071146;-0.025209486;0.35274309
0.015071146;-0.025209486;0.34483793
0.015071146;-0.025209486;0.35274309
0.013094862;-0.025209486;0.35274309
0.015071146;-0.025209486;0.35274309
0.015071146;-0.025209486;0.35274309
0.015071146;-0.025209486;0.34483793
0.015071146;-0.025209486;0.35274309
0.015071146;-0.027185772;0.35274309
0.013094862;-0.025209486;0.35274309
0.015071146;-0.025209486;0.34483793
0.013094862;-0.025209486;0.34483793
0.013094862;-0.025209486;0.35274309
0.015071146;-0.025209486;0.35274309
0.013094862;-0.025209486;0.34483793
0.013094862;-0.025209486;0.35274309
0.013094862;-0.025209486;0.35274309
0.011118577;-0.025209486;0.35274309
0.011118577;-0.025209486;0.35274309
0.011118577;-0.025209486;0.35274309
0.013094862;-0.025209486;0.34483793
0.011118577;-0.025209486;0.35274309
0.011118577;-0.025209486;0.35274309
0.011118577;-0.023233201;0.34483793
0.011118577;-0.025209486;0.35274309
0.011118577;-0.025209486;0.35274309
0.011118577;-0.025209486;0.35274309
0.011118577;-0.025209486;0.35274309
0.011118577;-0.025209486;0.34483793
0.011118577;-0.025209486;0.34483793
0.011118577;-0.027185772;0.34483793
0.0091422927;-0.027185772;0.35274309
0.007166008;-0.025209486;0.35274309
0.0091422927;-0.025209486;0.34483793
0.0091422927;-0.025209486;0.35274309
0.0091422927;-0.025209486;0.35274309
0.007166008;-0.027185772;0.34483793
0.007166008;-0.027185772;0.34483793
0.007166008;-0.025209486;0.34483793
0.0051897233;-0.027185772;0.35274309
0.007166008;-0.025209486;0.35274309
0.007166008;-0.025209486;0.35274309
0.007166008;-0.025209486;0.34483793
0.007166008;-0.025209486;0.34483793
0.007166008;-0.025209486;0.34483793
0.007166008;-0.025209486;0.34483793
0.007166008;-0.025209486;0.35274309
0.007166008;-0.027185772;0.35274309
0.0051897233;-0.025209486;0.35274309
0.0051897233;-0.027185772;0.34483793
0.0051897233;-0.025209486;0.35274309
0.0051897233;-0.025209486;0.35274309
0.007166008;-0.027185772;0.35274309
0.0051897233;-0.025209486;0.35274309
0.0051897233;-0.025209486;0.34483793
0.0032134387;-0.025209486;0.35274309
0.0051897233;-0.025209486;0.34483793
0.0051897233;-0.025209486;0.34483793
0.0051897233;-0.025209486;0.35274309
0.0051897233;-0.025209486;0.35274309
0.0032134387;-0.025209486;0.35274309
0.0032134387;-0.027185772;0.35274309
0.0032134387;-0.025209486;0.34483793
0.0032134387;-0.027185772;0.34483793
0.0032134387;-0.027185772;0.35274309
0.0032134387;-0.025209486;0.35274309
0.0032134387;-0.025209486;0.35274309
0.0032134387;-0.025209486;0.34483793
0.0032134387;-0.025209486;0.35274309
0.0012371541;-0.025209486;0.35274309
0.0012371541;-0.025209486;0.35274309
0.0012371541;-0.025209486;0.35274309
0.0012371541;-0.025209486;0.34483793
0.0012371541;-0.025209486;0.35274309
-0.00073913042;-0.025209486;0.34483793
-0.00073913042;-0.025209486;0.35274309
-0.00073913042;-0.027185772;0.34483793
0.0012371541;-0.025209486;0.34483793
-0.00073913042;-0.027185772;0.35274309
0.0012371541;-0.025209486;0.35274309
-0.00073913042;-0.025209486;0.34483793
-0.00073913042;-0.025209486;0.35274309
-0.00073913042;-0.025209486;0.34483793
-0.00073913042;-0.025209486;0.35274309
-0.00073913042;-0.025209486;0.35274309
-0.00073913042;-0.025209486;0.35274309
-0.0027154151;-0.025209486;0.35274309
-0.00073913042;-0.025209486;0.35274309
-0.0027154151;-0.025209486;0.35274309
-0.0027154151;-0.023233201;0.35274309
-0.00073913042;-0.025209486;0.35274309
-0.0027154151;-0.025209486;0.34483793
-0.0027154151;-0.025209486;0.35274309
-0.0027154151;-0.025209486;0.35274309
-0.0027154151;-0.025209486;0.35274309
-0.0027154151;-0.025209486;0.35274309
-0.0027154151;-0.025209486;0.35274309
-0.0027154151;-0.025209486;0.34483793
-0.0046916995;-0.027185772;0.34483793
-0.0027154151;-0.025209486;0.35274309
-0.0046916995;-0.025209486;0.34483793
-0.0046916995;-0.025209486;0.35274309
-0.0046916995;-0.025209486;0.34483793
-0.0046916995;-0.025209486;0.35274309
-0.0066679842;-0.027185772;0.34483793
-0.0046916995;-0.025209486;0.35274309
-0.0066679842;-0.025209486;0.35274309
-0.0046916995;-0.025209486;0.35274309
-0.0046916995;-0.027185772;0.35274309
-0.0027154151;-0.025209486;0.34483793
-0.0066679842;-0.023233201;0.34483793
-0.0066679842;-0.025209486;0.35274309
-0.0046916995;-0.025209486;0.35274309
-0.0046916995;-0.025209486;0.34483793
-0.0046916995;-0.025209486;0.35274309
-0.0066679842;-0.025209486;0.35274309
-0.0066679842;-0.025209486;0.34483793
-0.0066679842;-0.025209486;0.34483793
-0.0066679842;-0.025209486;0.34483793
-0.0066679842;-0.027185772;0.34483793
-0.0066679842;-0.025209486;0.35274309
-0.0066679842;-0.025209486;0.35274309
-0.0086442688;-0.025209486;0.34483793
-0.0086442688;-0.025209486;0.35274309
-0.0086442688;-0.025209486;0.35274309
-0.0086442688;-0.025209486;0.35274309
-0.0086442688;-0.025209486;0.34483793
-0.0086442688;-0.025209486;0.35274309
-0.0086442688;-0.025209486;0.34483793
-0.0086442688;-0.025209486;0.35274309
-0.0086442688;-0.025209486;0.35274309
-0.010620553;-0.025209486;0.35274309
-0.0086442688;-0.025209486;0.35274309
-0.010620553;-0.025209486;0.35274309
-0.010620553;-0.025209486;0.35274309
-0.010620553;-0.025209486;0.34483793
-0.0086442688;-0.025209486;0.35274309
-0.010620553;-0.025209486;0.34483793
-0.010620553;-0.025209486;0.35274309
-0.010620553;-0.025209486;0.35274309
-0.010620553;-0.025209486;0.34483793
-0.0086442688;-0.025209486;0.35274309
-0.0086442688;-0.025209486;0.35274309
-0.010620553;-0.025209486;0.35274309
-0.010620553;-0.025209486;0.35274309
-0.010620553;-0.023233201;0.35274309
-0.010620553;-0.025209486;0.34483793
-0.010620553;-0.025209486;0.34483793
-0.012596838;-0.025209486;0.35274309
-0.010620553;-0.023233201;0.34483793
-0.012596838;-0.025209486;0.34483793
-0.010620553;-0.025209486;0.34483793
-0.012596838;-0.025209486;0.34483793
-0.012596838;-0.025209486;0.35274309
-0.012596838;-0.023233201;0.34483793
-0.012596838;-0.023233201;0.35274309
-0.012596838;-0.023233201;0.34483793
-0.012596838;-0.023233201;0.35274309
-0.012596838;-0.025209486;0.35274309
-0.012596838;-0.025209486;0.35274309
-0.012596838;-0.025209486;0.34483793
-0.014573122;-0.025209486;0.35274309
-0.012596838;-0.023233201;0.35274309
-0.014573122;-0.025209486;0.35274309
-0.014573122;-0.025209486;0.35274309
-0.014573122;-0.025209486;0.34483793
-0.014573122;-0.025209486;0.35274309
-0.014573122;-0.023233201;0.35274309
-0.012596838;-0.023233201;0.35274309
-0.014573122;-0.023233201;0.34483793
-0.014573122;-0.025209486;0.35274309
-0.014573122;-0.025209486;0.35274309
-0.014573122;-0.023233201;0.35274309
-0.016549407;-0.023233201;0.35274309
-0.014573122;-0.023233201;0.34483793
-0.016549407;-0.023233201;0.35274309
-0.014573122;-0.025209486;0.35274309
-0.016549407;-0.023233201;0.35274309
-0.016549407;-0.023233201;0.34483793
-0.016549407;-0.023233201;0.35274309
-0.016549407;-0.023233201;0.34483793
-0.016549407;-0.023233201;0.34483793
-0.014573122;-0.023233201;0.34483793
-0.016549407;-0.025209486;0.34483793
-0.016549407;-0.023233201;0.35274309
-0.016549407;-0.025209486;0.34483793
-0.016549407;-0.023233201;0.34483793
-0.016549407;-0.023233201;0.35274309
-0.018525692;-0.023233201;0.35274309
-0.016549407;-0.023233201;0.35274309
-0.016549407;-0.023233201;0.35274309
-0.016549407;-0.023233201;0.34483793
-0.018525692;-0.023233201;0.35274309
-0.018525692;-0.025209486;0.35274309
-0.016549407;-0.023233201;0.35274309
-0.018525692;-0.023233201;0.35274309
-0.018525692;-0.023233201;0.35274309
-0.018525692;-0.023233201;0.35274309
-0.018525692;-0.021256916;0.34483793
-0.018525692;-0.023233201;0.35274309
-0.020501977;-0.023233201;0.35274309
-0.020501977;-0.023233201;0.34483793
-0.018525692;-0.025209486;0.34483793
-0.018525692;-0.023233201;0.35274309
-0.018525692;-0.023233201;0.35274309
-0.018525692;-0.023233201;0.35274309
-0.020501977;-0.023233201;0.35274309
-0.018525692;-0.023233201;0.35274309
-0.018525692;-0.023233201;0.35274309
-0.020501977;-0.023233201;0.35274309
-0.020501977;-0.021256916;0.34483793
-0.020501977;-0.023233201;0.35274309
-0.020501977;-0.021256916;0.35274309
-0.020501977;-0.023233201;0.35274309
-0.020501977;-0.023233201;0.35274309
-0.020501977;-0.023233201;0.34483793
-0.020501977;-0.021256916;0.34483793
-0.02247826;-0.021256916;0.34483793
-0.020501977;-0.021256916;0.35274309
-0.020501977;-0.021256916;0.34483793
-0.020501977;-0.021256916;0.35274309
-0.02247826;-0.021256916;0.35274309
-0.02247826;-0.021256916;0.35274309
-0.02247826;-0.023233201;0.34483793
-0.02247826;-0.023233201;0.34483793
-0.020501977;-0.021256916;0.35274309
-0.02247826;-0.021256916;0.35274309
-0.02247826;-0.023233201;0.34483793
-0.02247826;-0.021256916;0.35274309
-0.02247826;-0.021256916;0.35274309
-0.024454545;-0.021256916;0.35274309
-0.02247826;-0.021256916;0.35274309
-0.02247826;-0.021256916;0.35274309
-0.02247826;-0.023233201;0.34483793
-0.02247826;-0.021256916;0.35274309
-0.02247826;-0.021256916;0.35274309
-0.02247826;-0.021256916;0.34483793
-0.02247826;-0.021256916;0.35274309
-0.02247826;-0.021256916;0.34483793
-0.024454545;-0.021256916;0.35274309
-0.024454545;-0.021256916;0.34483793
-0.02247826;-0.021256916;0.35274309
-0.024454545;-0.021256916;0.35274309
-0.02247826;-0.023233201;0.34483793
-0.02247826;-0.021256916;0.35274309
-0.02247826;-0.021256916;0.35274309
-0.02247826;-0.021256916;0.35274309
-0.024454545;-0.021256916;0.34483793
-0.024454545;-0.021256916;0.35274309
-0.024454545;-0.021256916;0.35274309
-0.024454545;-0.021256916;0.34483793
-0.02247826;-0.021256916;0.35274309
-0.024454545;-0.021256916;0.35274309
-0.024454545;-0.021256916;0.35274309
-0.024454545;-0.021256916;0.35274309
-0.024454545;-0.021256916;0.34483793
-0.024454545;-0.021256916;0.34483793
-0.024454545;-0.021256916;0.35274309
-0.02247826;-0.021256916;0.35274309
-0.02643083;-0.021256916;0.34483793
-0.024454545;-0.019280633;0.35274309
-0.024454545;-0.019280633;0.35274309
-0.024454545;-0.021256916;0.34483793
-0.02643083;-0.019280633;0.35274309
-0.024454545;-0.021256916;0.34483793
-0.02643083;-0.021256916;0.35274309
-0.02643083;-0.019280633;0.35274309
-0.02643083;-0.021256916;0.34483793
-0.024454545;-0.019280633;0.35274309
-0.02643083;-0.019280633;0.34483793
-0.02643083;-0.019280633;0.35274309
-0.02643083;-0.019280633;0.35274309
-0.02643083;-0.019280633;0.35274309
-0.02643083;-0.021256916;0.35274309
-0.024454545;-0.019280633;0.34483793
-0.02643083;-0.019280633;0.35274309
-0.02643083;-0.019280633;0.34483793
-0.02643083;-0.019280633;0.34483793
-0.02643083;-0.019280633;0.34483793
-0.02643083;-0.019280633;0.35274309
-0.02643083;-0.021256916;0.35274309
-0.028407115;-0.019280633;0.35274309
-0.02643083;-0.019280633;0.35274309
-0.02643083;-0.019280633;0.34483793
-0.02643083;-0.019280633;0.35274309
-0.02643083;-0.019280633;0.35274309
-0.02643083;-0.019280633;0.35274309
-0.02643083;-0.019280633;0.35274309
-0.028407115;-0.019280633;0.34483793
-0.02643083;-0.019280633;0.35274309
-0.02643083;-0.019280633;0.35274309
-0.028407115;-0.019280633;0.35274309
-0.028407115;-0.019280633;0.35274309
-0.02643083;-0.019280633;0.35274309
-0.028407115;-0.017304348;0.35274309
-0.028407115;-0.017304348;0.34483793
-0.028407115;-0.017304348;0.34483793
-0.02643083;-0.019280633;0.35274309
-0.028407115;-0.017304348;0.35274309
-0.028407115;-0.019280633;0.35274309
-0.028407115;-0.019280633;0.34483793
-0.028407115;-0.019280633;0.35274309
-0.028407115;-0.017304348;0.35274309
-0.028407115;-0.017304348;0.34483793
-0.028407115;-0.015328064;0.35274309
-0.030383399;-0.017304348;0.35274309
-0.030383399;-0.019280633;0.34483793
-0.028407115;-0.019280633;0.35274309
-0.028407115;-0.017304348;0.34483793
-0.028407115;-0.017304348;0.35274309
-0.030383399;-0.017304348;0.34483793
-0.028407115;-0.017304348;0.34483793
-0.028407115;-0.017304348;0.34483793
-0.028407115;-0.015328064;0.34483793
-0.028407115;-0.017304348;0.35274309
-0.028407115;-0.017304348;0.35274309
-0.028407115;-0.017304348;0.34483793
-0.028407115;-0.017304348;0.34483793
-0.028407115;-0.015328064;0.35274309
-0.028407115;-0.017304348;0.35274309
-0.030383399;-0.015328064;0.34483793
-0.030383399;-0.017304348;0.35274309
-0.028407115;-0.017304348;0.34483793
-0.02643083;-0.017304348;0.35274309
-0.030383399;-0.017304348;0.35274309
-0.030383399;-0.017304348;0.35274309
-0.02643083;-0.015328064;0.35274309
-0.028407115;-0.015328064;0.34483793
-0.030383399;-0.015328064;0.34483793
-0.028407115;-0.017304348;0.35274309
-0.028407115;-0.015328064;0.35274309
-0.030383399;-0.015328064;0.35274309
-0.030383399;-0.015328064;0.35274309
-0.030383399;-0.015328064;0.35274309
-0.030383399;-0.017304348;0.35274309
-0.028407115;-0.017304348;0.35274309
-0.030383399;-0.013351778;0.35274309
-0.028407115;-0.015328064;0.35274309
-0.028407115;-0.015328064;0.34483793
-0.030383399;-0.015328064;0.34483793
-0.030383399;-0.015328064;0.35274309
-0.028407115;-0.015328064;0.35274309
-0.028407115;-0.013351778;0.35274309
-0.028407115;-0.015328064;0.35274309
-0.030383399;-0.015328064;0.35274309
-0.030383399;-0.013351778;0.35274309
-0.030383399;-0.013351778;0.34483793
-0.030383399;-0.015328064;0.35274309
-0.030383399;-0.015328064;0.35274309
-0.030383399;-0.013351778;0.35274309
-0.030383399;-0.015328064;0.35274309
-0.030383399;-0.013351778;0.35274309
-0.030383399;-0.013351778;0.35274309
-0.030383399;-0.013351778;0.34483793
-0.028407115;-0.013351778;0.35274309
-0.030383399;-0.015328064;0.35274309
-0.028407115;-0.015328064;0.35274309
-0.030383399;-0.013351778;0.34483793
-0.030383399;-0.013351778;0.35274309
-0.030383399;-0.013351778;0.35274309
-0.030383399;-0.013351778;0.35274309
-0.030383399;-0.013351778;0.35274309
-0.030383399;-0.013351778;0.34483793
-0.030383399;-0.013351778;0.35274309
-0.030383399;-0.011375494;0.35274309
-0.030383399;-0.013351778;0.35274309
-0.028407115;-0.013351778;0.35274309
-0.030383399;-0.013351778;0.35274309
-0.032359682;-0.013351778;0.34483793
-0.028407115;-0.013351778;0.35274309
-0.030383399;-0.013351778;0.35274309
-0.030383399;-0.013351778;0.35274309
-0.030383399;-0.013351778;0.35274309
-0.030383399;-0.0093992092;0.35274309
-0.030383399;-0.013351778;0.35274309
-0.028407115;-0.013351778;0.34483793
-0.030383399;-0.011375494;0.35274309
-0.030383399;-0.011375494;0.35274309
-0.030383399;-0.013351778;0.35274309
-0.030383399;-0.013351778;0.35274309
-0.030383399;-0.013351778;0.35274309
-0.030383399;-0.011375494;0.35274309
-0.030383399;-0.011375494;0.34483793
-0.028407115;-0.011375494;0.35274309
-0.030383399;-0.013351778;0.35274309
-0.030383399;-0.011375494;0.35274309
-0.030383399;-0.011375494;0.35274309
-0.030383399;-0.011375494;0.35274309
-0.030383399;-0.011375494;0.35274309
-0.028407115;-0.011375494;0.34483793
-0.030383399;-0.011375494;0.34483793
-0.028407115;-0.011375494;0.34483793
-0.030383399;-0.011375494;0.35274309
-0.030383399;-0.011375494;0.35274309
-0.030383399;-0.011375494;0.35274309
-0.030383399;-0.011375494;0.35274309
-0.032359682;-0.011375494;0.35274309
-0.028407115;-0.011375494;0.35274309
-0.030383399;-0.011375494;0.35274309
-0.030383399;-0.0093992092;0.34483793
-0.030383399;-0.011375494;0.34483793
-0.028407115;-0.0093992092;0.34483793
-0.030383399;-0.011375494;0.34483793
-0.030383399;-0.0093992092;0.35274309
-0.030383399;-0.011375494;0.34483793
-0.030383399;-0.011375494;0.35274309
-0.028407115;-0.0093992092;0.35274309
-0.030383399;-0.0093992092;0.35274309
-0.030383399;-0.0093992092;0.35274309
-0.030383399;-0.011375494;0.35274309
-0.030383399;-0.0093992092;0.35274309
-0.030383399;-0.0093992092;0.34483793
-0.030383399;-0.0093992092;0.35274309
-0.030383399;-0.0093992092;0.35274309
-0.030383399;-0.0093992092;0.35274309
-0.028407115;-0.0093992092;0.35274309
-0.028407115;-0.0093992092;0.34483793
-0.030383399;-0.007422925;0.35274309
-0.030383399;-0.0093992092;0.35274309
-0.028407115;-0.0093992092;0.36064821
-0.030383399;-0.0093992092;0.35274309
-0.030383399;-0.007422925;0.35274309
-0.030383399;-0.0093992092;0.35274309
-0.028407115;-0.0093992092;0.35274309
-0.028407115;-0.0093992092;0.34483793
-0.028407115;-0.007422925;0.35274309
-0.030383399;-0.007422925;0.35274309
-0.028407115;-0.007422925;0.35274309
-0.028407115;-0.0093992092;0.35274309
-0.028407115;-0.007422925;0.35274309
-0.028407115;-0.007422925;0.35274309
-0.028407115;-0.007422925;0.35274309
-0.030383399;-0.007422925;0.35274309
-0.028407115;-0.007422925;0.35274309
-0.028407115;-0.007422925;0.35274309
-0.028407115;-0.007422925;0.35274309
-0.028407115;-0.007422925;0.35274309
-0.028407115;-0.0054466403;0.35274309
-0.030383399;-0.007422925;0.35274309
-0.028407115;-0.007422925;0.35274309
-0.02643083;-0.0054466403;0.34483793
-0.028407115;-0.007422925;0.35274309
-0.02643083;-0.0054466403;0.35274309
-0.02643083;-0.0054466403;0.34483793
-0.028407115;-0.007422925;0.34483793
-0.02643083;-0.0054466403;0.35274309
-0.02643083;-0.0054466403;0.34483793
-0.028407115;-0.0054466403;0.35274309
-0.028407115;-0.0054466403;0.35274309
-0.028407115;-0.0054466403;0.35274309
-0.028407115;-0.0054466403;0.34483793
-0.028407115;-0.0054466403;0.35274309
-0.02643083;-0.0054466403;0.34483793
-0.028407115;-0.0054466403;0.35274309
-0.02643083;-0.0054466403;0.34483793
-0.02643083;-0.0054466403;0.35274309
-0.02643083;-0.0054466403;0.35274309
-0.028407115;-0.0054466403;0.35274309
-0.028407115;-0.0054466403;0.35274309
-0.02643083;-0.0054466403;0.35274309
-0.02643083;-0.0054466403;0.34483793
-0.02643083;-0.0054466403;0.34483793
-0.02643083;-0.0054466403;0.35274309
-0.02643083;-0.0054466403;0.35274309
-0.024454545;-0.0054466403;0.35274309
-0.02643083;-0.0034703556;0.35274309
-0.02643083;-0.0054466403;0.35274309
-0.02643083;-0.0034703556;0.35274309
-0.02643083;-0.0034703556;0.35274309
-0.024454545;-0.0034703556;0.35274309
-0.02643083;-0.0054466403;0.35274309
-0.024454545;-0.0034703556;0.34483793
-0.02643083;-0.0054466403;0.34483793
-0.024454545;-0.0034703556;0.34483793
-0.02643083;-0.0034703556;0.35274309
-0.02643083;-0.0034703556;0.34483793
-0.02643083;-0.0034703556;0.35274309
-0.02643083;-0.0034703556;0.35274309
-0.024454545;-0.0034703556;0.35274309
-0.024454545;-0.0034703556;0.35274309
-0.02643083;-0.0034703556;0.35274309
-0.024454545;-0.0034703556;0.35274309
-0.024454545;-0.0034703556;0.35274309
-0.024454545;-0.0034703556;0.35274309
-0.024454545;-0.0034703556;0.34483793
-0.02643083;-0.0034703556;0.35274309
-0.024454545;-0.0034703556;0.35274309
-0.024454545;-0.0034703556;0.35274309
-0.02247826;-0.0034703556;0.35274309
-0.02247826;-0.0034703556;0.35274309
-0.024454545;-0.0034703556;0.34483793
-0.024454545;-0.0034703556;0.35274309
-0.024454545;-0.0014940711;0.35274309
-0.024454545;-0.0034703556;0.35274309
-0.024454545;-0.0034703556;0.34483793
-0.024454545;-0.0014940711;0.34483793
-0.02247826;-0.0034703556;0.34483793
-0.024454545;-0.0014940711;0.35274309
-0.02247826;-0.0014940711;0.35274309
-0.02247826;-0.0014940711;0.35274309
-0.024454545;-0.0014940711;0.35274309
-0.020501977;-0.0014940711;0.34483793
-0.02247826;-0.0014940711;0.34483793
-0.02247826;-0.0014940711;0.34483793
-0.02247826;-0.0014940711;0.34483793
-0.02247826;-0.0014940711;0.34483793
-0.02247826;-0.0014940711;0.35274309
-0.02247826;-0.0014940711;0.34483793
-0.02247826;-0.0014940711;0.35274309
-0.02247826;-0.0014940711;0.34483793
-0.020501977;-0.0014940711;0.34483793
-0.020501977;0.00048221345;0.34483793
-0.02247826;0.00048221345;0.35274309
-0.020501977;-0.0014940711;0.35274309
-0.02247826;0.00048221345;0.35274309
-0.020501977;0.00048221345;0.35274309
-0.02247826;0.00048221345;0.34483793
-0.020501977;0.00048221345;0.35274309
-0.020501977;0.0024584981;0.34483793
-0.020501977;0.00048221345;0.35274309
-0.020501977;0.00048221345;0.35274309
-0.020501977;0.00048221345;0.35274309
-0.020501977;0.00048221345;0.35274309
-0.020501977;0.00048221345;0.35274309
-0.020501977;0.00048221345;0.34483793
-0.018525692;0.00048221345;0.35274309
-0.018525692;0.00048221345;0.34483793
-0.018525692;0.00048221345;0.35274309
-0.020501977;0.0024584981;0.34483793
-0.020501977;0.00048221345;0.35274309
-0.020501977;0.0024584981;0.35274309
-0.018525692;0.00048221345;0.34483793
-0.020501977;0.00048221345;0.34483793
-0.018525692;0.00048221345;0.35274309
-0.018525692;0.0024584981;0.35274309
-0.018525692;0.0024584981;0.35274309
-0.018525692;0.0024584981;0.35274309
-0.018525692;0.0024584981;0.34483793
-0.018525692;0.0024584981;0.33693281
-0.018525692;0.0024584981;0.35274309
-0.018525692;0.0044347825;0.35274309
-0.018525692;0.0024584981;0.35274309
-0.018525692;0.0024584981;0.34483793
-0.016549407;0.0024584981;0.35274309
-0.018525692;0.0024584981;0.35274309
-0.016549407;0.0024584981;0.35274309
-0.018525692;0.0024584981;0.35274309
-0.018525692;0.0024584981;0.34483793
-0.018525692;0.0044347825;0.35274309
-0.018525692;0.0044347825;0.35274309
-0.018525692;0.0044347825;0.35274309
-0.016549407;0.0024584981;0.35274309
-0.018525692;0.0044347825;0.35274309
-0.016549407;0.0044347825;0.34483793
-0.016549407;0.0044347825;0.35274309
-0.016549407;0.0044347825;0.35274309
-0.016549407;0.0044347825;0.34483793
-0.016549407;0.0044347825;0.34483793
-0.016549407;0.0044347825;0.35274309
-0.016549407;0.0044347825;0.35274309
-0.014573122;0.0064110672;0.35274309
-0.014573122;0.0044347825;0.35274309
-0.016549407;0.0044347825;0.35274309
-0.014573122;0.0064110672;0.34483793
-0.016549407;0.0044347825;0.34483793
-0.014573122;0.0064110672;0.35274309
-0.014573122;0.0064110672;0.35274309
-0.014573122;0.0064110672;0.35274309
-0.014573122;0.0064110672;0.35274309
-0.014573122;0.0044347825;0.35274309
-0.014573122;0.0064110672;0.34483793
-0.014573122;0.0083873514;0.35274309
-0.014573122;0.0064110672;0.35274309
-0.014573122;0.0064110672;0.35274309
-0.014573122;0.0064110672;0.35274309
-0.012596838;0.0064110672;0.34483793
-0.012596838;0.0064110672;0.35274309
-0.014573122;0.0064110672;0.35274309
-0.014573122;0.0083873514;0.35274309
-0.014573122;0.0064110672;0.35274309
-0.012596838;0.0064110672;0.35274309
-0.012596838;0.0064110672;0.35274309
-0.012596838;0.0064110672;0.34483793
-0.012596838;0.0083873514;0.34483793
-0.012596838;0.0083873514;0.35274309
-0.012596838;0.0083873514;0.35274309
-0.012596838;0.0064110672;0.35274309
-0.012596838;0.0083873514;0.35274309
-0.010620553;0.0083873514;0.35274309
-0.012596838;0.0083873514;0.35274309
-0.010620553;0.0083873514;0.35274309
-0.010620553;0.0083873514;0.35274309
-0.010620553;0.0083873514;0.34483793
-0.012596838;0.0083873514;0.35274309
-0.010620553;0.0083873514;0.34483793
-0.010620553;0.0083873514;0.35274309
-0.010620553;0.010363637;0.35274309
-0.010620553;0.0083873514;0.35274309
-0.010620553;0.0083873514;0.34483793
-0.0086442688;0.010363637;0.35274309
-0.010620553;0.0083873514;0.34483793
-0.010620553;0.010363637;0.35274309
-0.0086442688;0.010363637;0.35274309
-0.010620553;0.0083873514;0.35274309
-0.010620553;0.010363637;0.35274309
-0.010620553;0.010363637;0.35274309
-0.0086442688;0.010363637;0.34483793
-0.010620553;0.010363637;0.35274309
-0.010620553;0.010363637;0.34483793
-0.0086442688;0.010363637;0.35274309
-0.0086442688;0.010363637;0.35274309
-0.0086442688;0.010363637;0.35274309
-0.0086442688;0.010363637;0.35274309
-0.0086442688;0.010363637;0.34483793
-0.0086442688;0.010363637;0.34483793
-0.0086442688;0.012339921;0.35274309
-0.0086442688;0.010363637;0.35274309
-0.0086442688;0.012339921;0.35274309
-0.0066679842;0.010363637;0.35274309
-0.0086442688;0.012339921;0.35274309
-0.0066679842;0.012339921;0.34483793
-0.0066679842;0.012339921;0.35274309
-0.0066679842;0.012339921;0.34483793
-0.0066679842;0.012339921;0.34483793
-0.0066679842;0.012339921;0.35274309
-0.0066679842;0.010363637;0.35274309
-0.0046916995;0.012339921;0.34483793
-0.0066679842;0.012339921;0.35274309
-0.0066679842;0.012339921;0.35274309
-0.0066679842;0.012339921;0.35274309
-0.0046916995;0.010363637;0.34483793
-0.0046916995;0.012339921;0.35274309
-0.0046916995;0.012339921;0.35274309
-0.0046916995;0.012339921;0.35274309
-0.0066679842;0.012339921;0.34483793
-0.0046916995;0.012339921;0.35274309
-0.0046916995;0.014316206;0.35274309
-0.0046916995;0.014316206;0.34483793
-0.0046916995;0.014316206;0.35274309
-0.0027154151;0.014316206;0.35274309
-0.0027154151;0.014316206;0.34483793
-0.0046916995;0.014316206;0.35274309
-0.0027154151;0.01629249;0.34483793
-0.0027154151;0.014316206;0.35274309
-0.0027154151;0.014316206;0.35274309
-0.0027154151;0.014316206;0.35274309
-0.0027154151;0.012339921;0.34483793
-0.0027154151;0.01629249;0.34483793
-0.0027154151;0.01629249;0.35274309
-0.00073913042;0.01629249;0.34483793
-0.00073913042;0.01629249;0.35274309
-0.0027154151;0.01629249;0.35274309
-0.00073913042;0.01629249;0.35274309
-0.00073913042;0.01629249;0.34483793
-0.00073913042;0.01629249;0.34483793
-0.00073913042;0.01629249;0.35274309
-0.00073913042;0.01629249;0.35274309
0.0012371541;0.01629249;0.35274309
-0.00073913042;0.01629249;0.34483793
-0.00073913042;0.01629249;0.35274309
-0.00073913042;0.018268775;0.34483793
-0.00073913042;0.01629249;0.35274309
-0.00073913042;0.01629249;0.34483793
-0.00073913042;0.018268775;0.35274309
-0.00073913042;0.01629249;0.35274309
0.0012371541;0.018268775;0.35274309
0.0012371541;0.018268775;0.35274309
0.0012371541;0.018268775;0.35274309
0.0012371541;0.01629249;0.35274309
0.0012371541;0.018268775;0.34483793
0.0032134387;0.01629249;0.35274309
0.0032134387;0.018268775;0.35274309
0.0032134387;0.018268775;0.34483793
0.0032134387;0.018268775;0.34483793
0.0012371541;0.018268775;0.34483793
0.0032134387;0.018268775;0.34483793
0.0032134387;0.018268775;0.34483793
0.0032134387;0.018268775;0.35274309
0.0032134387;0.018268775;0.34483793
0.0032134387;0.020245058;0.35274309
0.0032134387;0.018268775;0.35274309
0.0032134387;0.018268775;0.35274309
0.0051897233;0.018268775;0.34483793
0.0051897233;0.020245058;0.35274309
0.0051897233;0.018268775;0.35274309
0.0051897233;0.018268775;0.34483793
0.0051897233;0.018268775;0.35274309
0.007166008;0.020245058;0.35274309
0.0051897233;0.020245058;0.35274309
0.0051897233;0.020245058;0.35274309
0.007166008;0.020245058;0.35274309
0.0051897233;0.020245058;0.34483793
0.0051897233;0.020245058;0.35274309
0.007166008;0.020245058;0.35274309
0.007166008;0.022221344;0.34483793
0.007166008;0.020245058;0.34483793
0.007166008;0.020245058;0.34483793
0.0091422927;0.022221344;0.34483793
0.007166008;0.020245058;0.35274309
0.007166008;0.020245058;0.35274309
0.007166008;0.020245058;0.35274309
0.0091422927;0.022221344;0.35274309
0.0091422927;0.022221344;0.34483793
0.0091422927;0.022221344;0.34483793
0.0091422927;0.022221344;0.34483793
0.0091422927;0.022221344;0.35274309
0.011118577;0.022221344;0.35274309
0.0091422927;0.022221344;0.34483793
0.011118577;0.020245058;0.35274309
0.011118577;0.024197629;0.35274309
0.0091422927;0.022221344;0.35274309
0.011118577;0.022221344;0.34483793
0.011118577;0.022221344;0.34483793
0.0091422927;0.022221344;0.35274309
0.011118577;0.024197629;0.35274309
0.011118577;0.022221344;0.35274309
0.011118577;0.024197629;0.34483793
0.011118577;0.024197629;0.34483793
0.011118577;0.022221344;0.34483793
0.011118577;0.022221344;0.34483793
0.013094862;0.024197629;0.35274309
0.011118577;0.024197629;0.34483793
0.013094862;0.026173914;0.35274309
0.013094862;0.024197629;0.35274309
0.013094862;0.024197629;0.35274309
0.013094862;0.024197629;0.34483793
0.013094862;0.024197629;0.35274309
0.015071146;0.026173914;0.34483793
0.015071146;0.024197629;0.35274309
0.013094862;0.024197629;0.34483793
0.013094862;0.026173914;0.35274309
0.015071146;0.026173914;0.35274309
0.015071146;0.024197629;0.35274309
0.015071146;0.026173914;0.34483793
0.015071146;0.026173914;0.34483793
0.017047431;0.026173914;0.35274309
0.017047431;0.026173914;0.35274309
0.015071146;0.026173914;0.35274309
0.017047431;0.026173914;0.35274309
0.015071146;0.026173914;0.34483793
0.017047431;0.026173914;0.35274309
0.017047431;0.026173914;0.35274309
0.017047431;0.026173914;0.35274309
0.017047431;0.028150197;0.34483793
0.017047431;0.028150197;0.35274309
0.017047431;0.028150197;0.35274309
0.017047431;0.026173914;0.34483793
0.017047431;0.028150197;0.34483793
0.017047431;0.028150197;0.34483793
0.017047431;0.026173914;0.34483793
0.019023715;0.026173914;0.35274309
0.019023715;0.028150197;0.35274309
0.019023715;0.028150197;0.34483793
0.019023715;0.028150197;0.35274309
0.019023715;0.028150197;0.35274309
0.019023715;0.028150197;0.35274309
0.021;0.028150197;0.35274309
0.021;0.028150197;0.35274309
0.019023715;0.030126482;0.35274309
0.021;0.028150197;0.35274309
0.021;0.030126482;0.35274309
0.021;0.028150197;0.35274309
0.021;0.028150197;0.35274309
0.019023715;0.030126482;0.35274309
0.021;0.028150197;0.35274309
0.021;0.028150197;0.35274309
0.021;0.028150197;0.35274309
0.022976285;0.028150197;0.35274309
0.022976285;0.030126482;0.35274309
0.022976285;0.030126482;0.34483793
0.022976285;0.030126482;0.35274309
0.022976285;0.030126482;0.34483793
0.022976285;0.030126482;0.34483793
0.022976285;0.030126482;0.34483793
0.022976285;0.030126482;0.35274309
0.02495257;0.030126482;0.34483793
0.022976285;0.030126482;0.35274309
0.02495257;0.030126482;0.35274309
0.02495257;0.030126482;0.35274309
0.02495257;0.030126482;0.35274309
0.022976285;0.030126482;0.34483793
0.02495257;0.032102767;0.35274309
0.02495257;0.030126482;0.35274309
0.02495257;0.032102767;0.35274309
0.02495257;0.032102767;0.34483793
0.02495257;0.032102767;0.35274309
0.02495257;0.032102767;0.35274309
0.02495257;0.032102767;0.35274309
0.02495257;0.032102767;0.35274309
0.026928853;0.032102767;0.35274309
0.026928853;0.030126482;0.35274309
0.026928853;0.032102767;0.35274309
0.026928853;0.032102767;0.35274309
0.026928853;0.032102767;0.34483793
0.028905138;0.032102767;0.35274309
0.028905138;0.032102767;0.35274309
0.026928853;0.032102767;0.35274309
0.028905138;0.034079053;0.35274309
0.026928853;0.034079053;0.34483793
0.028905138;0.034079053;0.35274309
0.028905138;0.034079053;0.35274309
0.028905138;0.032102767;0.34483793
0.028905138;0.034079053;0.35274309
0.028905138;0.034079053;0.35274309
0.028905138;0.034079053;0.35274309
0.030881424;0.036055338;0.35274309
0.030881424;0.034079053;0.35274309
0.028905138;0.034079053;0.35274309
0.028905138;0.034079053;0.35274309
0.032857709;0.034079053;0.35274309
0.030881424;0.034079053;0.35274309
0.030881424;0.036055338;0.35274309
0.030881424;0.036055338;0.34483793
0.030881424;0.034079053;0.35274309
0.032857709;0.036055338;0.35274309
0.030881424;0.036055338;0.35274309
0.030881424;0.036055338;0.35274309
0.032857709;0.036055338;0.35274309
0.030881424;0.036055338;0.35274309
0.032857709;0.036055338;0.35274309
0.032857709;0.036055338;0.35274309
0.034833994;0.036055338;0.35274309
0.032857709;0.036055338;0.35274309
0.032857709;0.036055338;0.35274309
0.032857709;0.036055338;0.35274309
0.032857709;0.036055338;0.34483793
0.034833994;0.036055338;0.35274309
0.032857709;0.036055338;0.35274309
0.034833994;0.038031619;0.35274309
0.032857709;0.036055338;0.35274309
0.034833994;0.038031619;0.35274309
0.034833994;0.036055338;0.35274309
0.034833994;0.036055338;0.35274309
0.034833994;0.038031619;0.34483793
0.034833994;0.036055338;0.34483793
0.034833994;0.038031619;0.35274309
0.034833994;0.038031619;0.35274309
0.034833994;0.038031619;0.34483793
0.034833994;0.038031619;0.35274309
0.034833994;0.038031619;0.35274309
0.034833994;0.036055338;0.35274309
0.036810275;0.038031619;0.35274309
0.03878656;0.038031619;0.35274309
0.03878656;0.038031619;0.35274309
0.036810275;0.038031619;0.35274309
0.036810275;0.038031619;0.34483793
0.03878656;0.038031619;0.35274309
0.03878656;0.038031619;0.34483793
0.036810275;0.038031619;0.35274309
0.03878656;0.040007904;0.35274309
0.03878656;0.038031619;0.34483793
0.040762845;0.040007904;0.34483793
0.03878656;0.040007904;0.34483793
0.040762845;0.038031619;0.35274309
0.03878656;0.038031619;0.35274309
0.040762845;0.040007904;0.35274309
0.03878656;0.040007904;0.35274309
0.03878656;0.040007904;0.34483793
0.042739131;0.040007904;0.35274309
0.040762845;0.040007904;0.34483793
0.040762845;0.041984189;0.35274309
0.040762845;0.038031619;0.34483793
0.040762845;0.040007904;0.34483793
0.042739131;0.041984189;0.35274309
0.042739131;0.041984189;0.34483793
0.042739131;0.041984189;0.35274309
0.042739131;0.041984189;0.34483793
0.042739131;0.041984189;0.35274309
0.042739131;0.041984189;0.34483793
0.042739131;0.041984189;0.34483793
0.042739131;0.041984189;0.35274309
0.042739131;0.041984189;0.35274309
0.042739131;0.041984189;0.35274309
0.042739131;0.040007904;0.35274309
0.044715416;0.040007904;0.34483793
0.044715416;0.041984189;0.35274309
0.042739131;0.041984189;0.34483793
0.044715416;0.041984189;0.35274309
0.044715416;0.041984189;0.35274309
0.044715416;0.041984189;0.35274309
0.044715416;0.041984189;0.35274309
0.044715416;0.041984189;0.34483793
0.044715416;0.041984189;0.34483793
0.044715416;0.041984189;0.34483793
0.044715416;0.043960474;0.35274309
0.044715416;0.041984189;0.34483793
0.046691701;0.041984189;0.35274309
0.046691701;0.041984189;0.34483793
0.046691701;0.041984189;0.34483793
0.046691701;0.041984189;0.34483793
0.046691701;0.041984189;0.34483793
0.046691701;0.043960474;0.34483793
0.046691701;0.041984189;0.35274309
0.046691701;0.043960474;0.35274309
0.046691701;0.043960474;0.35274309
0.048667986;0.041984189;0.35274309
0.048667986;0.041984189;0.35274309
0.048667986;0.041984189;0.35274309
0.048667986;0.043960474;0.35274309
0.046691701;0.043960474;0.35274309
0.048667986;0.043960474;0.35274309
0.048667986;0.043960474;0.35274309
0.048667986;0.043960474;0.35274309
0.048667986;0.043960474;0.35274309
0.048667986;0.043960474;0.34483793
0.050644267;0.043960474;0.34483793
0.048667986;0.043960474;0.34483793
0.048667986;0.04593676;0.35274309
0.050644267;0.047913045;0.34483793
0.048667986;0.04593676;0.35274309
0.052620552;0.04593676;0.35274309
0.052620552;0.04593676;0.35274309
0.050644267;0.04593676;0.35274309
0.050644267;0.04593676;0.35274309
0.050644267;0.04593676;0.34483793
0.052620552;0.04593676;0.35274309
0.052620552;0.04593676;0.34483793
0.052620552;0.04593676;0.35274309
0.052620552;0.04593676;0.34483793
0.052620552;0.047913045;0.34483793
0.052620552;0.04593676;0.35274309
0.052620552;0.047913045;0.35274309
0.052620552;0.047913045;0.34483793
0.052620552;0.047913045;0.35274309
0.052620552;0.047913045;0.35274309
0.052620552;0.047913045;0.34483793
0.054596838;0.047913045;0.35274309
0.052620552;0.047913045;0.34483793
0.054596838;0.047913045;0.35274309
0.054596838;0.047913045;0.35274309
0.052620552;0.047913045;0.35274309
0.054596838;0.047913045;0.35274309
0.054596838;0.047913045;0.34483793
0.054596838;0.047913045;0.35274309
0.054596838;0.047913045;0.36064821
0.054596838;0.04988933;0.34483793
0.056573123;0.047913045;0.35274309
0.054596838;0.047913045;0.35274309
0.054596838;0.04988933;0.34483793
0.056573123;0.047913045;0.34483793
0.054596838;0.047913045;0.35274309
0.056573123;0.047913045;0.35274309
0.056573123;0.047913045;0.35274309
0.054596838;0.047913045;0.35274309
0.058549408;0.047913045;0.35274309
0.056573123;0.04988933;0.35274309
0.056573123;0.04988933;0.35274309
0.056573123;0.04988933;0.35274309
0.058549408;0.04988933;0.35274309
0.056573123;0.047913045;0.35274309
0.056573123;0.04988933;0.35274309
0.058549408;0.04988933;0.34483793
0.058549408;0.04988933;0.34483793
0.056573123;0.04988933;0.35274309
0.056573123;0.047913045;0.35274309
0.056573123;0.04988933;0.34483793
0.058549408;0.04988933;0.35274309
0.056573123;0.04988933;0.34483793
0.056573123;0.04988933;0.35274309
0.058549408;0.04988933;0.35274309
0.060525693;0.04988933;0.35274309
0.058549408;0.04988933;0.34483793
0.058549408;0.04988933;0.35274309
0.058549408;0.051865611;0.35274309
0.060525693;0.051865611;0.34483793
0.058549408;0.051865611;0.35274309
0.060525693;0.051865611;0.35274309
0.060525693;0.04988933;0.35274309
0.060525693;0.051865611;0.34483793
0.060525693;0.051865611;0.34483793
0.058549408;0.051865611;0.35274309
0.060525693;0.053841896;0.34483793
0.062501974;0.04988933;0.35274309
0.058549408;0.051865611;0.35274309
0.062501974;0.051865611;0.34483793
0.060525693;0.051865611;0.34483793
0.062501974;0.051865611;0.34483793
0.060525693;0.051865611;0.35274309
0.060525693;0.051865611;0.34483793
0.060525693;0.051865611;0.34483793
0.062501974;0.051865611;0.34483793
0.062501974;0.053841896;0.35274309
0.062501974;0.051865611;0.34483793
0.062501974;0.053841896;0.34483793
0.062501974;0.053841896;0.35274309
0.062501974;0.051865611;0.35274309
0.062501974;0.051865611;0.34483793
0.062501974;0.053841896;0.35274309
0.062501974;0.053841896;0.35274309
0.062501974;0.051865611;0.34483793
0.062501974;0.055818181;0.34483793
0.064478263;0.053841896;0.35274309
0.064478263;0.051865611;0.35274309
0.062501974;0.053841896;0.35274309
0.062501974;0.051865611;0.35274309
0.062501974;0.053841896;0.34483793
0.062501974;0.055818181;0.35274309
0.064478263;0.053841896;0.34483793
0.064478263;0.053841896;0.34483793
0.064478263;0.053841896;0.35274309
0.064478263;0.053841896;0.35274309
0.062501974;0.053841896;0.35274309
0.064478263;0.053841896;0.34483793
0.064478263;0.053841896;0.34483793
0.064478263;0.053841896;0.35274309
0.064478263;0.053841896;0.35274309
0.064478263;0.053841896;0.34483793
0.064478263;0.051865611;0.35274309
0.064478263;0.053841896;0.35274309
0.064478263;0.055818181;0.35274309
0.064478263;0.055818181;0.34483793
0.064478263;0.055818181;0.35274309
0.066454545;0.055818181;0.35274309
0.066454545;0.055818181;0.35274309
0.064478263;0.055818181;0.35274309
0.064478263;0.055818181;0.35274309
0.066454545;0.053841896;0.35274309
0.068430834;0.055818181;0.34483793
0.066454545;0.055818181;0.35274309
0.066454545;0.055818181;0.34483793
0.064478263;0.055818181;0.35274309
0.066454545;0.057794467;0.35274309
0.066454545;0.055818181;0.34483793
0.066454545;0.055818181;0.35274309
0.066454545;0.057794467;0.35274309
0.068430834;0.055818181;0.35274309
0.066454545;0.057794467;0.35274309
0.066454545;0.055818181;0.34483793
0.064478263;0.057794467;0.35274309
0.066454545;0.055818181;0.34483793
0.066454545;0.055818181;0.35274309
0.068430834;0.057794467;0.34483793
0.068430834;0.055818181;0.35274309
0.068430834;0.055818181;0.35274309
0.068430834;0.057794467;0.34483793
0.066454545;0.057794467;0.35274309
0.066454545;0.055818181;0.35274309
0.068430834;0.057794467;0.34483793
0.066454545;0.055818181;0.35274309
0.068430834;0.055818181;0.35274309
0.068430834;0.057794467;0.35274309
0.068430834;0.057794467;0.34483793
0.070407115;0.055818181;0.35274309
0.068430834;0.057794467;0.35274309
0.068430834;0.057794467;0.34483793
0.070407115;0.057794467;0.35274309
0.068430834;0.057794467;0.35274309
0.070407115;0.057794467;0.35274309
0.068430834;0.057794467;0.35274309
0.068430834;0.057794467;0.35274309
0.068430834;0.057794467;0.35274309
0.070407115;0.057794467;0.35274309
0.070407115;0.059770752;0.35274309
0.070407115;0.057794467;0.35274309
0.070407115;0.059770752;0.35274309
0.070407115;0.057794467;0.34483793
0.070407115;0.057794467;0.34483793
0.070407115;0.057794467;0.35274309
0.068430834;0.059770752;0.34483793
0.070407115;0.059770752;0.34483793
0.070407115;0.059770752;0.35274309
0.072383396;0.059770752;0.34483793
0.070407115;0.059770752;0.35274309
0.070407115;0.059770752;0.34483793
0.070407115;0.059770752;0.34483793
0.070407115;0.057794467;0.35274309
0.070407115;0.057794467;0.35274309
0.070407115;0.059770752;0.35274309
0.070407115;0.059770752;0.34483793
0.070407115;0.059770752;0.35274309
0.070407115;0.057794467;0.35274309
0.070407115;0.059770752;0.35274309
0.070407115;0.059770752;0.35274309
0.070407115;0.061747037;0.35274309
0.070407115;0.059770752;0.35274309
0.072383396;0.059770752;0.34483793
0.070407115;0.059770752;0.35274309
0.072383396;0.059770752;0.34483793
0.072383396;0.059770752;0.35274309
0.072383396;0.059770752;0.34483793
0.072383396;0.059770752;0.34483793
0.072383396;0.061747037;0.35274309
0.072383396;0.059770752;0.34483793
0.072383396;0.059770752;0.35274309
0.070407115;0.059770752;0.34483793
0.072383396;0.061747037;0.35274309
0.072383396;0.061747037;0.34483793
0.072383396;0.059770752;0.35274309
0.072383396;0.061747037;0.35274309
0.072383396;0.061747037;0.35274309
0.072383396;0.061747037;0.35274309
0.072383396;0.061747037;0.34483793
0.072383396;0.061747037;0.35274309
0.072383396;0.061747037;0.34483793
0.072383396;0.059770752;0.34483793
0.072383396;0.061747037;0.35274309
0.072383396;0.061747037;0.34483793
0.074359685;0.059770752;0.34483793
0.072383396;0.061747037;0.35274309
0.074359685;0.061747037;0.35274309
0.074359685;0.061747037;0.34483793
0.072383396;0.061747037;0.35274309
0.072383396;0.061747037;0.35274309
0.072383396;0.061747037;0.35274309
0.072383396;0.061747037;0.35274309
0.072383396;0.061747037;0.35274309
0.072383396;0.061747037;0.34483793
0.072383396;0.061747037;0.34483793
0.072383396;0.061747037;0.35274309
0.072383396;0.061747037;0.35274309
0.072383396;0.061747037;0.35274309
0.074359685;0.061747037;0.35274309
0.072383396;0.061747037;0.34483793
0.074359685;0.061747037;0.35274309
0.072383396;0.061747037;0.35274309
0.072383396;0.063723318;0.34483793
0.074359685;0.061747037;0.35274309
0.074359685;0.061747037;0.34483793
0.072383396;0.061747037;0.34483793
0.074359685;0.061747037;0.35274309
0.074359685;0.063723318;0.34483793
0.072383396;0.063723318;0.35274309
0.072383396;0.063723318;0.35274309
0.074359685;0.061747037;0.35274309
0.074359685;0.063723318;0.35274309
0.074359685;0.061747037;0.35274309
0.074359685;0.063723318;0.35274309
0.074359685;0.065699607;0.35274309
0.074359685;0.063723318;0.34483793
0.074359685;0.061747037;0.34483793
0.074359685;0.063723318;0.34483793
0.072383396;0.061747037;0.35274309
0.074359685;0.063723318;0.35274309
0.074359685;0.061747037;0.34483793
0.072383396;0.063723318;0.35274309
0.074359685;0.063723318;0.35274309
0.074359685;0.063723318;0.34483793
0.074359685;0.065699607;0.34483793
0.074359685;0.063723318;0.35274309
0.074359685;0.063723318;0.34483793
0.074359685;0.065699607;0.35274309
0.074359685;0.065699607;0.35274309
0.072383396;0.063723318;0.35274309
0.074359685;0.065699607;0.35274309
0.074359685;0.063723318;0.35274309
0.072383396;0.063723318;0.35274309
0.074359685;0.065699607;0.35274309
0.076335967;0.063723318;0.35274309
0.074359685;0.065699607;0.35274309
0.076335967;0.065699607;0.35274309
0.074359685;0.065699607;0.35274309
0.074359685;0.063723318;0.34483793
0.074359685;0.063723318;0.35274309
0.076335967;0.065699607;0.35274309
0.074359685;0.063723318;0.35274309
0.074359685;0.063723318;0.35274309
0.074359685;0.065699607;0.35274309
0.074359685;0.063723318;0.34483793
0.074359685;0.065699607;0.35274309
0.074359685;0.065699607;0.34483793
0.074359685;0.065699607;0.35274309
0.074359685;0.065699607;0.34483793
0.074359685;0.065699607;0.35274309
0.074359685;0.067675889;0.35274309
0.074359685;0.065699607;0.35274309
0.074359685;0.065699607;0.34483793
0.074359685;0.065699607;0.35274309
0.074359685;0.065699607;0.35274309
0.076335967;0.065699607;0.35274309
0.074359685;0.065699607;0.35274309
0.074359685;0.065699607;0.35274309
0.074359685;0.065699607;0.35274309
0.074359685;0.065699607;0.35274309
0.074359685;0.065699607;0.34483793
0.074359685;0.065699607;0.34483793
0.074359685;0.067675889;0.35274309
0.074359685;0.065699607;0.35274309
0.074359685;0.065699607;0.35274309
0.074359685;0.065699607;0.34483793
0.074359685;0.065699607;0.34483793
0.074359685;0.065699607;0.35274309
0.072383396;0.065699607;0.35274309
0.074359685;0.065699607;0.35274309
0.074359685;0.065699607;0.35274309
0.074359685;0.067675889;0.35274309
0.074359685;0.067675889;0.35274309
0.074359685;0.067675889;0.35274309
0.074359685;0.065699607;0.35274309
0.074359685;0.067675889;0.35274309
0.074359685;0.067675889;0.34483793
0.074359685;0.067675889;0.34483793
0.074359685;0.067675889;0.34483793
0.074359685;0.067675889;0.35274309
0.074359685;0.067675889;0.35274309
0.076335967;0.065699607;0.35274309
0.074359685;0.067675889;0.35274309
0.074359685;0.067675889;0.35274309
0.074359685;0.067675889;0.35274309
0.074359685;0.067675889;0.34483793
0.074359685;0.065699607;0.34483793
0.074359685;0.067675889;0.35274309
0.074359685;0.067675889;0.35274309
0.074359685;0.065699607;0.35274309
0.072383396;0.067675889;0.34483793
0.074359685;0.067675889;0.35274309
0.072383396;0.065699607;0.35274309
0.074359685;0.067675889;0.35274309
0.074359685;0.067675889;0.35274309
0.074359685;0.067675889;0.34483793
0.074359685;0.067675889;0.35274309
0.074359685;0.067675889;0.34483793
0.074359685;0.067675889;0.35274309
0.072383396;0.067675889;0.35274309
0.074359685;0.067675889;0.35274309
0.072383396;0.067675889;0.35274309
0.074359685;0.067675889;0.35274309
0.070407115;0.067675889;0.35274309
0.072383396;0.069652177;0.35274309
0.072383396;0.067675889;0.35274309
0.072383396;0.067675889;0.35274309
0.072383396;0.067675889;0.35274309
0.072383396;0.069652177;0.34483793
0.072383396;0.067675889;0.34483793
0.072383396;0.067675889;0.35274309
0.072383396;0.067675889;0.35274309
0.074359685;0.069652177;0.35274309
0.072383396;0.069652177;0.35274309
0.072383396;0.067675889;0.35274309
0.070407115;0.067675889;0.34483793
0.070407115;0.067675889;0.35274309
0.072383396;0.067675889;0.34483793
0.072383396;0.067675889;0.35274309
0.072383396;0.067675889;0.34483793
0.070407115;0.067675889;0.35274309
0.072383396;0.069652177;0.35274309
0.072383396;0.067675889;0.35274309
0.072383396;0.067675889;0.35274309
0.072383396;0.067675889;0.34483793
0.072383396;0.067675889;0.34483793
0.070407115;0.067675889;0.34483793
0.072383396;0.067675889;0.34483793
0.072383396;0.069652177;0.35274309
0.072383396;0.067675889;0.34483793
0.070407115;0.067675889;0.35274309
0.070407115;0.067675889;0.35274309
0.072383396;0.067675889;0.35274309
0.072383396;0.067675889;0.35274309
0.070407115;0.065699607;0.35274309
0.070407115;0.067675889;0.34483793
0.072383396;0.065699607;0.35274309
0.070407115;0.067675889;0.35274309
0.072383396;0.067675889;0.34483793
0.070407115;0.067675889;0.35274309
0.070407115;0.069652177;0.35274309
0.068430834;0.067675889;0.34483793
0.070407115;0.067675889;0.34483793
0.070407115;0.069652177;0.35274309
0.070407115;0.067675889;0.35274309
0.070407115;0.067675889;0.35274309
0.070407115;0.069652177;0.35274309
0.070407115;0.069652177;0.34483793
0.068430834;0.067675889;0.35274309
0.070407115;0.069652177;0.35274309
0.070407115;0.067675889;0.35274309
0.070407115;0.067675889;0.35274309
0.068430834;0.067675889;0.35274309
0.070407115;0.069652177;0.34483793
0.068430834;0.069652177;0.35274309
0.070407115;0.069652177;0.34483793
0.070407115;0.069652177;0.35274309
0.068430834;0.067675889;0.35274309
0.070407115;0.067675889;0.34483793
0.068430834;0.067675889;0.35274309
0.068430834;0.069652177;0.35274309
0.070407115;0.067675889;0.34483793
0.066454545;0.067675889;0.35274309
0.066454545;0.069652177;0.35274309
0.068430834;0.069652177;0.35274309
0.068430834;0.069652177;0.35274309
0.068430834;0.067675889;0.35274309
0.068430834;0.069652177;0.35274309
0.066454545;0.069652177;0.35274309
0.068430834;0.069652177;0.35274309
0.066454545;0.069652177;0.35274309
0.066454545;0.069652177;0.35274309
0.066454545;0.069652177;0.34483793
0.068430834;0.069652177;0.35274309
0.066454545;0.069652177;0.35274309
0.066454545;0.069652177;0.35274309
0.066454545;0.069652177;0.35274309
0.066454545;0.069652177;0.34483793
0.066454545;0.069652177;0.34483793
0.066454545;0.069652177;0.35274309
0.066454545;0.067675889;0.35274309
0.066454545;0.069652177;0.35274309
0.066454545;0.069652177;0.34483793
0.066454545;0.069652177;0.34483793
0.066454545;0.069652177;0.34483793
0.064478263;0.071628459;0.34483793
0.064478263;0.069652177;0.35274309
0.064478263;0.069652177;0.35274309
0.064478263;0.067675889;0.35274309
0.064478263;0.069652177;0.35274309
0.064478263;0.069652177;0.34483793
0.062501974;0.069652177;0.35274309
0.064478263;0.069652177;0.34483793
0.064478263;0.069652177;0.35274309
0.064478263;0.069652177;0.35274309
0.064478263;0.067675889;0.35274309
0.064478263;0.069652177;0.34483793
0.064478263;0.069652177;0.34483793
0.064478263;0.069652177;0.34483793
0.064478263;0.069652177;0.35274309
0.064478263;0.069652177;0.35274309
0.064478263;0.069652177;0.34483793
0.062501974;0.069652177;0.35274309
0.064478263;0.069652177;0.35274309
0.064478263;0.069652177;0.35274309
0.062501974;0.069652177;0.34483793
0.062501974;0.069652177;0.35274309
0.062501974;0.069652177;0.34483793
0.062501974;0.069652177;0.35274309
0.062501974;0.069652177;0.35274309
0.062501974;0.069652177;0.35274309
0.062501974;0.069652177;0.34483793
0.062501974;0.069652177;0.35274309
0.062501974;0.069652177;0.35274309
0.062501974;0.067675889;0.34483793
0.060525693;0.069652177;0.35274309
0.062501974;0.069652177;0.34483793
0.060525693;0.067675889;0.35274309
0.060525693;0.069652177;0.34483793
0.062501974;0.069652177;0.34483793
0.062501974;0.069652177;0.34483793
0.060525693;0.069652177;0.34483793
0.060525693;0.069652177;0.35274309
0.060525693;0.067675889;0.35274309
0.062501974;0.069652177;0.35274309
0.060525693;0.069652177;0.35274309
0.060525693;0.069652177;0.35274309
0.058549408;0.069652177;0.34483793
0.060525693;0.069652177;0.34483793
0.060525693;0.069652177;0.35274309
0.060525693;0.067675889;0.35274309
0.060525693;0.069652177;0.35274309
0.060525693;0.069652177;0.35274309
0.058549408;0.069652177;0.35274309
0.060525693;0.069652177;0.35274309
0.058549408;0.069652177;0.35274309
0.060525693;0.069652177;0.35274309
0.058549408;0.069652177;0.34483793
0.058549408;0.069652177;0.34483793
0.058549408;0.069652177;0.35274309
0.060525693;0.067675889;0.34483793
0.058549408;0.069652177;0.34483793
0.058549408;0.067675889;0.35274309
0.058549408;0.069652177;0.35274309
0.058549408;0.069652177;0.35274309
0.058549408;0.069652177;0.34483793
0.056573123;0.067675889;0.35274309
0.058549408;0.069652177;0.35274309
0.058549408;0.067675889;0.35274309
0.058549408;0.069652177;0.35274309
0.058549408;0.067675889;0.34483793
0.056573123;0.067675889;0.35274309
0.056573123;0.069652177;0.35274309
0.054596838;0.069652177;0.34483793
0.054596838;0.067675889;0.35274309
0.056573123;0.069652177;0.35274309
0.056573123;0.069652177;0.35274309
0.056573123;0.067675889;0.34483793
0.056573123;0.067675889;0.34483793
0.054596838;0.067675889;0.35274309
0.054596838;0.067675889;0.35274309
0.056573123;0.069652177;0.35274309
0.054596838;0.067675889;0.35274309
0.054596838;0.067675889;0.35274309
0.054596838;0.069652177;0.35274309
0.054596838;0.069652177;0.34483793
0.054596838;0.067675889;0.35274309
0.054596838;0.069652177;0.35274309
0.054596838;0.067675889;0.34483793
0.054596838;0.069652177;0.35274309
0.054596838;0.069652177;0.35274309
0.052620552;0.069652177;0.35274309
0.054596838;0.069652177;0.35274309
0.054596838;0.069652177;0.34483793
0.052620552;0.067675889;0.34483793
0.052620552;0.067675889;0.35274309
0.052620552;0.067675889;0.35274309
0.052620552;0.069652177;0.34483793
0.052620552;0.067675889;0.35274309
0.052620552;0.067675889;0.35274309
0.052620552;0.067675889;0.34483793
0.052620552;0.067675889;0.35274309
0.052620552;0.067675889;0.34483793
0.050644267;0.067675889;0.35274309
0.052620552;0.067675889;0.35274309
0.052620552;0.067675889;0.35274309
0.050644267;0.067675889;0.35274309
0.050644267;0.069652177;0.35274309
0.050644267;0.067675889;0.34483793
0.050644267;0.067675889;0.34483793
0.050644267;0.067675889;0.35274309
0.050644267;0.067675889;0.34483793
0.048667986;0.067675889;0.34483793
0.048667986;0.067675889;0.35274309
0.050644267;0.067675889;0.35274309
0.050644267;0.065699607;0.35274309
0.048667986;0.069652177;0.35274309
0.048667986;0.067675889;0.34483793
0.048667986;0.069652177;0.34483793
0.048667986;0.067675889;0.35274309
0.048667986;0.067675889;0.35274309
0.048667986;0.069652177;0.35274309
0.048667986;0.067675889;0.34483793
0.048667986;0.067675889;0.35274309
0.046691701;0.067675889;0.35274309
0.048667986;0.067675889;0.35274309
0.046691701;0.067675889;0.34483793
0.046691701;0.067675889;0.35274309
0.044715416;0.067675889;0.34483793
0.046691701;0.067675889;0.35274309
0.046691701;0.067675889;0.34483793
0.046691701;0.067675889;0.34483793
0.044715416;0.067675889;0.34483793
0.046691701;0.067675889;0.34483793
0.046691701;0.067675889;0.35274309
0.044715416;0.067675889;0.35274309
0.044715416;0.067675889;0.35274309
0.044715416;0.067675889;0.35274309
0.044715416;0.067675889;0.34483793
0.044715416;0.067675889;0.35274309
0.044715416;0.067675889;0.34483793
0.044715416;0.069652177;0.34483793
0.046691701;0.067675889;0.35274309
0.042739131;0.067675889;0.35274309
0.042739131;0.067675889;0.35274309
0.044715416;0.067675889;0.34483793
0.042739131;0.067675889;0.35274309
0.042739131;0.067675889;0.35274309
0.042739131;0.065699607;0.35274309
0.042739131;0.067675889;0.35274309
0.040762845;0.067675889;0.35274309
0.042739131;0.067675889;0.35274309
0.042739131;0.067675889;0.34483793
0.040762845;0.067675889;0.34483793
0.042739131;0.065699607;0.34483793
0.040762845;0.065699607;0.35274309
0.040762845;0.067675889;0.35274309
0.040762845;0.067675889;0.35274309
0.040762845;0.067675889;0.34483793
0.040762845;0.067675889;0.34483793
0.040762845;0.067675889;0.35274309
0.03878656;0.067675889;0.34483793
0.040762845;0.067675889;0.35274309
0.040762845;0.065699607;0.35274309
0.03878656;0.065699607;0.34483793
0.040762845;0.065699607;0.34483793
0.03878656;0.067675889;0.35274309
0.03878656;0.065699607;0.35274309
0.03878656;0.065699607;0.35274309
0.03878656;0.067675889;0.34483793
0.03878656;0.067675889;0.35274309
0.03878656;0.067675889;0.35274309
0.03878656;0.065699607;0.34483793
0.03878656;0.065699607;0.35274309
0.03878656;0.065699607;0.35274309
0.036810275;0.065699607;0.34483793
0.03878656;0.065699607;0.35274309
0.036810275;0.065699607;0.35274309
0.036810275;0.065699607;0.35274309
0.036810275;0.065699607;0.35274309
0.034833994;0.067675889;0.35274309
0.036810275;0.067675889;0.34483793
0.036810275;0.067675889;0.34483793
0.036810275;0.065699607;0.35274309
0.036810275;0.065699607;0.34483793
0.036810275;0.065699607;0.34483793
0.034833994;0.065699607;0.35274309
0.034833994;0.065699607;0.35274309
0.034833994;0.065699607;0.35274309
0.034833994;0.065699607;0.35274309
0.032857709;0.065699607;0.35274309
0.034833994;0.065699607;0.35274309
0.032857709;0.065699607;0.35274309
0.034833994;0.065699607;0.35274309
0.034833994;0.065699607;0.35274309
0.032857709;0.065699607;0.34483793
0.032857709;0.063723318;0.34483793
0.032857709;0.065699607;0.34483793
0.032857709;0.063723318;0.35274309
0.032857709;0.063723318;0.35274309
0.032857709;0.063723318;0.35274309
0.032857709;0.063723318;0.35274309
0.030881424;0.065699607;0.35274309
0.030881424;0.067675889;0.35274309
0.032857709;0.065699607;0.34483793
0.030881424;0.065699607;0.34483793
0.032857709;0.065699607;0.34483793
0.030881424;0.063723318;0.34483793
0.030881424;0.065699607;0.35274309
0.030881424;0.065699607;0.35274309
0.030881424;0.063723318;0.35274309
0.030881424;0.065699607;0.35274309
0.028905138;0.063723318;0.35274309
0.030881424;0.063723318;0.34483793
0.030881424;0.063723318;0.35274309
0.028905138;0.063723318;0.34483793
0.028905138;0.065699607;0.35274309
0.028905138;0.065699607;0.35274309
0.028905138;0.063723318;0.35274309
0.030881424;0.063723318;0.35274309
0.026928853;0.063723318;0.35274309
0.028905138;0.063723318;0.35274309
0.026928853;0.063723318;0.35274309
0.026928853;0.063723318;0.34483793
0.028905138;0.061747037;0.34483793
0.026928853;0.063723318;0.34483793
0.026928853;0.063723318;0.34483793
0.026928853;0.065699607;0.34483793
0.026928853;0.063723318;0.35274309
0.026928853;0.063723318;0.35274309
0.02495257;0.065699607;0.34483793
0.02495257;0.063723318;0.35274309
0.02495257;0.063723318;0.35274309
0.02495257;0.063723318;0.34483793
0.02495257;0.063723318;0.34483793
0.02495257;0.063723318;0.35274309
0.02495257;0.063723318;0.34483793
0.022976285;0.063723318;0.35274309
0.02495257;0.063723318;0.35274309
0.02495257;0.061747037;0.35274309
0.022976285;0.063723318;0.35274309
0.022976285;0.061747037;0.34483793
0.022976285;0.063723318;0.34483793
0.022976285;0.061747037;0.35274309
0.022976285;0.061747037;0.35274309
0.022976285;0.061747037;0.35274309
0.022976285;0.063723318;0.34483793
0.021;0.061747037;0.35274309
0.022976285;0.061747037;0.35274309
0.021;0.061747037;0.34483793
0.021;0.063723318;0.35274309
0.019023715;0.061747037;0.34483793
0.021;0.061747037;0.34483793
0.021;0.061747037;0.34483793
0.021;0.061747037;0.34483793
0.021;0.061747037;0.35274309
0.021;0.059770752;0.34483793
0.021;0.061747037;0.35274309
0.021;0.061747037;0.35274309
0.021;0.063723318;0.35274309
0.021;0.059770752;0.34483793
0.019023715;0.061747037;0.34483793
0.021;0.061747037;0.34483793
0.019023715;0.063723318;0.35274309
0.019023715;0.061747037;0.35274309
0.019023715;0.061747037;0.35274309
0.019023715;0.061747037;0.35274309
0.019023715;0.061747037;0.34483793
0.017047431;0.059770752;0.35274309
0.017047431;0.061747037;0.34483793
0.017047431;0.061747037;0.35274309
0.017047431;0.059770752;0.35274309
0.017047431;0.061747037;0.35274309
0.017047431;0.061747037;0.35274309
0.017047431;0.059770752;0.35274309
0.017047431;0.059770752;0.35274309
0.017047431;0.061747037;0.35274309
0.017047431;0.061747037;0.35274309
0.017047431;0.059770752;0.34483793
0.015071146;0.059770752;0.35274309
0.015071146;0.059770752;0.35274309
0.015071146;0.059770752;0.35274309
0.015071146;0.059770752;0.34483793
0.015071146;0.059770752;0.35274309
0.015071146;0.059770752;0.34483793
0.013094862;0.059770752;0.34483793
0.015071146;0.059770752;0.34483793
0.013094862;0.059770752;0.34483793
0.015071146;0.059770752;0.34483793
0.015071146;0.057794467;0.34483793
0.013094862;0.057794467;0.34483793
0.013094862;0.057794467;0.35274309
0.013094862;0.059770752;0.35274309
0.011118577;0.059770752;0.35274309
0.013094862;0.059770752;0.35274309
0.011118577;0.057794467;0.34483793
0.011118577;0.057794467;0.35274309
0.011118577;0.057794467;0.35274309
0.011118577;0.059770752;0.35274309
0.011118577;0.057794467;0.34483793
0.013094862;0.057794467;0.34483793
0.011118577;0.057794467;0.35274309
0.011118577;0.057794467;0.34483793
0.011118577;0.057794467;0.34483793
0.0091422927;0.059770752;0.35274309
0.0091422927;0.059770752;0.35274309
0.0091422927;0.059770752;0.34483793
0.0091422927;0.057794467;0.34483793
0.0091422927;0.057794467;0.34483793
0.0091422927;0.057794467;0.34483793
0.0091422927;0.057794467;0.35274309
0.0091422927;0.057794467;0.35274309
0.0091422927;0.057794467;0.35274309
0.007166008;0.057794467;0.34483793
0.007166008;0.057794467;0.34483793
0.007166008;0.057794467;0.35274309
0.007166008;0.057794467;0.34483793
0.007166008;0.055818181;0.35274309
0.007166008;0.057794467;0.34483793
0.0051897233;0.055818181;0.35274309
0.007166008;0.057794467;0.34483793
0.0051897233;0.057794467;0.35274309
0.007166008;0.057794467;0.35274309
0.0051897233;0.055818181;0.35274309
0.007166008;0.057794467;0.35274309
0.0051897233;0.055818181;0.34483793
0.0051897233;0.057794467;0.35274309
0.0051897233;0.057794467;0.34483793
0.0051897233;0.055818181;0.35274309
0.0051897233;0.055818181;0.34483793
0.0051897233;0.055818181;0.35274309
0.0032134387;0.055818181;0.35274309
0.0032134387;0.055818181;0.35274309
0.0051897233;0.053841896;0.35274309
0.0051897233;0.055818181;0.35274309
0.0051897233;0.055818181;0.35274309
0.0032134387;0.055818181;0.35274309
0.0032134387;0.053841896;0.35274309
0.0032134387;0.055818181;0.35274309
0.0032134387;0.055818181;0.34483793
0.0032134387;0.055818181;0.35274309
0.0032134387;0.055818181;0.35274309
0.0032134387;0.055818181;0.35274309
0.0012371541;0.053841896;0.35274309
0.0032134387;0.055818181;0.35274309
0.0012371541;0.053841896;0.34483793
-0.00073913042;0.053841896;0.35274309
-0.00073913042;0.053841896;0.35274309
0.0012371541;0.055818181;0.34483793
0.0012371541;0.053841896;0.35274309
-0.00073913042;0.053841896;0.35274309
0.0012371541;0.051865611;0.35274309
-0.00073913042;0.053841896;0.35274309
-0.00073913042;0.053841896;0.35274309
-0.00073913042;0.053841896;0.34483793
-0.00073913042;0.053841896;0.34483793
-0.00073913042;0.053841896;0.34483793
-0.0027154151;0.053841896;0.35274309
-0.0027154151;0.053841896;0.35274309
-0.0027154151;0.053841896;0.35274309
-0.00073913042;0.051865611;0.35274309
-0.00073913042;0.051865611;0.35274309
-0.0027154151;0.053841896;0.35274309
-0.00073913042;0.051865611;0.34483793
-0.0027154151;0.053841896;0.34483793
-0.0027154151;0.051865611;0.35274309
-0.0027154151;0.051865611;0.34483793
-0.0027154151;0.053841896;0.35274309
-0.0027154151;0.051865611;0.35274309
-0.0046916995;0.051865611;0.34483793
-0.0027154151;0.051865611;0.35274309
-0.0027154151;0.051865611;0.35274309
-0.0027154151;0.051865611;0.35274309
-0.0046916995;0.053841896;0.35274309
-0.0046916995;0.051865611;0.35274309
-0.0046916995;0.051865611;0.35274309
-0.0027154151;0.051865611;0.35274309
-0.0027154151;0.051865611;0.34483793
-0.0066679842;0.051865611;0.35274309
-0.0046916995;0.051865611;0.34483793
-0.0046916995;0.051865611;0.34483793
-0.0046916995;0.04988933;0.35274309
-0.0046916995;0.051865611;0.35274309
-0.0066679842;0.051865611;0.34483793
-0.0066679842;0.04988933;0.35274309
-0.0066679842;0.051865611;0.34483793
-0.0066679842;0.04988933;0.34483793
-0.0066679842;0.051865611;0.35274309
-0.0086442688;0.04988933;0.35274309
-0.0066679842;0.04988933;0.35274309
-0.0066679842;0.051865611;0.35274309
-0.0066679842;0.04988933;0.34483793
-0.0086442688;0.04988933;0.34483793
-0.0086442688;0.04988933;0.35274309
-0.0086442688;0.04988933;0.34483793
-0.0086442688;0.04988933;0.35274309
-0.0086442688;0.04988933;0.35274309
-0.0086442688;0.04988933;0.34483793
-0.0066679842;0.047913045;0.35274309
-0.0066679842;0.04988933;0.34483793
-0.0086442688;0.04988933;0.35274309
-0.0086442688;0.047913045;0.35274309
-0.0086442688;0.04988933;0.35274309
-0.0086442688;0.047913045;0.35274309
-0.0086442688;0.04988933;0.35274309
-0.010620553;0.047913045;0.35274309
-0.0086442688;0.04988933;0.34483793
-0.010620553;0.047913045;0.34483793
-0.0086442688;0.047913045;0.34483793
-0.010620553;0.047913045;0.35274309
-0.010620553;0.047913045;0.35274309
-0.010620553;0.047913045;0.34483793
-0.010620553;0.047913045;0.34483793
-0.010620553;0.047913045;0.35274309
-0.010620553;0.047913045;0.35274309
-0.012596838;0.047913045;0.35274309
-0.012596838;0.047913045;0.35274309
-0.010620553;0.047913045;0.35274309
-0.012596838;0.047913045;0.35274309
-0.012596838;0.047913045;0.34483793
-0.012596838;0.047913045;0.35274309
-0.010620553;0.047913045;0.35274309
-0.014573122;0.047913045;0.35274309
-0.012596838;0.047913045;0.34483793
-0.012596838;0.04593676;0.34483793
-0.012596838;0.047913045;0.35274309
-0.012596838;0.04593676;0.35274309
-0.014573122;0.04593676;0.35274309
-0.014573122;0.04593676;0.35274309
-0.014573122;0.04593676;0.35274309
-0.012596838;0.047913045;0.34483793
-0.014573122;0.047913045;0.34483793
-0.014573122;0.04593676;0.34483793
-0.012596838;0.047913045;0.34483793
-0.014573122;0.047913045;0.35274309
-0.012596838;0.04593676;0.34483793
-0.012596838;0.04593676;0.35274309
-0.014573122;0.04593676;0.34483793
-0.016549407;0.04593676;0.35274309
-0.014573122;0.043960474;0.35274309
-0.016549407;0.04593676;0.35274309
-0.016549407;0.047913045;0.35274309
-0.014573122;0.04593676;0.34483793
-0.016549407;0.04593676;0.35274309
-0.016549407;0.04593676;0.34483793
-0.016549407;0.04593676;0.35274309
-0.014573122;0.04593676;0.34483793
-0.016549407;0.04593676;0.35274309
-0.016549407;0.043960474;0.35274309
-0.016549407;0.04593676;0.34483793
-0.018525692;0.04593676;0.34483793
-0.018525692;0.043960474;0.35274309
-0.016549407;0.043960474;0.34483793
-0.018525692;0.043960474;0.35274309
-0.016549407;0.043960474;0.34483793
-0.018525692;0.043960474;0.35274309
-0.018525692;0.043960474;0.34483793
-0.016549407;0.043960474;0.35274309
-0.016549407;0.043960474;0.34483793
-0.018525692;0.043960474;0.35274309
-0.018525692;0.043960474;0.35274309
-0.018525692;0.043960474;0.35274309
-0.020501977;0.043960474;0.35274309
-0.018525692;0.041984189;0.35274309
-0.018525692;0.041984189;0.35274309
-0.020501977;0.043960474;0.35274309
-0.018525692;0.041984189;0.34483793
-0.018525692;0.043960474;0.35274309
-0.018525692;0.041984189;0.35274309
-0.020501977;0.041984189;0.35274309
-0.020501977;0.041984189;0.35274309
-0.020501977;0.043960474;0.34483793
-0.018525692;0.040007904;0.35274309
-0.018525692;0.041984189;0.35274309
-0.02247826;0.041984189;0.34483793
-0.020501977;0.041984189;0.35274309
-0.020501977;0.041984189;0.35274309
-0.020501977;0.041984189;0.35274309
-0.020501977;0.041984189;0.35274309
-0.020501977;0.041984189;0.34483793
-0.020501977;0.041984189;0.35274309
-0.020501977;0.041984189;0.35274309
-0.020501977;0.041984189;0.35274309
-0.020501977;0.041984189;0.34483793
-0.02247826;0.041984189;0.34483793
-0.02247826;0.041984189;0.35274309
-0.020501977;0.041984189;0.34483793
-0.020501977;0.041984189;0.34483793
-0.02247826;0.040007904;0.34483793
-0.02247826;0.041984189;0.34483793
-0.02247826;0.040007904;0.35274309
-0.020501977;0.040007904;0.34483793
-0.020501977;0.040007904;0.35274309
-0.02247826;0.040007904;0.35274309
-0.020501977;0.041984189;0.34483793
-0.02247826;0.040007904;0.35274309
-0.02247826;0.040007904;0.34483793
-0.02247826;0.040007904;0.34483793
-0.02247826;0.040007904;0.35274309
-0.02247826;0.040007904;0.35274309
-0.02247826;0.040007904;0.34483793
-0.024454545;0.040007904;0.34483793
-0.024454545;0.040007904;0.34483793
-0.024454545;0.038031619;0.34483793
-0.02247826;0.040007904;0.34483793
-0.024454545;0.038031619;0.34483793
-0.024454545;0.040007904;0.34483793
-0.02247826;0.040007904;0.35274309
-0.024454545;0.040007904;0.35274309
-0.024454545;0.038031619;0.35274309
-0.02643083;0.040007904;0.35274309
-0.02247826;0.040007904;0.35274309
-0.024454545;0.040007904;0.34483793
-0.024454545;0.040007904;0.35274309
-0.024454545;0.038031619;0.34483793
-0.024454545;0.038031619;0.35274309
-0.024454545;0.038031619;0.35274309
-0.024454545;0.038031619;0.35274309
-0.024454545;0.038031619;0.34483793
-0.02643083;0.038031619;0.34483793
-0.024454545;0.038031619;0.35274309
-0.024454545;0.038031619;0.35274309
-0.024454545;0.038031619;0.34483793
-0.024454545;0.038031619;0.35274309
-0.02643083;0.036055338;0.35274309
-0.024454545;0.038031619;0.35274309
-0.024454545;0.038031619;0.35274309
-0.02643083;0.036055338;0.35274309
-0.02643083;0.036055338;0.35274309
-0.02643083;0.036055338;0.34483793
-0.02643083;0.036055338;0.34483793
-0.02643083;0.036055338;0.35274309
-0.02643083;0.036055338;0.34483793
-0.024454545;0.038031619;0.35274309
-0.02643083;0.036055338;0.35274309
-0.024454545;0.036055338;0.34483793
-0.02643083;0.034079053;0.35274309
-0.02643083;0.034079053;0.35274309
-0.028407115;0.036055338;0.35274309
-0.02643083;0.036055338;0.35274309
-0.02643083;0.036055338;0.35274309
-0.02643083;0.036055338;0.34483793
-0.02643083;0.036055338;0.35274309
-0.02643083;0.036055338;0.35274309
-0.028407115;0.036055338;0.35274309
-0.02643083;0.034079053;0.35274309
-0.02643083;0.034079053;0.35274309
-0.02643083;0.036055338;0.34483793
-0.028407115;0.034079053;0.34483793
-0.02643083;0.034079053;0.34483793
-0.02643083;0.032102767;0.35274309
-0.030383399;0.034079053;0.34483793
-0.02643083;0.034079053;0.35274309
-0.028407115;0.034079053;0.35274309
-0.02643083;0.034079053;0.34483793
-0.030383399;0.034079053;0.35274309
-0.028407115;0.034079053;0.35274309
-0.028407115;0.034079053;0.35274309
-0.028407115;0.034079053;0.34483793
-0.028407115;0.034079053;0.35274309
-0.030383399;0.034079053;0.35274309
-0.028407115;0.032102767;0.34483793
-0.028407115;0.034079053;0.35274309
-0.028407115;0.032102767;0.34483793
-0.028407115;0.032102767;0.34483793
-0.02643083;0.032102767;0.35274309
-0.028407115;0.034079053;0.35274309
-0.028407115;0.032102767;0.34483793
-0.028407115;0.032102767;0.35274309
-0.028407115;0.032102767;0.34483793
-0.028407115;0.032102767;0.34483793
-0.030383399;0.032102767;0.35274309
-0.028407115;0.032102767;0.34483793
-0.028407115;0.032102767;0.34483793
-0.030383399;0.032102767;0.35274309
-0.028407115;0.032102767;0.34483793
-0.028407115;0.030126482;0.34483793
-0.028407115;0.032102767;0.35274309
-0.028407115;0.032102767;0.35274309
-0.028407115;0.030126482;0.34483793
-0.030383399;0.032102767;0.35274309
-0.028407115;0.030126482;0.35274309
-0.030383399;0.032102767;0.34483793
-0.030383399;0.030126482;0.35274309
-0.028407115;0.030126482;0.35274309
-0.028407115;0.030126482;0.35274309
-0.028407115;0.030126482;0.34483793
-0.030383399;0.030126482;0.35274309
-0.030383399;0.030126482;0.35274309
-0.030383399;0.030126482;0.35274309
-0.030383399;0.028150197;0.34483793
-0.028407115;0.028150197;0.34483793
-0.030383399;0.028150197;0.35274309
-0.030383399;0.030126482;0.35274309
-0.028407115;0.028150197;0.35274309
-0.030383399;0.028150197;0.35274309
-0.030383399;0.028150197;0.34483793
-0.028407115;0.028150197;0.34483793
-0.030383399;0.028150197;0.35274309
-0.030383399;0.030126482;0.34483793
-0.030383399;0.028150197;0.35274309
-0.028407115;0.028150197;0.34483793
-0.028407115;0.028150197;0.35274309
-0.030383399;0.026173914;0.35274309
-0.028407115;0.026173914;0.35274309
-0.030383399;0.028150197;0.34483793
-0.030383399;0.028150197;0.34483793
-0.030383399;0.028150197;0.35274309
-0.030383399;0.028150197;0.35274309
-0.030383399;0.028150197;0.35274309
-0.030383399;0.028150197;0.35274309
-0.030383399;0.026173914;0.35274309
-0.028407115;0.026173914;0.35274309
-0.030383399;0.026173914;0.34483793
-0.032359682;0.026173914;0.35274309
-0.028407115;0.026173914;0.34483793
-0.030383399;0.026173914;0.35274309
-0.030383399;0.026173914;0.35274309
-0.028407115;0.026173914;0.35274309
-0.028407115;0.026173914;0.35274309
-0.028407115;0.026173914;0.35274309
-0.030383399;0.026173914;0.35274309
-0.028407115;0.026173914;0.34483793
-0.030383399;0.026173914;0.35274309
-0.030383399;0.024197629;0.34483793
-0.030383399;0.026173914;0.35274309
-0.030383399;0.026173914;0.35274309
-0.028407115;0.026173914;0.35274309
-0.030383399;0.024197629;0.35274309
-0.030383399;0.024197629;0.35274309
-0.030383399;0.026173914;0.35274309
-0.030383399;0.026173914;0.35274309
-0.030383399;0.024197629;0.34483793
-0.030383399;0.024197629;0.35274309
-0.030383399;0.024197629;0.35274309
-0.030383399;0.024197629;0.34483793
-0.028407115;0.024197629;0.34483793
-0.030383399;0.024197629;0.34483793
-0.030383399;0.024197629;0.35274309
-0.030383399;0.024197629;0.34483793
-0.030383399;0.022221344;0.34483793
-0.030383399;0.022221344;0.34483793
-0.030383399;0.022221344;0.35274309
-0.030383399;0.022221344;0.34483793
-0.030383399;0.022221344;0.35274309
-0.028407115;0.022221344;0.35274309
-0.030383399;0.022221344;0.35274309
-0.030383399;0.022221344;0.34483793
-0.030383399;0.022221344;0.35274309
-0.030383399;0.022221344;0.34483793
-0.030383399;0.022221344;0.34483793
-0.030383399;0.024197629;0.35274309
-0.030383399;0.022221344;0.35274309
-0.028407115;0.020245058;0.35274309
-0.028407115;0.022221344;0.34483793
-0.030383399;0.022221344;0.35274309
-0.030383399;0.020245058;0.34483793
-0.030383399;0.022221344;0.35274309
-0.030383399;0.022221344;0.34483793
-0.030383399;0.022221344;0.34483793
-0.030383399;0.020245058;0.35274309
-0.030383399;0.020245058;0.34483793
-0.028407115;0.020245058;0.35274309
-0.028407115;0.020245058;0.34483793
-0.028407115;0.020245058;0.35274309
-0.030383399;0.020245058;0.35274309
-0.028407115;0.020245058;0.35274309
-0.028407115;0.020245058;0.35274309
-0.028407115;0.020245058;0.35274309
-0.030383399;0.020245058;0.35274309
-0.028407115;0.020245058;0.35274309
-0.030383399;0.018268775;0.34483793
-0.028407115;0.020245058;0.34483793
-0.030383399;0.020245058;0.35274309
-0.030383399;0.018268775;0.35274309
-0.030383399;0.018268775;0.35274309
-0.028407115;0.020245058;0.35274309
-0.028407115;0.018268775;0.35274309
-0.028407115;0.020245058;0.34483793
-0.028407115;0.018268775;0.34483793
-0.028407115;0.018268775;0.34483793
-0.028407115;0.020245058;0.34483793
-0.028407115;0.018268775;0.34483793
-0.02643083;0.018268775;0.34483793
-0.028407115;0.018268775;0.35274309
-0.028407115;0.018268775;0.34483793
-0.028407115;0.020245058;0.35274309
-0.030383399;0.020245058;0.35274309
-0.028407115;0.01629249;0.35274309
-0.028407115;0.018268775;0.35274309
-0.028407115;0.01629249;0.35274309
-0.028407115;0.018268775;0.35274309
-0.02643083;0.018268775;0.35274309
-0.028407115;0.01629249;0.34483793
-0.028407115;0.018268775;0.34483793
-0.028407115;0.01629249;0.34483793
-0.02643083;0.01629249;0.35274309
-0.028407115;0.01629249;0.35274309
-0.02643083;0.01629249;0.35274309
-0.028407115;0.01629249;0.35274309
-0.02643083;0.01629249;0.34483793
-0.028407115;0.01629249;0.35274309
-0.02643083;0.01629249;0.34483793
-0.02643083;0.01629249;0.35274309
-0.028407115;0.01629249;0.34483793
-0.02643083;0.01629249;0.34483793
-0.028407115;0.014316206;0.34483793
-0.02643083;0.01629249;0.34483793
-0.028407115;0.014316206;0.35274309
-0.024454545;0.014316206;0.35274309
-0.02643083;0.014316206;0.35274309
-0.02643083;0.014316206;0.35274309
-0.028407115;0.014316206;0.35274309
-0.02643083;0.014316206;0.35274309
-0.02643083;0.014316206;0.34483793
-0.024454545;0.014316206;0.34483793
-0.02643083;0.014316206;0.34483793
-0.02643083;0.012339921;0.35274309
-0.02643083;0.014316206;0.35274309
-0.02643083;0.012339921;0.35274309
-0.02643083;0.014316206;0.35274309
-0.024454545;0.014316206;0.35274309
-0.024454545;0.012339921;0.34483793
-0.024454545;0.014316206;0.35274309
-0.02643083;0.012339921;0.35274309
-0.024454545;0.014316206;0.35274309
-0.024454545;0.014316206;0.34483793
-0.024454545;0.014316206;0.35274309
-0.02247826;0.012339921;0.35274309
-0.024454545;0.012339921;0.34483793
-0.024454545;0.012339921;0.35274309
-0.024454545;0.012339921;0.35274309
-0.024454545;0.014316206;0.34483793
-0.024454545;0.012339921;0.34483793
-0.024454545;0.012339921;0.34483793
-0.024454545;0.010363637;0.35274309
-0.024454545;0.012339921;0.35274309
-0.024454545;0.010363637;0.35274309
-0.024454545;0.012339921;0.34483793
-0.024454545;0.010363637;0.34483793
-0.024454545;0.010363637;0.35274309
-0.02247826;0.010363637;0.35274309
-0.02247826;0.012339921;0.34483793
-0.024454545;0.010363637;0.35274309
-0.02247826;0.010363637;0.34483793
-0.02247826;0.012339921;0.34483793
-0.02247826;0.010363637;0.35274309
-0.02247826;0.010363637;0.34483793
-0.02247826;0.010363637;0.34483793
-0.02247826;0.010363637;0.34483793
-0.02247826;0.010363637;0.35274309
-0.02247826;0.010363637;0.34483793
-0.02247826;0.010363637;0.34483793
-0.020501977;0.010363637;0.35274309
-0.020501977;0.0083873514;0.35274309
-0.020501977;0.010363637;0.35274309
-0.02247826;0.010363637;0.35274309
-0.020501977;0.010363637;0.35274309
-0.020501977;0.010363637;0.34483793
-0.020501977;0.0083873514;0.35274309
-0.020501977;0.0083873514;0.35274309
-0.020501977;0.0083873514;0.35274309
-0.020501977;0.0083873514;0.34483793
-0.020501977;0.0083873514;0.34483793
-0.020501977;0.0083873514;0.35274309
-0.020501977;0.0083873514;0.35274309
-0.020501977;0.0083873514;0.34483793
-0.020501977;0.0083873514;0.35274309
-0.020501977;0.0083873514;0.34483793
-0.020501977;0.0083873514;0.34483793
-0.020501977;0.0083873514;0.35274309
-0.02247826;0.0083873514;0.34483793
-0.020501977;0.0083873514;0.35274309
-0.020501977;0.0083873514;0.35274309
-0.020501977;0.0064110672;0.34483793
-0.018525692;0.0083873514;0.34483793
-0.020501977;0.0083873514;0.35274309
-0.018525692;0.0083873514;0.34483793
-0.018525692;0.0083873514;0.35274309
-0.018525692;0.0064110672;0.35274309
-0.020501977;0.0064110672;0.35274309
-0.020501977;0.0064110672;0.35274309
-0.020501977;0.0064110672;0.35274309
-0.016549407;0.0064110672;0.35274309
-0.018525692;0.0064110672;0.35274309
-0.018525692;0.0064110672;0.35274309
-0.018525692;0.0064110672;0.34483793
-0.018525692;0.0064110672;0.35274309
-0.016549407;0.0044347825;0.35274309
-0.018525692;0.0044347825;0.35274309
-0.018525692;0.0044347825;0.35274309
-0.018525692;0.0064110672;0.35274309
-0.016549407;0.0044347825;0.35274309
-0.016549407;0.0064110672;0.35274309
-0.016549407;0.0064110672;0.35274309
-0.016549407;0.0064110672;0.34483793
-0.016549407;0.0064110672;0.34483793
-0.016549407;0.0044347825;0.35274309
-0.016549407;0.0044347825;0.35274309
-0.018525692;0.0044347825;0.35274309
-0.014573122;0.0044347825;0.35274309
-0.014573122;0.0044347825;0.34483793
-0.014573122;0.0044347825;0.35274309
-0.016549407;0.0044347825;0.35274309
-0.014573122;0.0044347825;0.35274309
-0.016549407;0.0024584981;0.35274309
-0.014573122;0.0044347825;0.34483793
-0.014573122;0.0024584981;0.34483793
-0.014573122;0.0044347825;0.34483793
-0.014573122;0.0044347825;0.35274309
-0.016549407;0.0024584981;0.34483793
-0.014573122;0.0024584981;0.35274309
-0.014573122;0.0044347825;0.35274309
-0.014573122;0.0024584981;0.35274309
-0.014573122;0.0024584981;0.34483793
-0.016549407;0.0024584981;0.34483793
-0.014573122;0.0024584981;0.34483793
-0.012596838;0.0024584981;0.35274309
-0.014573122;0.0024584981;0.34483793
-0.012596838;0.0024584981;0.35274309
-0.012596838;0.00048221345;0.35274309
-0.012596838;0.0024584981;0.35274309
-0.012596838;0.0024584981;0.35274309
-0.012596838;0.0024584981;0.34483793
-0.012596838;0.0024584981;0.35274309
-0.012596838;0.00048221345;0.34483793
-0.012596838;0.0024584981;0.35274309
-0.010620553;0.00048221345;0.35274309
-0.012596838;0.00048221345;0.34483793
-0.010620553;0.00048221345;0.35274309
-0.012596838;0.0024584981;0.35274309
-0.010620553;-0.0014940711;0.35274309
-0.010620553;0.00048221345;0.35274309
-0.010620553;0.00048221345;0.34483793
-0.010620553;-0.0014940711;0.34483793
-0.010620553;0.00048221345;0.34483793
-0.010620553;0.00048221345;0.35274309
-0.012596838;-0.0014940711;0.35274309
-0.010620553;0.00048221345;0.34483793
-0.0086442688;0.00048221345;0.34483793
-0.010620553;0.00048221345;0.34483793
-0.010620553;0.00048221345;0.35274309
-0.0086442688;-0.0014940711;0.34483793
-0.0086442688;-0.0014940711;0.35274309
-0.0086442688;-0.0014940711;0.35274309
-0.010620553;-0.0014940711;0.34483793
-0.0086442688;-0.0014940711;0.35274309
-0.0086442688;-0.0014940711;0.35274309
-0.010620553;-0.0014940711;0.35274309
-0.0086442688;0.00048221345;0.35274309
-0.0086442688;0.00048221345;0.34483793
-0.0086442688;-0.0014940711;0.35274309
-0.0086442688;-0.0014940711;0.35274309
-0.0066679842;-0.0014940711;0.35274309
-0.0086442688;-0.0014940711;0.35274309
-0.0066679842;-0.0014940711;0.35274309
-0.0086442688;-0.0014940711;0.35274309
-0.0066679842;-0.0014940711;0.35274309
-0.0086442688;-0.0034703556;0.35274309
-0.0086442688;-0.0014940711;0.34483793
-0.0066679842;-0.0034703556;0.35274309
-0.0066679842;-0.0014940711;0.34483793
-0.0066679842;-0.0014940711;0.34483793
-0.0066679842;-0.0014940711;0.35274309
-0.0066679842;-0.0014940711;0.35274309
-0.0066679842;-0.0034703556;0.34483793
-0.0066679842;-0.0034703556;0.35274309
-0.0066679842;-0.0034703556;0.34483793
-0.0046916995;-0.0034703556;0.35274309
-0.0027154151;-0.0034703556;0.35274309
-0.0046916995;-0.0034703556;0.35274309
-0.0046916995;-0.0034703556;0.34483793
-0.0046916995;-0.0034703556;0.35274309
-0.0046916995;-0.0054466403;0.34483793
-0.0066679842;-0.0034703556;0.35274309
-0.0027154151;-0.0054466403;0.34483793
-0.0027154151;-0.0034703556;0.34483793
-0.0027154151;-0.0034703556;0.34483793
-0.0046916995;-0.0034703556;0.34483793
-0.0027154151;-0.0054466403;0.34483793
-0.0027154151;-0.0054466403;0.35274309
-0.0027154151;-0.0034703556;0.35274309
-0.0027154151;-0.0054466403;0.35274309
-0.0027154151;-0.0054466403;0.35274309
-0.0027154151;-0.0034703556;0.34483793
-0.00073913042;-0.0054466403;0.35274309
-0.0027154151;-0.0034703556;0.35274309
-0.00073913042;-0.0034703556;0.34483793
-0.00073913042;-0.0054466403;0.35274309
-0.0027154151;-0.0054466403;0.34483793
-0.00073913042;-0.0054466403;0.35274309
-0.00073913042;-0.0054466403;0.34483793
-0.00073913042;-0.007422925;0.35274309
-0.00073913042;-0.0054466403;0.34483793
-0.00073913042;-0.0054466403;0.34483793
-0.00073913042;-0.0054466403;0.35274309
-0.00073913042;-0.0054466403;0.34483793
0.0012371541;-0.0054466403;0.35274309
-0.00073913042;-0.0054466403;0.34483793
-0.00073913042;-0.0054466403;0.34483793
0.0012371541;-0.0054466403;0.35274309
0.0012371541;-0.007422925;0.35274309
-0.00073913042;-0.0054466403;0.35274309
0.0012371541;-0.0054466403;0.34483793
0.0051897233;-0.0054466403;0.34483793
0.0012371541;-0.0054466403;0.34483793
0.0012371541;-0.0054466403;0.35274309
0.0032134387;-0.0054466403;0.34483793
0.0032134387;-0.0054466403;0.35274309
0.0032134387;-0.0054466403;0.34483793
0.0032134387;-0.0054466403;0.34483793
0.0032134387;-0.007422925;0.35274309
0.0032134387;-0.0093992092;0.34483793
0.0051897233;-0.007422925;0.35274309
0.0032134387;-0.007422925;0.35274309
0.0051897233;-0.007422925;0.34483793
0.0051897233;-0.0054466403;0.34483793
0.0051897233;-0.007422925;0.34483793
0.0051897233;-0.007422925;0.35274309
0.0051897233;-0.007422925;0.35274309
0.007166008;-0.007422925;0.35274309
0.0051897233;-0.0093992092;0.35274309
0.007166008;-0.007422925;0.34483793
0.007166008;-0.007422925;0.35274309
0.007166008;-0.007422925;0.34483793
0.007166008;-0.007422925;0.34483793
0.007166008;-0.007422925;0.35274309
0.007166008;-0.0093992092;0.35274309
0.0051897233;-0.0093992092;0.35274309
0.007166008;-0.007422925;0.35274309
0.0051897233;-0.0093992092;0.34483793
0.007166008;-0.0093992092;0.35274309
0.007166008;-0.0093992092;0.35274309
0.0091422927;-0.0093992092;0.35274309
0.0091422927;-0.0093992092;0.34483793
0.007166008;-0.0093992092;0.35274309
0.0091422927;-0.007422925;0.35274309
0.0091422927;-0.011375494;0.35274309
0.0091422927;-0.0093992092;0.35274309
0.0091422927;-0.0093992092;0.34483793
0.0091422927;-0.0093992092;0.35274309
0.011118577;-0.0093992092;0.35274309
0.011118577;-0.0093992092;0.34483793
0.011118577;-0.0093992092;0.34483793
0.011118577;-0.0093992092;0.35274309
0.011118577;-0.011375494;0.35274309
0.011118577;-0.011375494;0.35274309
0.011118577;-0.0093992092;0.35274309
0.011118577;-0.0093992092;0.35274309
0.013094862;-0.0093992092;0.35274309
0.011118577;-0.0093992092;0.34483793
0.013094862;-0.0093992092;0.35274309
0.013094862;-0.0093992092;0.35274309
0.013094862;-0.011375494;0.34483793
0.013094862;-0.011375494;0.34483793
0.013094862;-0.0093992092;0.34483793
0.013094862;-0.011375494;0.35274309
0.013094862;-0.011375494;0.35274309
0.013094862;-0.0093992092;0.34483793
0.015071146;-0.011375494;0.35274309
0.015071146;-0.011375494;0.35274309
0.015071146;-0.0093992092;0.35274309
0.015071146;-0.011375494;0.34483793
0.015071146;-0.011375494;0.35274309
0.013094862;-0.011375494;0.34483793
0.015071146;-0.011375494;0.35274309
0.015071146;-0.011375494;0.35274309
0.015071146;-0.0093992092;0.35274309
0.017047431;-0.011375494;0.35274309
0.017047431;-0.011375494;0.34483793
0.017047431;-0.011375494;0.35274309
0.017047431;-0.013351778;0.35274309
0.017047431;-0.013351778;0.34483793
0.017047431;-0.011375494;0.34483793
0.017047431;-0.011375494;0.34483793
0.019023715;-0.013351778;0.34483793
0.017047431;-0.011375494;0.35274309
0.019023715;-0.011375494;0.34483793
0.017047431;-0.013351778;0.34483793
0.019023715;-0.013351778;0.35274309
0.017047431;-0.015328064;0.34483793
0.019023715;-0.013351778;0.34483793
0.017047431;-0.013351778;0.35274309
0.019023715;-0.013351778;0.35274309
0.019023715;-0.013351778;0.35274309
0.019023715;-0.013351778;0.35274309
0.021;-0.013351778;0.35274309
0.019023715;-0.013351778;0.34483793
0.019023715;-0.013351778;0.35274309
0.021;-0.013351778;0.35274309
0.019023715;-0.013351778;0.35274309
0.021;-0.013351778;0.35274309
0.021;-0.013351778;0.34483793
0.021;-0.013351778;0.35274309
0.021;-0.013351778;0.35274309
0.022976285;-0.013351778;0.34483793
0.022976285;-0.015328064;0.34483793
0.021;-0.013351778;0.35274309
0.021;-0.013351778;0.35274309
0.021;-0.013351778;0.35274309
0.022976285;-0.013351778;0.34483793
0.021;-0.013351778;0.34483793
0.022976285;-0.015328064;0.34483793
0.022976285;-0.015328064;0.35274309
0.022976285;-0.015328064;0.35274309
0.022976285;-0.015328064;0.35274309
0.02495257;-0.015328064;0.35274309
0.02495257;-0.013351778;0.35274309
0.02495257;-0.015328064;0.35274309
0.02495257;-0.015328064;0.35274309
0.02495257;-0.013351778;0.35274309
0.02495257;-0.015328064;0.34483793
0.02495257;-0.015328064;0.35274309
0.02495257;-0.015328064;0.35274309
0.026928853;-0.015328064;0.34483793
0.026928853;-0.015328064;0.34483793
0.02495257;-0.017304348;0.35274309
0.026928853;-0.017304348;0.35274309
0.028905138;-0.015328064;0.35274309
0.026928853;-0.015328064;0.34483793
0.026928853;-0.015328064;0.35274309
0.026928853;-0.015328064;0.35274309
0.026928853;-0.017304348;0.34483793
0.028905138;-0.017304348;0.35274309
0.026928853;-0.017304348;0.35274309
0.026928853;-0.017304348;0.35274309
0.026928853;-0.015328064;0.34483793
0.028905138;-0.015328064;0.35274309
0.028905138;-0.017304348;0.34483793
0.028905138;-0.017304348;0.35274309
0.028905138;-0.015328064;0.35274309
0.028905138;-0.017304348;0.35274309
0.028905138;-0.015328064;0.34483793
0.028905138;-0.017304348;0.35274309
0.030881424;-0.017304348;0.34483793
0.028905138;-0.017304348;0.34483793
0.030881424;-0.017304348;0.35274309
0.028905138;-0.017304348;0.34483793
0.030881424;-0.017304348;0.35274309
0.030881424;-0.017304348;0.35274309
0.032857709;-0.019280633;0.35274309
0.032857709;-0.017304348;0.34483793
0.032857709;-0.017304348;0.35274309
0.032857709;-0.017304348;0.34483793
0.032857709;-0.017304348;0.34483793
0.032857709;-0.017304348;0.34483793
0.032857709;-0.017304348;0.35274309
0.032857709;-0.017304348;0.34483793
0.034833994;-0.017304348;0.34483793
0.032857709;-0.017304348;0.35274309
0.032857709;-0.019280633;0.34483793
0.032857709;-0.017304348;0.35274309
0.032857709;-0.017304348;0.35274309
0.034833994;-0.019280633;0.35274309
0.034833994;-0.017304348;0.34483793
0.034833994;-0.019280633;0.35274309
0.034833994;-0.019280633;0.35274309
0.034833994;-0.019280633;0.35274309
0.032857709;-0.017304348;0.34483793
0.034833994;-0.019280633;0.34483793
0.034833994;-0.019280633;0.35274309
0.036810275;-0.019280633;0.34483793
0.036810275;-0.017304348;0.34483793
0.034833994;-0.019280633;0.35274309
0.036810275;-0.019280633;0.35274309
0.036810275;-0.019280633;0.35274309
0.036810275;-0.019280633;0.35274309
0.03878656;-0.019280633;0.35274309
0.036810275;-0.019280633;0.35274309
0.03878656;-0.019280633;0.34483793
0.03878656;-0.019280633;0.34483793
0.03878656;-0.019280633;0.34483793
0.036810275;-0.019280633;0.35274309
0.03878656;-0.019280633;0.35274309
0.040762845;-0.019280633;0.35274309
0.03878656;-0.019280633;0.34483793
0.040762845;-0.019280633;0.35274309
0.040762845;-0.019280633;0.35274309
0.040762845;-0.021256916;0.34483793
0.040762845;-0.019280633;0.35274309
0.040762845;-0.019280633;0.34483793
0.040762845;-0.021256916;0.34483793
0.040762845;-0.019280633;0.35274309
0.040762845;-0.019280633;0.34483793
0.042739131;-0.019280633;0.35274309
0.040762845;-0.019280633;0.34483793
0.040762845;-0.019280633;0.35274309
0.040762845;-0.021256916;0.35274309
0.040762845;-0.019280633;0.35274309
0.042739131;-0.019280633;0.34483793
0.042739131;-0.021256916;0.35274309
0.042739131;-0.021256916;0.35274309
0.042739131;-0.021256916;0.34483793
0.042739131;-0.019280633;0.35274309
0.042739131;-0.021256916;0.35274309
0.044715416;-0.019280633;0.35274309
0.042739131;-0.019280633;0.35274309
0.044715416;-0.019280633;0.34483793
0.042739131;-0.019280633;0.35274309
0.044715416;-0.019280633;0.34483793
0.044715416;-0.021256916;0.34483793
0.044715416;-0.019280633;0.35274309
0.044715416;-0.021256916;0.35274309
0.044715416;-0.021256916;0.34483793
0.046691701;-0.021256916;0.34483793
0.046691701;-0.021256916;0.34483793
0.046691701;-0.021256916;0.34483793
0.044715416;-0.021256916;0.34483793
0.046691701;-0.021256916;0.34483793
0.046691701;-0.021256916;0.35274309
0.044715416;-0.021256916;0.34483793
0.046691701;-0.021256916;0.34483793
0.048667986;-0.021256916;0.34483793
0.048667986;-0.021256916;0.35274309
0.046691701;-0.021256916;0.35274309
0.048667986;-0.021256916;0.34483793
0.048667986;-0.023233201;0.35274309
0.048667986;-0.021256916;0.34483793
0.046691701;-0.021256916;0.35274309
0.048667986;-0.021256916;0.34483793
0.048667986;-0.023233201;0.35274309
0.046691701;-0.021256916;0.35274309
0.048667986;-0.023233201;0.35274309
0.048667986;-0.021256916;0.35274309
0.050644267;-0.021256916;0.34483793
0.050644267;-0.021256916;0.34483793
0.050644267;-0.021256916;0.34483793
0.048667986;-0.021256916;0.35274309
0.050644267;-0.021256916;0.35274309
0.050644267;-0.021256916;0.34483793
0.050644267;-0.021256916;0.35274309
0.050644267;-0.021256916;0.34483793
0.050644267;-0.023233201;0.34483793
0.050644267;-0.021256916;0.34483793
0.050644267;-0.023233201;0.34483793
0.052620552;-0.023233201;0.34483793
0.050644267;-0.021256916;0.34483793
0.052620552;-0.021256916;0.34483793
0.052620552;-0.023233201;0.34483793
0.052620552;-0.021256916;0.34483793
0.052620552;-0.023233201;0.35274309
0.054596838;-0.023233201;0.34483793
0.054596838;-0.023233201;0.35274309
0.052620552;-0.023233201;0.35274309
0.054596838;-0.021256916;0.35274309
0.052620552;-0.023233201;0.34483793
0.052620552;-0.023233201;0.34483793
0.052620552;-0.021256916;0.35274309
0.054596838;-0.023233201;0.35274309
0.054596838;-0.023233201;0.35274309
0.054596838;-0.023233201;0.35274309
0.056573123;-0.023233201;0.35274309
0.054596838;-0.023233201;0.35274309
0.054596838;-0.023233201;0.35274309
0.054596838;-0.023233201;0.35274309
0.054596838;-0.025209486;0.35274309
0.054596838;-0.023233201;0.35274309
0.054596838;-0.023233201;0.34483793
0.056573123;-0.023233201;0.35274309
0.056573123;-0.023233201;0.34483793
0.056573123;-0.023233201;0.35274309
0.056573123;-0.025209486;0.34483793
0.056573123;-0.023233201;0.35274309
0.056573123;-0.023233201;0.34483793
0.056573123;-0.023233201;0.34483793
0.056573123;-0.021256916;0.35274309
0.056573123;-0.023233201;0.34483793
0.056573123;-0.023233201;0.34483793
0.056573123;-0.023233201;0.35274309
0.056573123;-0.023233201;0.34483793
0.056573123;-0.023233201;0.35274309
0.058549408;-0.023233201;0.35274309
0.056573123;-0.023233201;0.34483793
0.058549408;-0.023233201;0.34483793
0.058549408;-0.025209486;0.34483793
0.056573123;-0.023233201;0.35274309
0.058549408;-0.025209486;0.34483793
0.060525693;-0.023233201;0.34483793
0.058549408;-0.025209486;0.34483793
0.058549408;-0.023233201;0.35274309
0.058549408;-0.025209486;0.35274309
0.058549408;-0.025209486;0.35274309
0.058549408;-0.025209486;0.35274309
0.060525693;-0.025209486;0.34483793
0.060525693;-0.025209486;0.34483793
0.060525693;-0.023233201;0.35274309
0.060525693;-0.025209486;0.35274309
0.060525693;-0.025209486;0.34483793
0.060525693;-0.025209486;0.35274309
0.060525693;-0.023233201;0.35274309
0.060525693;-0.023233201;0.35274309
0.062501974;-0.025209486;0.35274309
0.062501974;-0.025209486;0.35274309
0.062501974;-0.025209486;0.34483793
0.060525693;-0.023233201;0.35274309
0.062501974;-0.025209486;0.34483793
0.062501974;-0.025209486;0.34483793
0.062501974;-0.025209486;0.35274309
0.062501974;-0.023233201;0.35274309
0.062501974;-0.025209486;0.35274309
0.062501974;-0.025209486;0.34483793
0.062501974;-0.025209486;0.35274309
0.062501974;-0.025209486;0.35274309
0.064478263;-0.025209486;0.34483793
0.062501974;-0.025209486;0.35274309
0.062501974;-0.025209486;0.35274309
0.062501974;-0.025209486;0.35274309
0.064478263;-0.025209486;0.35274309
0.062501974;-0.025209486;0.35274309
0.062501974;-0.025209486;0.35274309
0.064478263;-0.025209486;0.35274309
0.064478263;-0.025209486;0.34483793
0.062501974;-0.025209486;0.34483793
0.064478263;-0.025209486;0.34483793
0.064478263;-0.023233201;0.34483793
0.064478263;-0.027185772;0.35274309
0.064478263;-0.025209486;0.34483793
0.064478263;-0.025209486;0.34483793
0.064478263;-0.025209486;0.34483793
0.064478263;-0.025209486;0.35274309
0.064478263;-0.025209486;0.34483793
0.064478263;-0.025209486;0.34483793
0.064478263;-0.025209486;0.34483793
0.064478263;-0.027185772;0.34483793
0.064478263;-0.023233201;0.35274309
0.064478263;-0.023233201;0.35274309
0.066454545;-0.023233201;0.34483793
0.066454545;-0.025209486;0.34483793
0.066454545;-0.025209486;0.35274309
0.066454545;-0.025209486;0.35274309
0.066454545;-0.025209486;0.35274309
0.066454545;-0.025209486;0.35274309
0.066454545;-0.023233201;0.34483793
0.066454545;-0.025209486;0.34483793
0.068430834;-0.025209486;0.34483793
0.066454545;-0.025209486;0.34483793
0.066454545;-0.025209486;0.34483793
0.066454545;-0.027185772;0.34483793
0.068430834;-0.025209486;0.35274309
0.066454545;-0.025209486;0.35274309
0.066454545;-0.025209486;0.35274309
0.066454545;-0.025209486;0.34483793
0.068430834;-0.025209486;0.34483793
0.068430834;-0.025209486;0.35274309
0.068430834;-0.027185772;0.34483793
0.066454545;-0.025209486;0.35274309
0.068430834;-0.025209486;0.34483793
0.068430834;-0.025209486;0.34483793
0.068430834;-0.025209486;0.34483793
0.068430834;-0.025209486;0.35274309
0.068430834;-0.025209486;0.35274309
0.068430834;-0.027185772;0.35274309
0.068430834;-0.025209486;0.34483793
0.068430834;-0.025209486;0.34483793
0.068430834;-0.027185772;0.35274309
0.070407115;-0.025209486;0.35274309
0.068430834;-0.025209486;0.34483793
0.068430834;-0.025209486;0.34483793
0.070407115;-0.025209486;0.34483793
0.070407115;-0.025209486;0.35274309
0.070407115;-0.025209486;0.35274309
0.068430834;-0.025209486;0.35274309
0.070407115;-0.025209486;0.35274309
0.070407115;-0.025209486;0.34483793
0.070407115;-0.025209486;0.35274309
0.070407115;-0.025209486;0.34483793
0.070407115;-0.025209486;0.34483793
0.070407115;-0.025209486;0.35274309
0.070407115;-0.025209486;0.35274309
0.068430834;-0.025209486;0.35274309
0.070407115;-0.025209486;0.34483793
0.070407115;-0.025209486;0.34483793
0.070407115;-0.025209486;0.35274309
0.072383396;-0.025209486;0.35274309
0.070407115;-0.025209486;0.35274309
0.072383396;-0.025209486;0.34483793
0.070407115;-0.025209486;0.34483793
0.070407115;-0.025209486;0.35274309
0.070407115;-0.025209486;0.35274309
0.070407115;-0.025209486;0.35274309
0.070407115;-0.023233201;0.34483793
0.070407115;-0.025209486;0.35274309
0.072383396;-0.025209486;0.34483793
0.072383396;-0.025209486;0.34483793
0.072383396;-0.025209486;0.35274309
0.070407115;-0.025209486;0.35274309
0.072383396;-0.025209486;0.34483793
0.070407115;-0.025209486;0.34483793
0.070407115;-0.025209486;0.35274309
0.072383396;-0.025209486;0.35274309
0.072383396;-0.023233201;0.34483793
0.072383396;-0.025209486;0.34483793
0.072383396;-0.023233201;0.34483793
0.072383396;-0.025209486;0.34483793
0.070407115;-0.025209486;0.34483793
0.070407115;-0.025209486;0.34483793
0.072383396;-0.025209486;0.34483793
0.072383396;-0.025209486;0.35274309
0.074359685;-0.025209486;0.35274309
0.072383396;-0.025209486;0.34483793
0.072383396;-0.025209486;0.35274309
0.072383396;-0.025209486;0.35274309
0.074359685;-0.025209486;0.34483793
0.072383396;-0.027185772;0.35274309
0.072383396;-0.025209486;0.35274309
0.074359685;-0.027185772;0.34483793
0.074359685;-0.025209486;0.35274309
0.074359685;-0.027185772;0.35274309
0.072383396;-0.027185772;0.34483793
0.072383396;-0.025209486;0.35274309
0.074359685;-0.025209486;0.34483793
0.074359685;-0.025209486;0.34483793
0.072383396;-0.027185772;0.35274309
0.074359685;-0.025209486;0.35274309
0.074359685;-0.025209486;0.34483793
0.074359685;-0.025209486;0.35274309
0.074359685;-0.025209486;0.34483793
0.074359685;-0.025209486;0.34483793
0.074359685;-0.025209486;0.33693281
0.074359685;-0.025209486;0.35274309
0.074359685;-0.025209486;0.35274309
0.072383396;-0.025209486;0.34483793
0.074359685;-0.025209486;0.35274309
0.074359685;-0.025209486;0.34483793
0.074359685;-0.025209486;0.34483793
0.074359685;-0.027185772;0.34483793
0.076335967;-0.027185772;0.34483793
0.072383396;-0.025209486;0.34483793
0.074359685;-0.025209486;0.34483793
0.074359685;-0.025209486;0.34483793
0.074359685;-0.025209486;0.34483793
0.074359685;-0.025209486;0.35274309
0.074359685;-0.025209486;0.34483793
0.074359685;-0.025209486;0.34483793
0.074359685;-0.025209486;0.34483793
0.074359685;-0.025209486;0.34483793
0.074359685;-0.025209486;0.35274309
0.074359685;-0.025209486;0.35274309
0.074359685;-0.025209486;0.34483793
0.074359685;-0.025209486;0.34483793
0.072383396;-0.025209486;0.34483793
0.074359685;-0.025209486;0.35274309
0.074359685;-0.025209486;0.35274309
0.074359685;-0.025209486;0.35274309
0.074359685;-0.025209486;0.34483793
0.074359685;-0.025209486;0.34483793
0.074359685;-0.023233201;0.34483793
0.074359685;-0.025209486;0.34483793
0.072383396;-0.025209486;0.34483793
0.074359685;-0.025209486;0.35274309
0.074359685;-0.025209486;0.34483793
0.076335967;-0.023233201;0.34483793
0.074359685;-0.025209486;0.34483793
0.074359685;-0.025209486;0.34483793
0.076335967;-0.025209486;0.34483793
0.074359685;-0.025209486;0.34483793
0.074359685;-0.025209486;0.34483793
0.076335967;-0.025209486;0.35274309
0.074359685;-0.023233201;0.34483793
0.076335967;-0.025209486;0.34483793
0.076335967;-0.023233201;0.34483793
0.076335967;-0.025209486;0.35274309
0.076335967;-0.025209486;0.34483793
0.076335967;-0.025209486;0.34483793
0.074359685;-0.023233201;0.34483793
0.074359685;-0.025209486;0.35274309
0.074359685;-0.025209486;0.34483793
0.074359685;-0.023233201;0.34483793
0.074359685;-0.023233201;0.34483793
0.072383396;-0.025209486;0.35274309
0.076335967;-0.025209486;0.34483793
0.076335967;-0.025209486;0.35274309
0.076335967;-0.025209486;0.35274309
0.074359685;-0.025209486;0.35274309
0.074359685;-0.025209486;0.34483793
0.076335967;-0.025209486;0.35274309
0.076335967;-0.025209486;0.34483793
0.074359685;-0.025209486;0.34483793
0.074359685;-0.025209486;0.35274309
0.076335967;-0.023233201;0.35274309
0.074359685;-0.025209486;0.35274309
0.076335967;-0.025209486;0.34483793
0.074359685;-0.025209486;0.35274309
0.074359685;-0.025209486;0.34483793
0.074359685;-0.025209486;0.35274309
0.074359685;-0.025209486;0.34483793
0.074359685;-0.025209486;0.35274309
0.076335967;-0.025209486;0.35274309
0.076335967;-0.023233201;0.34483793
0.076335967;-0.023233201;0.35274309
0.074359685;-0.023233201;0.34483793
0.074359685;-0.025209486;0.34483793
0.074359685;-0.023233201;0.34483793
0.074359685;-0.023233201;0.35274309
0.074359685;-0.023233201;0.35274309
0.074359685;-0.025209486;0.34483793
0.074359685;-0.025209486;0.35274309
0.074359685;-0.023233201;0.34483793
0.074359685;-0.023233201;0.34483793
0.074359685;-0.023233201;0.34483793
0.074359685;-0.023233201;0.34483793
0.074359685;-0.023233201;0.35274309
0.072383396;-0.023233201;0.34483793
0.074359685;-0.023233201;0.34483793
0.072383396;-0.023233201;0.34483793
0.072383396;-0.023233201;0.34483793
0.076335967;-0.023233201;0.35274309
0.074359685;-0.025209486;0.34483793
0.074359685;-0.023233201;0.35274309
0.074359685;-0.023233201;0.34483793
0.074359685;-0.023233201;0.35274309
0.074359685;-0.023233201;0.35274309
0.074359685;-0.023233201;0.35274309
0.072383396;-0.023233201;0.35274309
0.072383396;-0.023233201;0.34483793
0.072383396;-0.023233201;0.34483793
0.074359685;-0.023233201;0.35274309
0.074359685;-0.023233201;0.34483793
0.070407115;-0.023233201;0.35274309
0.072383396;-0.023233201;0.34483793
0.072383396;-0.023233201;0.35274309
0.072383396;-0.023233201;0.34483793
0.072383396;-0.021256916;0.34483793
0.072383396;-0.021256916;0.35274309
0.072383396;-0.023233201;0.35274309
0.072383396;-0.023233201;0.35274309
0.074359685;-0.021256916;0.34483793
0.072383396;-0.023233201;0.35274309
0.072383396;-0.023233201;0.34483793
0.072383396;-0.023233201;0.34483793
0.072383396;-0.021256916;0.35274309
0.072383396;-0.023233201;0.35274309
0.072383396;-0.021256916;0.34483793
0.072383396;-0.021256916;0.34483793
0.072383396;-0.021256916;0.34483793
0.070407115;-0.021256916;0.35274309
0.072383396;-0.021256916;0.35274309
0.072383396;-0.021256916;0.34483793
0.072383396;-0.021256916;0.35274309
0.072383396;-0.023233201;0.34483793
0.072383396;-0.023233201;0.34483793
0.072383396;-0.021256916;0.34483793
0.072383396;-0.021256916;0.34483793
0.070407115;-0.019280633;0.35274309
0.070407115;-0.021256916;0.34483793
0.072383396;-0.021256916;0.35274309
0.070407115;-0.021256916;0.34483793
0.072383396;-0.021256916;0.35274309
0.072383396;-0.019280633;0.34483793
0.070407115;-0.021256916;0.34483793
0.070407115;-0.021256916;0.35274309
0.070407115;-0.021256916;0.34483793
0.070407115;-0.021256916;0.34483793
0.070407115;-0.021256916;0.35274309
0.070407115;-0.021256916;0.34483793
0.070407115;-0.021256916;0.34483793
0.070407115;-0.021256916;0.35274309
0.070407115;-0.021256916;0.35274309
0.070407115;-0.021256916;0.35274309
0.070407115;-0.021256916;0.35274309
0.070407115;-0.021256916;0.34483793
0.070407115;-0.021256916;0.35274309
0.070407115;-0.021256916;0.34483793
0.068430834;-0.019280633;0.34483793
0.070407115;-0.021256916;0.35274309
0.068430834;-0.021256916;0.35274309
0.068430834;-0.021256916;0.35274309
0.068430834;-0.021256916;0.35274309
0.068430834;-0.019280633;0.35274309
0.068430834;-0.021256916;0.34483793
0.070407115;-0.021256916;0.34483793
0.068430834;-0.019280633;0.35274309
0.068430834;-0.021256916;0.35274309
0.068430834;-0.021256916;0.35274309
0.066454545;-0.019280633;0.34483793
0.066454545;-0.019280633;0.35274309
0.068430834;-0.021256916;0.35274309
0.066454545;-0.019280633;0.35274309
0.066454545;-0.021256916;0.34483793
0.066454545;-0.019280633;0.35274309
0.068430834;-0.021256916;0.34483793
0.068430834;-0.021256916;0.35274309
0.066454545;-0.021256916;0.35274309
0.066454545;-0.021256916;0.35274309
0.066454545;-0.019280633;0.34483793
0.066454545;-0.019280633;0.35274309
0.066454545;-0.019280633;0.35274309
0.066454545;-0.019280633;0.34483793
0.066454545;-0.019280633;0.34483793
0.064478263;-0.019280633;0.34483793
0.066454545;-0.019280633;0.34483793
0.066454545;-0.017304348;0.35274309
0.066454545;-0.019280633;0.34483793
0.066454545;-0.019280633;0.34483793
0.066454545;-0.019280633;0.34483793
0.064478263;-0.019280633;0.35274309
0.066454545;-0.019280633;0.34483793
0.064478263;-0.019280633;0.34483793
0.064478263;-0.019280633;0.34483793
0.064478263;-0.019280633;0.34483793
0.066454545;-0.017304348;0.35274309
0.064478263;-0.017304348;0.34483793
0.066454545;-0.017304348;0.34483793
0.064478263;-0.017304348;0.35274309
0.064478263;-0.019280633;0.35274309
0.064478263;-0.019280633;0.35274309
0.064478263;-0.019280633;0.35274309
0.064478263;-0.019280633;0.35274309
0.064478263;-0.017304348;0.34483793
0.064478263;-0.017304348;0.35274309
0.064478263;-0.019280633;0.35274309
0.064478263;-0.017304348;0.35274309
0.064478263;-0.019280633;0.34483793
0.064478263;-0.019280633;0.34483793
0.064478263;-0.019280633;0.34483793
0.062501974;-0.017304348;0.35274309
0.064478263;-0.017304348;0.35274309
0.062501974;-0.017304348;0.35274309
0.062501974;-0.017304348;0.35274309
0.062501974;-0.017304348;0.34483793
0.062501974;-0.017304348;0.34483793
0.062501974;-0.017304348;0.34483793
0.062501974;-0.017304348;0.34483793
0.062501974;-0.017304348;0.35274309
0.062501974;-0.017304348;0.35274309
0.062501974;-0.017304348;0.35274309
0.062501974;-0.017304348;0.34483793
0.060525693;-0.017304348;0.34483793
0.062501974;-0.015328064;0.35274309
0.062501974;-0.017304348;0.34483793
0.060525693;-0.015328064;0.35274309
0.062501974;-0.017304348;0.34483793
0.060525693;-0.017304348;0.34483793
0.060525693;-0.017304348;0.34483793
0.062501974;-0.017304348;0.35274309
0.062501974;-0.015328064;0.34483793
0.060525693;-0.015328064;0.34483793
0.060525693;-0.017304348;0.34483793
0.060525693;-0.017304348;0.35274309
0.060525693;-0.015328064;0.35274309
0.060525693;-0.017304348;0.34483793
0.060525693;-0.015328064;0.35274309
0.058549408;-0.017304348;0.34483793
0.060525693;-0.015328064;0.34483793
0.058549408;-0.015328064;0.34483793
0.060525693;-0.015328064;0.35274309
0.058549408;-0.015328064;0.34483793
0.058549408;-0.015328064;0.34483793
0.058549408;-0.015328064;0.35274309
0.058549408;-0.015328064;0.34483793
0.058549408;-0.015328064;0.35274309
0.056573123;-0.013351778;0.35274309
0.056573123;-0.013351778;0.35274309
0.058549408;-0.015328064;0.34483793
0.058549408;-0.015328064;0.34483793
0.056573123;-0.015328064;0.35274309
0.056573123;-0.015328064;0.34483793
0.056573123;-0.015328064;0.34483793
0.056573123;-0.013351778;0.35274309
0.056573123;-0.015328064;0.35274309
0.056573123;-0.013351778;0.35274309
0.056573123;-0.013351778;0.34483793
0.056573123;-0.013351778;0.34483793
0.054596838;-0.013351778;0.35274309
0.054596838;-0.013351778;0.35274309
0.056573123;-0.013351778;0.34483793
0.056573123;-0.013351778;0.35274309
0.054596838;-0.015328064;0.35274309
0.054596838;-0.015328064;0.35274309
0.054596838;-0.015328064;0.34483793
0.054596838;-0.013351778;0.34483793
0.054596838;-0.015328064;0.34483793
0.054596838;-0.013351778;0.35274309
0.054596838;-0.013351778;0.35274309
0.054596838;-0.011375494;0.34483793
0.054596838;-0.015328064;0.35274309
0.054596838;-0.013351778;0.35274309
0.054596838;-0.013351778;0.35274309
0.052620552;-0.011375494;0.35274309
0.054596838;-0.013351778;0.34483793
0.052620552;-0.013351778;0.34483793
0.052620552;-0.011375494;0.35274309
0.052620552;-0.013351778;0.34483793
0.052620552;-0.013351778;0.35274309
0.052620552;-0.013351778;0.34483793
0.050644267;-0.013351778;0.34483793
0.052620552;-0.011375494;0.34483793
0.048667986;-0.011375494;0.35274309
0.052620552;-0.011375494;0.34483793
0.052620552;-0.013351778;0.35274309
0.052620552;-0.011375494;0.34483793
0.050644267;-0.011375494;0.34483793
0.050644267;-0.011375494;0.35274309
0.048667986;-0.013351778;0.34483793
0.048667986;-0.011375494;0.34483793
0.050644267;-0.011375494;0.34483793
0.050644267;-0.011375494;0.34483793
0.050644267;-0.011375494;0.35274309
0.048667986;-0.011375494;0.35274309
0.048667986;-0.011375494;0.35274309
0.050644267;-0.011375494;0.34483793
0.048667986;-0.011375494;0.34483793
0.048667986;-0.0093992092;0.34483793
0.048667986;-0.0093992092;0.34483793
0.048667986;-0.011375494;0.35274309
0.048667986;-0.011375494;0.35274309
0.048667986;-0.011375494;0.34483793
0.046691701;-0.0093992092;0.34483793
0.046691701;-0.011375494;0.35274309
0.046691701;-0.0093992092;0.34483793
0.046691701;-0.011375494;0.34483793
0.046691701;-0.011375494;0.34483793
0.046691701;-0.0093992092;0.34483793
0.046691701;-0.0093992092;0.35274309
0.046691701;-0.0093992092;0.34483793
0.046691701;-0.0093992092;0.35274309
0.044715416;-0.0093992092;0.34483793
0.046691701;-0.007422925;0.34483793
0.044715416;-0.0093992092;0.35274309
0.044715416;-0.0093992092;0.35274309
0.044715416;-0.0093992092;0.35274309
0.044715416;-0.0093992092;0.35274309
0.044715416;-0.0093992092;0.35274309
0.042739131;-0.0093992092;0.35274309
0.042739131;-0.0093992092;0.35274309
0.044715416;-0.0093992092;0.34483793
0.042739131;-0.0093992092;0.34483793
0.042739131;-0.0093992092;0.34483793
0.042739131;-0.007422925;0.35274309
0.042739131;-0.0093992092;0.34483793
0.042739131;-0.0093992092;0.34483793
0.042739131;-0.007422925;0.34483793
0.040762845;-0.007422925;0.34483793
0.042739131;-0.007422925;0.34483793
0.042739131;-0.007422925;0.34483793
0.040762845;-0.007422925;0.34483793
0.040762845;-0.007422925;0.34483793
0.040762845;-0.007422925;0.35274309
0.040762845;-0.007422925;0.35274309
0.040762845;-0.007422925;0.35274309
0.040762845;-0.007422925;0.34483793
0.040762845;-0.007422925;0.34483793
0.040762845;-0.007422925;0.35274309
0.03878656;-0.007422925;0.34483793
0.03878656;-0.007422925;0.34483793
0.03878656;-0.007422925;0.34483793
0.040762845;-0.007422925;0.34483793
0.03878656;-0.007422925;0.35274309
0.03878656;-0.007422925;0.35274309
0.03878656;-0.0054466403;0.35274309
0.03878656;-0.0054466403;0.35274309
0.036810275;-0.007422925;0.34483793
0.03878656;-0.0054466403;0.35274309
0.03878656;-0.0054466403;0.35274309
0.036810275;-0.0054466403;0.35274309
0.036810275;-0.0054466403;0.35274309
0.036810275;-0.0054466403;0.35274309
0.036810275;-0.0054466403;0.35274309
0.036810275;-0.0054466403;0.35274309
0.036810275;-0.0054466403;0.34483793
0.036810275;-0.0054466403;0.35274309
0.036810275;-0.0054466403;0.34483793
0.034833994;-0.0054466403;0.35274309
0.034833994;-0.0054466403;0.35274309
0.032857709;-0.0054466403;0.34483793
0.034833994;-0.0054466403;0.35274309
0.034833994;-0.0054466403;0.34483793
0.034833994;-0.0054466403;0.35274309
0.034833994;-0.0054466403;0.34483793
0.032857709;-0.0054466403;0.35274309
0.032857709;-0.0034703556;0.34483793
0.032857709;-0.0054466403;0.35274309
0.032857709;-0.0054466403;0.35274309
0.032857709;-0.0054466403;0.34483793
0.032857709;-0.0054466403;0.35274309
0.030881424;-0.0034703556;0.34483793
0.032857709;-0.0054466403;0.35274309
0.030881424;-0.0034703556;0.34483793
0.032857709;-0.0034703556;0.35274309
0.030881424;-0.0034703556;0.34483793
0.032857709;-0.0034703556;0.35274309
0.030881424;-0.0054466403;0.35274309
0.030881424;-0.0034703556;0.34483793
0.030881424;-0.0034703556;0.34483793
0.030881424;-0.0034703556;0.35274309
0.030881424;-0.0034703556;0.35274309
0.030881424;-0.0034703556;0.34483793
0.028905138;-0.0034703556;0.34483793
0.028905138;-0.0034703556;0.35274309
0.030881424;-0.0034703556;0.35274309
0.030881424;-0.0034703556;0.34483793
0.028905138;-0.0034703556;0.34483793
0.028905138;-0.0014940711;0.34483793
0.028905138;-0.0014940711;0.34483793
0.028905138;-0.0014940711;0.34483793
0.028905138;-0.0034703556;0.34483793
0.028905138;-0.0034703556;0.35274309
0.028905138;-0.0014940711;0.35274309
0.026928853;-0.0034703556;0.34483793
0.026928853;-0.0034703556;0.34483793
0.026928853;-0.0014940711;0.35274309
0.026928853;-0.0034703556;0.34483793
0.02495257;-0.0014940711;0.35274309
0.026928853;-0.0014940711;0.34483793
0.026928853;-0.0014940711;0.35274309
0.026928853;-0.0014940711;0.35274309
0.026928853;-0.0014940711;0.34483793
0.02495257;-0.0014940711;0.34483793
0.02495257;-0.0014940711;0.34483793
0.026928853;-0.0014940711;0.34483793
0.02495257;-0.0014940711;0.35274309
0.02495257;-0.0014940711;0.35274309
0.02495257;-0.0014940711;0.34483793
0.02495257;-0.0014940711;0.35274309
0.022976285;-0.0014940711;0.35274309
0.022976285;-0.0014940711;0.35274309
0.022976285;-0.0014940711;0.34483793
0.022976285;-0.0014940711;0.35274309
0.022976285;0.00048221345;0.34483793
0.022976285;-0.0014940711;0.34483793
0.022976285;0.00048221345;0.35274309
0.022976285;0.00048221345;0.35274309
0.022976285;0.00048221345;0.35274309
0.022976285;0.00048221345;0.34483793
0.021;0.00048221345;0.35274309
0.021;0.00048221345;0.35274309
0.021;0.00048221345;0.35274309
0.021;0.00048221345;0.34483793
0.021;0.00048221345;0.34483793
0.019023715;0.00048221345;0.35274309
0.021;-0.0014940711;0.34483793
0.021;0.0024584981;0.35274309
0.019023715;0.0024584981;0.34483793
0.019023715;0.0024584981;0.35274309
0.019023715;0.00048221345;0.35274309
0.019023715;0.0024584981;0.34483793
0.019023715;0.00048221345;0.34483793
0.017047431;0.00048221345;0.34483793
0.017047431;0.0024584981;0.35274309
0.017047431;0.0024584981;0.35274309
0.017047431;0.0024584981;0.34483793
0.017047431;0.0024584981;0.35274309
0.017047431;0.0024584981;0.34483793
0.017047431;0.00048221345;0.35274309
0.017047431;0.0024584981;0.35274309
0.017047431;0.0024584981;0.35274309
0.017047431;0.0024584981;0.35274309
0.015071146;0.00048221345;0.35274309
0.017047431;0.0024584981;0.35274309
0.015071146;0.0024584981;0.35274309
0.015071146;0.0024584981;0.35274309
0.015071146;0.0024584981;0.34483793
0.015071146;0.0024584981;0.34483793
0.015071146;0.0044347825;0.35274309
0.015071146;0.0044347825;0.35274309
0.015071146;0.0024584981;0.35274309
0.015071146;0.0024584981;0.35274309
0.013094862;0.0024584981;0.35274309
0.015071146;0.0044347825;0.35274309
0.015071146;0.0044347825;0.35274309
0.013094862;0.0024584981;0.34483793
0.013094862;0.0024584981;0.35274309
0.013094862;0.0044347825;0.35274309
0.013094862;0.0044347825;0.35274309
0.011118577;0.0044347825;0.35274309
0.011118577;0.0044347825;0.34483793
0.011118577;0.0044347825;0.34483793
0.011118577;0.0044347825;0.34483793
0.011118577;0.0044347825;0.35274309
0.011118577;0.0064110672;0.34483793
0.011118577;0.0064110672;0.34483793
0.011118577;0.0044347825;0.34483793
0.011118577;0.0044347825;0.35274309
0.011118577;0.0044347825;0.35274309
0.011118577;0.0044347825;0.35274309
0.011118577;0.0064110672;0.35274309
0.0091422927;0.0044347825;0.35274309
0.0091422927;0.0083873514;0.35274309
0.011118577;0.0064110672;0.34483793
0.0091422927;0.0044347825;0.35274309
0.011118577;0.0064110672;0.35274309
0.0091422927;0.0064110672;0.34483793
0.0091422927;0.0064110672;0.35274309
0.007166008;0.0064110672;0.34483793
0.0091422927;0.0064110672;0.35274309
0.0091422927;0.0064110672;0.34483793
0.0091422927;0.0083873514;0.35274309
0.0051897233;0.0083873514;0.35274309
0.0091422927;0.0083873514;0.34483793
0.007166008;0.0083873514;0.35274309
0.007166008;0.0083873514;0.34483793
0.007166008;0.0083873514;0.35274309
0.007166008;0.0083873514;0.35274309
0.0051897233;0.0083873514;0.35274309
0.007166008;0.0083873514;0.35274309
0.007166008;0.0083873514;0.35274309
0.007166008;0.0083873514;0.35274309
0.0051897233;0.010363637;0.34483793
0.007166008;0.0083873514;0.34483793
0.0051897233;0.0083873514;0.35274309
0.0051897233;0.010363637;0.35274309
0.0051897233;0.010363637;0.35274309
0.0051897233;0.0083873514;0.34483793
0.0051897233;0.0083873514;0.35274309
0.0032134387;0.0083873514;0.35274309
0.0051897233;0.010363637;0.34483793
0.0012371541;0.010363637;0.35274309
0.0032134387;0.0083873514;0.35274309
0.0012371541;0.010363637;0.34483793
0.0032134387;0.0083873514;0.35274309
0.0032134387;0.010363637;0.35274309
0.0032134387;0.010363637;0.34483793
0.0012371541;0.010363637;0.34483793
0.0032134387;0.010363637;0.34483793
0.0012371541;0.010363637;0.35274309
-0.00073913042;0.010363637;0.34483793
0.0012371541;0.010363637;0.34483793
0.0012371541;0.010363637;0.35274309
0.0012371541;0.010363637;0.34483793
-0.00073913042;0.012339921;0.35274309
-0.00073913042;0.010363637;0.34483793
-0.00073913042;0.012339921;0.35274309
-0.00073913042;0.010363637;0.34483793
-0.00073913042;0.012339921;0.35274309
-0.0027154151;0.012339921;0.35274309
-0.00073913042;0.010363637;0.34483793
-0.0027154151;0.012339921;0.34483793
-0.00073913042;0.012339921;0.35274309
-0.00073913042;0.012339921;0.34483793
-0.0027154151;0.012339921;0.34483793
-0.00073913042;0.012339921;0.35274309
-0.00073913042;0.012339921;0.35274309
-0.00073913042;0.012339921;0.34483793
-0.00073913042;0.012339921;0.35274309
-0.0027154151;0.012339921;0.35274309
-0.0027154151;0.012339921;0.35274309
-0.00073913042;0.012339921;0.35274309
-0.0027154151;0.012339921;0.35274309
-0.0027154151;0.012339921;0.35274309
-0.0027154151;0.012339921;0.35274309
-0.0046916995;0.012339921;0.34483793
-0.0027154151;0.014316206;0.34483793
-0.0046916995;0.014316206;0.34483793
-0.0046916995;0.014316206;0.35274309
-0.0046916995;0.014316206;0.34483793
-0.0046916995;0.012339921;0.34483793
-0.0046916995;0.012339921;0.34483793
-0.0046916995;0.014316206;0.34483793
-0.0046916995;0.014316206;0.34483793
-0.0046916995;0.014316206;0.35274309
-0.0066679842;0.014316206;0.35274309
-0.0066679842;0.014316206;0.34483793
-0.0066679842;0.014316206;0.34483793
-0.0066679842;0.014316206;0.34483793
-0.0066679842;0.01629249;0.34483793
-0.0066679842;0.01629249;0.35274309
-0.0066679842;0.014316206;0.34483793
-0.0066679842;0.01629249;0.34483793
-0.0066679842;0.01629249;0.35274309
-0.0086442688;0.01629249;0.35274309
-0.0066679842;0.01629249;0.34483793
-0.0066679842;0.01629249;0.34483793
-0.0086442688;0.01629249;0.35274309
-0.0066679842;0.014316206;0.34483793
-0.0086442688;0.01629249;0.35274309
-0.0086442688;0.01629249;0.34483793
-0.0086442688;0.01629249;0.35274309
-0.0086442688;0.01629249;0.34483793
-0.0086442688;0.01629249;0.34483793
-0.0086442688;0.01629249;0.35274309
-0.010620553;0.01629249;0.35274309
-0.0086442688;0.01629249;0.35274309
-0.010620553;0.018268775;0.35274309
-0.010620553;0.01629249;0.34483793
-0.010620553;0.018268775;0.34483793
-0.010620553;0.018268775;0.35274309
-0.010620553;0.018268775;0.35274309
-0.010620553;0.018268775;0.35274309
-0.010620553;0.018268775;0.35274309
-0.012596838;0.018268775;0.35274309
-0.012596838;0.018268775;0.34483793
-0.010620553;0.018268775;0.34483793
-0.010620553;0.018268775;0.35274309
-0.010620553;0.018268775;0.35274309
-0.012596838;0.020245058;0.35274309
-0.012596838;0.020245058;0.35274309
-0.012596838;0.020245058;0.35274309
-0.012596838;0.018268775;0.35274309
-0.012596838;0.018268775;0.34483793
-0.012596838;0.018268775;0.34483793
-0.012596838;0.020245058;0.35274309
-0.012596838;0.020245058;0.34483793
-0.012596838;0.020245058;0.35274309
-0.012596838;0.020245058;0.34483793
-0.014573122;0.020245058;0.34483793
-0.012596838;0.020245058;0.34483793
-0.014573122;0.020245058;0.35274309
-0.012596838;0.020245058;0.35274309
-0.012596838;0.020245058;0.34483793
-0.014573122;0.020245058;0.35274309
-0.012596838;0.022221344;0.34483793
-0.014573122;0.020245058;0.34483793
-0.014573122;0.020245058;0.35274309
-0.014573122;0.020245058;0.35274309
-0.014573122;0.022221344;0.34483793
-0.014573122;0.022221344;0.35274309
-0.016549407;0.022221344;0.35274309
-0.016549407;0.022221344;0.34483793
-0.016549407;0.022221344;0.35274309
-0.016549407;0.020245058;0.34483793
-0.016549407;0.022221344;0.35274309
-0.016549407;0.022221344;0.35274309
-0.016549407;0.022221344;0.34483793
-0.016549407;0.022221344;0.34483793
-0.014573122;0.022221344;0.34483793
-0.018525692;0.022221344;0.35274309
-0.016549407;0.022221344;0.35274309
-0.016549407;0.022221344;0.34483793
-0.016549407;0.022221344;0.34483793
-0.016549407;0.024197629;0.34483793
-0.018525692;0.022221344;0.34483793
-0.016549407;0.024197629;0.35274309
-0.016549407;0.024197629;0.35274309
-0.018525692;0.024197629;0.34483793
-0.020501977;0.022221344;0.35274309
-0.018525692;0.022221344;0.35274309
-0.018525692;0.024197629;0.35274309
-0.018525692;0.024197629;0.35274309
-0.018525692;0.022221344;0.35274309
-0.020501977;0.024197629;0.35274309
-0.018525692;0.022221344;0.35274309
-0.020501977;0.024197629;0.34483793
-0.020501977;0.024197629;0.34483793
-0.020501977;0.024197629;0.34483793
-0.020501977;0.024197629;0.35274309
-0.018525692;0.026173914;0.34483793
-0.020501977;0.024197629;0.35274309
-0.020501977;0.024197629;0.34483793
-0.020501977;0.026173914;0.34483793
-0.020501977;0.024197629;0.35274309
-0.020501977;0.026173914;0.35274309
-0.020501977;0.026173914;0.34483793
-0.020501977;0.026173914;0.34483793
-0.020501977;0.026173914;0.34483793
-0.020501977;0.026173914;0.34483793
-0.020501977;0.028150197;0.34483793
-0.02247826;0.026173914;0.34483793
-0.020501977;0.026173914;0.34483793
-0.02247826;0.026173914;0.35274309
-0.020501977;0.026173914;0.35274309
-0.020501977;0.028150197;0.34483793
-0.02247826;0.026173914;0.35274309
-0.02247826;0.026173914;0.34483793
-0.02247826;0.026173914;0.35274309
-0.02247826;0.026173914;0.34483793
-0.02247826;0.028150197;0.35274309
-0.02247826;0.028150197;0.34483793
-0.02247826;0.028150197;0.34483793
-0.02247826;0.026173914;0.35274309
-0.02247826;0.028150197;0.34483793
-0.02247826;0.028150197;0.35274309
-0.020501977;0.028150197;0.35274309
-0.024454545;0.028150197;0.34483793
-0.024454545;0.028150197;0.35274309
-0.02247826;0.028150197;0.35274309
-0.024454545;0.028150197;0.34483793
-0.02247826;0.028150197;0.35274309
-0.024454545;0.028150197;0.34483793
-0.024454545;0.030126482;0.34483793
-0.024454545;0.028150197;0.34483793
-0.024454545;0.030126482;0.35274309
-0.024454545;0.028150197;0.34483793
-0.024454545;0.028150197;0.34483793
-0.024454545;0.030126482;0.35274309
-0.024454545;0.028150197;0.35274309
-0.02643083;0.028150197;0.34483793
-0.024454545;0.030126482;0.35274309
-0.024454545;0.030126482;0.34483793
-0.024454545;0.030126482;0.35274309
-0.024454545;0.030126482;0.35274309
-0.024454545;0.030126482;0.35274309
-0.024454545;0.030126482;0.35274309
-0.02643083;0.030126482;0.34483793
-0.024454545;0.030126482;0.35274309
-0.024454545;0.030126482;0.35274309
-0.024454545;0.030126482;0.34483793
-0.02643083;0.030126482;0.34483793
-0.02643083;0.030126482;0.34483793
-0.02643083;0.030126482;0.35274309
-0.02643083;0.030126482;0.34483793
-0.02643083;0.032102767;0.34483793
-0.024454545;0.032102767;0.35274309
-0.02643083;0.032102767;0.34483793
-0.02643083;0.032102767;0.35274309
-0.028407115;0.032102767;0.34483793
-0.028407115;0.032102767;0.34483793
-0.02643083;0.032102767;0.34483793
-0.02643083;0.032102767;0.34483793
-0.02643083;0.032102767;0.34483793
-0.02643083;0.032102767;0.35274309
-0.02643083;0.032102767;0.35274309
-0.028407115;0.034079053;0.35274309
-0.02643083;0.032102767;0.35274309
-0.02643083;0.034079053;0.34483793
-0.028407115;0.032102767;0.34483793
-0.02643083;0.034079053;0.35274309
-0.030383399;0.032102767;0.34483793
-0.02643083;0.032102767;0.34483793
-0.028407115;0.032102767;0.35274309
-0.028407115;0.034079053;0.34483793
-0.028407115;0.034079053;0.34483793
-0.028407115;0.034079053;0.35274309
-0.02643083;0.034079053;0.35274309
-0.02643083;0.034079053;0.35274309
-0.028407115;0.034079053;0.35274309
-0.028407115;0.034079053;0.34483793
-0.028407115;0.034079053;0.34483793
-0.028407115;0.034079053;0.35274309
-0.028407115;0.036055338;0.35274309
-0.028407115;0.034079053;0.35274309
-0.028407115;0.036055338;0.35274309
-0.028407115;0.034079053;0.35274309
-0.030383399;0.036055338;0.35274309
-0.028407115;0.034079053;0.35274309
-0.028407115;0.036055338;0.35274309
-0.030383399;0.036055338;0.35274309
-0.028407115;0.038031619;0.35274309
-0.028407115;0.036055338;0.35274309
-0.028407115;0.036055338;0.34483793
-0.030383399;0.036055338;0.35274309
-0.028407115;0.036055338;0.34483793
-0.028407115;0.036055338;0.34483793
-0.028407115;0.036055338;0.34483793
-0.028407115;0.036055338;0.34483793
-0.028407115;0.036055338;0.35274309
-0.030383399;0.036055338;0.35274309
-0.030383399;0.038031619;0.35274309
-0.028407115;0.036055338;0.35274309
-0.028407115;0.036055338;0.35274309
-0.028407115;0.038031619;0.35274309
-0.028407115;0.038031619;0.35274309
-0.028407115;0.038031619;0.34483793
-0.028407115;0.038031619;0.34483793
-0.028407115;0.038031619;0.34483793
-0.030383399;0.036055338;0.34483793
-0.030383399;0.036055338;0.35274309
-0.030383399;0.038031619;0.35274309
-0.028407115;0.038031619;0.35274309
-0.028407115;0.040007904;0.35274309
-0.030383399;0.038031619;0.34483793
-0.028407115;0.038031619;0.35274309
-0.030383399;0.038031619;0.35274309
-0.030383399;0.038031619;0.34483793
-0.030383399;0.038031619;0.35274309
-0.028407115;0.040007904;0.35274309
-0.030383399;0.038031619;0.34483793
-0.030383399;0.038031619;0.35274309
-0.030383399;0.040007904;0.35274309
-0.030383399;0.040007904;0.35274309
-0.030383399;0.040007904;0.35274309
-0.030383399;0.040007904;0.35274309
-0.030383399;0.040007904;0.35274309
-0.030383399;0.040007904;0.34483793
-0.030383399;0.040007904;0.34483793
-0.028407115;0.040007904;0.35274309
-0.030383399;0.040007904;0.34483793
-0.028407115;0.040007904;0.35274309
-0.030383399;0.040007904;0.35274309
-0.028407115;0.040007904;0.35274309
-0.030383399;0.040007904;0.35274309
-0.030383399;0.040007904;0.35274309
-0.028407115;0.041984189;0.35274309
-0.030383399;0.041984189;0.34483793
-0.030383399;0.041984189;0.34483793
-0.030383399;0.041984189;0.35274309
-0.030383399;0.041984189;0.35274309
-0.030383399;0.041984189;0.35274309
-0.030383399;0.041984189;0.35274309
-0.030383399;0.041984189;0.35274309
-0.028407115;0.041984189;0.34483793
-0.030383399;0.041984189;0.35274309
-0.030383399;0.041984189;0.34483793
-0.030383399;0.041984189;0.34483793
-0.030383399;0.041984189;0.35274309
-0.032359682;0.041984189;0.35274309
-0.032359682;0.041984189;0.34483793
-0.030383399;0.041984189;0.34483793
-0.032359682;0.041984189;0.35274309
-0.030383399;0.041984189;0.35274309
-0.030383399;0.041984189;0.34483793
-0.030383399;0.041984189;0.35274309
-0.030383399;0.043960474;0.34483793
-0.030383399;0.041984189;0.35274309
-0.030383399;0.041984189;0.34483793
-0.030383399;0.043960474;0.35274309
-0.030383399;0.043960474;0.34483793
-0.030383399;0.043960474;0.34483793
-0.030383399;0.041984189;0.35274309
-0.030383399;0.043960474;0.34483793
-0.030383399;0.043960474;0.35274309
-0.030383399;0.043960474;0.34483793
-0.030383399;0.043960474;0.34483793
-0.030383399;0.043960474;0.34483793
-0.030383399;0.043960474;0.34483793
-0.030383399;0.043960474;0.34483793
-0.028407115;0.043960474;0.35274309
-0.030383399;0.043960474;0.34483793
-0.030383399;0.043960474;0.35274309
-0.030383399;0.043960474;0.35274309
-0.030383399;0.043960474;0.34483793
-0.030383399;0.04593676;0.34483793
-0.030383399;0.043960474;0.34483793
-0.030383399;0.04593676;0.34483793
-0.030383399;0.04593676;0.35274309
-0.030383399;0.04593676;0.34483793
-0.030383399;0.04593676;0.34483793
-0.030383399;0.04593676;0.35274309
-0.030383399;0.04593676;0.34483793
-0.030383399;0.04593676;0.35274309
-0.028407115;0.04593676;0.34483793
-0.028407115;0.04593676;0.34483793
-0.030383399;0.04593676;0.35274309
-0.028407115;0.04593676;0.34483793
-0.028407115;0.04593676;0.34483793
-0.028407115;0.04593676;0.35274309
-0.028407115;0.04593676;0.35274309
-0.028407115;0.047913045;0.35274309
-0.030383399;0.047913045;0.34483793
-0.030383399;0.04593676;0.35274309
-0.030383399;0.04593676;0.35274309
-0.028407115;0.047913045;0.34483793
-0.030383399;0.047913045;0.34483793
-0.030383399;0.047913045;0.34483793
-0.028407115;0.047913045;0.35274309
-0.028407115;0.047913045;0.35274309
-0.028407115;0.047913045;0.35274309
-0.028407115;0.047913045;0.35274309
-0.028407115;0.047913045;0.35274309
-0.028407115;0.047913045;0.35274309
-0.028407115;0.047913045;0.34483793
-0.028407115;0.047913045;0.35274309
-0.028407115;0.047913045;0.34483793
-0.028407115;0.047913045;0.35274309
-0.028407115;0.047913045;0.35274309
-0.028407115;0.047913045;0.35274309
-0.02643083;0.04988933;0.34483793
-0.02643083;0.047913045;0.35274309
-0.028407115;0.047913045;0.35274309
-0.028407115;0.047913045;0.34483793
-0.02643083;0.047913045;0.35274309
-0.02643083;0.04988933;0.35274309
-0.02643083;0.04988933;0.34483793
-0.02643083;0.04988933;0.34483793
-0.02643083;0.047913045;0.34483793
-0.02643083;0.04988933;0.34483793
-0.024454545;0.04988933;0.35274309
-0.024454545;0.04988933;0.34483793
-0.028407115;0.04988933;0.34483793
-0.02643083;0.04988933;0.34483793
-0.02643083;0.047913045;0.34483793
-0.02643083;0.047913045;0.35274309
-0.024454545;0.04988933;0.35274309
-0.02643083;0.04988933;0.35274309
-0.028407115;0.04988933;0.35274309
-0.02643083;0.04988933;0.35274309
-0.02643083;0.051865611;0.35274309
-0.02643083;0.04988933;0.34483793
-0.02643083;0.04988933;0.35274309
-0.02643083;0.051865611;0.34483793
-0.028407115;0.04988933;0.34483793
-0.02643083;0.051865611;0.35274309
-0.02643083;0.04988933;0.34483793
-0.02643083;0.051865611;0.35274309
-0.02643083;0.04988933;0.35274309
-0.024454545;0.04988933;0.35274309
-0.024454545;0.051865611;0.34483793
-0.024454545;0.04988933;0.35274309
-0.024454545;0.051865611;0.35274309
-0.024454545;0.051865611;0.35274309
-0.024454545;0.051865611;0.34483793
-0.024454545;0.051865611;0.34483793
-0.024454545;0.051865611;0.35274309
-0.02247826;0.051865611;0.34483793
-0.024454545;0.051865611;0.35274309
-0.02247826;0.053841896;0.35274309
-0.02247826;0.051865611;0.35274309
-0.024454545;0.053841896;0.34483793
-0.02247826;0.051865611;0.35274309
-0.02247826;0.051865611;0.34483793
-0.02247826;0.051865611;0.34483793
-0.02247826;0.053841896;0.34483793
-0.024454545;0.051865611;0.35274309
-0.020501977;0.053841896;0.35274309
-0.02247826;0.051865611;0.34483793
-0.02247826;0.053841896;0.35274309
-0.02247826;0.051865611;0.35274309
-0.02247826;0.053841896;0.34483793
-0.020501977;0.053841896;0.34483793
-0.020501977;0.053841896;0.35274309
-0.02247826;0.053841896;0.34483793
-0.02247826;0.051865611;0.35274309
-0.020501977;0.053841896;0.34483793
-0.02247826;0.053841896;0.34483793
-0.020501977;0.055818181;0.34483793
-0.020501977;0.053841896;0.34483793
-0.02247826;0.053841896;0.35274309
-0.020501977;0.055818181;0.34483793
-0.02247826;0.053841896;0.35274309
-0.020501977;0.053841896;0.35274309
-0.020501977;0.055818181;0.34483793
-0.020501977;0.053841896;0.35274309
-0.02247826;0.053841896;0.34483793
-0.020501977;0.055818181;0.35274309
-0.020501977;0.053841896;0.35274309
-0.020501977;0.051865611;0.35274309
-0.020501977;0.053841896;0.34483793
-0.020501977;0.055818181;0.35274309
-0.018525692;0.053841896;0.35274309
-0.020501977;0.055818181;0.35274309
-0.020501977;0.055818181;0.35274309
-0.020501977;0.055818181;0.34483793
-0.020501977;0.053841896;0.34483793
-0.018525692;0.055818181;0.34483793
-0.018525692;0.055818181;0.34483793
-0.018525692;0.053841896;0.34483793
-0.018525692;0.055818181;0.34483793
-0.020501977;0.055818181;0.35274309
-0.018525692;0.055818181;0.34483793
-0.018525692;0.055818181;0.34483793
-0.018525692;0.055818181;0.34483793
-0.016549407;0.055818181;0.34483793
-0.018525692;0.055818181;0.34483793
-0.018525692;0.055818181;0.34483793
-0.018525692;0.055818181;0.35274309
-0.018525692;0.055818181;0.34483793
-0.018525692;0.057794467;0.34483793
-0.016549407;0.055818181;0.35274309
-0.016549407;0.055818181;0.35274309
-0.016549407;0.057794467;0.34483793
-0.016549407;0.055818181;0.35274309
-0.016549407;0.057794467;0.35274309
-0.016549407;0.057794467;0.34483793
-0.016549407;0.057794467;0.35274309
-0.014573122;0.057794467;0.35274309
-0.016549407;0.057794467;0.35274309
-0.014573122;0.057794467;0.35274309
-0.014573122;0.057794467;0.35274309
-0.014573122;0.057794467;0.34483793
-0.014573122;0.057794467;0.34483793
-0.016549407;0.059770752;0.35274309
-0.014573122;0.057794467;0.35274309
-0.014573122;0.057794467;0.35274309
-0.014573122;0.057794467;0.34483793
-0.014573122;0.057794467;0.34483793
-0.014573122;0.057794467;0.35274309
-0.012596838;0.057794467;0.35274309
-0.012596838;0.057794467;0.35274309
-0.012596838;0.057794467;0.35274309
-0.012596838;0.057794467;0.35274309
-0.012596838;0.057794467;0.35274309
-0.014573122;0.057794467;0.34483793
-0.012596838;0.059770752;0.35274309
-0.014573122;0.057794467;0.35274309
-0.012596838;0.057794467;0.35274309
-0.012596838;0.057794467;0.35274309
-0.012596838;0.057794467;0.35274309
-0.010620553;0.059770752;0.35274309
-0.012596838;0.059770752;0.35274309
-0.012596838;0.059770752;0.34483793
-0.012596838;0.057794467;0.35274309
-0.012596838;0.057794467;0.34483793
-0.012596838;0.057794467;0.35274309
-0.010620553;0.059770752;0.34483793
-0.010620553;0.059770752;0.35274309
-0.010620553;0.059770752;0.35274309
-0.010620553;0.059770752;0.34483793
-0.010620553;0.059770752;0.35274309
-0.010620553;0.059770752;0.35274309
-0.010620553;0.061747037;0.34483793
-0.010620553;0.059770752;0.35274309
-0.010620553;0.059770752;0.35274309
-0.010620553;0.059770752;0.35274309
-0.010620553;0.061747037;0.35274309
-0.010620553;0.059770752;0.34483793
-0.0086442688;0.059770752;0.35274309
-0.0086442688;0.059770752;0.35274309
-0.0086442688;0.059770752;0.35274309
-0.0086442688;0.059770752;0.35274309
-0.0086442688;0.061747037;0.35274309
-0.0086442688;0.061747037;0.34483793
-0.0086442688;0.059770752;0.35274309
-0.0086442688;0.061747037;0.35274309
-0.0086442688;0.061747037;0.35274309
-0.0066679842;0.059770752;0.34483793
-0.0086442688;0.061747037;0.35274309
-0.0066679842;0.061747037;0.35274309
-0.0066679842;0.059770752;0.35274309
-0.0066679842;0.061747037;0.34483793
-0.0066679842;0.061747037;0.34483793
-0.0066679842;0.061747037;0.35274309
-0.0066679842;0.061747037;0.35274309
-0.0066679842;0.061747037;0.35274309
-0.0046916995;0.061747037;0.34483793
-0.0086442688;0.063723318;0.34483793
-0.0066679842;0.061747037;0.34483793
-0.0046916995;0.061747037;0.34483793
-0.0066679842;0.061747037;0.35274309
-0.0066679842;0.059770752;0.34483793
-0.0046916995;0.061747037;0.34483793
-0.0046916995;0.061747037;0.34483793
-0.0046916995;0.061747037;0.34483793
-0.0046916995;0.061747037;0.35274309
-0.0046916995;0.061747037;0.34483793
-0.0046916995;0.061747037;0.35274309
-0.0027154151;0.061747037;0.35274309
-0.0027154151;0.061747037;0.34483793
-0.0027154151;0.061747037;0.34483793
-0.0027154151;0.061747037;0.34483793
-0.0027154151;0.061747037;0.35274309
-0.00073913042;0.063723318;0.34483793
-0.0027154151;0.061747037;0.34483793
-0.0027154151;0.061747037;0.34483793
-0.0027154151;0.061747037;0.35274309
-0.0027154151;0.061747037;0.34483793
-0.0027154151;0.061747037;0.34483793
-0.00073913042;0.061747037;0.35274309
-0.0027154151;0.061747037;0.34483793
-0.00073913042;0.061747037;0.35274309
-0.00073913042;0.063723318;0.35274309
-0.00073913042;0.063723318;0.34483793
-0.00073913042;0.061747037;0.35274309
-0.00073913042;0.061747037;0.34483793
0.0012371541;0.061747037;0.35274309
-0.00073913042;0.063723318;0.35274309
0.0012371541;0.063723318;0.35274309
0.0012371541;0.063723318;0.35274309
0.0012371541;0.063723318;0.35274309
0.0012371541;0.063723318;0.34483793
0.0032134387;0.063723318;0.34483793
0.0012371541;0.063723318;0.34483793
0.0032134387;0.061747037;0.35274309
0.0012371541;0.063723318;0.34483793
0.0012371541;0.065699607;0.35274309
0.0032134387;0.065699607;0.35274309
0.0012371541;0.065699607;0.35274309
0.0032134387;0.063723318;0.35274309
0.0032134387;0.063723318;0.34483793
0.0051897233;0.065699607;0.34483793
0.0032134387;0.065699607;0.34483793
0.0051897233;0.065699607;0.34483793
0.0051897233;0.063723318;0.34483793
0.0051897233;0.063723318;0.34483793
0.0051897233;0.065699607;0.34483793
0.0051897233;0.065699607;0.34483793
0.0051897233;0.063723318;0.34483793
0.0051897233;0.065699607;0.34483793
0.0051897233;0.067675889;0.34483793
0.0051897233;0.063723318;0.35274309
0.007166008;0.065699607;0.35274309
0.007166008;0.065699607;0.34483793
0.0051897233;0.065699607;0.35274309
0.007166008;0.063723318;0.34483793
0.007166008;0.065699607;0.34483793
0.007166008;0.065699607;0.34483793
0.007166008;0.065699607;0.35274309
0.007166008;0.065699607;0.34483793
0.007166008;0.065699607;0.34483793
0.0091422927;0.063723318;0.34483793
0.007166008;0.065699607;0.34483793
0.0091422927;0.065699607;0.34483793
0.0091422927;0.065699607;0.35274309
0.0091422927;0.065699607;0.35274309
0.0091422927;0.065699607;0.35274309
0.0091422927;0.065699607;0.35274309
0.011118577;0.065699607;0.34483793
0.011118577;0.065699607;0.34483793
0.011118577;0.065699607;0.35274309
0.0091422927;0.065699607;0.34483793
0.011118577;0.065699607;0.34483793
0.011118577;0.067675889;0.34483793
0.011118577;0.067675889;0.34483793
0.011118577;0.065699607;0.35274309
0.011118577;0.065699607;0.34483793
0.011118577;0.067675889;0.34483793
0.013094862;0.065699607;0.35274309
0.011118577;0.065699607;0.35274309
0.013094862;0.067675889;0.35274309
0.013094862;0.067675889;0.35274309
0.013094862;0.065699607;0.34483793
0.013094862;0.065699607;0.34483793
0.013094862;0.067675889;0.35274309
0.015071146;0.065699607;0.34483793
0.015071146;0.067675889;0.34483793
0.015071146;0.065699607;0.35274309
0.015071146;0.067675889;0.35274309
0.015071146;0.067675889;0.34483793
0.015071146;0.067675889;0.35274309
0.015071146;0.067675889;0.35274309
0.015071146;0.067675889;0.35274309
0.017047431;0.065699607;0.35274309
0.017047431;0.067675889;0.34483793
0.015071146;0.065699607;0.35274309
0.017047431;0.067675889;0.35274309
0.015071146;0.065699607;0.34483793
0.017047431;0.065699607;0.35274309
0.019023715;0.067675889;0.34483793
0.017047431;0.067675889;0.35274309
0.017047431;0.067675889;0.35274309
0.019023715;0.065699607;0.34483793
0.017047431;0.067675889;0.35274309
0.019023715;0.067675889;0.34483793
0.017047431;0.067675889;0.35274309
0.017047431;0.065699607;0.34483793
0.019023715;0.067675889;0.34483793
0.019023715;0.067675889;0.34483793
0.019023715;0.067675889;0.35274309
0.021;0.067675889;0.34483793
0.019023715;0.067675889;0.34483793
0.019023715;0.067675889;0.34483793
0.019023715;0.067675889;0.35274309
0.019023715;0.067675889;0.34483793
0.021;0.067675889;0.34483793
0.021;0.067675889;0.34483793
0.019023715;0.067675889;0.34483793
0.019023715;0.067675889;0.34483793
0.021;0.067675889;0.35274309
0.021;0.067675889;0.34483793
0.021;0.065699607;0.35274309
0.022976285;0.067675889;0.35274309
0.022976285;0.067675889;0.35274309
0.022976285;0.067675889;0.35274309
0.022976285;0.067675889;0.35274309
0.022976285;0.067675889;0.35274309
0.02495257;0.067675889;0.35274309
0.022976285;0.069652177;0.34483793
0.021;0.067675889;0.34483793
0.02495257;0.067675889;0.34483793
0.02495257;0.067675889;0.35274309
0.02495257;0.067675889;0.35274309
0.02495257;0.069652177;0.34483793
0.02495257;0.069652177;0.34483793
0.022976285;0.069652177;0.34483793
0.02495257;0.067675889;0.34483793
0.02495257;0.067675889;0.34483793
0.026928853;0.069652177;0.34483793
0.02495257;0.069652177;0.34483793
0.02495257;0.067675889;0.34483793
0.02495257;0.067675889;0.35274309
0.026928853;0.067675889;0.35274309
0.026928853;0.067675889;0.34483793
0.026928853;0.067675889;0.35274309
0.026928853;0.067675889;0.35274309
0.026928853;0.067675889;0.34483793
0.026928853;0.067675889;0.34483793
0.026928853;0.067675889;0.34483793
0.028905138;0.067675889;0.35274309
0.028905138;0.067675889;0.35274309
0.028905138;0.067675889;0.34483793
0.030881424;0.069652177;0.34483793
0.030881424;0.069652177;0.34483793
0.028905138;0.069652177;0.34483793
0.030881424;0.067675889;0.34483793
0.030881424;0.067675889;0.34483793
0.030881424;0.069652177;0.34483793
0.030881424;0.067675889;0.35274309
0.030881424;0.069652177;0.34483793
0.030881424;0.067675889;0.34483793
0.032857709;0.067675889;0.35274309
0.030881424;0.067675889;0.34483793
0.032857709;0.067675889;0.35274309
0.032857709;0.067675889;0.34483793
0.032857709;0.067675889;0.34483793
0.032857709;0.067675889;0.34483793
0.032857709;0.069652177;0.35274309
0.032857709;0.067675889;0.35274309
0.032857709;0.069652177;0.34483793
0.032857709;0.069652177;0.35274309
0.032857709;0.067675889;0.34483793
0.032857709;0.067675889;0.35274309
0.032857709;0.067675889;0.34483793
0.032857709;0.069652177;0.34483793
0.034833994;0.067675889;0.34483793
0.032857709;0.067675889;0.35274309
0.032857709;0.069652177;0.34483793
0.034833994;0.067675889;0.35274309
0.034833994;0.067675889;0.34483793
0.034833994;0.069652177;0.34483793
0.034833994;0.069652177;0.34483793
0.03878656;0.069652177;0.34483793
0.036810275;0.071628459;0.35274309
0.036810275;0.069652177;0.34483793
0.036810275;0.067675889;0.34483793
0.036810275;0.067675889;0.35274309
0.03878656;0.069652177;0.35274309
0.036810275;0.069652177;0.34483793
0.03878656;0.069652177;0.35274309
0.03878656;0.069652177;0.35274309
0.03878656;0.069652177;0.34483793
0.03878656;0.069652177;0.35274309
0.03878656;0.069652177;0.34483793
0.03878656;0.069652177;0.34483793
0.03878656;0.069652177;0.35274309
0.040762845;0.069652177;0.35274309
0.03878656;0.069652177;0.35274309
0.040762845;0.069652177;0.34483793
0.03878656;0.069652177;0.35274309
0.042739131;0.067675889;0.35274309
0.040762845;0.069652177;0.35274309
0.03878656;0.069652177;0.34483793
0.040762845;0.069652177;0.34483793
0.040762845;0.069652177;0.35274309
0.040762845;0.069652177;0.35274309
0.042739131;0.069652177;0.35274309
0.040762845;0.069652177;0.35274309
0.040762845;0.067675889;0.34483793
0.042739131;0.069652177;0.35274309
0.040762845;0.069652177;0.34483793
0.042739131;0.069652177;0.34483793
0.042739131;0.069652177;0.34483793
0.042739131;0.069652177;0.35274309
0.044715416;0.069652177;0.35274309
0.044715416;0.069652177;0.34483793
0.042739131;0.069652177;0.35274309
0.044715416;0.069652177;0.34483793
0.044715416;0.069652177;0.34483793
0.044715416;0.069652177;0.35274309
0.044715416;0.069652177;0.34483793
0.044715416;0.069652177;0.34483793
0.046691701;0.069652177;0.34483793
0.046691701;0.067675889;0.35274309
0.044715416;0.069652177;0.34483793
0.046691701;0.069652177;0.34483793
0.046691701;0.069652177;0.35274309
0.044715416;0.069652177;0.34483793
0.046691701;0.069652177;0.35274309
0.048667986;0.069652177;0.35274309
0.046691701;0.069652177;0.35274309
0.046691701;0.069652177;0.35274309
0.046691701;0.067675889;0.35274309
0.048667986;0.069652177;0.34483793
0.048667986;0.069652177;0.34483793
0.046691701;0.069652177;0.34483793
0.048667986;0.069652177;0.34483793
0.048667986;0.067675889;0.34483793
0.048667986;0.069652177;0.35274309
0.048667986;0.067675889;0.35274309
0.048667986;0.069652177;0.35274309
0.048667986;0.069652177;0.35274309
0.048667986;0.069652177;0.35274309
0.048667986;0.069652177;0.35274309
0.050644267;0.069652177;0.35274309
0.050644267;0.069652177;0.34483793
0.050644267;0.069652177;0.34483793
0.050644267;0.067675889;0.34483793
0.050644267;0.069652177;0.34483793
0.050644267;0.069652177;0.35274309
0.050644267;0.067675889;0.35274309
0.052620552;0.069652177;0.34483793
0.052620552;0.069652177;0.35274309
0.050644267;0.069652177;0.34483793
0.052620552;0.069652177;0.34483793
0.052620552;0.069652177;0.35274309
0.054596838;0.069652177;0.34483793
0.054596838;0.069652177;0.35274309
0.054596838;0.069652177;0.34483793
0.050644267;0.069652177;0.34483793
0.052620552;0.069652177;0.35274309
0.052620552;0.069652177;0.34483793
0.054596838;0.069652177;0.35274309
0.054596838;0.069652177;0.35274309
0.054596838;0.069652177;0.35274309
0.054596838;0.067675889;0.35274309
0.054596838;0.069652177;0.33693281
0.054596838;0.069652177;0.34483793
0.054596838;0.067675889;0.35274309
0.054596838;0.067675889;0.34483793
0.054596838;0.069652177;0.35274309
0.056573123;0.067675889;0.35274309
0.056573123;0.069652177;0.35274309
0.054596838;0.067675889;0.35274309
0.056573123;0.069652177;0.35274309
0.056573123;0.067675889;0.35274309
0.056573123;0.067675889;0.35274309
0.056573123;0.069652177;0.35274309
0.056573123;0.069652177;0.34483793
0.056573123;0.069652177;0.35274309
0.056573123;0.069652177;0.35274309
0.056573123;0.069652177;0.34483793
0.058549408;0.067675889;0.34483793
0.056573123;0.069652177;0.33693281
0.058549408;0.067675889;0.34483793
0.058549408;0.069652177;0.35274309
0.058549408;0.067675889;0.35274309
0.056573123;0.069652177;0.34483793
0.058549408;0.067675889;0.35274309
0.058549408;0.069652177;0.34483793
0.058549408;0.067675889;0.35274309
0.058549408;0.067675889;0.35274309
0.060525693;0.069652177;0.35274309
0.060525693;0.069652177;0.35274309
0.060525693;0.067675889;0.34483793
0.058549408;0.067675889;0.35274309
0.060525693;0.067675889;0.34483793
0.060525693;0.067675889;0.34483793
0.058549408;0.069652177;0.34483793
0.060525693;0.067675889;0.35274309
0.060525693;0.069652177;0.34483793
0.060525693;0.067675889;0.34483793
0.060525693;0.067675889;0.34483793
0.062501974;0.067675889;0.35274309
0.060525693;0.067675889;0.34483793
0.060525693;0.067675889;0.35274309
0.058549408;0.069652177;0.35274309
0.062501974;0.067675889;0.35274309
0.062501974;0.067675889;0.34483793
0.062501974;0.067675889;0.34483793
0.062501974;0.069652177;0.35274309
0.062501974;0.069652177;0.35274309
0.062501974;0.069652177;0.34483793
0.062501974;0.067675889;0.34483793
0.062501974;0.067675889;0.35274309
0.062501974;0.067675889;0.34483793
0.062501974;0.067675889;0.34483793
0.064478263;0.067675889;0.35274309
0.062501974;0.067675889;0.34483793
0.062501974;0.069652177;0.34483793
0.062501974;0.069652177;0.35274309
0.062501974;0.067675889;0.34483793
0.062501974;0.069652177;0.34483793
0.064478263;0.067675889;0.35274309
0.062501974;0.067675889;0.34483793
0.064478263;0.067675889;0.35274309
0.064478263;0.067675889;0.35274309
0.062501974;0.067675889;0.34483793
0.064478263;0.067675889;0.35274309
0.066454545;0.067675889;0.34483793
0.066454545;0.067675889;0.35274309
0.064478263;0.067675889;0.35274309
0.064478263;0.067675889;0.34483793
0.066454545;0.067675889;0.35274309
0.064478263;0.067675889;0.34483793
0.064478263;0.067675889;0.34483793
0.064478263;0.065699607;0.34483793
0.066454545;0.067675889;0.34483793
0.064478263;0.067675889;0.35274309
0.066454545;0.067675889;0.34483793
0.064478263;0.069652177;0.34483793
0.064478263;0.067675889;0.34483793
0.066454545;0.067675889;0.35274309
0.066454545;0.067675889;0.34483793
0.064478263;0.067675889;0.34483793
0.066454545;0.067675889;0.34483793
0.068430834;0.067675889;0.34483793
0.066454545;0.067675889;0.34483793
0.066454545;0.067675889;0.34483793
0.068430834;0.067675889;0.35274309
0.066454545;0.067675889;0.34483793
0.066454545;0.065699607;0.34483793
0.066454545;0.067675889;0.34483793
0.066454545;0.067675889;0.35274309
0.068430834;0.065699607;0.35274309
0.066454545;0.067675889;0.34483793
0.068430834;0.065699607;0.34483793
0.066454545;0.067675889;0.35274309
0.066454545;0.065699607;0.34483793
0.068430834;0.067675889;0.34483793
0.070407115;0.067675889;0.35274309
0.066454545;0.067675889;0.35274309
0.068430834;0.067675889;0.34483793
0.070407115;0.065699607;0.34483793
0.068430834;0.065699607;0.34483793
0.068430834;0.065699607;0.34483793
0.070407115;0.065699607;0.35274309
0.070407115;0.067675889;0.35274309
0.068430834;0.067675889;0.34483793
0.068430834;0.065699607;0.35274309
0.070407115;0.065699607;0.35274309
0.070407115;0.065699607;0.35274309
0.070407115;0.067675889;0.35274309
0.070407115;0.065699607;0.34483793
0.068430834;0.065699607;0.34483793
0.068430834;0.067675889;0.35274309
0.070407115;0.065699607;0.35274309
0.070407115;0.065699607;0.34483793
0.070407115;0.065699607;0.35274309
0.070407115;0.065699607;0.35274309
0.070407115;0.065699607;0.34483793
0.070407115;0.065699607;0.35274309
0.070407115;0.065699607;0.34483793
0.072383396;0.065699607;0.34483793
0.070407115;0.065699607;0.35274309
0.070407115;0.065699607;0.34483793
0.072383396;0.065699607;0.34483793
0.070407115;0.065699607;0.35274309
0.070407115;0.065699607;0.34483793
0.072383396;0.065699607;0.34483793
0.070407115;0.063723318;0.34483793
0.072383396;0.065699607;0.35274309
0.070407115;0.065699607;0.35274309
0.072383396;0.063723318;0.34483793
0.070407115;0.065699607;0.35274309
0.070407115;0.063723318;0.35274309
0.072383396;0.063723318;0.34483793
0.070407115;0.065699607;0.34483793
0.072383396;0.065699607;0.34483793
0.072383396;0.065699607;0.35274309
0.072383396;0.065699607;0.35274309
0.072383396;0.063723318;0.34483793
0.070407115;0.063723318;0.34483793
0.074359685;0.063723318;0.35274309
0.072383396;0.063723318;0.35274309
0.072383396;0.065699607;0.35274309
0.072383396;0.063723318;0.34483793
0.072383396;0.063723318;0.35274309
0.074359685;0.063723318;0.35274309
0.074359685;0.063723318;0.34483793
0.072383396;0.063723318;0.35274309
0.072383396;0.063723318;0.35274309
0.074359685;0.065699607;0.35274309
0.072383396;0.063723318;0.35274309
0.074359685;0.063723318;0.35274309
0.074359685;0.063723318;0.34483793
0.074359685;0.063723318;0.35274309
0.072383396;0.063723318;0.34483793
0.074359685;0.065699607;0.35274309
0.072383396;0.061747037;0.34483793
0.074359685;0.063723318;0.35274309
0.074359685;0.063723318;0.35274309
0.074359685;0.061747037;0.34483793
0.074359685;0.063723318;0.35274309
0.074359685;0.063723318;0.35274309
0.074359685;0.063723318;0.35274309
0.074359685;0.063723318;0.35274309
0.074359685;0.063723318;0.35274309
0.074359685;0.063723318;0.35274309
0.072383396;0.061747037;0.35274309
0.074359685;0.061747037;0.34483793
0.072383396;0.061747037;0.35274309
0.074359685;0.063723318;0.35274309
0.074359685;0.061747037;0.35274309
0.074359685;0.061747037;0.35274309
0.074359685;0.061747037;0.35274309
0.074359685;0.061747037;0.35274309
0.074359685;0.061747037;0.34483793
0.074359685;0.061747037;0.34483793
0.076335967;0.061747037;0.35274309
0.072383396;0.061747037;0.35274309
0.074359685;0.061747037;0.34483793
0.074359685;0.061747037;0.34483793
0.074359685;0.063723318;0.34483793
0.074359685;0.061747037;0.34483793
0.074359685;0.061747037;0.34483793
0.074359685;0.061747037;0.35274309
0.074359685;0.061747037;0.35274309
0.076335967;0.063723318;0.35274309
0.074359685;0.061747037;0.35274309
0.072383396;0.061747037;0.35274309
0.074359685;0.061747037;0.35274309
0.074359685;0.061747037;0.34483793
0.074359685;0.061747037;0.35274309
0.076335967;0.061747037;0.35274309
0.074359685;0.061747037;0.35274309
0.074359685;0.061747037;0.34483793
0.076335967;0.061747037;0.35274309
0.074359685;0.061747037;0.34483793
0.074359685;0.061747037;0.34483793
0.074359685;0.061747037;0.34483793
0.074359685;0.061747037;0.34483793
0.074359685;0.059770752;0.35274309
0.076335967;0.061747037;0.34483793
0.074359685;0.061747037;0.35274309
0.074359685;0.059770752;0.34483793
0.074359685;0.059770752;0.34483793
0.074359685;0.059770752;0.35274309
0.074359685;0.061747037;0.35274309
0.074359685;0.059770752;0.34483793
0.076335967;0.059770752;0.35274309
0.074359685;0.059770752;0.35274309
0.076335967;0.059770752;0.35274309
0.074359685;0.061747037;0.34483793
0.076335967;0.059770752;0.35274309
0.076335967;0.059770752;0.35274309
0.076335967;0.059770752;0.34483793
0.074359685;0.059770752;0.34483793
0.074359685;0.059770752;0.35274309
0.074359685;0.059770752;0.35274309
0.074359685;0.059770752;0.34483793
0.076335967;0.059770752;0.34483793
0.074359685;0.059770752;0.34483793
0.074359685;0.059770752;0.34483793
0.074359685;0.059770752;0.34483793
0.074359685;0.057794467;0.35274309
0.076335967;0.059770752;0.34483793
0.074359685;0.059770752;0.35274309
0.076335967;0.059770752;0.35274309
0.074359685;0.059770752;0.34483793
0.074359685;0.059770752;0.34483793
0.074359685;0.059770752;0.35274309
0.074359685;0.057794467;0.35274309
0.072383396;0.057794467;0.34483793
0.076335967;0.057794467;0.35274309
0.074359685;0.057794467;0.34483793
0.074359685;0.057794467;0.35274309
0.074359685;0.057794467;0.34483793
0.072383396;0.059770752;0.35274309
0.074359685;0.057794467;0.34483793
0.074359685;0.057794467;0.34483793
0.074359685;0.057794467;0.34483793
0.074359685;0.057794467;0.34483793
0.074359685;0.057794467;0.34483793
0.074359685;0.057794467;0.34483793
0.074359685;0.059770752;0.35274309
0.074359685;0.057794467;0.35274309
0.074359685;0.057794467;0.34483793
0.074359685;0.057794467;0.34483793
0.074359685;0.057794467;0.34483793
0.072383396;0.057794467;0.35274309
0.074359685;0.057794467;0.35274309
0.072383396;0.059770752;0.34483793
0.074359685;0.057794467;0.35274309
0.074359685;0.057794467;0.35274309
0.072383396;0.055818181;0.34483793
0.074359685;0.055818181;0.34483793
0.072383396;0.055818181;0.34483793
0.074359685;0.057794467;0.34483793
0.072383396;0.055818181;0.34483793
0.072383396;0.055818181;0.34483793
0.072383396;0.055818181;0.34483793
0.072383396;0.055818181;0.34483793
0.074359685;0.055818181;0.34483793
0.072383396;0.055818181;0.34483793
0.074359685;0.055818181;0.35274309
0.072383396;0.055818181;0.34483793
0.074359685;0.055818181;0.34483793
0.072383396;0.057794467;0.34483793
0.072383396;0.057794467;0.35274309
0.072383396;0.055818181;0.34483793
0.072383396;0.055818181;0.34483793
0.072383396;0.055818181;0.35274309
0.074359685;0.055818181;0.35274309
0.072383396;0.055818181;0.34483793
0.072383396;0.055818181;0.34483793
0.072383396;0.055818181;0.35274309
0.072383396;0.053841896;0.34483793
0.070407115;0.055818181;0.34483793
0.072383396;0.055818181;0.34483793
0.070407115;0.053841896;0.35274309
0.072383396;0.055818181;0.34483793
0.072383396;0.053841896;0.34483793
0.072383396;0.055818181;0.35274309
0.070407115;0.053841896;0.35274309
0.070407115;0.053841896;0.35274309
0.072383396;0.053841896;0.35274309
0.070407115;0.053841896;0.35274309
0.070407115;0.053841896;0.34483793
0.070407115;0.053841896;0.35274309
0.070407115;0.053841896;0.34483793
0.070407115;0.053841896;0.35274309
0.070407115;0.053841896;0.34483793
0.070407115;0.053841896;0.34483793
0.070407115;0.053841896;0.35274309
0.070407115;0.053841896;0.35274309
0.070407115;0.053841896;0.35274309
0.070407115;0.055818181;0.35274309
0.070407115;0.053841896;0.34483793
0.070407115;0.053841896;0.35274309
0.068430834;0.051865611;0.34483793
0.070407115;0.053841896;0.34483793
0.070407115;0.053841896;0.34483793
0.070407115;0.051865611;0.34483793
0.070407115;0.051865611;0.34483793
0.068430834;0.053841896;0.34483793
0.068430834;0.051865611;0.34483793
0.068430834;0.051865611;0.34483793
0.070407115;0.051865611;0.35274309
0.070407115;0.051865611;0.34483793
0.068430834;0.051865611;0.35274309
0.068430834;0.051865611;0.35274309
0.068430834;0.051865611;0.34483793
0.068430834;0.051865611;0.34483793
0.068430834;0.051865611;0.35274309
0.068430834;0.051865611;0.35274309
0.066454545;0.051865611;0.35274309
0.068430834;0.051865611;0.34483793
0.066454545;0.051865611;0.34483793
0.066454545;0.051865611;0.34483793
0.066454545;0.051865611;0.34483793
0.068430834;0.04988933;0.35274309
0.066454545;0.04988933;0.35274309
0.066454545;0.04988933;0.35274309
0.066454545;0.04988933;0.34483793
0.066454545;0.04988933;0.34483793
0.066454545;0.04988933;0.34483793
0.066454545;0.04988933;0.34483793
0.066454545;0.04988933;0.34483793
0.064478263;0.04988933;0.35274309
0.066454545;0.04988933;0.34483793
0.066454545;0.04988933;0.35274309
0.064478263;0.04988933;0.35274309
0.066454545;0.04988933;0.35274309
0.066454545;0.04988933;0.35274309
0.066454545;0.04988933;0.35274309
0.066454545;0.04988933;0.34483793
0.064478263;0.04988933;0.35274309
0.064478263;0.04988933;0.35274309
0.064478263;0.047913045;0.34483793
0.064478263;0.047913045;0.34483793
0.064478263;0.047913045;0.34483793
0.064478263;0.047913045;0.34483793
0.064478263;0.047913045;0.34483793
0.066454545;0.047913045;0.35274309
0.062501974;0.047913045;0.35274309
0.062501974;0.04988933;0.34483793
0.064478263;0.047913045;0.34483793
0.064478263;0.047913045;0.34483793
0.064478263;0.047913045;0.35274309
0.064478263;0.047913045;0.34483793
0.064478263;0.047913045;0.35274309
0.064478263;0.04988933;0.34483793
0.064478263;0.047913045;0.34483793
0.064478263;0.047913045;0.35274309
0.064478263;0.047913045;0.34483793
0.062501974;0.047913045;0.35274309
0.062501974;0.04593676;0.35274309
0.064478263;0.047913045;0.34483793
0.060525693;0.047913045;0.34483793
0.062501974;0.047913045;0.34483793
0.062501974;0.047913045;0.34483793
0.062501974;0.04593676;0.34483793
0.062501974;0.047913045;0.35274309
0.062501974;0.04593676;0.34483793
0.060525693;0.04593676;0.34483793
0.060525693;0.04593676;0.34483793
0.060525693;0.047913045;0.35274309
0.062501974;0.047913045;0.35274309
0.060525693;0.04593676;0.35274309
0.060525693;0.047913045;0.35274309
0.060525693;0.04593676;0.35274309
0.060525693;0.047913045;0.34483793
0.058549408;0.04593676;0.34483793
0.060525693;0.04593676;0.35274309
0.060525693;0.047913045;0.35274309
0.060525693;0.04593676;0.34483793
0.058549408;0.04593676;0.34483793
0.058549408;0.04593676;0.34483793
0.058549408;0.043960474;0.34483793
0.058549408;0.043960474;0.35274309
0.058549408;0.04593676;0.35274309
0.060525693;0.04593676;0.35274309
0.058549408;0.04593676;0.34483793
0.058549408;0.043960474;0.34483793
0.058549408;0.043960474;0.34483793
0.056573123;0.043960474;0.35274309
0.058549408;0.04593676;0.35274309
0.058549408;0.043960474;0.35274309
0.058549408;0.041984189;0.35274309
0.056573123;0.043960474;0.34483793
0.056573123;0.043960474;0.35274309
0.056573123;0.043960474;0.35274309
0.056573123;0.043960474;0.34483793
0.056573123;0.043960474;0.35274309
0.056573123;0.043960474;0.35274309
0.056573123;0.043960474;0.35274309
0.054596838;0.043960474;0.34483793
0.056573123;0.043960474;0.35274309
0.056573123;0.043960474;0.34483793
0.054596838;0.041984189;0.34483793
0.054596838;0.043960474;0.34483793
0.054596838;0.043960474;0.35274309
0.056573123;0.043960474;0.35274309
0.054596838;0.041984189;0.34483793
0.054596838;0.043960474;0.34483793
0.054596838;0.041984189;0.34483793
0.054596838;0.041984189;0.35274309
0.054596838;0.041984189;0.35274309
0.052620552;0.041984189;0.34483793
0.054596838;0.041984189;0.34483793
0.052620552;0.041984189;0.34483793
0.052620552;0.041984189;0.35274309
0.052620552;0.041984189;0.35274309
0.052620552;0.041984189;0.34483793
0.052620552;0.041984189;0.34483793
0.052620552;0.040007904;0.34483793
0.052620552;0.041984189;0.34483793
0.052620552;0.041984189;0.35274309
0.050644267;0.041984189;0.34483793
0.052620552;0.040007904;0.35274309
0.050644267;0.041984189;0.35274309
0.050644267;0.040007904;0.35274309
0.050644267;0.040007904;0.35274309
0.050644267;0.041984189;0.35274309
0.050644267;0.040007904;0.35274309
0.050644267;0.040007904;0.35274309
0.050644267;0.040007904;0.35274309
0.048667986;0.040007904;0.35274309
0.050644267;0.040007904;0.35274309
0.048667986;0.040007904;0.35274309
0.048667986;0.040007904;0.34483793
0.048667986;0.040007904;0.35274309
0.048667986;0.041984189;0.34483793
0.048667986;0.040007904;0.35274309
0.048667986;0.040007904;0.34483793
0.048667986;0.038031619;0.35274309
0.048667986;0.040007904;0.35274309
0.046691701;0.038031619;0.34483793
0.046691701;0.038031619;0.35274309
0.046691701;0.038031619;0.34483793
0.046691701;0.040007904;0.34483793
0.046691701;0.038031619;0.34483793
0.046691701;0.038031619;0.35274309
0.046691701;0.038031619;0.35274309
0.046691701;0.038031619;0.34483793
0.046691701;0.038031619;0.35274309
0.044715416;0.038031619;0.35274309
0.044715416;0.038031619;0.34483793
0.044715416;0.038031619;0.34483793
0.044715416;0.038031619;0.34483793
0.044715416;0.038031619;0.35274309
0.044715416;0.038031619;0.35274309
0.044715416;0.038031619;0.34483793
0.044715416;0.038031619;0.34483793
0.042739131;0.036055338;0.34483793
0.044715416;0.036055338;0.34483793
0.042739131;0.038031619;0.34483793
0.042739131;0.036055338;0.35274309
0.042739131;0.036055338;0.34483793
0.042739131;0.036055338;0.34483793
0.042739131;0.036055338;0.35274309
0.042739131;0.036055338;0.34483793
0.042739131;0.036055338;0.35274309
0.040762845;0.036055338;0.35274309
0.040762845;0.036055338;0.34483793
0.042739131;0.038031619;0.34483793
0.040762845;0.036055338;0.35274309
0.040762845;0.036055338;0.35274309
0.03878656;0.036055338;0.34483793
0.040762845;0.036055338;0.34483793
0.040762845;0.036055338;0.34483793
0.040762845;0.036055338;0.34483793
0.040762845;0.036055338;0.34483793
0.040762845;0.036055338;0.35274309
0.03878656;0.034079053;0.34483793
0.03878656;0.034079053;0.35274309
0.040762845;0.036055338;0.35274309
0.03878656;0.034079053;0.34483793
0.03878656;0.034079053;0.34483793
0.03878656;0.034079053;0.34483793
0.036810275;0.034079053;0.35274309
0.03878656;0.034079053;0.34483793
0.03878656;0.034079053;0.34483793
0.036810275;0.034079053;0.34483793
0.036810275;0.034079053;0.34483793
0.03878656;0.034079053;0.34483793
0.034833994;0.032102767;0.35274309
0.036810275;0.034079053;0.35274309
0.036810275;0.036055338;0.35274309
0.034833994;0.032102767;0.34483793
0.034833994;0.034079053;0.35274309
0.036810275;0.034079053;0.35274309
0.034833994;0.032102767;0.34483793
0.034833994;0.034079053;0.34483793
0.032857709;0.032102767;0.35274309
0.034833994;0.032102767;0.35274309
0.032857709;0.032102767;0.34483793
0.034833994;0.034079053;0.35274309
0.032857709;0.032102767;0.34483793
0.032857709;0.034079053;0.35274309
0.032857709;0.032102767;0.35274309
0.034833994;0.032102767;0.35274309
0.032857709;0.032102767;0.34483793
0.032857709;0.032102767;0.34483793
0.030881424;0.032102767;0.34483793
0.032857709;0.032102767;0.35274309
0.032857709;0.032102767;0.34483793
0.032857709;0.032102767;0.35274309
0.030881424;0.032102767;0.35274309
0.030881424;0.032102767;0.35274309
0.030881424;0.032102767;0.35274309
0.030881424;0.032102767;0.35274309
0.030881424;0.030126482;0.34483793
0.028905138;0.032102767;0.34483793
0.028905138;0.030126482;0.34483793
0.028905138;0.032102767;0.35274309
0.028905138;0.030126482;0.34483793
0.028905138;0.030126482;0.34483793
0.026928853;0.030126482;0.34483793
0.028905138;0.030126482;0.35274309
0.026928853;0.030126482;0.34483793
0.028905138;0.030126482;0.34483793
0.026928853;0.030126482;0.35274309
0.026928853;0.030126482;0.35274309
0.026928853;0.030126482;0.34483793
0.026928853;0.030126482;0.34483793
0.026928853;0.030126482;0.35274309
0.026928853;0.030126482;0.35274309
0.026928853;0.028150197;0.34483793
0.026928853;0.030126482;0.34483793
0.02495257;0.030126482;0.34483793
0.026928853;0.030126482;0.35274309
0.02495257;0.030126482;0.34483793
0.02495257;0.028150197;0.35274309
0.02495257;0.028150197;0.34483793
0.02495257;0.030126482;0.34483793
0.02495257;0.030126482;0.35274309
0.022976285;0.026173914;0.35274309
0.02495257;0.028150197;0.34483793
0.022976285;0.026173914;0.34483793
0.022976285;0.028150197;0.34483793
0.022976285;0.028150197;0.34483793
0.02495257;0.028150197;0.34483793
0.021;0.026173914;0.34483793
0.021;0.028150197;0.34483793
0.022976285;0.026173914;0.35274309
0.022976285;0.026173914;0.34483793
0.022976285;0.026173914;0.35274309
0.021;0.026173914;0.34483793
0.021;0.026173914;0.34483793
0.021;0.026173914;0.35274309
0.019023715;0.026173914;0.34483793
0.021;0.026173914;0.35274309
0.021;0.026173914;0.34483793
0.019023715;0.026173914;0.35274309
0.021;0.026173914;0.34483793
0.019023715;0.026173914;0.34483793
0.019023715;0.026173914;0.34483793
0.019023715;0.024197629;0.34483793
0.017047431;0.026173914;0.34483793
0.019023715;0.026173914;0.35274309
0.019023715;0.024197629;0.34483793
0.017047431;0.024197629;0.35274309
0.017047431;0.024197629;0.34483793
0.019023715;0.026173914;0.35274309
0.017047431;0.024197629;0.35274309
0.019023715;0.026173914;0.35274309
0.017047431;0.024197629;0.35274309
0.017047431;0.024197629;0.34483793
0.017047431;0.024197629;0.34483793
0.015071146;0.022221344;0.34483793
0.015071146;0.024197629;0.35274309
0.015071146;0.022221344;0.34483793
0.013094862;0.022221344;0.35274309
0.017047431;0.022221344;0.35274309
0.015071146;0.022221344;0.34483793
0.015071146;0.022221344;0.34483793
0.015071146;0.022221344;0.34483793
0.013094862;0.022221344;0.35274309
0.015071146;0.024197629;0.34483793
0.015071146;0.022221344;0.34483793
0.013094862;0.022221344;0.34483793
0.013094862;0.022221344;0.34483793
0.013094862;0.024197629;0.34483793
0.013094862;0.022221344;0.34483793
0.013094862;0.022221344;0.35274309
0.013094862;0.022221344;0.35274309
0.013094862;0.022221344;0.34483793
0.011118577;0.022221344;0.34483793
0.011118577;0.020245058;0.34483793
0.011118577;0.022221344;0.34483793
0.011118577;0.022221344;0.34483793
0.011118577;0.022221344;0.34483793
0.011118577;0.020245058;0.35274309
0.011118577;0.022221344;0.34483793
0.011118577;0.020245058;0.35274309
0.011118577;0.020245058;0.34483793
0.0091422927;0.020245058;0.35274309
0.011118577;0.020245058;0.35274309
0.0091422927;0.020245058;0.35274309
0.0091422927;0.020245058;0.34483793
0.011118577;0.020245058;0.35274309
0.0091422927;0.020245058;0.34483793
0.007166008;0.020245058;0.34483793
0.0091422927;0.020245058;0.34483793
0.007166008;0.020245058;0.35274309
0.007166008;0.018268775;0.35274309
0.007166008;0.020245058;0.35274309
0.007166008;0.020245058;0.35274309
0.0091422927;0.020245058;0.34483793
0.007166008;0.020245058;0.35274309
0.007166008;0.018268775;0.34483793
0.007166008;0.020245058;0.34483793
0.007166008;0.018268775;0.34483793
0.007166008;0.018268775;0.34483793
0.007166008;0.018268775;0.34483793
0.0051897233;0.018268775;0.35274309
0.0051897233;0.018268775;0.34483793
0.0051897233;0.018268775;0.34483793
0.0032134387;0.018268775;0.34483793
0.0051897233;0.018268775;0.34483793
0.0051897233;0.018268775;0.34483793
0.0051897233;0.018268775;0.34483793
0.0032134387;0.01629249;0.34483793
0.0032134387;0.01629249;0.34483793
0.0051897233;0.01629249;0.35274309
0.0032134387;0.01629249;0.34483793
0.0032134387;0.01629249;0.34483793
0.0051897233;0.01629249;0.34483793
0.0012371541;0.01629249;0.35274309
0.0012371541;0.01629249;0.34483793
0.0012371541;0.018268775;0.34483793
0.0012371541;0.01629249;0.34483793
0.0012371541;0.01629249;0.34483793
0.0012371541;0.01629249;0.34483793
0.0012371541;0.01629249;0.34483793
-0.00073913042;0.01629249;0.35274309
0.0012371541;0.014316206;0.35274309
-0.00073913042;0.01629249;0.35274309
-0.00073913042;0.01629249;0.34483793
-0.00073913042;0.01629249;0.34483793
-0.00073913042;0.01629249;0.34483793
0.0012371541;0.014316206;0.34483793
-0.00073913042;0.014316206;0.35274309
-0.00073913042;0.014316206;0.34483793
-0.00073913042;0.014316206;0.34483793
-0.00073913042;0.014316206;0.34483793
-0.00073913042;0.014316206;0.34483793
-0.0027154151;0.014316206;0.34483793
-0.0027154151;0.01629249;0.34483793
-0.0027154151;0.012339921;0.34483793
-0.0027154151;0.012339921;0.34483793
-0.0027154151;0.014316206;0.34483793
-0.0027154151;0.012339921;0.35274309
-0.0027154151;0.012339921;0.34483793
-0.0027154151;0.014316206;0.35274309
-0.0027154151;0.012339921;0.35274309
-0.0027154151;0.012339921;0.34483793
-0.0027154151;0.012339921;0.34483793
-0.0046916995;0.012339921;0.35274309
-0.0027154151;0.012339921;0.35274309
-0.0046916995;0.012339921;0.34483793
-0.0046916995;0.012339921;0.36064821
-0.0046916995;0.012339921;0.35274309
-0.0046916995;0.014316206;0.34483793
-0.0046916995;0.012339921;0.34483793
-0.0066679842;0.012339921;0.34483793
-0.0046916995;0.012339921;0.34483793
-0.0066679842;0.010363637;0.35274309
-0.0046916995;0.012339921;0.35274309
-0.0066679842;0.012339921;0.34483793
-0.0066679842;0.010363637;0.34483793
-0.0066679842;0.010363637;0.35274309
-0.0086442688;0.012339921;0.35274309
-0.0066679842;0.012339921;0.34483793
-0.0086442688;0.012339921;0.35274309
-0.0066679842;0.010363637;0.34483793
-0.0086442688;0.012339921;0.35274309
-0.0086442688;0.010363637;0.35274309
-0.0066679842;0.010363637;0.34483793
-0.0086442688;0.010363637;0.35274309
-0.0086442688;0.010363637;0.34483793
-0.0086442688;0.010363637;0.34483793
-0.0086442688;0.010363637;0.34483793
-0.010620553;0.010363637;0.35274309
-0.010620553;0.010363637;0.35274309
-0.0086442688;0.010363637;0.34483793
-0.010620553;0.010363637;0.34483793
-0.0086442688;0.010363637;0.35274309
-0.0086442688;0.010363637;0.34483793
-0.010620553;0.010363637;0.34483793
-0.010620553;0.010363637;0.34483793
-0.010620553;0.0083873514;0.34483793
-0.010620553;0.0083873514;0.35274309
-0.012596838;0.0083873514;0.35274309
-0.010620553;0.0083873514;0.34483793
-0.012596838;0.010363637;0.35274309
-0.012596838;0.010363637;0.34483793
-0.010620553;0.0083873514;0.34483793
-0.012596838;0.0083873514;0.34483793
-0.012596838;0.0083873514;0.34483793
-0.012596838;0.0083873514;0.35274309
-0.010620553;0.0083873514;0.35274309
-0.012596838;0.0083873514;0.34483793
-0.012596838;0.0083873514;0.34483793
-0.012596838;0.0083873514;0.34483793
-0.012596838;0.0083873514;0.34483793
-0.012596838;0.0064110672;0.34483793
-0.012596838;0.0064110672;0.35274309
-0.012596838;0.0064110672;0.34483793
-0.014573122;0.0064110672;0.35274309
-0.014573122;0.0064110672;0.34483793
-0.014573122;0.0064110672;0.34483793
-0.012596838;0.0064110672;0.34483793
-0.012596838;0.0064110672;0.34483793
-0.014573122;0.0064110672;0.34483793
-0.016549407;0.0064110672;0.34483793
-0.014573122;0.0064110672;0.34483793
-0.016549407;0.0064110672;0.35274309
-0.014573122;0.0064110672;0.34483793
-0.016549407;0.0064110672;0.34483793
-0.016549407;0.0044347825;0.34483793
-0.014573122;0.0044347825;0.34483793
-0.016549407;0.0044347825;0.35274309
-0.016549407;0.0044347825;0.35274309
-0.016549407;0.0044347825;0.35274309
-0.018525692;0.0064110672;0.34483793
-0.016549407;0.0044347825;0.34483793
-0.018525692;0.0044347825;0.35274309
-0.016549407;0.0044347825;0.34483793
-0.016549407;0.0044347825;0.34483793
-0.018525692;0.0044347825;0.34483793
-0.018525692;0.0044347825;0.34483793
-0.018525692;0.0044347825;0.35274309
-0.018525692;0.0044347825;0.35274309
-0.018525692;0.0044347825;0.34483793
-0.018525692;0.0044347825;0.35274309
-0.018525692;0.0044347825;0.34483793
-0.018525692;0.0024584981;0.35274309
-0.018525692;0.0044347825;0.35274309
-0.018525692;0.0024584981;0.35274309
-0.018525692;0.0024584981;0.35274309
-0.020501977;0.0024584981;0.35274309
-0.018525692;0.0024584981;0.34483793
-0.018525692;0.0044347825;0.35274309
-0.020501977;0.0024584981;0.34483793
-0.020501977;0.0044347825;0.35274309
-0.020501977;0.0024584981;0.35274309
-0.020501977;0.0024584981;0.34483793
-0.020501977;0.0024584981;0.34483793
-0.020501977;0.0024584981;0.35274309
-0.020501977;0.0024584981;0.35274309
-0.020501977;0.00048221345;0.34483793
-0.020501977;0.00048221345;0.34483793
-0.02247826;0.00048221345;0.35274309
-0.020501977;0.00048221345;0.34483793
-0.020501977;0.00048221345;0.35274309
-0.02247826;0.0024584981;0.34483793
-0.02247826;0.0024584981;0.34483793
-0.02247826;0.00048221345;0.34483793
-0.020501977;0.00048221345;0.34483793
-0.02247826;0.00048221345;0.34483793
-0.02247826;0.00048221345;0.34483793
-0.020501977;0.00048221345;0.34483793
-0.020501977;0.00048221345;0.34483793
-0.02247826;0.00048221345;0.35274309
-0.02247826;0.00048221345;0.34483793
-0.02247826;0.00048221345;0.34483793
-0.02247826;0.00048221345;0.34483793
-0.024454545;0.00048221345;0.35274309
-0.02247826;-0.0014940711;0.34483793
-0.024454545;-0.0014940711;0.35274309
-0.024454545;0.00048221345;0.34483793
-0.02247826;0.00048221345;0.35274309
-0.024454545;-0.0014940711;0.34483793
-0.024454545;-0.0014940711;0.34483793
-0.024454545;0.00048221345;0.34483793
-0.02247826;-0.0014940711;0.34483793
-0.024454545;0.00048221345;0.34483793
-0.024454545;-0.0014940711;0.35274309
-0.024454545;-0.0014940711;0.34483793
-0.024454545;-0.0014940711;0.35274309
-0.024454545;-0.0014940711;0.34483793
-0.02247826;-0.0014940711;0.34483793
-0.024454545;-0.0014940711;0.34483793
-0.024454545;0.00048221345;0.35274309
-0.024454545;-0.0014940711;0.34483793
-0.024454545;-0.0014940711;0.34483793
-0.024454545;-0.0014940711;0.34483793
-0.02643083;-0.0034703556;0.34483793
-0.024454545;-0.0014940711;0.34483793
-0.02643083;-0.0014940711;0.35274309
-0.02643083;-0.0014940711;0.34483793
-0.02643083;-0.0034703556;0.34483793
-0.02643083;-0.0034703556;0.35274309
-0.02643083;-0.0034703556;0.35274309
-0.024454545;-0.0034703556;0.34483793
-0.02643083;-0.0014940711;0.35274309
-0.02643083;-0.0034703556;0.34483793
-0.02643083;-0.0034703556;0.34483793
-0.02643083;-0.0034703556;0.34483793
-0.02643083;-0.0034703556;0.34483793
-0.02643083;-0.0034703556;0.34483793
-0.02643083;-0.0034703556;0.34483793
-0.02643083;-0.0034703556;0.34483793
-0.02643083;-0.0034703556;0.34483793
-0.02643083;-0.0034703556;0.34483793
-0.02643083;-0.0034703556;0.34483793
-0.028407115;-0.0034703556;0.34483793
-0.02643083;-0.0034703556;0.35274309
-0.02643083;-0.0034703556;0.34483793
-0.02643083;-0.0034703556;0.34483793
-0.028407115;-0.0034703556;0.34483793
-0.02643083;-0.0034703556;0.34483793
-0.02643083;-0.0054466403;0.35274309
-0.02643083;-0.0054466403;0.35274309
-0.028407115;-0.0034703556;0.34483793
-0.028407115;-0.0054466403;0.34483793
-0.028407115;-0.0054466403;0.34483793
-0.02643083;-0.0034703556;0.34483793
-0.028407115;-0.0054466403;0.35274309
-0.028407115;-0.0054466403;0.35274309
-0.030383399;-0.0054466403;0.34483793
-0.028407115;-0.0054466403;0.35274309
-0.028407115;-0.0054466403;0.34483793
-0.028407115;-0.0054466403;0.34483793
-0.028407115;-0.0054466403;0.35274309
-0.028407115;-0.0054466403;0.34483793
-0.028407115;-0.0054466403;0.35274309
-0.028407115;-0.0054466403;0.35274309
-0.028407115;-0.0054466403;0.35274309
-0.028407115;-0.0054466403;0.34483793
-0.030383399;-0.0054466403;0.35274309
-0.030383399;-0.0054466403;0.35274309
-0.030383399;-0.0054466403;0.34483793
-0.028407115;-0.0054466403;0.34483793
-0.028407115;-0.0054466403;0.35274309
-0.030383399;-0.0054466403;0.34483793
-0.028407115;-0.007422925;0.35274309
-0.030383399;-0.007422925;0.34483793
-0.030383399;-0.0054466403;0.35274309
-0.030383399;-0.007422925;0.35274309
-0.028407115;-0.0054466403;0.35274309
-0.028407115;-0.0054466403;0.35274309
-0.028407115;-0.007422925;0.35274309
-0.030383399;-0.007422925;0.34483793
-0.028407115;-0.007422925;0.35274309
-0.028407115;-0.007422925;0.35274309
-0.030383399;-0.007422925;0.34483793
-0.030383399;-0.007422925;0.34483793
-0.028407115;-0.0054466403;0.35274309
-0.030383399;-0.007422925;0.35274309
-0.030383399;-0.007422925;0.34483793
-0.030383399;-0.007422925;0.35274309
-0.028407115;-0.007422925;0.35274309
-0.030383399;-0.007422925;0.35274309
-0.028407115;-0.007422925;0.34483793
-0.030383399;-0.0093992092;0.35274309
-0.030383399;-0.007422925;0.34483793
-0.030383399;-0.007422925;0.34483793
-0.028407115;-0.007422925;0.34483793
-0.030383399;-0.0093992092;0.34483793
-0.030383399;-0.007422925;0.34483793
-0.030383399;-0.007422925;0.34483793
-0.030383399;-0.0093992092;0.35274309
-0.030383399;-0.0093992092;0.34483793
-0.030383399;-0.0093992092;0.35274309
-0.030383399;-0.0093992092;0.34483793
-0.028407115;-0.0093992092;0.35274309
-0.030383399;-0.0093992092;0.34483793
-0.032359682;-0.0093992092;0.35274309
-0.030383399;-0.0093992092;0.35274309
-0.030383399;-0.0093992092;0.34483793
-0.030383399;-0.0093992092;0.34483793
-0.030383399;-0.011375494;0.34483793
-0.030383399;-0.0093992092;0.35274309
-0.030383399;-0.0093992092;0.34483793
-0.028407115;-0.0093992092;0.34483793
-0.030383399;-0.0093992092;0.35274309
-0.030383399;-0.0093992092;0.34483793
-0.030383399;-0.0093992092;0.35274309
-0.030383399;-0.0093992092;0.34483793
-0.032359682;-0.0093992092;0.35274309
-0.030383399;-0.011375494;0.34483793
-0.030383399;-0.0093992092;0.34483793
-0.030383399;-0.011375494;0.35274309
-0.030383399;-0.011375494;0.35274309
-0.030383399;-0.011375494;0.34483793
-0.030383399;-0.0093992092;0.34483793
-0.030383399;-0.011375494;0.34483793
-0.030383399;-0.011375494;0.35274309
-0.030383399;-0.011375494;0.34483793
-0.030383399;-0.011375494;0.34483793
-0.030383399;-0.011375494;0.34483793
-0.030383399;-0.011375494;0.35274309
-0.030383399;-0.011375494;0.34483793
-0.030383399;-0.0093992092;0.35274309
-0.030383399;-0.011375494;0.35274309
-0.030383399;-0.011375494;0.34483793
-0.030383399;-0.011375494;0.34483793
-0.030383399;-0.011375494;0.34483793
-0.030383399;-0.011375494;0.34483793
-0.032359682;-0.011375494;0.34483793
-0.030383399;-0.011375494;0.34483793
-0.030383399;-0.011375494;0.35274309
-0.028407115;-0.013351778;0.35274309
-0.032359682;-0.013351778;0.34483793
-0.030383399;-0.013351778;0.35274309
-0.030383399;-0.011375494;0.35274309
-0.030383399;-0.013351778;0.34483793
-0.030383399;-0.011375494;0.34483793
-0.030383399;-0.013351778;0.35274309
-0.030383399;-0.011375494;0.35274309
-0.030383399;-0.011375494;0.35274309
-0.030383399;-0.013351778;0.34483793
-0.030383399;-0.011375494;0.34483793
-0.030383399;-0.013351778;0.35274309
-0.030383399;-0.013351778;0.34483793
-0.030383399;-0.013351778;0.34483793
-0.030383399;-0.013351778;0.35274309
-0.030383399;-0.013351778;0.34483793
-0.030383399;-0.013351778;0.35274309
-0.030383399;-0.013351778;0.34483793
-0.030383399;-0.013351778;0.35274309
-0.030383399;-0.013351778;0.34483793
-0.030383399;-0.013351778;0.34483793
-0.030383399;-0.013351778;0.34483793
-0.030383399;-0.013351778;0.35274309
-0.030383399;-0.015328064;0.34483793
-0.028407115;-0.013351778;0.34483793
-0.028407115;-0.015328064;0.34483793
-0.030383399;-0.013351778;0.35274309
-0.028407115;-0.013351778;0.34483793
-0.028407115;-0.013351778;0.35274309
-0.030383399;-0.013351778;0.34483793
-0.028407115;-0.013351778;0.34483793
-0.028407115;-0.013351778;0.34483793
-0.030383399;-0.013351778;0.35274309
-0.028407115;-0.015328064;0.34483793
-0.028407115;-0.015328064;0.35274309
-0.028407115;-0.013351778;0.35274309
-0.028407115;-0.015328064;0.35274309
-0.028407115;-0.015328064;0.35274309
-0.028407115;-0.015328064;0.35274309
-0.02643083;-0.015328064;0.34483793
-0.028407115;-0.015328064;0.34483793
-0.02643083;-0.015328064;0.35274309
-0.02643083;-0.015328064;0.34483793
-0.028407115;-0.015328064;0.35274309
-0.028407115;-0.015328064;0.35274309
-0.02643083;-0.015328064;0.35274309
-0.02643083;-0.015328064;0.34483793
-0.02643083;-0.015328064;0.34483793
-0.028407115;-0.015328064;0.35274309
-0.028407115;-0.015328064;0.34483793
-0.028407115;-0.015328064;0.34483793
-0.028407115;-0.015328064;0.35274309
-0.02643083;-0.015328064;0.35274309
-0.02643083;-0.015328064;0.34483793
-0.028407115;-0.015328064;0.34483793
-0.02643083;-0.017304348;0.35274309
-0.02643083;-0.017304348;0.34483793
-0.024454545;-0.015328064;0.34483793
-0.02643083;-0.017304348;0.35274309
-0.028407115;-0.017304348;0.34483793
-0.02643083;-0.015328064;0.34483793
-0.02643083;-0.017304348;0.35274309
-0.02643083;-0.017304348;0.34483793
-0.024454545;-0.015328064;0.35274309
-0.024454545;-0.017304348;0.35274309
-0.02643083;-0.017304348;0.34483793
-0.02643083;-0.017304348;0.35274309
-0.02643083;-0.017304348;0.35274309
-0.024454545;-0.017304348;0.34483793
-0.024454545;-0.017304348;0.34483793
-0.024454545;-0.017304348;0.34483793
-0.024454545;-0.019280633;0.35274309
-0.024454545;-0.017304348;0.34483793
-0.024454545;-0.017304348;0.35274309
-0.024454545;-0.017304348;0.34483793
-0.02247826;-0.017304348;0.34483793
-0.024454545;-0.017304348;0.34483793
-0.024454545;-0.017304348;0.35274309
-0.024454545;-0.017304348;0.35274309
-0.02247826;-0.017304348;0.34483793
-0.024454545;-0.019280633;0.35274309
-0.02247826;-0.019280633;0.34483793
-0.024454545;-0.019280633;0.34483793
-0.02247826;-0.019280633;0.34483793
-0.02247826;-0.019280633;0.35274309
-0.024454545;-0.017304348;0.34483793
-0.024454545;-0.019280633;0.34483793
-0.02247826;-0.019280633;0.34483793
-0.02247826;-0.017304348;0.34483793
-0.02247826;-0.019280633;0.34483793
-0.02247826;-0.017304348;0.34483793
-0.02247826;-0.019280633;0.35274309
-0.02247826;-0.019280633;0.35274309
-0.020501977;-0.019280633;0.34483793
-0.02247826;-0.019280633;0.35274309
-0.02247826;-0.019280633;0.34483793
-0.02247826;-0.019280633;0.34483793
-0.02247826;-0.019280633;0.34483793
-0.02247826;-0.019280633;0.35274309
-0.02247826;-0.019280633;0.35274309
-0.020501977;-0.019280633;0.35274309
-0.020501977;-0.019280633;0.34483793
-0.02247826;-0.019280633;0.34483793
-0.020501977;-0.019280633;0.35274309
-0.020501977;-0.019280633;0.34483793
-0.020501977;-0.019280633;0.34483793
-0.020501977;-0.019280633;0.35274309
-0.02247826;-0.019280633;0.34483793
-0.020501977;-0.019280633;0.34483793
-0.020501977;-0.021256916;0.35274309
-0.020501977;-0.021256916;0.34483793
-0.020501977;-0.019280633;0.35274309
-0.020501977;-0.019280633;0.34483793
-0.018525692;-0.021256916;0.35274309
-0.018525692;-0.021256916;0.35274309
-0.018525692;-0.021256916;0.34483793
-0.018525692;-0.021256916;0.34483793
-0.018525692;-0.019280633;0.35274309
-0.018525692;-0.019280633;0.35274309
-0.018525692;-0.021256916;0.34483793
-0.018525692;-0.019280633;0.35274309
-0.018525692;-0.019280633;0.34483793
-0.018525692;-0.019280633;0.34483793
-0.016549407;-0.021256916;0.34483793
-0.018525692;-0.021256916;0.34483793
-0.016549407;-0.023233201;0.34483793
-0.018525692;-0.019280633;0.34483793
-0.016549407;-0.021256916;0.34483793
-0.016549407;-0.023233201;0.35274309
-0.016549407;-0.021256916;0.34483793
-0.016549407;-0.021256916;0.34483793
-0.016549407;-0.021256916;0.35274309
-0.018525692;-0.021256916;0.34483793
-0.014573122;-0.021256916;0.35274309
-0.016549407;-0.021256916;0.35274309
-0.016549407;-0.021256916;0.35274309
-0.018525692;-0.021256916;0.34483793
-0.016549407;-0.021256916;0.35274309
-0.014573122;-0.021256916;0.34483793
-0.014573122;-0.021256916;0.34483793
-0.014573122;-0.021256916;0.34483793
-0.014573122;-0.021256916;0.35274309
-0.014573122;-0.021256916;0.34483793
-0.014573122;-0.021256916;0.35274309
-0.012596838;-0.021256916;0.34483793
-0.014573122;-0.021256916;0.34483793
-0.012596838;-0.021256916;0.35274309
-0.014573122;-0.021256916;0.34483793
-0.014573122;-0.021256916;0.34483793
-0.014573122;-0.021256916;0.35274309
-0.014573122;-0.023233201;0.35274309
-0.014573122;-0.023233201;0.35274309
-0.012596838;-0.021256916;0.35274309
-0.014573122;-0.021256916;0.35274309
-0.012596838;-0.021256916;0.35274309
-0.012596838;-0.023233201;0.34483793
-0.012596838;-0.023233201;0.35274309
-0.012596838;-0.023233201;0.34483793
-0.012596838;-0.023233201;0.35274309
-0.012596838;-0.023233201;0.34483793
-0.012596838;-0.023233201;0.34483793
-0.012596838;-0.023233201;0.34483793
-0.012596838;-0.023233201;0.35274309
-0.010620553;-0.023233201;0.35274309
-0.010620553;-0.023233201;0.34483793
-0.010620553;-0.021256916;0.34483793
-0.010620553;-0.023233201;0.35274309
-0.010620553;-0.023233201;0.35274309
-0.012596838;-0.021256916;0.35274309
-0.010620553;-0.023233201;0.35274309
-0.010620553;-0.023233201;0.34483793
-0.010620553;-0.023233201;0.35274309
-0.010620553;-0.023233201;0.35274309
-0.010620553;-0.025209486;0.34483793
-0.0086442688;-0.023233201;0.34483793
-0.010620553;-0.021256916;0.34483793
-0.0086442688;-0.023233201;0.34483793
-0.0086442688;-0.023233201;0.34483793
-0.0086442688;-0.023233201;0.34483793
-0.0086442688;-0.023233201;0.34483793
-0.0086442688;-0.023233201;0.34483793
-0.0086442688;-0.023233201;0.34483793
-0.0086442688;-0.023233201;0.35274309
-0.0066679842;-0.025209486;0.34483793
-0.0086442688;-0.023233201;0.34483793
-0.0066679842;-0.025209486;0.34483793
-0.0066679842;-0.023233201;0.35274309
-0.0066679842;-0.021256916;0.34483793
-0.0066679842;-0.023233201;0.34483793
-0.0066679842;-0.023233201;0.34483793
-0.0086442688;-0.023233201;0.35274309
-0.0066679842;-0.023233201;0.34483793
-0.0066679842;-0.023233201;0.34483793
-0.0066679842;-0.023233201;0.35274309
-0.0046916995;-0.023233201;0.35274309
-0.0046916995;-0.023233201;0.35274309
-0.0046916995;-0.025209486;0.35274309
-0.0046916995;-0.023233201;0.35274309
-0.0046916995;-0.023233201;0.34483793
-0.0027154151;-0.025209486;0.33693281
-0.0046916995;-0.025209486;0.34483793
-0.0046916995;-0.023233201;0.34483793
-0.0027154151;-0.023233201;0.34483793
-0.0027154151;-0.023233201;0.34483793
-0.0027154151;-0.023233201;0.35274309
-0.0027154151;-0.023233201;0.34483793
-0.0027154151;-0.025209486;0.35274309
-0.0027154151;-0.025209486;0.34483793
-0.0027154151;-0.023233201;0.34483793
-0.0027154151;-0.025209486;0.35274309
-0.0027154151;-0.023233201;0.35274309
-0.0027154151;-0.025209486;0.34483793
-0.0027154151;-0.025209486;0.35274309
-0.00073913042;-0.023233201;0.34483793
-0.0027154151;-0.023233201;0.35274309
-0.00073913042;-0.025209486;0.35274309
-0.0027154151;-0.025209486;0.35274309
0.0012371541;-0.025209486;0.34483793
-0.00073913042;-0.025209486;0.34483793
-0.00073913042;-0.025209486;0.34483793
0.0012371541;-0.023233201;0.34483793
0.0012371541;-0.025209486;0.35274309
0.0012371541;-0.025209486;0.35274309
0.0012371541;-0.023233201;0.34483793
0.0012371541;-0.023233201;0.34483793
0.0012371541;-0.025209486;0.35274309
0.0012371541;-0.025209486;0.34483793
0.0012371541;-0.023233201;0.34483793
0.0012371541;-0.023233201;0.34483793
0.0012371541;-0.025209486;0.34483793
0.0012371541;-0.023233201;0.35274309
0.0032134387;-0.025209486;0.34483793
0.0032134387;-0.025209486;0.35274309
0.0032134387;-0.025209486;0.34483793
0.0051897233;-0.023233201;0.34483793
0.0051897233;-0.023233201;0.35274309
0.0051897233;-0.025209486;0.35274309
0.0032134387;-0.025209486;0.34483793
0.0051897233;-0.025209486;0.34483793
0.0032134387;-0.023233201;0.35274309
0.0051897233;-0.025209486;0.34483793
0.007166008;-0.025209486;0.35274309
0.0051897233;-0.025209486;0.34483793
0.007166008;-0.025209486;0.34483793
0.0051897233;-0.025209486;0.34483793
0.007166008;-0.025209486;0.34483793
0.0051897233;-0.025209486;0.34483793
0.0051897233;-0.025209486;0.34483793
0.007166008;-0.025209486;0.34483793
0.007166008;-0.023233201;0.34483793
0.0091422927;-0.025209486;0.34483793
0.007166008;-0.025209486;0.34483793
0.0091422927;-0.025209486;0.35274309
0.007166008;-0.025209486;0.34483793
0.0091422927;-0.023233201;0.35274309
0.0091422927;-0.025209486;0.35274309
0.007166008;-0.025209486;0.34483793
0.0091422927;-0.025209486;0.35274309
0.0091422927;-0.025209486;0.34483793
0.0091422927;-0.025209486;0.35274309
0.0091422927;-0.025209486;0.35274309
0.011118577;-0.025209486;0.34483793
0.011118577;-0.025209486;0.34483793
0.0091422927;-0.023233201;0.35274309
0.011118577;-0.025209486;0.35274309
0.011118577;-0.025209486;0.34483793
0.011118577;-0.025209486;0.34483793
0.011118577;-0.025209486;0.35274309
0.011118577;-0.025209486;0.34483793
0.011118577;-0.025209486;0.35274309
0.013094862;-0.025209486;0.35274309
0.011118577;-0.025209486;0.35274309
0.013094862;-0.027185772;0.34483793
0.013094862;-0.025209486;0.35274309
0.015071146;-0.025209486;0.34483793
0.013094862;-0.025209486;0.35274309
0.013094862;-0.025209486;0.34483793
0.013094862;-0.025209486;0.34483793
0.015071146;-0.025209486;0.34483793
0.015071146;-0.025209486;0.35274309
0.015071146;-0.025209486;0.34483793
0.017047431;-0.025209486;0.35274309
0.017047431;-0.025209486;0.34483793
0.015071146;-0.025209486;0.34483793
0.017047431;-0.025209486;0.34483793
0.017047431;-0.025209486;0.35274309
0.017047431;-0.025209486;0.35274309
0.017047431;-0.025209486;0.35274309
0.017047431;-0.025209486;0.34483793
0.017047431;-0.025209486;0.35274309
0.017047431;-0.025209486;0.34483793
0.017047431;-0.027185772;0.34483793
0.017047431;-0.025209486;0.34483793
0.017047431;-0.025209486;0.34483793
0.017047431;-0.025209486;0.35274309
0.019023715;-0.025209486;0.34483793
0.019023715;-0.025209486;0.35274309
0.019023715;-0.025209486;0.35274309
0.019023715;-0.027185772;0.34483793
0.019023715;-0.025209486;0.34483793
0.019023715;-0.025209486;0.34483793
0.019023715;-0.025209486;0.35274309
0.021;-0.025209486;0.35274309
0.019023715;-0.025209486;0.35274309
0.019023715;-0.025209486;0.34483793
0.021;-0.025209486;0.34483793
0.022976285;-0.025209486;0.35274309
0.021;-0.025209486;0.34483793
0.021;-0.025209486;0.34483793
0.022976285;-0.025209486;0.35274309
0.022976285;-0.025209486;0.34483793
0.021;-0.025209486;0.34483793
0.022976285;-0.025209486;0.35274309
0.02495257;-0.025209486;0.35274309
0.022976285;-0.025209486;0.35274309
0.022976285;-0.025209486;0.35274309
0.022976285;-0.025209486;0.34483793
0.02495257;-0.025209486;0.35274309
0.02495257;-0.025209486;0.34483793
0.02495257;-0.025209486;0.35274309
0.022976285;-0.025209486;0.34483793
0.02495257;-0.025209486;0.34483793
0.02495257;-0.025209486;0.34483793
0.02495257;-0.025209486;0.35274309
0.02495257;-0.025209486;0.35274309
0.026928853;-0.027185772;0.34483793
0.026928853;-0.025209486;0.35274309
0.026928853;-0.027185772;0.35274309
0.026928853;-0.025209486;0.34483793
0.026928853;-0.025209486;0.35274309
0.026928853;-0.025209486;0.35274309
0.026928853;-0.025209486;0.34483793
0.028905138;-0.025209486;0.35274309
0.028905138;-0.025209486;0.34483793
0.028905138;-0.025209486;0.35274309
0.026928853;-0.025209486;0.35274309
0.026928853;-0.025209486;0.34483793
0.028905138;-0.025209486;0.35274309
0.028905138;-0.025209486;0.34483793
0.028905138;-0.025209486;0.34483793
0.028905138;-0.025209486;0.35274309
0.028905138;-0.025209486;0.34483793
0.030881424;-0.025209486;0.34483793
0.030881424;-0.027185772;0.35274309
0.030881424;-0.025209486;0.34483793
0.030881424;-0.025209486;0.34483793
0.030881424;-0.025209486;0.35274309
0.030881424;-0.025209486;0.34483793
0.030881424;-0.025209486;0.34483793
0.030881424;-0.025209486;0.34483793
0.030881424;-0.025209486;0.35274309
0.032857709;-0.025209486;0.34483793
0.032857709;-0.025209486;0.34483793
0.032857709;-0.027185772;0.34483793
0.032857709;-0.025209486;0.34483793
0.032857709;-0.025209486;0.34483793
0.032857709;-0.025209486;0.35274309
0.034833994;-0.025209486;0.35274309
0.032857709;-0.025209486;0.35274309
0.032857709;-0.025209486;0.34483793
0.032857709;-0.025209486;0.34483793
0.034833994;-0.025209486;0.34483793
0.034833994;-0.025209486;0.34483793
0.034833994;-0.025209486;0.34483793
0.034833994;-0.025209486;0.35274309
0.036810275;-0.025209486;0.34483793
0.036810275;-0.025209486;0.34483793
0.036810275;-0.025209486;0.35274309
0.034833994;-0.025209486;0.35274309
0.036810275;-0.023233201;0.35274309
0.034833994;-0.025209486;0.35274309
0.036810275;-0.025209486;0.35274309
0.03878656;-0.025209486;0.34483793
0.036810275;-0.025209486;0.35274309
0.03878656;-0.023233201;0.35274309
0.03878656;-0.025209486;0.34483793
0.03878656;-0.025209486;0.35274309
0.03878656;-0.025209486;0.35274309
0.03878656;-0.025209486;0.35274309
0.03878656;-0.025209486;0.34483793
0.03878656;-0.025209486;0.34483793
0.03878656;-0.025209486;0.34483793
0.040762845;-0.025209486;0.35274309
0.040762845;-0.025209486;0.35274309
0.040762845;-0.025209486;0.34483793
0.040762845;-0.025209486;0.34483793
0.040762845;-0.025209486;0.34483793
0.040762845;-0.025209486;0.34483793
0.040762845;-0.025209486;0.34483793
0.040762845;-0.025209486;0.35274309
0.040762845;-0.025209486;0.35274309
0.042739131;-0.025209486;0.35274309
0.044715416;-0.025209486;0.34483793
0.042739131;-0.025209486;0.35274309
0.042739131;-0.025209486;0.35274309
0.042739131;-0.025209486;0.34483793
0.042739131;-0.025209486;0.34483793
0.042739131;-0.023233201;0.34483793
0.044715416;-0.025209486;0.35274309
0.044715416;-0.025209486;0.35274309
0.044715416;-0.025209486;0.34483793
0.042739131;-0.025209486;0.34483793
0.042739131;-0.023233201;0.35274309
0.044715416;-0.025209486;0.35274309
0.044715416;-0.025209486;0.35274309
0.044715416;-0.025209486;0.34483793
0.046691701;-0.023233201;0.35274309
0.046691701;-0.025209486;0.34483793
0.046691701;-0.023233201;0.34483793
0.044715416;-0.023233201;0.35274309
0.046691701;-0.023233201;0.35274309
0.046691701;-0.023233201;0.35274309
0.048667986;-0.023233201;0.34483793
0.046691701;-0.025209486;0.34483793
0.046691701;-0.023233201;0.35274309
0.048667986;-0.025209486;0.34483793
0.046691701;-0.025209486;0.34483793
0.046691701;-0.023233201;0.34483793
0.048667986;-0.025209486;0.35274309
0.048667986;-0.023233201;0.34483793
0.048667986;-0.023233201;0.34483793
0.048667986;-0.023233201;0.34483793
0.048667986;-0.021256916;0.34483793
0.048667986;-0.023233201;0.34483793
0.050644267;-0.023233201;0.34483793
0.048667986;-0.023233201;0.34483793
0.050644267;-0.023233201;0.34483793
0.050644267;-0.023233201;0.34483793
0.050644267;-0.021256916;0.35274309
0.050644267;-0.023233201;0.35274309
0.050644267;-0.023233201;0.34483793
0.052620552;-0.023233201;0.34483793
0.052620552;-0.021256916;0.34483793
0.050644267;-0.023233201;0.35274309
0.050644267;-0.023233201;0.35274309
0.052620552;-0.023233201;0.35274309
0.050644267;-0.023233201;0.34483793
0.052620552;-0.023233201;0.35274309
0.054596838;-0.023233201;0.34483793
0.052620552;-0.023233201;0.34483793
0.052620552;-0.023233201;0.34483793
0.054596838;-0.023233201;0.35274309
0.052620552;-0.023233201;0.35274309
0.052620552;-0.023233201;0.35274309
0.054596838;-0.023233201;0.34483793
0.054596838;-0.021256916;0.34483793
0.054596838;-0.021256916;0.34483793
0.054596838;-0.021256916;0.34483793
0.056573123;-0.021256916;0.34483793
0.054596838;-0.023233201;0.35274309
0.054596838;-0.021256916;0.34483793
0.056573123;-0.021256916;0.34483793
0.054596838;-0.023233201;0.34483793
0.056573123;-0.021256916;0.35274309
0.054596838;-0.019280633;0.34483793
0.054596838;-0.023233201;0.35274309
0.056573123;-0.023233201;0.34483793
0.056573123;-0.021256916;0.34483793
0.056573123;-0.023233201;0.35274309
0.056573123;-0.021256916;0.34483793
0.056573123;-0.021256916;0.34483793
0.056573123;-0.023233201;0.34483793
0.056573123;-0.023233201;0.35274309
0.056573123;-0.021256916;0.34483793
0.056573123;-0.021256916;0.34483793
0.056573123;-0.021256916;0.35274309
0.058549408;-0.021256916;0.34483793
0.058549408;-0.021256916;0.35274309
0.058549408;-0.023233201;0.35274309
0.058549408;-0.021256916;0.34483793
0.058549408;-0.019280633;0.34483793
0.058549408;-0.021256916;0.35274309
0.058549408;-0.021256916;0.35274309
0.058549408;-0.021256916;0.35274309
0.060525693;-0.021256916;0.35274309
0.058549408;-0.021256916;0.35274309
0.060525693;-0.021256916;0.34483793
0.060525693;-0.021256916;0.34483793
0.060525693;-0.021256916;0.35274309
0.060525693;-0.019280633;0.34483793
0.060525693;-0.021256916;0.34483793
0.060525693;-0.021256916;0.34483793
0.060525693;-0.021256916;0.34483793
0.060525693;-0.021256916;0.34483793
0.062501974;-0.021256916;0.35274309
0.062501974;-0.021256916;0.34483793
0.060525693;-0.021256916;0.34483793
0.060525693;-0.021256916;0.34483793
0.062501974;-0.021256916;0.34483793
0.062501974;-0.019280633;0.35274309
0.062501974;-0.021256916;0.35274309
0.062501974;-0.019280633;0.35274309
0.062501974;-0.021256916;0.34483793
0.062501974;-0.021256916;0.34483793
0.062501974;-0.021256916;0.34483793
0.062501974;-0.019280633;0.35274309
0.062501974;-0.019280633;0.35274309
0.062501974;-0.019280633;0.35274309
0.064478263;-0.019280633;0.35274309
0.064478263;-0.019280633;0.34483793
0.062501974;-0.019280633;0.35274309
0.062501974;-0.021256916;0.34483793
0.064478263;-0.019280633;0.34483793
0.064478263;-0.019280633;0.35274309
0.064478263;-0.019280633;0.35274309
0.064478263;-0.019280633;0.35274309
0.064478263;-0.019280633;0.35274309
0.064478263;-0.021256916;0.34483793
0.064478263;-0.021256916;0.34483793
0.064478263;-0.019280633;0.35274309
0.066454545;-0.019280633;0.34483793
0.064478263;-0.021256916;0.34483793
0.062501974;-0.021256916;0.35274309
0.066454545;-0.019280633;0.35274309
0.064478263;-0.019280633;0.34483793
0.066454545;-0.019280633;0.35274309
0.064478263;-0.019280633;0.35274309
0.066454545;-0.019280633;0.35274309
0.064478263;-0.019280633;0.35274309
0.064478263;-0.019280633;0.35274309
0.066454545;-0.019280633;0.34483793
0.068430834;-0.019280633;0.35274309
0.066454545;-0.017304348;0.34483793
0.066454545;-0.019280633;0.35274309
0.068430834;-0.019280633;0.34483793
0.068430834;-0.019280633;0.35274309
0.068430834;-0.019280633;0.35274309
0.068430834;-0.019280633;0.34483793
0.066454545;-0.017304348;0.34483793
0.068430834;-0.017304348;0.34483793
0.068430834;-0.019280633;0.34483793
0.066454545;-0.019280633;0.35274309
0.068430834;-0.019280633;0.35274309
0.068430834;-0.019280633;0.34483793
0.068430834;-0.017304348;0.34483793
0.068430834;-0.017304348;0.35274309
0.068430834;-0.017304348;0.34483793
0.068430834;-0.017304348;0.34483793
0.068430834;-0.017304348;0.34483793
0.070407115;-0.017304348;0.34483793
0.068430834;-0.019280633;0.35274309
0.068430834;-0.019280633;0.33693281
0.070407115;-0.017304348;0.34483793
0.070407115;-0.017304348;0.34483793
0.070407115;-0.017304348;0.35274309
0.070407115;-0.017304348;0.35274309
0.068430834;-0.017304348;0.34483793
0.070407115;-0.017304348;0.34483793
0.070407115;-0.015328064;0.35274309
0.070407115;-0.017304348;0.34483793
0.070407115;-0.017304348;0.35274309
0.070407115;-0.017304348;0.35274309
0.070407115;-0.017304348;0.34483793
0.070407115;-0.017304348;0.35274309
0.070407115;-0.017304348;0.35274309
0.070407115;-0.017304348;0.34483793
0.070407115;-0.015328064;0.34483793
0.070407115;-0.017304348;0.34483793
0.070407115;-0.017304348;0.35274309
0.070407115;-0.017304348;0.35274309
0.072383396;-0.015328064;0.34483793
0.070407115;-0.015328064;0.34483793
0.070407115;-0.015328064;0.35274309
0.070407115;-0.015328064;0.34483793
0.070407115;-0.015328064;0.35274309
0.070407115;-0.015328064;0.34483793
0.070407115;-0.015328064;0.34483793
0.070407115;-0.015328064;0.34483793
0.072383396;-0.015328064;0.34483793
0.072383396;-0.015328064;0.35274309
0.072383396;-0.015328064;0.34483793
0.072383396;-0.015328064;0.34483793
0.072383396;-0.015328064;0.34483793
0.072383396;-0.015328064;0.35274309
0.072383396;-0.015328064;0.34483793
0.072383396;-0.013351778;0.34483793
0.072383396;-0.015328064;0.35274309
0.072383396;-0.015328064;0.34483793
0.074359685;-0.015328064;0.34483793
0.072383396;-0.013351778;0.34483793
0.072383396;-0.013351778;0.35274309
0.072383396;-0.013351778;0.35274309
0.074359685;-0.015328064;0.35274309
0.072383396;-0.015328064;0.35274309
0.072383396;-0.015328064;0.34483793
0.072383396;-0.015328064;0.34483793
0.072383396;-0.013351778;0.35274309
0.074359685;-0.015328064;0.34483793
0.072383396;-0.015328064;0.35274309
0.072383396;-0.015328064;0.35274309
0.072383396;-0.013351778;0.34483793
0.072383396;-0.013351778;0.35274309
0.072383396;-0.013351778;0.35274309
0.074359685;-0.013351778;0.35274309
0.074359685;-0.013351778;0.34483793
0.072383396;-0.013351778;0.34483793
0.074359685;-0.015328064;0.34483793
0.074359685;-0.013351778;0.34483793
0.074359685;-0.013351778;0.34483793
0.072383396;-0.013351778;0.34483793
0.074359685;-0.013351778;0.34483793
0.072383396;-0.013351778;0.34483793
0.074359685;-0.013351778;0.34483793
0.074359685;-0.013351778;0.34483793
0.074359685;-0.011375494;0.34483793
0.074359685;-0.013351778;0.34483793
0.074359685;-0.011375494;0.35274309
0.074359685;-0.013351778;0.35274309
0.074359685;-0.011375494;0.35274309
0.074359685;-0.011375494;0.34483793
0.074359685;-0.011375494;0.35274309
0.074359685;-0.011375494;0.34483793
0.074359685;-0.013351778;0.35274309
0.076335967;-0.013351778;0.34483793
0.076335967;-0.011375494;0.34483793
0.074359685;-0.011375494;0.34483793
0.074359685;-0.011375494;0.35274309
0.074359685;-0.011375494;0.35274309
0.074359685;-0.013351778;0.34483793
0.074359685;-0.011375494;0.34483793
0.074359685;-0.011375494;0.35274309
0.074359685;-0.011375494;0.34483793
0.074359685;-0.013351778;0.34483793
0.074359685;-0.011375494;0.34483793
0.074359685;-0.011375494;0.34483793
0.076335967;-0.011375494;0.34483793
0.074359685;-0.011375494;0.34483793
0.074359685;-0.011375494;0.35274309
0.076335967;-0.011375494;0.35274309
0.074359685;-0.011375494;0.34483793
0.074359685;-0.011375494;0.35274309
0.076335967;-0.011375494;0.35274309
0.076335967;-0.0093992092;0.35274309
0.074359685;-0.011375494;0.34483793
0.076335967;-0.011375494;0.34483793
0.076335967;-0.011375494;0.34483793
0.074359685;-0.011375494;0.34483793
0.076335967;-0.0093992092;0.34483793
0.078312255;-0.0093992092;0.34483793
0.074359685;-0.011375494;0.34483793
0.076335967;-0.0093992092;0.34483793
0.076335967;-0.0093992092;0.35274309
0.076335967;-0.0093992092;0.34483793
0.076335967;-0.0093992092;0.35274309
0.074359685;-0.0093992092;0.35274309
0.074359685;-0.0093992092;0.35274309
0.076335967;-0.007422925;0.34483793
0.074359685;-0.011375494;0.35274309
0.074359685;-0.0093992092;0.35274309
0.076335967;-0.0093992092;0.35274309
0.074359685;-0.0093992092;0.35274309
0.074359685;-0.007422925;0.34483793
0.076335967;-0.0093992092;0.34483793
0.074359685;-0.007422925;0.35274309
0.076335967;-0.0093992092;0.34483793
0.074359685;-0.0093992092;0.34483793
0.076335967;-0.007422925;0.35274309
0.074359685;-0.007422925;0.34483793
0.074359685;-0.007422925;0.34483793
0.074359685;-0.007422925;0.35274309
0.076335967;-0.007422925;0.34483793
0.074359685;-0.0093992092;0.34483793
0.074359685;-0.007422925;0.35274309
0.072383396;-0.007422925;0.35274309
0.074359685;-0.007422925;0.34483793
0.074359685;-0.007422925;0.35274309
0.074359685;-0.007422925;0.34483793
0.074359685;-0.007422925;0.35274309
0.074359685;-0.007422925;0.34483793
0.076335967;-0.007422925;0.35274309
0.074359685;-0.007422925;0.34483793
0.074359685;-0.007422925;0.35274309
0.072383396;-0.0054466403;0.35274309
0.074359685;-0.007422925;0.35274309
0.074359685;-0.0054466403;0.34483793
0.072383396;-0.0054466403;0.34483793
0.074359685;-0.0054466403;0.35274309
0.074359685;-0.007422925;0.35274309
0.074359685;-0.0054466403;0.35274309
0.074359685;-0.0054466403;0.34483793
0.074359685;-0.0054466403;0.34483793
0.074359685;-0.007422925;0.34483793
0.074359685;-0.0054466403;0.35274309
0.072383396;-0.007422925;0.35274309
0.074359685;-0.0054466403;0.34483793
0.072383396;-0.0054466403;0.35274309
0.074359685;-0.0054466403;0.34483793
0.074359685;-0.0054466403;0.35274309
0.074359685;-0.0054466403;0.34483793
0.074359685;-0.0054466403;0.34483793
0.072383396;-0.0054466403;0.34483793
0.074359685;-0.0054466403;0.34483793
0.072383396;-0.0054466403;0.35274309
0.074359685;-0.0054466403;0.34483793
0.072383396;-0.0054466403;0.34483793
0.072383396;-0.0054466403;0.34483793
0.072383396;-0.0054466403;0.33693281
0.072383396;-0.0034703556;0.34483793
0.074359685;-0.0054466403;0.34483793
0.072383396;-0.0054466403;0.35274309
0.070407115;-0.0054466403;0.35274309
0.074359685;-0.0054466403;0.35274309
0.072383396;-0.0054466403;0.34483793
0.072383396;-0.0054466403;0.34483793
0.074359685;-0.0054466403;0.35274309
0.072383396;-0.0034703556;0.34483793
0.074359685;-0.0034703556;0.35274309
0.072383396;-0.0054466403;0.34483793
0.072383396;-0.0034703556;0.35274309
0.072383396;-0.0054466403;0.35274309
0.072383396;-0.0034703556;0.34483793
0.072383396;-0.0034703556;0.34483793
0.072383396;-0.0034703556;0.35274309
0.070407115;-0.0034703556;0.34483793
0.070407115;-0.0054466403;0.35274309
0.070407115;-0.0034703556;0.35274309
0.070407115;-0.0034703556;0.34483793
0.072383396;-0.0034703556;0.35274309
0.072383396;-0.0034703556;0.35274309
0.070407115;-0.0034703556;0.35274309
0.070407115;-0.0014940711;0.34483793
0.070407115;-0.0034703556;0.34483793
0.070407115;-0.0034703556;0.35274309
0.068430834;-0.0034703556;0.34483793
0.070407115;-0.0034703556;0.34483793
0.070407115;-0.0034703556;0.35274309
0.068430834;-0.0014940711;0.34483793
0.070407115;-0.0014940711;0.34483793
0.068430834;-0.0034703556;0.34483793
0.068430834;-0.0034703556;0.35274309
0.070407115;-0.0014940711;0.34483793
0.068430834;-0.0014940711;0.34483793
0.068430834;-0.0014940711;0.35274309
0.070407115;-0.0034703556;0.34483793
0.068430834;-0.0014940711;0.35274309
0.066454545;-0.0014940711;0.35274309
0.068430834;-0.0014940711;0.35274309
0.068430834;-0.0014940711;0.35274309
0.068430834;-0.0014940711;0.35274309
0.068430834;-0.0014940711;0.34483793
0.066454545;0.00048221345;0.35274309
0.066454545;-0.0014940711;0.34483793
0.068430834;0.00048221345;0.35274309
0.068430834;0.00048221345;0.34483793
0.068430834;0.00048221345;0.34483793
0.066454545;-0.0014940711;0.34483793
0.066454545;0.00048221345;0.34483793
0.066454545;-0.0014940711;0.35274309
0.066454545;0.00048221345;0.35274309
0.066454545;-0.0014940711;0.34483793
0.066454545;0.00048221345;0.34483793
0.066454545;0.0024584981;0.34483793
0.066454545;0.00048221345;0.35274309
0.066454545;0.00048221345;0.34483793
0.066454545;0.0024584981;0.35274309
0.066454545;0.00048221345;0.34483793
0.068430834;0.00048221345;0.35274309
0.064478263;0.00048221345;0.35274309
0.064478263;0.0024584981;0.35274309
0.066454545;0.00048221345;0.35274309
0.066454545;0.00048221345;0.34483793
0.064478263;0.00048221345;0.35274309
0.066454545;0.00048221345;0.35274309
0.066454545;0.0024584981;0.35274309
0.066454545;0.00048221345;0.35274309
0.064478263;0.00048221345;0.34483793
0.064478263;0.00048221345;0.34483793
0.064478263;0.0024584981;0.35274309
0.064478263;0.0024584981;0.34483793
0.064478263;0.0024584981;0.34483793
0.066454545;0.0024584981;0.34483793
0.064478263;0.0024584981;0.34483793
0.064478263;0.0024584981;0.34483793
0.064478263;0.00048221345;0.35274309
0.064478263;0.0044347825;0.35274309
0.064478263;0.0044347825;0.35274309
0.064478263;0.0024584981;0.35274309
0.062501974;0.0024584981;0.34483793
0.062501974;0.0024584981;0.34483793
0.064478263;0.0044347825;0.35274309
0.064478263;0.0024584981;0.35274309
0.062501974;0.0024584981;0.35274309
0.062501974;0.0044347825;0.34483793
0.062501974;0.0024584981;0.35274309
0.062501974;0.0044347825;0.35274309
0.062501974;0.0044347825;0.35274309
0.060525693;0.0044347825;0.35274309
0.062501974;0.0044347825;0.35274309
0.060525693;0.0044347825;0.34483793
0.062501974;0.0044347825;0.35274309
0.062501974;0.0044347825;0.35274309
0.062501974;0.0044347825;0.34483793
0.058549408;0.0064110672;0.34483793
0.060525693;0.0064110672;0.35274309
0.058549408;0.0064110672;0.35274309
0.060525693;0.0044347825;0.35274309
0.060525693;0.0044347825;0.34483793
0.060525693;0.0064110672;0.34483793
0.058549408;0.0064110672;0.35274309
0.058549408;0.0044347825;0.34483793
0.060525693;0.0044347825;0.35274309
0.058549408;0.0044347825;0.35274309
0.058549408;0.0044347825;0.34483793
0.058549408;0.0044347825;0.35274309
0.058549408;0.0064110672;0.34483793
0.058549408;0.0064110672;0.34483793
0.058549408;0.0064110672;0.35274309
0.058549408;0.0064110672;0.35274309
0.058549408;0.0064110672;0.34483793
0.058549408;0.0064110672;0.34483793
0.056573123;0.0064110672;0.35274309
0.058549408;0.0064110672;0.35274309
0.058549408;0.0064110672;0.34483793
0.058549408;0.0064110672;0.34483793
0.056573123;0.0064110672;0.34483793
0.056573123;0.0083873514;0.35274309
0.056573123;0.0083873514;0.34483793
0.056573123;0.0064110672;0.34483793
0.054596838;0.0083873514;0.35274309
0.056573123;0.0064110672;0.34483793
0.054596838;0.0064110672;0.35274309
0.056573123;0.0083873514;0.35274309
0.056573123;0.0083873514;0.34483793
0.054596838;0.0083873514;0.35274309
0.054596838;0.0083873514;0.34483793
0.054596838;0.0083873514;0.34483793
0.054596838;0.0083873514;0.35274309
0.054596838;0.0083873514;0.35274309
0.054596838;0.0083873514;0.34483793
0.054596838;0.0083873514;0.34483793
0.054596838;0.010363637;0.35274309
0.054596838;0.0083873514;0.35274309
0.054596838;0.010363637;0.34483793
0.052620552;0.010363637;0.34483793
0.054596838;0.0083873514;0.34483793
0.052620552;0.010363637;0.34483793
0.052620552;0.010363637;0.34483793
0.052620552;0.010363637;0.35274309
0.052620552;0.0083873514;0.34483793
0.052620552;0.010363637;0.35274309
0.052620552;0.010363637;0.35274309
0.050644267;0.010363637;0.34483793
0.052620552;0.010363637;0.35274309
0.050644267;0.010363637;0.35274309
0.050644267;0.010363637;0.34483793
0.050644267;0.010363637;0.35274309
0.048667986;0.010363637;0.35274309
0.050644267;0.010363637;0.34483793
0.048667986;0.010363637;0.35274309
0.050644267;0.010363637;0.34483793
0.050644267;0.010363637;0.35274309
0.048667986;0.010363637;0.34483793
0.048667986;0.010363637;0.35274309
0.048667986;0.010363637;0.35274309
0.048667986;0.012339921;0.35274309
0.048667986;0.012339921;0.34483793
0.048667986;0.010363637;0.34483793
0.046691701;0.010363637;0.35274309
0.048667986;0.012339921;0.34483793
0.046691701;0.012339921;0.35274309
0.046691701;0.012339921;0.35274309
0.046691701;0.012339921;0.35274309
0.048667986;0.014316206;0.35274309
0.046691701;0.012339921;0.34483793
0.044715416;0.012339921;0.35274309
0.046691701;0.014316206;0.34483793
0.046691701;0.012339921;0.34483793
0.046691701;0.012339921;0.34483793
0.044715416;0.012339921;0.34483793
0.044715416;0.014316206;0.34483793
0.042739131;0.014316206;0.34483793
0.042739131;0.012339921;0.34483793
0.044715416;0.012339921;0.34483793
0.044715416;0.012339921;0.34483793
0.042739131;0.014316206;0.35274309
0.044715416;0.014316206;0.35274309
0.042739131;0.012339921;0.34483793
0.042739131;0.014316206;0.34483793
0.042739131;0.014316206;0.34483793
0.042739131;0.01629249;0.35274309
0.042739131;0.014316206;0.34483793
0.042739131;0.014316206;0.34483793
0.040762845;0.01629249;0.34483793
0.042739131;0.014316206;0.35274309
0.042739131;0.014316206;0.34483793
0.040762845;0.014316206;0.35274309
0.040762845;0.014316206;0.34483793
0.040762845;0.01629249;0.34483793
0.040762845;0.01629249;0.34483793
0.03878656;0.01629249;0.35274309
0.040762845;0.01629249;0.35274309
0.040762845;0.01629249;0.35274309
0.040762845;0.01629249;0.34483793
0.03878656;0.01629249;0.35274309
0.040762845;0.01629249;0.34483793
0.03878656;0.018268775;0.35274309
0.03878656;0.018268775;0.34483793
0.036810275;0.01629249;0.34483793
0.036810275;0.01629249;0.34483793
0.036810275;0.01629249;0.34483793
0.036810275;0.01629249;0.35274309
0.036810275;0.01629249;0.35274309
0.036810275;0.018268775;0.34483793
0.036810275;0.018268775;0.35274309
0.036810275;0.018268775;0.34483793
0.036810275;0.018268775;0.35274309
0.036810275;0.018268775;0.34483793
0.036810275;0.020245058;0.34483793
0.036810275;0.018268775;0.34483793
0.034833994;0.018268775;0.34483793
0.034833994;0.018268775;0.34483793
0.032857709;0.018268775;0.35274309
0.034833994;0.018268775;0.34483793
0.032857709;0.018268775;0.35274309
0.034833994;0.020245058;0.34483793
0.034833994;0.018268775;0.34483793
0.032857709;0.018268775;0.34483793
0.034833994;0.020245058;0.35274309
0.032857709;0.020245058;0.34483793
0.032857709;0.018268775;0.34483793
0.032857709;0.020245058;0.34483793
0.032857709;0.018268775;0.34483793
0.032857709;0.020245058;0.34483793
0.032857709;0.022221344;0.35274309
0.032857709;0.020245058;0.35274309
0.030881424;0.020245058;0.34483793
0.030881424;0.020245058;0.34483793
0.030881424;0.020245058;0.35274309
0.030881424;0.020245058;0.34483793
0.030881424;0.022221344;0.34483793
0.028905138;0.022221344;0.34483793
0.028905138;0.020245058;0.35274309
0.028905138;0.020245058;0.34483793
0.028905138;0.020245058;0.34483793
0.028905138;0.022221344;0.34483793
0.028905138;0.020245058;0.35274309
0.028905138;0.022221344;0.34483793
0.026928853;0.022221344;0.34483793
0.028905138;0.022221344;0.35274309
0.028905138;0.022221344;0.34483793
0.026928853;0.022221344;0.35274309
0.028905138;0.022221344;0.34483793
0.026928853;0.022221344;0.34483793
0.026928853;0.020245058;0.34483793
0.026928853;0.022221344;0.35274309
0.026928853;0.022221344;0.34483793
0.02495257;0.022221344;0.35274309
0.02495257;0.022221344;0.34483793
0.02495257;0.022221344;0.35274309
0.02495257;0.022221344;0.34483793
0.02495257;0.024197629;0.34483793
0.02495257;0.024197629;0.34483793
0.02495257;0.022221344;0.34483793
0.02495257;0.024197629;0.34483793
0.022976285;0.024197629;0.35274309
0.022976285;0.024197629;0.34483793
0.022976285;0.024197629;0.34483793
0.022976285;0.024197629;0.35274309
0.022976285;0.024197629;0.34483793
0.022976285;0.026173914;0.35274309
0.022976285;0.024197629;0.35274309
0.022976285;0.026173914;0.34483793
0.022976285;0.024197629;0.35274309
0.021;0.024197629;0.35274309
0.022976285;0.026173914;0.35274309
0.021;0.024197629;0.35274309
0.021;0.026173914;0.35274309
0.019023715;0.024197629;0.34483793
0.021;0.026173914;0.34483793
0.022976285;0.026173914;0.34483793
0.019023715;0.026173914;0.34483793
0.021;0.026173914;0.34483793
0.021;0.026173914;0.35274309
0.019023715;0.026173914;0.34483793
0.019023715;0.026173914;0.35274309
0.019023715;0.026173914;0.35274309
0.019023715;0.026173914;0.34483793
0.017047431;0.026173914;0.35274309
0.019023715;0.026173914;0.34483793
0.019023715;0.026173914;0.34483793
0.019023715;0.028150197;0.34483793
0.017047431;0.026173914;0.34483793
0.017047431;0.026173914;0.34483793
0.017047431;0.026173914;0.34483793
0.017047431;0.026173914;0.34483793
0.017047431;0.026173914;0.34483793
0.017047431;0.026173914;0.34483793
0.017047431;0.028150197;0.35274309
0.017047431;0.028150197;0.33693281
0.015071146;0.028150197;0.34483793
0.015071146;0.028150197;0.34483793
0.015071146;0.028150197;0.34483793
0.017047431;0.028150197;0.34483793
0.015071146;0.030126482;0.34483793
0.013094862;0.028150197;0.35274309
0.015071146;0.030126482;0.34483793
0.013094862;0.030126482;0.34483793
0.013094862;0.030126482;0.34483793
0.013094862;0.030126482;0.34483793
0.015071146;0.030126482;0.34483793
0.013094862;0.028150197;0.34483793
0.013094862;0.028150197;0.34483793
0.013094862;0.030126482;0.35274309
0.013094862;0.030126482;0.35274309
0.011118577;0.030126482;0.34483793
0.011118577;0.030126482;0.35274309
0.011118577;0.030126482;0.34483793
0.013094862;0.030126482;0.35274309
0.011118577;0.028150197;0.35274309
0.011118577;0.032102767;0.35274309
0.011118577;0.030126482;0.34483793
0.0091422927;0.030126482;0.34483793
0.011118577;0.030126482;0.35274309
0.011118577;0.030126482;0.34483793
0.0091422927;0.030126482;0.34483793
0.0091422927;0.032102767;0.34483793
0.007166008;0.032102767;0.35274309
0.007166008;0.032102767;0.35274309
0.0091422927;0.032102767;0.35274309
0.007166008;0.032102767;0.35274309
0.007166008;0.032102767;0.35274309
0.0051897233;0.032102767;0.35274309
0.0091422927;0.030126482;0.35274309
0.007166008;0.032102767;0.35274309
0.0051897233;0.032102767;0.34483793
0.0051897233;0.032102767;0.35274309
0.007166008;0.032102767;0.34483793
0.007166008;0.032102767;0.34483793
0.0051897233;0.032102767;0.34483793
0.0051897233;0.032102767;0.34483793
0.0051897233;0.034079053;0.34483793
0.0051897233;0.034079053;0.34483793
0.0051897233;0.032102767;0.34483793
0.0051897233;0.032102767;0.35274309
0.0051897233;0.034079053;0.35274309
0.0051897233;0.032102767;0.35274309
0.0051897233;0.032102767;0.35274309
0.0012371541;0.034079053;0.35274309
0.0051897233;0.034079053;0.35274309
0.0012371541;0.034079053;0.35274309
0.0032134387;0.034079053;0.34483793
0.0032134387;0.034079053;0.34483793
0.0012371541;0.034079053;0.35274309
0.0032134387;0.034079053;0.34483793
0.0012371541;0.034079053;0.35274309
0.0032134387;0.034079053;0.35274309
-0.00073913042;0.036055338;0.35274309
-0.00073913042;0.036055338;0.34483793
-0.00073913042;0.036055338;0.34483793
0.0012371541;0.034079053;0.34483793
-0.00073913042;0.036055338;0.34483793
0.0012371541;0.036055338;0.34483793
-0.00073913042;0.036055338;0.34483793
-0.00073913042;0.036055338;0.34483793
-0.00073913042;0.036055338;0.34483793
-0.00073913042;0.036055338;0.34483793
-0.0027154151;0.036055338;0.35274309
-0.00073913042;0.036055338;0.35274309
-0.00073913042;0.036055338;0.34483793
-0.00073913042;0.036055338;0.34483793
-0.0027154151;0.036055338;0.35274309
-0.00073913042;0.036055338;0.34483793
-0.0027154151;0.036055338;0.34483793
-0.0027154151;0.036055338;0.34483793
-0.0027154151;0.036055338;0.34483793
-0.0027154151;0.038031619;0.34483793
-0.0046916995;0.038031619;0.34483793
-0.0027154151;0.036055338;0.34483793
-0.0046916995;0.038031619;0.34483793
-0.0046916995;0.036055338;0.34483793
-0.0046916995;0.038031619;0.34483793
-0.0046916995;0.038031619;0.34483793
-0.0046916995;0.036055338;0.34483793
-0.0046916995;0.038031619;0.34483793
-0.0046916995;0.038031619;0.34483793
-0.0046916995;0.038031619;0.34483793
-0.0066679842;0.038031619;0.34483793
-0.0046916995;0.038031619;0.34483793
-0.0046916995;0.038031619;0.35274309
-0.0046916995;0.038031619;0.34483793
-0.0066679842;0.038031619;0.34483793
-0.0046916995;0.038031619;0.34483793
-0.0066679842;0.038031619;0.35274309
-0.0066679842;0.040007904;0.34483793
-0.0066679842;0.040007904;0.34483793
-0.0066679842;0.038031619;0.34483793
-0.0086442688;0.038031619;0.34483793
-0.0066679842;0.040007904;0.34483793
-0.0086442688;0.040007904;0.34483793
-0.010620553;0.040007904;0.35274309
-0.0086442688;0.040007904;0.34483793
-0.0086442688;0.040007904;0.35274309
-0.0086442688;0.040007904;0.34483793
-0.0086442688;0.040007904;0.34483793
-0.0066679842;0.040007904;0.35274309
-0.010620553;0.040007904;0.34483793
-0.0086442688;0.040007904;0.35274309
-0.010620553;0.040007904;0.34483793
-0.010620553;0.041984189;0.35274309
-0.010620553;0.041984189;0.35274309
-0.0086442688;0.041984189;0.34483793
-0.010620553;0.040007904;0.34483793
-0.010620553;0.041984189;0.35274309
-0.010620553;0.041984189;0.34483793
-0.010620553;0.040007904;0.34483793
-0.010620553;0.041984189;0.35274309
-0.010620553;0.041984189;0.35274309
-0.012596838;0.041984189;0.34483793
-0.012596838;0.041984189;0.34483793
-0.012596838;0.041984189;0.34483793
-0.010620553;0.041984189;0.35274309
-0.012596838;0.041984189;0.34483793
-0.012596838;0.041984189;0.35274309
-0.012596838;0.041984189;0.34483793
-0.012596838;0.041984189;0.35274309
-0.014573122;0.041984189;0.34483793
-0.014573122;0.041984189;0.35274309
-0.014573122;0.043960474;0.34483793
-0.016549407;0.041984189;0.35274309
-0.012596838;0.041984189;0.35274309
-0.014573122;0.041984189;0.34483793
-0.016549407;0.043960474;0.34483793
-0.014573122;0.043960474;0.34483793
-0.014573122;0.041984189;0.34483793
-0.012596838;0.041984189;0.35274309
-0.014573122;0.041984189;0.35274309
-0.014573122;0.041984189;0.34483793
-0.016549407;0.041984189;0.34483793
-0.016549407;0.041984189;0.34483793
-0.014573122;0.043960474;0.35274309
-0.016549407;0.043960474;0.34483793
-0.016549407;0.041984189;0.35274309
-0.016549407;0.043960474;0.35274309
-0.016549407;0.043960474;0.34483793
-0.016549407;0.043960474;0.34483793
-0.016549407;0.043960474;0.35274309
-0.016549407;0.043960474;0.35274309
-0.016549407;0.043960474;0.34483793
-0.016549407;0.043960474;0.35274309
-0.018525692;0.04593676;0.34483793
-0.018525692;0.04593676;0.34483793
-0.016549407;0.043960474;0.34483793
-0.020501977;0.04593676;0.34483793
-0.016549407;0.04593676;0.34483793
-0.018525692;0.043960474;0.34483793
-0.018525692;0.04593676;0.34483793
-0.018525692;0.04593676;0.34483793
-0.018525692;0.04593676;0.35274309
-0.020501977;0.04593676;0.34483793
-0.020501977;0.04593676;0.34483793
-0.020501977;0.04593676;0.34483793
-0.018525692;0.04593676;0.34483793
-0.020501977;0.04593676;0.35274309
-0.020501977;0.047913045;0.35274309
-0.020501977;0.047913045;0.34483793
-0.020501977;0.04593676;0.35274309
-0.020501977;0.04593676;0.35274309
-0.020501977;0.047913045;0.35274309
-0.020501977;0.047913045;0.34483793
-0.020501977;0.047913045;0.35274309
-0.018525692;0.047913045;0.35274309
-0.020501977;0.047913045;0.34483793
-0.02247826;0.047913045;0.34483793
-0.020501977;0.04593676;0.35274309
-0.02247826;0.047913045;0.34483793
-0.02247826;0.047913045;0.35274309
-0.020501977;0.047913045;0.35274309
-0.02247826;0.047913045;0.35274309
-0.020501977;0.047913045;0.35274309
-0.02247826;0.047913045;0.35274309
-0.02247826;0.047913045;0.34483793
-0.02247826;0.047913045;0.34483793
-0.02247826;0.047913045;0.35274309
-0.02247826;0.047913045;0.34483793
-0.02247826;0.047913045;0.34483793
-0.02247826;0.04988933;0.34483793
-0.024454545;0.047913045;0.35274309
-0.024454545;0.04988933;0.35274309
-0.02247826;0.047913045;0.34483793
-0.024454545;0.04988933;0.34483793
-0.024454545;0.04988933;0.35274309
-0.024454545;0.04988933;0.35274309
-0.024454545;0.047913045;0.35274309
-0.024454545;0.047913045;0.35274309
-0.024454545;0.047913045;0.35274309
-0.024454545;0.047913045;0.35274309
-0.024454545;0.04988933;0.34483793
-0.02247826;0.04988933;0.34483793
-0.024454545;0.04988933;0.35274309
-0.024454545;0.047913045;0.34483793
-0.024454545;0.04988933;0.35274309
-0.024454545;0.04988933;0.34483793
-0.02643083;0.04988933;0.34483793
-0.024454545;0.04988933;0.34483793
-0.024454545;0.047913045;0.34483793
-0.024454545;0.04988933;0.35274309
-0.02643083;0.04988933;0.35274309
-0.02643083;0.04988933;0.35274309
-0.024454545;0.04988933;0.34483793
-0.02643083;0.051865611;0.35274309
-0.02643083;0.04988933;0.34483793
-0.02643083;0.04988933;0.34483793
-0.028407115;0.04988933;0.35274309
-0.024454545;0.051865611;0.35274309
-0.02643083;0.04988933;0.34483793
-0.02643083;0.04988933;0.34483793
-0.028407115;0.053841896;0.34483793
-0.02643083;0.051865611;0.35274309
-0.028407115;0.04988933;0.34483793
-0.024454545;0.051865611;0.34483793
-0.02643083;0.051865611;0.34483793
-0.02643083;0.053841896;0.34483793
-0.028407115;0.051865611;0.35274309
-0.028407115;0.051865611;0.34483793
-0.02643083;0.053841896;0.35274309
-0.028407115;0.051865611;0.34483793
-0.028407115;0.051865611;0.34483793
-0.028407115;0.053841896;0.34483793
-0.028407115;0.051865611;0.34483793
-0.028407115;0.053841896;0.35274309
-0.02643083;0.051865611;0.34483793
-0.028407115;0.051865611;0.34483793
-0.028407115;0.053841896;0.34483793
-0.02643083;0.053841896;0.34483793
-0.028407115;0.053841896;0.34483793
-0.028407115;0.053841896;0.34483793
-0.028407115;0.053841896;0.34483793
-0.02643083;0.053841896;0.34483793
-0.028407115;0.055818181;0.35274309
-0.030383399;0.053841896;0.34483793
-0.030383399;0.053841896;0.34483793
-0.028407115;0.053841896;0.34483793
-0.028407115;0.053841896;0.34483793
-0.028407115;0.053841896;0.35274309
-0.028407115;0.053841896;0.35274309
-0.028407115;0.053841896;0.34483793
-0.030383399;0.053841896;0.34483793
-0.028407115;0.053841896;0.34483793
-0.030383399;0.053841896;0.35274309
-0.028407115;0.053841896;0.34483793
-0.028407115;0.053841896;0.34483793
-0.030383399;0.055818181;0.35274309
-0.028407115;0.053841896;0.35274309
-0.028407115;0.053841896;0.35274309
-0.030383399;0.053841896;0.34483793
-0.030383399;0.053841896;0.34483793
-0.028407115;0.055818181;0.35274309
-0.030383399;0.055818181;0.35274309
-0.030383399;0.053841896;0.35274309
-0.028407115;0.055818181;0.34483793
-0.030383399;0.055818181;0.35274309
-0.030383399;0.055818181;0.34483793
-0.030383399;0.055818181;0.35274309
-0.030383399;0.055818181;0.34483793
-0.030383399;0.053841896;0.35274309
-0.030383399;0.055818181;0.34483793
-0.030383399;0.055818181;0.35274309
-0.030383399;0.055818181;0.34483793
-0.028407115;0.055818181;0.35274309
-0.030383399;0.055818181;0.34483793
-0.030383399;0.055818181;0.35274309
-0.030383399;0.057794467;0.34483793
-0.028407115;0.057794467;0.34483793
-0.030383399;0.055818181;0.34483793
-0.030383399;0.055818181;0.35274309
-0.028407115;0.055818181;0.34483793
-0.030383399;0.057794467;0.34483793
-0.030383399;0.057794467;0.34483793
-0.030383399;0.057794467;0.34483793
-0.030383399;0.057794467;0.34483793
-0.030383399;0.057794467;0.34483793
-0.030383399;0.057794467;0.34483793
-0.030383399;0.057794467;0.34483793
-0.030383399;0.057794467;0.34483793
-0.030383399;0.057794467;0.35274309
-0.030383399;0.057794467;0.34483793
-0.032359682;0.057794467;0.34483793
-0.030383399;0.057794467;0.35274309
-0.030383399;0.057794467;0.35274309
-0.030383399;0.057794467;0.35274309
-0.030383399;0.057794467;0.34483793
-0.030383399;0.057794467;0.35274309
-0.030383399;0.059770752;0.35274309
-0.030383399;0.057794467;0.35274309
-0.030383399;0.057794467;0.35274309
-0.030383399;0.059770752;0.35274309
-0.032359682;0.057794467;0.34483793
-0.030383399;0.057794467;0.34483793
-0.030383399;0.059770752;0.35274309
-0.030383399;0.059770752;0.34483793
-0.030383399;0.057794467;0.34483793
-0.030383399;0.059770752;0.34483793
-0.030383399;0.059770752;0.34483793
-0.030383399;0.057794467;0.34483793
-0.030383399;0.059770752;0.34483793
-0.030383399;0.059770752;0.34483793
-0.030383399;0.059770752;0.35274309
-0.030383399;0.059770752;0.34483793
-0.030383399;0.059770752;0.35274309
-0.030383399;0.057794467;0.34483793
-0.032359682;0.059770752;0.34483793
-0.030383399;0.059770752;0.34483793
-0.030383399;0.059770752;0.35274309
-0.030383399;0.059770752;0.35274309
-0.028407115;0.059770752;0.34483793
-0.030383399;0.057794467;0.34483793
-0.030383399;0.059770752;0.34483793
-0.030383399;0.059770752;0.35274309
-0.030383399;0.059770752;0.35274309
-0.030383399;0.059770752;0.34483793
-0.030383399;0.059770752;0.34483793
-0.030383399;0.059770752;0.34483793
-0.030383399;0.059770752;0.35274309
-0.028407115;0.061747037;0.35274309
-0.030383399;0.059770752;0.35274309
-0.030383399;0.059770752;0.35274309
-0.030383399;0.059770752;0.35274309
-0.030383399;0.059770752;0.34483793
-0.030383399;0.059770752;0.34483793
-0.030383399;0.061747037;0.34483793
-0.028407115;0.059770752;0.35274309
-0.030383399;0.059770752;0.35274309
-0.030383399;0.061747037;0.34483793
-0.030383399;0.061747037;0.35274309
-0.030383399;0.061747037;0.34483793
-0.030383399;0.061747037;0.34483793
-0.030383399;0.061747037;0.34483793
-0.028407115;0.059770752;0.35274309
-0.030383399;0.061747037;0.34483793
-0.030383399;0.061747037;0.34483793
-0.028407115;0.061747037;0.34483793
-0.028407115;0.061747037;0.35274309
-0.030383399;0.061747037;0.34483793
-0.028407115;0.061747037;0.34483793
-0.030383399;0.061747037;0.34483793
-0.028407115;0.061747037;0.35274309
-0.028407115;0.061747037;0.34483793
-0.030383399;0.061747037;0.34483793
-0.028407115;0.063723318;0.34483793
-0.028407115;0.061747037;0.34483793
-0.028407115;0.059770752;0.35274309
-0.028407115;0.061747037;0.35274309
-0.028407115;0.061747037;0.34483793
-0.028407115;0.061747037;0.35274309
-0.02643083;0.061747037;0.35274309
-0.028407115;0.061747037;0.34483793
-0.028407115;0.061747037;0.34483793
-0.02643083;0.063723318;0.34483793
-0.028407115;0.061747037;0.34483793
-0.02643083;0.061747037;0.34483793
-0.028407115;0.063723318;0.34483793
-0.028407115;0.061747037;0.35274309
-0.028407115;0.061747037;0.35274309
-0.02643083;0.063723318;0.35274309
-0.028407115;0.061747037;0.34483793
-0.02643083;0.061747037;0.34483793
-0.028407115;0.063723318;0.35274309
-0.02643083;0.061747037;0.35274309
-0.02643083;0.063723318;0.34483793
-0.02643083;0.063723318;0.35274309
-0.02643083;0.063723318;0.34483793
-0.02643083;0.063723318;0.34483793
-0.02643083;0.063723318;0.34483793
-0.02643083;0.063723318;0.34483793
-0.02643083;0.063723318;0.34483793
-0.024454545;0.063723318;0.34483793
-0.024454545;0.063723318;0.34483793
-0.024454545;0.063723318;0.34483793
-0.024454545;0.063723318;0.35274309
-0.024454545;0.065699607;0.35274309
-0.024454545;0.063723318;0.34483793
-0.024454545;0.063723318;0.34483793
-0.024454545;0.065699607;0.35274309
-0.024454545;0.063723318;0.33693281
-0.024454545;0.063723318;0.35274309
-0.024454545;0.065699607;0.35274309
-0.02247826;0.063723318;0.34483793
-0.02247826;0.063723318;0.35274309
-0.024454545;0.065699607;0.35274309
-0.024454545;0.065699607;0.34483793
-0.02247826;0.065699607;0.35274309
-0.02247826;0.063723318;0.34483793
-0.02247826;0.063723318;0.34483793
-0.02247826;0.063723318;0.35274309
-0.02247826;0.063723318;0.35274309
-0.02247826;0.063723318;0.34483793
-0.02247826;0.065699607;0.34483793
-0.02247826;0.063723318;0.34483793
-0.024454545;0.065699607;0.34483793
-0.02247826;0.065699607;0.34483793
-0.02247826;0.065699607;0.35274309
-0.02247826;0.065699607;0.34483793
-0.02247826;0.063723318;0.35274309
-0.02247826;0.063723318;0.35274309
-0.02247826;0.065699607;0.35274309
-0.02247826;0.065699607;0.34483793
-0.02247826;0.065699607;0.35274309
-0.02247826;0.065699607;0.35274309
-0.020501977;0.065699607;0.34483793
-0.02247826;0.063723318;0.34483793
-0.020501977;0.065699607;0.35274309
-0.02247826;0.065699607;0.35274309
-0.020501977;0.065699607;0.34483793
-0.02247826;0.065699607;0.35274309
-0.02247826;0.063723318;0.35274309
-0.020501977;0.065699607;0.34483793
-0.020501977;0.065699607;0.35274309
-0.020501977;0.067675889;0.35274309
-0.020501977;0.065699607;0.34483793
-0.020501977;0.067675889;0.35274309
-0.020501977;0.065699607;0.34483793
-0.020501977;0.065699607;0.34483793
-0.020501977;0.065699607;0.34483793
-0.020501977;0.067675889;0.35274309
-0.020501977;0.067675889;0.34483793
-0.020501977;0.065699607;0.35274309
-0.018525692;0.065699607;0.34483793
-0.018525692;0.067675889;0.34483793
-0.018525692;0.067675889;0.34483793
-0.018525692;0.065699607;0.34483793
-0.018525692;0.065699607;0.34483793
-0.018525692;0.065699607;0.35274309
-0.018525692;0.067675889;0.35274309
-0.016549407;0.067675889;0.35274309
-0.016549407;0.065699607;0.34483793
-0.018525692;0.065699607;0.35274309
-0.016549407;0.067675889;0.35274309
-0.018525692;0.067675889;0.34483793
-0.016549407;0.065699607;0.34483793
-0.016549407;0.067675889;0.34483793
-0.018525692;0.067675889;0.34483793
-0.016549407;0.065699607;0.34483793
-0.018525692;0.065699607;0.35274309
-0.016549407;0.065699607;0.34483793
-0.014573122;0.067675889;0.35274309
-0.016549407;0.067675889;0.34483793
-0.014573122;0.067675889;0.35274309
-0.014573122;0.065699607;0.34483793
-0.014573122;0.067675889;0.34483793
-0.014573122;0.067675889;0.35274309
-0.014573122;0.065699607;0.34483793
-0.014573122;0.067675889;0.35274309
-0.014573122;0.067675889;0.35274309
-0.012596838;0.067675889;0.35274309
-0.014573122;0.065699607;0.34483793
-0.014573122;0.067675889;0.34483793
-0.014573122;0.067675889;0.34483793
-0.014573122;0.067675889;0.35274309
-0.012596838;0.067675889;0.35274309
-0.012596838;0.067675889;0.34483793
-0.012596838;0.067675889;0.34483793
-0.012596838;0.067675889;0.34483793
-0.012596838;0.067675889;0.35274309
-0.012596838;0.067675889;0.34483793
-0.012596838;0.067675889;0.34483793
-0.010620553;0.067675889;0.34483793
-0.012596838;0.067675889;0.34483793
-0.012596838;0.067675889;0.35274309
-0.010620553;0.067675889;0.35274309
-0.010620553;0.067675889;0.35274309
-0.010620553;0.069652177;0.35274309
-0.010620553;0.067675889;0.34483793
-0.012596838;0.067675889;0.35274309
-0.010620553;0.067675889;0.34483793
-0.010620553;0.067675889;0.34483793
-0.0086442688;0.067675889;0.34483793
-0.010620553;0.067675889;0.34483793
-0.0086442688;0.067675889;0.34483793
-0.010620553;0.067675889;0.35274309
-0.0086442688;0.067675889;0.35274309
-0.010620553;0.067675889;0.34483793
-0.010620553;0.067675889;0.34483793
-0.0086442688;0.067675889;0.34483793
-0.0086442688;0.069652177;0.35274309
-0.0086442688;0.067675889;0.34483793
-0.0086442688;0.067675889;0.34483793
-0.0086442688;0.069652177;0.34483793
-0.0086442688;0.067675889;0.34483793
-0.0086442688;0.067675889;0.35274309
-0.0086442688;0.067675889;0.35274309
-0.0086442688;0.069652177;0.35274309
-0.0086442688;0.067675889;0.34483793
-0.0066679842;0.067675889;0.35274309
-0.0066679842;0.067675889;0.34483793
-0.0046916995;0.067675889;0.34483793
-0.0066679842;0.067675889;0.34483793
-0.0046916995;0.067675889;0.34483793
-0.0066679842;0.069652177;0.35274309
-0.0066679842;0.067675889;0.35274309
-0.0046916995;0.067675889;0.34483793
-0.0046916995;0.067675889;0.35274309
-0.0046916995;0.067675889;0.33693281
-0.0046916995;0.067675889;0.34483793
-0.0046916995;0.067675889;0.34483793
-0.0046916995;0.067675889;0.35274309
-0.0046916995;0.067675889;0.35274309
-0.0046916995;0.069652177;0.35274309
-0.0046916995;0.067675889;0.34483793
-0.0027154151;0.067675889;0.34483793
-0.0027154151;0.069652177;0.34483793
-0.0046916995;0.067675889;0.34483793
-0.00073913042;0.069652177;0.34483793
-0.0027154151;0.069652177;0.35274309
-0.00073913042;0.067675889;0.34483793
-0.00073913042;0.067675889;0.34483793
-0.00073913042;0.067675889;0.34483793
-0.00073913042;0.067675889;0.34483793
-0.00073913042;0.069652177;0.35274309
-0.00073913042;0.069652177;0.34483793
-0.00073913042;0.069652177;0.34483793
-0.0027154151;0.067675889;0.35274309
-0.00073913042;0.069652177;0.34483793
0.0012371541;0.067675889;0.34483793
0.0012371541;0.067675889;0.35274309
0.0012371541;0.067675889;0.35274309
-0.00073913042;0.069652177;0.35274309
-0.00073913042;0.069652177;0.34483793
-0.00073913042;0.067675889;0.34483793
-0.00073913042;0.069652177;0.34483793
0.0012371541;0.069652177;0.34483793
-0.00073913042;0.067675889;0.34483793
0.0012371541;0.069652177;0.34483793
0.0032134387;0.069652177;0.34483793
0.0012371541;0.069652177;0.34483793
0.0012371541;0.067675889;0.34483793
0.0012371541;0.067675889;0.34483793
0.0032134387;0.069652177;0.35274309
0.0012371541;0.069652177;0.34483793
0.0032134387;0.069652177;0.34483793
0.0032134387;0.069652177;0.35274309
0.0032134387;0.069652177;0.34483793
0.0051897233;0.067675889;0.35274309
0.0051897233;0.069652177;0.35274309
0.0051897233;0.069652177;0.35274309
0.0051897233;0.069652177;0.34483793
0.0051897233;0.067675889;0.34483793
0.007166008;0.069652177;0.35274309
0.007166008;0.069652177;0.34483793
0.007166008;0.069652177;0.34483793
0.0051897233;0.067675889;0.35274309
0.007166008;0.067675889;0.34483793
0.0051897233;0.069652177;0.34483793
0.007166008;0.069652177;0.34483793
0.007166008;0.069652177;0.35274309
0.007166008;0.069652177;0.34483793
0.007166008;0.067675889;0.34483793
0.0091422927;0.069652177;0.35274309
0.0091422927;0.067675889;0.35274309
0.0091422927;0.069652177;0.34483793
0.0091422927;0.069652177;0.35274309
0.0091422927;0.069652177;0.34483793
0.011118577;0.069652177;0.34483793
0.0091422927;0.069652177;0.34483793
0.011118577;0.069652177;0.34483793
0.0091422927;0.069652177;0.34483793
0.011118577;0.069652177;0.35274309
0.011118577;0.067675889;0.34483793
0.011118577;0.069652177;0.35274309
0.011118577;0.069652177;0.34483793
0.011118577;0.069652177;0.35274309
0.011118577;0.069652177;0.34483793
0.013094862;0.069652177;0.34483793
0.013094862;0.069652177;0.35274309
0.013094862;0.069652177;0.34483793
0.013094862;0.069652177;0.34483793
0.013094862;0.069652177;0.34483793
0.013094862;0.069652177;0.34483793
0.015071146;0.069652177;0.34483793
0.013094862;0.067675889;0.34483793
0.015071146;0.069652177;0.34483793
0.015071146;0.069652177;0.35274309
0.015071146;0.069652177;0.34483793
0.015071146;0.067675889;0.35274309
0.015071146;0.067675889;0.35274309
0.017047431;0.069652177;0.34483793
0.015071146;0.069652177;0.34483793
0.017047431;0.069652177;0.35274309
0.015071146;0.069652177;0.34483793
0.017047431;0.069652177;0.35274309
0.017047431;0.069652177;0.34483793
0.017047431;0.069652177;0.34483793
0.017047431;0.069652177;0.34483793
0.017047431;0.069652177;0.34483793
0.019023715;0.069652177;0.34483793
0.019023715;0.069652177;0.34483793
0.019023715;0.069652177;0.34483793
0.019023715;0.069652177;0.34483793
0.019023715;0.069652177;0.34483793
0.019023715;0.069652177;0.34483793
0.019023715;0.067675889;0.35274309
0.019023715;0.069652177;0.34483793
0.021;0.069652177;0.34483793
0.019023715;0.067675889;0.34483793
0.021;0.069652177;0.34483793
0.019023715;0.069652177;0.34483793
0.021;0.069652177;0.34483793
0.021;0.069652177;0.35274309
0.021;0.069652177;0.34483793
0.021;0.069652177;0.34483793
0.022976285;0.069652177;0.35274309
0.021;0.069652177;0.34483793
0.022976285;0.069652177;0.34483793
0.022976285;0.069652177;0.34483793
0.022976285;0.067675889;0.34483793
0.022976285;0.069652177;0.34483793
0.022976285;0.067675889;0.34483793
0.022976285;0.069652177;0.34483793
0.022976285;0.067675889;0.35274309
0.02495257;0.069652177;0.34483793
0.022976285;0.069652177;0.34483793
0.02495257;0.067675889;0.35274309
0.02495257;0.069652177;0.34483793
0.026928853;0.069652177;0.35274309
0.026928853;0.069652177;0.34483793
0.02495257;0.069652177;0.34483793
0.026928853;0.067675889;0.34483793
0.026928853;0.069652177;0.34483793
0.026928853;0.069652177;0.34483793
0.026928853;0.069652177;0.35274309
0.028905138;0.069652177;0.35274309
0.026928853;0.069652177;0.34483793
0.028905138;0.069652177;0.35274309
0.026928853;0.067675889;0.35274309
0.028905138;0.067675889;0.34483793
0.028905138;0.069652177;0.34483793
0.028905138;0.067675889;0.34483793
0.028905138;0.067675889;0.34483793
0.028905138;0.067675889;0.34483793
0.028905138;0.069652177;0.34483793
0.030881424;0.069652177;0.34483793
0.028905138;0.069652177;0.34483793
0.028905138;0.067675889;0.34483793
0.030881424;0.067675889;0.34483793
0.030881424;0.067675889;0.34483793
0.030881424;0.067675889;0.34483793
0.030881424;0.067675889;0.34483793
0.030881424;0.067675889;0.34483793
0.032857709;0.067675889;0.34483793
0.030881424;0.067675889;0.34483793
0.032857709;0.067675889;0.35274309
0.030881424;0.067675889;0.35274309
0.030881424;0.067675889;0.34483793
0.032857709;0.067675889;0.34483793
0.030881424;0.067675889;0.34483793
0.032857709;0.067675889;0.34483793
0.034833994;0.067675889;0.34483793
0.034833994;0.067675889;0.35274309
0.034833994;0.067675889;0.35274309
0.034833994;0.067675889;0.34483793
0.034833994;0.067675889;0.34483793
0.034833994;0.067675889;0.35274309
0.034833994;0.067675889;0.35274309
0.036810275;0.067675889;0.34483793
0.036810275;0.067675889;0.34483793
0.036810275;0.069652177;0.35274309
0.03878656;0.069652177;0.34483793
0.036810275;0.069652177;0.33693281
0.036810275;0.069652177;0.34483793
0.03878656;0.067675889;0.35274309
0.03878656;0.067675889;0.34483793
0.03878656;0.067675889;0.33693281
0.03878656;0.067675889;0.34483793
0.036810275;0.067675889;0.35274309
0.03878656;0.067675889;0.35274309
0.03878656;0.069652177;0.34483793
0.03878656;0.067675889;0.34483793
0.03878656;0.069652177;0.35274309
0.040762845;0.067675889;0.35274309
0.040762845;0.069652177;0.34483793
0.040762845;0.069652177;0.34483793
0.03878656;0.067675889;0.34483793
0.040762845;0.067675889;0.34483793
0.040762845;0.067675889;0.34483793
0.040762845;0.067675889;0.34483793
0.040762845;0.067675889;0.34483793
0.040762845;0.067675889;0.34483793
0.042739131;0.067675889;0.35274309
0.042739131;0.065699607;0.35274309
0.042739131;0.067675889;0.34483793
0.042739131;0.065699607;0.35274309
0.044715416;0.067675889;0.35274309
0.044715416;0.067675889;0.34483793
0.042739131;0.067675889;0.34483793
0.044715416;0.067675889;0.34483793
0.042739131;0.067675889;0.34483793
0.042739131;0.067675889;0.34483793
0.044715416;0.067675889;0.34483793
0.044715416;0.065699607;0.34483793
0.044715416;0.067675889;0.35274309
0.044715416;0.067675889;0.35274309
0.044715416;0.067675889;0.35274309
0.044715416;0.067675889;0.35274309
0.044715416;0.067675889;0.34483793
0.044715416;0.065699607;0.35274309
0.044715416;0.067675889;0.35274309
0.046691701;0.067675889;0.35274309
0.046691701;0.065699607;0.34483793
0.046691701;0.067675889;0.34483793
0.046691701;0.065699607;0.33693281
0.048667986;0.065699607;0.35274309
0.048667986;0.065699607;0.34483793
0.048667986;0.065699607;0.35274309
0.048667986;0.067675889;0.35274309
0.050644267;0.065699607;0.34483793
0.048667986;0.065699607;0.34483793
0.048667986;0.065699607;0.35274309
0.048667986;0.065699607;0.34483793
0.048667986;0.065699607;0.34483793
0.048667986;0.065699607;0.34483793
0.050644267;0.065699607;0.34483793
0.050644267;0.065699607;0.35274309
0.048667986;0.065699607;0.35274309
0.048667986;0.065699607;0.34483793
0.050644267;0.065699607;0.35274309
0.050644267;0.065699607;0.34483793
0.048667986;0.065699607;0.35274309
0.052620552;0.065699607;0.34483793
0.050644267;0.065699607;0.34483793
0.052620552;0.065699607;0.34483793
0.052620552;0.065699607;0.34483793
0.052620552;0.065699607;0.34483793
0.052620552;0.065699607;0.34483793
0.052620552;0.065699607;0.35274309
0.052620552;0.065699607;0.34483793
0.052620552;0.065699607;0.34483793
0.052620552;0.065699607;0.34483793
0.054596838;0.065699607;0.34483793
0.054596838;0.065699607;0.34483793
0.054596838;0.065699607;0.34483793
0.054596838;0.065699607;0.34483793
0.054596838;0.063723318;0.35274309
0.054596838;0.065699607;0.34483793
0.052620552;0.065699607;0.34483793
0.054596838;0.065699607;0.34483793
0.054596838;0.065699607;0.35274309
0.054596838;0.063723318;0.34483793
0.054596838;0.063723318;0.34483793
0.054596838;0.065699607;0.34483793
0.056573123;0.063723318;0.35274309
0.054596838;0.065699607;0.34483793
0.056573123;0.063723318;0.34483793
0.056573123;0.063723318;0.34483793
0.056573123;0.063723318;0.34483793
0.056573123;0.063723318;0.34483793
0.056573123;0.063723318;0.34483793
0.058549408;0.063723318;0.34483793
0.058549408;0.063723318;0.34483793
0.058549408;0.063723318;0.34483793
0.058549408;0.063723318;0.34483793
0.058549408;0.063723318;0.35274309
0.058549408;0.063723318;0.34483793
0.058549408;0.063723318;0.35274309
0.058549408;0.063723318;0.35274309
0.058549408;0.063723318;0.34483793
0.058549408;0.063723318;0.34483793
0.058549408;0.063723318;0.34483793
0.060525693;0.063723318;0.34483793
0.058549408;0.061747037;0.34483793
0.060525693;0.065699607;0.34483793
0.060525693;0.063723318;0.34483793
0.060525693;0.063723318;0.35274309
0.060525693;0.061747037;0.34483793
0.058549408;0.063723318;0.35274309
0.060525693;0.063723318;0.35274309
0.060525693;0.063723318;0.35274309
0.060525693;0.063723318;0.34483793
0.060525693;0.063723318;0.34483793
0.060525693;0.061747037;0.34483793
0.060525693;0.061747037;0.34483793
0.062501974;0.061747037;0.34483793
0.062501974;0.061747037;0.35274309
0.062501974;0.061747037;0.35274309
0.062501974;0.061747037;0.34483793
0.062501974;0.061747037;0.34483793
0.062501974;0.061747037;0.35274309
0.062501974;0.061747037;0.34483793
0.062501974;0.061747037;0.34483793
0.062501974;0.063723318;0.35274309
0.062501974;0.061747037;0.35274309
0.062501974;0.061747037;0.34483793
0.062501974;0.061747037;0.35274309
0.062501974;0.061747037;0.34483793
0.064478263;0.061747037;0.34483793
0.062501974;0.063723318;0.34483793
0.064478263;0.061747037;0.34483793
0.064478263;0.059770752;0.34483793
0.064478263;0.061747037;0.34483793
0.064478263;0.059770752;0.35274309
0.064478263;0.059770752;0.34483793
0.064478263;0.059770752;0.34483793
0.064478263;0.061747037;0.35274309
0.064478263;0.061747037;0.34483793
0.064478263;0.061747037;0.34483793
0.064478263;0.061747037;0.34483793
0.064478263;0.061747037;0.35274309
0.064478263;0.061747037;0.34483793
0.066454545;0.061747037;0.34483793
0.066454545;0.061747037;0.34483793
0.066454545;0.061747037;0.34483793
0.066454545;0.059770752;0.34483793
0.066454545;0.061747037;0.35274309
0.066454545;0.059770752;0.35274309
0.068430834;0.061747037;0.34483793
0.066454545;0.059770752;0.35274309
0.066454545;0.059770752;0.34483793
0.066454545;0.061747037;0.35274309
0.066454545;0.059770752;0.35274309
0.068430834;0.059770752;0.34483793
0.066454545;0.059770752;0.34483793
0.068430834;0.059770752;0.35274309
0.066454545;0.059770752;0.34483793
0.068430834;0.059770752;0.35274309
0.068430834;0.059770752;0.34483793
0.068430834;0.059770752;0.35274309
0.068430834;0.059770752;0.34483793
0.068430834;0.059770752;0.34483793
0.068430834;0.059770752;0.34483793
0.066454545;0.059770752;0.34483793
0.070407115;0.061747037;0.34483793
0.068430834;0.059770752;0.35274309
0.068430834;0.059770752;0.34483793
0.068430834;0.059770752;0.34483793
0.070407115;0.059770752;0.34483793
0.068430834;0.057794467;0.34483793
0.068430834;0.059770752;0.35274309
0.068430834;0.057794467;0.35274309
0.070407115;0.059770752;0.34483793
0.068430834;0.059770752;0.34483793
0.070407115;0.059770752;0.34483793
0.068430834;0.057794467;0.35274309
0.070407115;0.057794467;0.35274309
0.070407115;0.057794467;0.34483793
0.070407115;0.059770752;0.34483793
0.070407115;0.059770752;0.35274309
0.072383396;0.057794467;0.34483793
0.070407115;0.059770752;0.35274309
0.070407115;0.057794467;0.34483793
0.070407115;0.057794467;0.34483793
0.070407115;0.057794467;0.34483793
0.070407115;0.057794467;0.35274309
0.070407115;0.057794467;0.35274309
0.070407115;0.059770752;0.35274309
0.072383396;0.057794467;0.34483793
0.072383396;0.057794467;0.35274309
0.070407115;0.057794467;0.34483793
0.070407115;0.057794467;0.35274309
0.072383396;0.057794467;0.34483793
0.072383396;0.057794467;0.34483793
0.072383396;0.055818181;0.35274309
0.070407115;0.055818181;0.34483793
0.072383396;0.055818181;0.35274309
0.072383396;0.057794467;0.34483793
0.072383396;0.055818181;0.34483793
0.072383396;0.055818181;0.34483793
0.072383396;0.057794467;0.34483793
0.072383396;0.055818181;0.35274309
0.072383396;0.055818181;0.35274309
0.074359685;0.057794467;0.34483793
0.072383396;0.055818181;0.34483793
0.072383396;0.055818181;0.34483793
0.072383396;0.055818181;0.34483793
0.072383396;0.055818181;0.35274309
0.072383396;0.057794467;0.35274309
0.072383396;0.055818181;0.34483793
0.072383396;0.055818181;0.34483793
0.074359685;0.053841896;0.34483793
0.074359685;0.055818181;0.34483793
0.072383396;0.055818181;0.34483793
0.074359685;0.055818181;0.34483793
0.074359685;0.053841896;0.34483793
0.074359685;0.055818181;0.35274309
0.072383396;0.053841896;0.35274309
0.074359685;0.053841896;0.34483793
0.074359685;0.055818181;0.35274309
0.074359685;0.053841896;0.34483793
0.074359685;0.053841896;0.34483793
0.074359685;0.053841896;0.34483793
0.074359685;0.053841896;0.35274309
0.072383396;0.053841896;0.34483793
0.074359685;0.051865611;0.35274309
0.074359685;0.053841896;0.35274309
0.074359685;0.053841896;0.34483793
0.074359685;0.053841896;0.35274309
0.074359685;0.053841896;0.34483793
0.074359685;0.055818181;0.34483793
0.074359685;0.053841896;0.34483793
0.074359685;0.053841896;0.34483793
0.074359685;0.053841896;0.35274309
0.074359685;0.051865611;0.34483793
0.076335967;0.051865611;0.34483793
0.076335967;0.053841896;0.34483793
0.072383396;0.053841896;0.34483793
0.074359685;0.053841896;0.34483793
0.074359685;0.053841896;0.34483793
0.074359685;0.053841896;0.34483793
0.074359685;0.051865611;0.35274309
0.074359685;0.051865611;0.34483793
0.074359685;0.051865611;0.34483793
0.074359685;0.051865611;0.34483793
0.074359685;0.051865611;0.34483793
0.074359685;0.051865611;0.35274309
0.076335967;0.051865611;0.34483793
0.076335967;0.053841896;0.34483793
0.076335967;0.051865611;0.35274309
0.074359685;0.04988933;0.35274309
0.074359685;0.051865611;0.34483793
0.074359685;0.04988933;0.35274309
0.074359685;0.051865611;0.34483793
0.076335967;0.051865611;0.34483793
0.076335967;0.04988933;0.34483793
0.074359685;0.04988933;0.34483793
0.076335967;0.04988933;0.34483793
0.074359685;0.04988933;0.34483793
0.074359685;0.04988933;0.34483793
0.074359685;0.04988933;0.35274309
0.074359685;0.04988933;0.34483793
0.076335967;0.04988933;0.34483793
0.074359685;0.04988933;0.35274309
0.074359685;0.04988933;0.35274309
0.074359685;0.04988933;0.34483793
0.074359685;0.04988933;0.35274309
0.076335967;0.04988933;0.34483793
0.076335967;0.04988933;0.34483793
0.076335967;0.04988933;0.34483793
0.074359685;0.04988933;0.35274309
0.076335967;0.047913045;0.34483793
0.074359685;0.047913045;0.34483793
0.074359685;0.04988933;0.34483793
0.074359685;0.04988933;0.35274309
0.074359685;0.04988933;0.34483793
0.076335967;0.04988933;0.34483793
0.076335967;0.04988933;0.34483793
0.074359685;0.047913045;0.35274309
0.074359685;0.047913045;0.34483793
0.074359685;0.04988933;0.34483793
0.074359685;0.04988933;0.34483793
0.074359685;0.047913045;0.35274309
0.074359685;0.047913045;0.35274309
0.074359685;0.047913045;0.35274309
0.074359685;0.047913045;0.34483793
0.074359685;0.04988933;0.35274309
0.076335967;0.04988933;0.35274309
0.074359685;0.047913045;0.34483793
0.074359685;0.047913045;0.35274309
0.072383396;0.047913045;0.34483793
0.074359685;0.047913045;0.34483793
0.074359685;0.047913045;0.35274309
0.074359685;0.047913045;0.35274309
0.076335967;0.047913045;0.35274309
0.074359685;0.047913045;0.35274309
0.074359685;0.047913045;0.34483793
0.074359685;0.04593676;0.34483793
0.074359685;0.047913045;0.34483793
0.074359685;0.047913045;0.34483793
0.074359685;0.047913045;0.34483793
0.076335967;0.047913045;0.34483793
0.072383396;0.047913045;0.35274309
0.074359685;0.04593676;0.34483793
0.074359685;0.047913045;0.35274309
0.074359685;0.04593676;0.34483793
0.072383396;0.04593676;0.35274309
0.074359685;0.047913045;0.34483793
0.072383396;0.047913045;0.35274309
0.072383396;0.04593676;0.35274309
0.070407115;0.04593676;0.35274309
0.072383396;0.04593676;0.34483793
0.072383396;0.04593676;0.34483793
0.072383396;0.04593676;0.34483793
0.072383396;0.04593676;0.34483793
0.072383396;0.04593676;0.34483793
0.072383396;0.04593676;0.34483793
0.072383396;0.04593676;0.34483793
0.074359685;0.043960474;0.34483793
0.072383396;0.04593676;0.34483793
0.072383396;0.04593676;0.35274309
0.072383396;0.04593676;0.35274309
0.072383396;0.04593676;0.34483793
0.072383396;0.04593676;0.35274309
0.072383396;0.04593676;0.34483793
0.072383396;0.043960474;0.34483793
0.072383396;0.043960474;0.35274309
0.072383396;0.043960474;0.34483793
0.070407115;0.043960474;0.34483793
0.070407115;0.043960474;0.34483793
0.072383396;0.043960474;0.34483793
0.072383396;0.043960474;0.34483793
0.070407115;0.043960474;0.34483793
0.070407115;0.043960474;0.34483793
0.070407115;0.043960474;0.34483793
0.070407115;0.043960474;0.34483793
0.070407115;0.041984189;0.34483793
0.070407115;0.043960474;0.34483793
0.072383396;0.043960474;0.34483793
0.070407115;0.043960474;0.34483793
0.070407115;0.041984189;0.35274309
0.070407115;0.041984189;0.34483793
0.070407115;0.043960474;0.35274309
0.070407115;0.043960474;0.35274309
0.070407115;0.043960474;0.35274309
0.070407115;0.043960474;0.34483793
0.068430834;0.041984189;0.35274309
0.068430834;0.041984189;0.34483793
0.070407115;0.041984189;0.35274309
0.068430834;0.041984189;0.35274309
0.068430834;0.041984189;0.34483793
0.068430834;0.041984189;0.34483793
0.070407115;0.040007904;0.34483793
0.070407115;0.040007904;0.34483793
0.068430834;0.040007904;0.34483793
0.068430834;0.041984189;0.34483793
0.068430834;0.041984189;0.35274309
0.066454545;0.040007904;0.34483793
0.068430834;0.040007904;0.34483793
0.068430834;0.041984189;0.34483793
0.066454545;0.040007904;0.34483793
0.068430834;0.040007904;0.35274309
0.066454545;0.040007904;0.34483793
0.066454545;0.040007904;0.34483793
0.066454545;0.041984189;0.34483793
0.068430834;0.040007904;0.34483793
0.066454545;0.040007904;0.35274309
0.068430834;0.040007904;0.33693281
0.066454545;0.041984189;0.34483793
0.066454545;0.040007904;0.35274309
0.066454545;0.040007904;0.34483793
0.066454545;0.040007904;0.34483793
0.066454545;0.040007904;0.35274309
0.066454545;0.040007904;0.35274309
0.064478263;0.040007904;0.35274309
0.066454545;0.040007904;0.34483793
0.066454545;0.038031619;0.34483793
0.064478263;0.040007904;0.35274309
0.064478263;0.040007904;0.34483793
0.064478263;0.038031619;0.34483793
0.064478263;0.040007904;0.35274309
0.066454545;0.040007904;0.35274309
0.064478263;0.038031619;0.34483793
0.062501974;0.038031619;0.34483793
0.064478263;0.038031619;0.34483793
0.064478263;0.040007904;0.35274309
0.064478263;0.038031619;0.35274309
0.062501974;0.038031619;0.34483793
0.064478263;0.038031619;0.34483793
0.064478263;0.038031619;0.34483793
0.062501974;0.038031619;0.35274309
0.062501974;0.038031619;0.34483793
0.062501974;0.038031619;0.34483793
0.062501974;0.038031619;0.34483793
0.064478263;0.038031619;0.34483793
0.062501974;0.038031619;0.35274309
0.062501974;0.038031619;0.34483793
0.062501974;0.038031619;0.35274309
0.062501974;0.036055338;0.34483793
0.062501974;0.036055338;0.35274309
0.062501974;0.038031619;0.33693281
0.062501974;0.036055338;0.34483793
0.060525693;0.036055338;0.34483793
0.062501974;0.036055338;0.34483793
0.062501974;0.036055338;0.35274309
0.060525693;0.036055338;0.35274309
0.060525693;0.038031619;0.34483793
0.062501974;0.036055338;0.34483793
0.060525693;0.036055338;0.34483793
0.058549408;0.034079053;0.34483793
0.060525693;0.036055338;0.35274309
0.058549408;0.034079053;0.35274309
0.060525693;0.036055338;0.35274309
0.058549408;0.034079053;0.34483793
0.058549408;0.034079053;0.34483793
0.060525693;0.034079053;0.35274309
0.058549408;0.036055338;0.34483793
0.058549408;0.034079053;0.34483793
0.058549408;0.034079053;0.34483793
0.058549408;0.034079053;0.34483793
0.056573123;0.034079053;0.34483793
0.058549408;0.034079053;0.35274309
0.058549408;0.034079053;0.34483793
0.056573123;0.034079053;0.35274309
0.056573123;0.034079053;0.34483793
0.058549408;0.034079053;0.34483793
0.056573123;0.034079053;0.34483793
0.054596838;0.034079053;0.34483793
0.056573123;0.034079053;0.35274309
0.056573123;0.034079053;0.34483793
0.056573123;0.034079053;0.34483793
0.056573123;0.034079053;0.35274309
0.056573123;0.034079053;0.35274309
0.056573123;0.034079053;0.34483793
0.056573123;0.034079053;0.35274309
0.056573123;0.034079053;0.34483793
0.054596838;0.032102767;0.34483793
0.056573123;0.032102767;0.34483793
0.054596838;0.032102767;0.35274309
0.052620552;0.034079053;0.34483793
0.054596838;0.034079053;0.34483793
0.054596838;0.032102767;0.34483793
0.054596838;0.030126482;0.34483793
0.052620552;0.032102767;0.34483793
0.054596838;0.032102767;0.35274309
0.052620552;0.032102767;0.34483793
0.052620552;0.032102767;0.34483793
0.052620552;0.032102767;0.34483793
0.052620552;0.032102767;0.35274309
0.052620552;0.032102767;0.34483793
0.052620552;0.032102767;0.34483793
0.052620552;0.032102767;0.35274309
0.050644267;0.032102767;0.34483793
0.050644267;0.030126482;0.35274309
0.050644267;0.030126482;0.35274309
0.052620552;0.032102767;0.34483793
0.050644267;0.032102767;0.34483793
0.050644267;0.030126482;0.34483793
0.048667986;0.030126482;0.34483793
0.050644267;0.032102767;0.34483793
0.048667986;0.032102767;0.35274309
0.050644267;0.030126482;0.34483793
0.048667986;0.030126482;0.35274309
0.048667986;0.030126482;0.34483793
0.046691701;0.028150197;0.35274309
0.046691701;0.028150197;0.35274309
0.046691701;0.028150197;0.34483793
0.046691701;0.030126482;0.34483793
0.048667986;0.028150197;0.35274309
0.046691701;0.028150197;0.34483793
0.046691701;0.030126482;0.34483793
0.046691701;0.028150197;0.34483793
0.046691701;0.030126482;0.34483793
0.044715416;0.030126482;0.34483793
0.046691701;0.028150197;0.34483793
0.044715416;0.028150197;0.35274309
0.046691701;0.028150197;0.34483793
0.044715416;0.028150197;0.35274309
0.044715416;0.026173914;0.34483793
0.046691701;0.028150197;0.34483793
0.044715416;0.028150197;0.35274309
0.044715416;0.028150197;0.34483793
0.044715416;0.028150197;0.34483793
0.044715416;0.026173914;0.34483793
0.042739131;0.028150197;0.35274309
0.042739131;0.028150197;0.35274309
0.042739131;0.026173914;0.34483793
0.042739131;0.026173914;0.35274309
0.042739131;0.026173914;0.34483793
0.042739131;0.026173914;0.34483793
0.042739131;0.026173914;0.34483793
0.042739131;0.026173914;0.34483793
0.042739131;0.026173914;0.34483793
0.040762845;0.026173914;0.35274309
0.042739131;0.026173914;0.34483793
0.040762845;0.026173914;0.35274309
0.042739131;0.026173914;0.34483793
0.03878656;0.026173914;0.34483793
0.040762845;0.026173914;0.35274309
0.03878656;0.026173914;0.35274309
0.040762845;0.024197629;0.34483793
0.03878656;0.026173914;0.34483793
0.03878656;0.024197629;0.34483793
0.03878656;0.022221344;0.35274309
0.03878656;0.024197629;0.34483793
0.040762845;0.024197629;0.35274309
0.03878656;0.024197629;0.34483793
0.036810275;0.024197629;0.34483793
0.03878656;0.022221344;0.34483793
0.03878656;0.024197629;0.35274309
0.036810275;0.024197629;0.34483793
0.036810275;0.024197629;0.34483793
0.03878656;0.024197629;0.35274309
0.036810275;0.024197629;0.35274309
0.036810275;0.022221344;0.34483793
0.034833994;0.022221344;0.34483793
0.036810275;0.022221344;0.35274309
0.034833994;0.022221344;0.34483793
0.034833994;0.022221344;0.35274309
0.034833994;0.022221344;0.34483793
0.034833994;0.024197629;0.34483793
0.034833994;0.024197629;0.35274309
0.032857709;0.022221344;0.34483793
0.034833994;0.022221344;0.35274309
0.034833994;0.022221344;0.34483793
0.032857709;0.022221344;0.34483793
0.032857709;0.022221344;0.35274309
0.032857709;0.022221344;0.34483793
0.032857709;0.022221344;0.34483793
0.032857709;0.022221344;0.34483793
0.032857709;0.022221344;0.34483793
0.032857709;0.022221344;0.35274309
0.030881424;0.022221344;0.35274309
0.030881424;0.022221344;0.34483793
0.030881424;0.022221344;0.34483793
0.030881424;0.022221344;0.35274309
0.030881424;0.020245058;0.34483793
0.028905138;0.020245058;0.34483793
0.028905138;0.020245058;0.34483793
0.028905138;0.020245058;0.34483793
0.030881424;0.018268775;0.33693281
0.028905138;0.020245058;0.34483793
0.028905138;0.020245058;0.35274309
0.030881424;0.020245058;0.35274309
0.026928853;0.020245058;0.34483793
0.028905138;0.020245058;0.34483793
0.028905138;0.020245058;0.34483793
0.026928853;0.018268775;0.34483793
0.026928853;0.020245058;0.34483793
0.028905138;0.020245058;0.35274309
0.026928853;0.018268775;0.35274309
0.026928853;0.020245058;0.35274309
0.02495257;0.020245058;0.35274309
0.026928853;0.020245058;0.35274309
0.02495257;0.020245058;0.34483793
0.02495257;0.020245058;0.34483793
0.02495257;0.018268775;0.35274309
0.02495257;0.018268775;0.35274309
0.02495257;0.018268775;0.34483793
0.02495257;0.018268775;0.34483793
0.02495257;0.018268775;0.34483793
0.02495257;0.018268775;0.34483793
0.022976285;0.018268775;0.34483793
0.02495257;0.018268775;0.34483793
0.022976285;0.018268775;0.34483793
0.022976285;0.018268775;0.34483793
0.021;0.01629249;0.35274309
0.022976285;0.01629249;0.34483793
0.022976285;0.018268775;0.34483793
0.021;0.01629249;0.35274309
0.022976285;0.01629249;0.34483793
0.022976285;0.01629249;0.34483793
0.021;0.01629249;0.34483793
0.021;0.01629249;0.35274309
0.021;0.014316206;0.34483793
0.021;0.01629249;0.34483793
0.019023715;0.014316206;0.35274309
0.019023715;0.01629249;0.34483793
0.019023715;0.014316206;0.34483793
0.019023715;0.01629249;0.34483793
0.019023715;0.01629249;0.35274309
0.019023715;0.01629249;0.34483793
0.019023715;0.014316206;0.35274309
0.019023715;0.01629249;0.34483793
0.019023715;0.014316206;0.34483793
0.017047431;0.014316206;0.34483793
0.017047431;0.014316206;0.34483793
0.017047431;0.014316206;0.34483793
0.017047431;0.012339921;0.34483793
0.017047431;0.014316206;0.34483793
0.017047431;0.014316206;0.34483793
0.017047431;0.012339921;0.34483793
0.017047431;0.014316206;0.35274309
0.017047431;0.014316206;0.34483793
0.015071146;0.012339921;0.34483793
0.015071146;0.014316206;0.34483793
0.015071146;0.012339921;0.34483793
0.015071146;0.012339921;0.34483793
0.015071146;0.012339921;0.34483793
0.015071146;0.014316206;0.35274309
0.015071146;0.012339921;0.35274309
0.013094862;0.012339921;0.34483793
0.013094862;0.012339921;0.35274309
0.013094862;0.012339921;0.34483793
0.013094862;0.012339921;0.35274309
0.013094862;0.012339921;0.35274309
0.013094862;0.012339921;0.35274309
0.011118577;0.012339921;0.34483793
0.013094862;0.012339921;0.34483793
0.011118577;0.010363637;0.34483793
0.011118577;0.010363637;0.34483793
0.013094862;0.012339921;0.34483793
0.0091422927;0.012339921;0.34483793
0.0091422927;0.010363637;0.34483793
0.011118577;0.012339921;0.34483793
0.0091422927;0.010363637;0.33693281
0.011118577;0.010363637;0.34483793
0.0091422927;0.010363637;0.34483793
0.0091422927;0.010363637;0.35274309
0.0091422927;0.010363637;0.34483793
0.007166008;0.010363637;0.34483793
0.0091422927;0.010363637;0.34483793
0.0091422927;0.010363637;0.34483793
0.0051897233;0.010363637;0.35274309
0.007166008;0.010363637;0.35274309
0.007166008;0.010363637;0.34483793
0.007166008;0.010363637;0.34483793
0.007166008;0.010363637;0.34483793
0.007166008;0.010363637;0.34483793
0.007166008;0.0083873514;0.34483793
0.007166008;0.010363637;0.35274309
0.007166008;0.010363637;0.35274309
0.0051897233;0.010363637;0.34483793
0.0051897233;0.0083873514;0.35274309
0.0051897233;0.0083873514;0.34483793
0.0051897233;0.010363637;0.35274309
0.0032134387;0.0083873514;0.34483793
0.0032134387;0.010363637;0.35274309
0.0032134387;0.0083873514;0.34483793
0.0051897233;0.0083873514;0.35274309
0.0032134387;0.0083873514;0.35274309
0.0051897233;0.0083873514;0.35274309
0.0032134387;0.0083873514;0.34483793
0.0012371541;0.010363637;0.34483793
0.0032134387;0.0083873514;0.35274309
0.0032134387;0.0083873514;0.34483793
0.0012371541;0.0083873514;0.34483793
0.0012371541;0.0083873514;0.34483793
-0.00073913042;0.0083873514;0.35274309
0.0012371541;0.0064110672;0.34483793
0.0012371541;0.0083873514;0.34483793
0.0012371541;0.0064110672;0.35274309
-0.00073913042;0.0083873514;0.35274309
-0.00073913042;0.0064110672;0.34483793
-0.00073913042;0.0083873514;0.34483793
-0.00073913042;0.0083873514;0.34483793
-0.00073913042;0.0083873514;0.34483793
-0.00073913042;0.0064110672;0.33693281
-0.00073913042;0.0064110672;0.34483793
-0.00073913042;0.0083873514;0.34483793
-0.0027154151;0.0064110672;0.35274309
-0.0027154151;0.0064110672;0.34483793
-0.00073913042;0.0064110672;0.35274309
-0.0027154151;0.0044347825;0.34483793
-0.0027154151;0.0044347825;0.34483793
-0.0027154151;0.0064110672;0.34483793
-0.0027154151;0.0044347825;0.34483793
-0.0046916995;0.0044347825;0.34483793
-0.0046916995;0.0044347825;0.34483793
-0.0027154151;0.0044347825;0.34483793
-0.0027154151;0.0044347825;0.34483793
-0.0046916995;0.0044347825;0.34483793
-0.0046916995;0.0044347825;0.34483793
-0.0046916995;0.0044347825;0.34483793
-0.0046916995;0.0044347825;0.34483793
-0.0066679842;0.0044347825;0.34483793
-0.0066679842;0.0044347825;0.34483793
-0.0046916995;0.0044347825;0.35274309
-0.0046916995;0.0044347825;0.34483793
-0.0066679842;0.0024584981;0.35274309
-0.0046916995;0.0024584981;0.35274309
-0.0066679842;0.0044347825;0.34483793
-0.0066679842;0.0044347825;0.34483793
-0.0066679842;0.0024584981;0.35274309
-0.0066679842;0.0024584981;0.34483793
-0.0086442688;0.0024584981;0.34483793
-0.0086442688;0.0024584981;0.34483793
-0.0086442688;0.0024584981;0.34483793
-0.0086442688;0.0024584981;0.34483793
-0.0086442688;0.0024584981;0.34483793
-0.0086442688;0.0024584981;0.35274309
-0.0086442688;0.0024584981;0.35274309
-0.010620553;0.0024584981;0.35274309
-0.0086442688;0.0024584981;0.34483793
-0.010620553;0.00048221345;0.35274309
-0.010620553;0.00048221345;0.35274309
-0.010620553;0.0024584981;0.34483793
-0.010620553;0.0024584981;0.34483793
-0.010620553;0.00048221345;0.34483793
-0.010620553;0.00048221345;0.34483793
-0.010620553;0.0024584981;0.34483793
-0.010620553;0.0024584981;0.35274309
-0.010620553;0.00048221345;0.34483793
-0.010620553;0.00048221345;0.35274309
-0.010620553;0.00048221345;0.34483793
-0.010620553;0.00048221345;0.35274309
-0.010620553;0.00048221345;0.34483793
-0.010620553;0.00048221345;0.35274309
-0.010620553;0.00048221345;0.34483793
-0.012596838;0.00048221345;0.34483793
-0.012596838;0.00048221345;0.34483793
-0.012596838;0.00048221345;0.34483793
-0.012596838;0.00048221345;0.35274309
-0.014573122;0.00048221345;0.34483793
-0.014573122;0.00048221345;0.34483793
-0.014573122;0.00048221345;0.35274309
-0.012596838;0.00048221345;0.34483793
-0.014573122;0.00048221345;0.34483793
-0.014573122;0.00048221345;0.35274309
-0.014573122;-0.0014940711;0.34483793
-0.014573122;0.00048221345;0.35274309
-0.012596838;-0.0014940711;0.34483793
-0.016549407;-0.0014940711;0.34483793
-0.014573122;-0.0014940711;0.35274309
-0.016549407;-0.0014940711;0.34483793
-0.014573122;-0.0014940711;0.34483793
-0.014573122;-0.0014940711;0.34483793
-0.016549407;-0.0014940711;0.34483793
-0.014573122;-0.0014940711;0.34483793
-0.014573122;-0.0014940711;0.35274309
-0.016549407;-0.0034703556;0.35274309
-0.016549407;-0.0014940711;0.34483793
-0.016549407;-0.0014940711;0.35274309
-0.018525692;-0.0014940711;0.35274309
-0.016549407;-0.0014940711;0.34483793
-0.018525692;-0.0034703556;0.34483793
-0.016549407;-0.0034703556;0.35274309
-0.018525692;-0.0034703556;0.34483793
-0.016549407;-0.0034703556;0.34483793
-0.018525692;-0.0034703556;0.34483793
-0.016549407;-0.0034703556;0.34483793
-0.016549407;-0.0034703556;0.34483793
-0.018525692;-0.0034703556;0.34483793
-0.018525692;-0.0034703556;0.34483793
-0.018525692;-0.0034703556;0.34483793
-0.018525692;-0.0034703556;0.34483793
-0.018525692;-0.0034703556;0.34483793
-0.018525692;-0.0034703556;0.35274309
-0.018525692;-0.0034703556;0.34483793
-0.020501977;-0.0034703556;0.34483793
-0.020501977;-0.0034703556;0.34483793
-0.018525692;-0.0054466403;0.34483793
-0.018525692;-0.0034703556;0.34483793
-0.020501977;-0.0034703556;0.34483793
-0.020501977;-0.0054466403;0.35274309
-0.020501977;-0.0054466403;0.34483793
-0.020501977;-0.0054466403;0.34483793
-0.02247826;-0.0054466403;0.34483793
-0.020501977;-0.0034703556;0.34483793
-0.020501977;-0.0034703556;0.34483793
-0.02247826;-0.0054466403;0.35274309
-0.02247826;-0.0054466403;0.34483793
-0.02247826;-0.0054466403;0.34483793
-0.020501977;-0.0054466403;0.34483793
-0.02247826;-0.0054466403;0.35274309
-0.02247826;-0.0054466403;0.34483793
-0.02247826;-0.0054466403;0.34483793
-0.02247826;-0.0054466403;0.35274309
-0.02247826;-0.0054466403;0.34483793
-0.02247826;-0.0054466403;0.35274309
-0.02247826;-0.0054466403;0.33693281
-0.02247826;-0.0054466403;0.35274309
-0.02247826;-0.0054466403;0.34483793
-0.02247826;-0.0054466403;0.35274309
-0.02247826;-0.007422925;0.35274309
-0.024454545;-0.0054466403;0.34483793
-0.024454545;-0.0054466403;0.34483793
-0.02247826;-0.0054466403;0.35274309
-0.024454545;-0.0054466403;0.34483793
-0.024454545;-0.0054466403;0.34483793
-0.024454545;-0.0054466403;0.35274309
-0.024454545;-0.007422925;0.34483793
-0.024454545;-0.007422925;0.34483793
-0.024454545;-0.007422925;0.34483793
-0.024454545;-0.007422925;0.34483793
-0.02643083;-0.0054466403;0.34483793
-0.024454545;-0.007422925;0.34483793
-0.024454545;-0.0054466403;0.34483793
-0.024454545;-0.007422925;0.34483793
-0.024454545;-0.007422925;0.34483793
-0.024454545;-0.007422925;0.34483793
-0.02643083;-0.007422925;0.35274309
-0.024454545;-0.0093992092;0.34483793
-0.024454545;-0.007422925;0.34483793
-0.024454545;-0.007422925;0.34483793
-0.02643083;-0.007422925;0.34483793
-0.02643083;-0.007422925;0.34483793
-0.02643083;-0.0093992092;0.35274309
-0.024454545;-0.007422925;0.35274309
-0.02643083;-0.007422925;0.34483793
-0.02643083;-0.007422925;0.34483793
-0.02643083;-0.007422925;0.34483793
-0.02643083;-0.0093992092;0.34483793
-0.02643083;-0.0093992092;0.34483793
-0.02643083;-0.0093992092;0.34483793
-0.028407115;-0.0093992092;0.35274309
-0.02643083;-0.0093992092;0.34483793
-0.02643083;-0.0093992092;0.34483793
-0.028407115;-0.0093992092;0.34483793
-0.028407115;-0.0093992092;0.34483793
-0.028407115;-0.0093992092;0.34483793
-0.02643083;-0.0093992092;0.34483793
-0.02643083;-0.0093992092;0.35274309
-0.028407115;-0.007422925;0.34483793
-0.02643083;-0.0093992092;0.34483793
-0.028407115;-0.0093992092;0.34483793
-0.028407115;-0.0093992092;0.35274309
-0.028407115;-0.0093992092;0.35274309
-0.028407115;-0.0093992092;0.34483793
-0.028407115;-0.0093992092;0.34483793
-0.028407115;-0.011375494;0.34483793
-0.030383399;-0.0093992092;0.34483793
-0.030383399;-0.011375494;0.35274309
-0.028407115;-0.0093992092;0.34483793
-0.028407115;-0.0093992092;0.34483793
-0.028407115;-0.0093992092;0.34483793
-0.030383399;-0.0093992092;0.34483793
-0.028407115;-0.011375494;0.35274309
-0.028407115;-0.011375494;0.34483793
-0.030383399;-0.0093992092;0.34483793
-0.028407115;-0.011375494;0.34483793
-0.030383399;-0.011375494;0.34483793
-0.028407115;-0.011375494;0.34483793
-0.028407115;-0.011375494;0.35274309
-0.028407115;-0.011375494;0.34483793
-0.028407115;-0.011375494;0.35274309
-0.030383399;-0.011375494;0.34483793
-0.030383399;-0.0093992092;0.34483793
-0.030383399;-0.011375494;0.35274309
-0.030383399;-0.011375494;0.34483793
-0.028407115;-0.011375494;0.34483793
-0.030383399;-0.011375494;0.35274309
-0.030383399;-0.011375494;0.34483793
-0.028407115;-0.013351778;0.34483793
-0.028407115;-0.011375494;0.34483793
-0.030383399;-0.011375494;0.34483793
-0.030383399;-0.011375494;0.34483793
-0.030383399;-0.013351778;0.34483793
-0.030383399;-0.011375494;0.34483793
-0.030383399;-0.013351778;0.34483793
-0.030383399;-0.013351778;0.34483793
-0.030383399;-0.013351778;0.34483793
-0.030383399;-0.013351778;0.34483793
-0.030383399;-0.011375494;0.34483793
-0.030383399;-0.013351778;0.34483793
-0.030383399;-0.013351778;0.34483793
-0.030383399;-0.013351778;0.34483793
-0.030383399;-0.013351778;0.34483793
-0.030383399;-0.013351778;0.34483793
-0.030383399;-0.013351778;0.34483793
-0.030383399;-0.013351778;0.34483793
-0.030383399;-0.013351778;0.34483793
-0.030383399;-0.013351778;0.34483793
-0.028407115;-0.013351778;0.35274309
-0.030383399;-0.013351778;0.34483793
-0.030383399;-0.013351778;0.34483793
-0.030383399;-0.013351778;0.34483793
-0.030383399;-0.013351778;0.34483793
-0.032359682;-0.015328064;0.34483793
-0.032359682;-0.013351778;0.34483793
-0.030383399;-0.015328064;0.35274309
-0.030383399;-0.013351778;0.35274309
-0.032359682;-0.013351778;0.34483793
-0.030383399;-0.013351778;0.35274309
-0.030383399;-0.013351778;0.34483793
-0.030383399;-0.013351778;0.34483793
-0.032359682;-0.015328064;0.34483793
-0.030383399;-0.015328064;0.34483793
-0.030383399;-0.015328064;0.34483793
-0.030383399;-0.015328064;0.34483793
-0.030383399;-0.015328064;0.34483793
-0.030383399;-0.015328064;0.35274309
-0.032359682;-0.015328064;0.34483793
-0.032359682;-0.015328064;0.34483793
-0.030383399;-0.015328064;0.35274309
-0.032359682;-0.015328064;0.34483793
-0.030383399;-0.015328064;0.34483793
-0.030383399;-0.015328064;0.34483793
-0.030383399;-0.015328064;0.34483793
-0.030383399;-0.015328064;0.35274309
-0.030383399;-0.017304348;0.34483793
-0.030383399;-0.015328064;0.34483793
-0.030383399;-0.015328064;0.35274309
-0.032359682;-0.015328064;0.34483793
-0.030383399;-0.015328064;0.34483793
-0.030383399;-0.015328064;0.34483793
-0.028407115;-0.017304348;0.34483793
-0.030383399;-0.017304348;0.35274309
-0.030383399;-0.015328064;0.34483793
-0.030383399;-0.015328064;0.34483793
-0.030383399;-0.015328064;0.34483793
-0.032359682;-0.017304348;0.34483793
-0.030383399;-0.017304348;0.35274309
-0.028407115;-0.017304348;0.34483793
-0.030383399;-0.017304348;0.35274309
-0.028407115;-0.017304348;0.35274309
-0.028407115;-0.017304348;0.35274309
-0.032359682;-0.017304348;0.34483793
-0.030383399;-0.017304348;0.34483793
-0.030383399;-0.017304348;0.34483793
-0.030383399;-0.017304348;0.34483793
-0.030383399;-0.017304348;0.34483793
-0.030383399;-0.017304348;0.34483793
-0.030383399;-0.017304348;0.34483793
-0.028407115;-0.017304348;0.34483793
-0.030383399;-0.017304348;0.35274309
-0.028407115;-0.017304348;0.34483793
-0.030383399;-0.017304348;0.34483793
-0.030383399;-0.017304348;0.34483793
-0.030383399;-0.017304348;0.34483793
-0.030383399;-0.017304348;0.35274309
-0.028407115;-0.017304348;0.34483793
-0.030383399;-0.017304348;0.35274309
-0.028407115;-0.017304348;0.34483793
-0.028407115;-0.017304348;0.34483793
-0.028407115;-0.017304348;0.35274309
-0.030383399;-0.017304348;0.35274309
-0.028407115;-0.019280633;0.34483793
-0.028407115;-0.017304348;0.34483793
-0.028407115;-0.019280633;0.34483793
-0.028407115;-0.019280633;0.34483793
-0.028407115;-0.019280633;0.35274309
-0.028407115;-0.019280633;0.35274309
-0.02643083;-0.019280633;0.34483793
-0.028407115;-0.019280633;0.34483793
-0.028407115;-0.019280633;0.35274309
-0.028407115;-0.019280633;0.35274309
-0.028407115;-0.019280633;0.34483793
-0.02643083;-0.017304348;0.34483793
-0.02643083;-0.019280633;0.34483793
-0.02643083;-0.017304348;0.35274309
-0.02643083;-0.019280633;0.34483793
-0.028407115;-0.019280633;0.34483793
-0.02643083;-0.019280633;0.34483793
-0.02643083;-0.019280633;0.35274309
-0.02643083;-0.019280633;0.34483793
-0.02643083;-0.019280633;0.34483793
-0.02643083;-0.019280633;0.35274309
-0.02643083;-0.019280633;0.34483793
-0.028407115;-0.019280633;0.34483793
-0.02643083;-0.019280633;0.34483793
-0.024454545;-0.019280633;0.35274309
-0.02643083;-0.021256916;0.34483793
-0.02643083;-0.019280633;0.34483793
-0.02643083;-0.019280633;0.34483793
-0.02643083;-0.019280633;0.35274309
-0.02643083;-0.021256916;0.35274309
-0.024454545;-0.021256916;0.34483793
-0.024454545;-0.021256916;0.34483793
-0.024454545;-0.019280633;0.34483793
-0.024454545;-0.019280633;0.34483793
-0.024454545;-0.021256916;0.34483793
-0.024454545;-0.019280633;0.35274309
-0.024454545;-0.019280633;0.34483793
-0.024454545;-0.021256916;0.34483793
-0.024454545;-0.021256916;0.35274309
-0.024454545;-0.021256916;0.35274309
-0.02247826;-0.021256916;0.35274309
-0.024454545;-0.021256916;0.34483793
-0.02247826;-0.019280633;0.34483793
-0.02247826;-0.021256916;0.34483793
-0.02247826;-0.021256916;0.35274309
-0.02247826;-0.021256916;0.34483793
-0.024454545;-0.021256916;0.35274309
-0.02247826;-0.021256916;0.34483793
-0.024454545;-0.021256916;0.34483793
-0.02247826;-0.021256916;0.34483793
-0.02247826;-0.021256916;0.35274309
-0.02247826;-0.021256916;0.35274309
-0.02247826;-0.023233201;0.34483793
-0.02247826;-0.019280633;0.34483793
-0.02247826;-0.021256916;0.34483793
-0.02247826;-0.021256916;0.34483793
-0.02247826;-0.021256916;0.34483793
-0.020501977;-0.021256916;0.35274309
-0.02247826;-0.021256916;0.34483793
-0.020501977;-0.019280633;0.35274309
-0.02247826;-0.021256916;0.35274309
-0.02247826;-0.019280633;0.34483793
-0.02247826;-0.021256916;0.35274309
-0.02247826;-0.023233201;0.34483793
-0.02247826;-0.021256916;0.34483793
-0.02247826;-0.021256916;0.34483793
-0.02247826;-0.021256916;0.34483793
-0.020501977;-0.021256916;0.35274309
-0.02247826;-0.021256916;0.34483793
-0.020501977;-0.023233201;0.34483793
-0.020501977;-0.021256916;0.34483793
-0.020501977;-0.021256916;0.34483793
-0.020501977;-0.021256916;0.35274309
-0.018525692;-0.021256916;0.34483793
-0.020501977;-0.021256916;0.34483793
-0.020501977;-0.021256916;0.35274309
-0.018525692;-0.023233201;0.35274309
-0.018525692;-0.021256916;0.34483793
-0.020501977;-0.023233201;0.34483793
-0.018525692;-0.023233201;0.35274309
-0.020501977;-0.023233201;0.34483793
-0.018525692;-0.023233201;0.34483793
-0.018525692;-0.023233201;0.34483793
-0.018525692;-0.023233201;0.34483793
-0.018525692;-0.021256916;0.34483793
-0.016549407;-0.021256916;0.34483793
-0.018525692;-0.021256916;0.34483793
-0.018525692;-0.021256916;0.34483793
-0.016549407;-0.023233201;0.35274309
-0.016549407;-0.023233201;0.34483793
-0.016549407;-0.023233201;0.34483793
-0.018525692;-0.023233201;0.34483793
-0.016549407;-0.023233201;0.34483793
-0.014573122;-0.023233201;0.34483793
-0.016549407;-0.023233201;0.34483793
-0.016549407;-0.023233201;0.34483793
-0.016549407;-0.023233201;0.34483793
-0.016549407;-0.023233201;0.34483793
-0.014573122;-0.023233201;0.35274309
-0.014573122;-0.023233201;0.35274309
-0.014573122;-0.023233201;0.34483793
-0.014573122;-0.023233201;0.34483793
-0.014573122;-0.023233201;0.35274309
-0.014573122;-0.023233201;0.34483793
-0.014573122;-0.023233201;0.34483793
-0.014573122;-0.023233201;0.34483793
-0.014573122;-0.023233201;0.35274309
-0.014573122;-0.023233201;0.34483793
-0.012596838;-0.023233201;0.34483793
-0.012596838;-0.023233201;0.35274309
-0.012596838;-0.023233201;0.35274309
-0.012596838;-0.025209486;0.35274309
-0.012596838;-0.023233201;0.34483793
-0.014573122;-0.023233201;0.34483793
-0.012596838;-0.025209486;0.34483793
-0.012596838;-0.023233201;0.34483793
-0.010620553;-0.023233201;0.34483793
-0.010620553;-0.023233201;0.34483793
-0.012596838;-0.023233201;0.34483793
-0.010620553;-0.023233201;0.35274309
-0.010620553;-0.023233201;0.34483793
-0.010620553;-0.023233201;0.34483793
-0.012596838;-0.025209486;0.35274309
-0.010620553;-0.023233201;0.34483793
-0.010620553;-0.023233201;0.34483793
-0.010620553;-0.023233201;0.35274309
-0.010620553;-0.023233201;0.34483793
-0.010620553;-0.025209486;0.35274309
-0.010620553;-0.025209486;0.35274309
-0.0086442688;-0.025209486;0.34483793
-0.0086442688;-0.025209486;0.34483793
-0.010620553;-0.023233201;0.35274309
-0.0086442688;-0.023233201;0.34483793
-0.0066679842;-0.025209486;0.34483793
-0.0086442688;-0.023233201;0.34483793
-0.0086442688;-0.025209486;0.34483793
-0.0066679842;-0.025209486;0.35274309
-0.0066679842;-0.025209486;0.34483793
-0.0066679842;-0.025209486;0.35274309
-0.0066679842;-0.025209486;0.34483793
-0.0066679842;-0.023233201;0.35274309
-0.0027154151;-0.023233201;0.34483793
-0.0046916995;-0.025209486;0.34483793
-0.0066679842;-0.023233201;0.34483793
-0.0046916995;-0.025209486;0.34483793
-0.0046916995;-0.023233201;0.34483793
-0.0066679842;-0.025209486;0.34483793
-0.0046916995;-0.025209486;0.34483793
-0.0046916995;-0.025209486;0.34483793
-0.0046916995;-0.025209486;0.34483793
-0.0046916995;-0.025209486;0.34483793
-0.0027154151;-0.025209486;0.34483793
-0.0046916995;-0.025209486;0.34483793
-0.0027154151;-0.025209486;0.35274309
-0.0027154151;-0.025209486;0.35274309
-0.0027154151;-0.025209486;0.34483793
-0.0027154151;-0.025209486;0.34483793
-0.0027154151;-0.025209486;0.34483793
-0.0027154151;-0.023233201;0.34483793
-0.00073913042;-0.025209486;0.35274309
-0.00073913042;-0.025209486;0.35274309
-0.0027154151;-0.023233201;0.34483793
-0.00073913042;-0.025209486;0.35274309
-0.00073913042;-0.025209486;0.35274309
-0.0027154151;-0.025209486;0.35274309
-0.0027154151;-0.023233201;0.34483793
-0.00073913042;-0.025209486;0.35274309
-0.00073913042;-0.025209486;0.34483793
-0.00073913042;-0.025209486;0.34483793
-0.00073913042;-0.025209486;0.34483793
-0.00073913042;-0.025209486;0.35274309
0.0012371541;-0.025209486;0.35274309
0.0012371541;-0.025209486;0.34483793
0.0012371541;-0.025209486;0.34483793
0.0012371541;-0.023233201;0.34483793
0.0012371541;-0.025209486;0.34483793
0.0012371541;-0.025209486;0.34483793
0.0012371541;-0.025209486;0.34483793
0.0012371541;-0.025209486;0.34483793
0.0032134387;-0.025209486;0.34483793
0.0012371541;-0.025209486;0.35274309
0.0032134387;-0.025209486;0.35274309
0.0032134387;-0.025209486;0.34483793
0.0032134387;-0.025209486;0.34483793
0.0032134387;-0.025209486;0.34483793
0.0051897233;-0.025209486;0.35274309
0.0051897233;-0.025209486;0.34483793
0.0051897233;-0.025209486;0.35274309
0.007166008;-0.025209486;0.34483793
0.0051897233;-0.025209486;0.35274309
0.0051897233;-0.025209486;0.34483793
0.007166008;-0.025209486;0.34483793
0.007166008;-0.025209486;0.34483793
0.007166008;-0.025209486;0.34483793
0.0091422927;-0.025209486;0.35274309
0.007166008;-0.025209486;0.35274309
0.007166008;-0.025209486;0.34483793
0.007166008;-0.025209486;0.34483793
0.0051897233;-0.027185772;0.34483793
0.007166008;-0.025209486;0.34483793
0.007166008;-0.027185772;0.35274309
0.0091422927;-0.025209486;0.34483793
0.0091422927;-0.025209486;0.35274309
0.0091422927;-0.025209486;0.34483793
0.0091422927;-0.025209486;0.34483793
0.0091422927;-0.025209486;0.35274309
0.0091422927;-0.025209486;0.34483793
0.0091422927;-0.025209486;0.34483793
0.011118577;-0.025209486;0.34483793
0.011118577;-0.025209486;0.34483793
0.0091422927;-0.025209486;0.34483793
0.011118577;-0.025209486;0.34483793
0.013094862;-0.025209486;0.35274309
0.011118577;-0.027185772;0.34483793
0.011118577;-0.027185772;0.34483793
0.011118577;-0.025209486;0.34483793
0.015071146;-0.025209486;0.34483793
0.013094862;-0.025209486;0.34483793
0.013094862;-0.025209486;0.35274309
0.015071146;-0.025209486;0.34483793
0.013094862;-0.025209486;0.34483793
0.015071146;-0.025209486;0.34483793
0.015071146;-0.027185772;0.34483793
0.015071146;-0.025209486;0.34483793
0.015071146;-0.025209486;0.35274309
0.015071146;-0.025209486;0.35274309
0.015071146;-0.025209486;0.34483793
0.015071146;-0.025209486;0.34483793
0.015071146;-0.025209486;0.34483793
0.017047431;-0.025209486;0.35274309
0.015071146;-0.025209486;0.34483793
0.017047431;-0.025209486;0.34483793
0.017047431;-0.027185772;0.34483793
0.017047431;-0.025209486;0.34483793
0.017047431;-0.025209486;0.34483793
0.017047431;-0.027185772;0.34483793
0.017047431;-0.025209486;0.34483793
0.019023715;-0.025209486;0.34483793
0.017047431;-0.025209486;0.34483793
0.019023715;-0.025209486;0.34483793
0.019023715;-0.025209486;0.34483793
0.019023715;-0.025209486;0.35274309
0.019023715;-0.025209486;0.34483793
0.021;-0.025209486;0.34483793
0.021;-0.025209486;0.35274309
0.021;-0.025209486;0.35274309
0.021;-0.025209486;0.35274309
0.021;-0.025209486;0.35274309
0.021;-0.025209486;0.35274309
0.021;-0.025209486;0.35274309
0.021;-0.025209486;0.34483793
0.021;-0.025209486;0.34483793
0.022976285;-0.025209486;0.34483793
0.021;-0.025209486;0.34483793
0.021;-0.027185772;0.35274309
0.022976285;-0.025209486;0.34483793
0.022976285;-0.025209486;0.35274309
0.021;-0.025209486;0.34483793
0.022976285;-0.025209486;0.35274309
0.022976285;-0.025209486;0.34483793
0.022976285;-0.025209486;0.35274309
0.02495257;-0.025209486;0.34483793
0.022976285;-0.025209486;0.34483793
0.02495257;-0.025209486;0.34483793
0.02495257;-0.025209486;0.34483793
0.02495257;-0.025209486;0.34483793
0.02495257;-0.025209486;0.34483793
0.02495257;-0.025209486;0.35274309
0.02495257;-0.027185772;0.35274309
0.026928853;-0.025209486;0.35274309
0.026928853;-0.025209486;0.34483793
0.02495257;-0.025209486;0.35274309
0.028905138;-0.025209486;0.34483793
0.026928853;-0.025209486;0.34483793
0.026928853;-0.025209486;0.34483793
0.026928853;-0.025209486;0.34483793
0.028905138;-0.025209486;0.34483793
0.030881424;-0.027185772;0.34483793
0.028905138;-0.025209486;0.34483793
0.028905138;-0.025209486;0.34483793
0.028905138;-0.025209486;0.33693281
0.028905138;-0.025209486;0.35274309
0.030881424;-0.025209486;0.34483793
0.030881424;-0.025209486;0.35274309
0.030881424;-0.025209486;0.34483793
0.030881424;-0.025209486;0.34483793
0.032857709;-0.025209486;0.35274309
0.030881424;-0.025209486;0.34483793
0.030881424;-0.025209486;0.34483793
0.030881424;-0.025209486;0.34483793
0.030881424;-0.025209486;0.34483793
0.032857709;-0.025209486;0.34483793
0.032857709;-0.025209486;0.34483793
0.032857709;-0.025209486;0.35274309
0.034833994;-0.025209486;0.34483793
0.032857709;-0.025209486;0.35274309
0.034833994;-0.025209486;0.34483793
0.034833994;-0.025209486;0.34483793
0.034833994;-0.025209486;0.34483793
0.036810275;-0.025209486;0.34483793
0.034833994;-0.025209486;0.34483793
0.034833994;-0.025209486;0.35274309
0.034833994;-0.025209486;0.34483793
0.036810275;-0.027185772;0.34483793
0.036810275;-0.025209486;0.34483793
0.036810275;-0.025209486;0.34483793
0.034833994;-0.025209486;0.34483793
0.036810275;-0.025209486;0.34483793
0.036810275;-0.025209486;0.35274309
0.036810275;-0.023233201;0.34483793
0.036810275;-0.023233201;0.35274309
0.03878656;-0.023233201;0.34483793
0.03878656;-0.025209486;0.34483793
0.03878656;-0.025209486;0.34483793
0.040762845;-0.023233201;0.35274309
0.03878656;-0.025209486;0.34483793
0.03878656;-0.025209486;0.34483793
0.040762845;-0.025209486;0.35274309
0.040762845;-0.025209486;0.34483793
0.03878656;-0.023233201;0.34483793
0.040762845;-0.023233201;0.35274309
0.040762845;-0.023233201;0.34483793
0.040762845;-0.025209486;0.34483793
0.040762845;-0.023233201;0.35274309
0.040762845;-0.023233201;0.35274309
0.040762845;-0.023233201;0.34483793
0.042739131;-0.025209486;0.35274309
0.042739131;-0.023233201;0.35274309
0.042739131;-0.023233201;0.34483793
0.042739131;-0.023233201;0.34483793
0.042739131;-0.025209486;0.35274309
0.042739131;-0.025209486;0.35274309
0.042739131;-0.023233201;0.34483793
0.042739131;-0.025209486;0.35274309
0.042739131;-0.023233201;0.34483793
0.044715416;-0.025209486;0.35274309
0.044715416;-0.023233201;0.33693281
0.044715416;-0.025209486;0.34483793
0.044715416;-0.023233201;0.35274309
0.044715416;-0.023233201;0.34483793
0.044715416;-0.023233201;0.34483793
0.046691701;-0.023233201;0.35274309
0.044715416;-0.023233201;0.34483793
0.046691701;-0.023233201;0.34483793
0.046691701;-0.023233201;0.34483793
0.046691701;-0.023233201;0.35274309
0.046691701;-0.023233201;0.34483793
0.046691701;-0.023233201;0.35274309
0.048667986;-0.023233201;0.34483793
0.048667986;-0.023233201;0.34483793
0.046691701;-0.023233201;0.34483793
0.048667986;-0.023233201;0.34483793
0.048667986;-0.025209486;0.35274309
0.048667986;-0.025209486;0.34483793
0.048667986;-0.023233201;0.34483793
0.048667986;-0.023233201;0.34483793
0.048667986;-0.023233201;0.34483793
0.050644267;-0.023233201;0.34483793
0.048667986;-0.023233201;0.34483793
0.048667986;-0.023233201;0.34483793
0.050644267;-0.023233201;0.35274309
0.050644267;-0.023233201;0.34483793
0.050644267;-0.023233201;0.34483793
0.050644267;-0.023233201;0.35274309
0.052620552;-0.023233201;0.35274309
0.052620552;-0.023233201;0.34483793
0.052620552;-0.021256916;0.34483793
0.050644267;-0.021256916;0.35274309
0.052620552;-0.023233201;0.34483793
0.052620552;-0.023233201;0.35274309
0.054596838;-0.021256916;0.34483793
0.054596838;-0.023233201;0.34483793
0.054596838;-0.023233201;0.34483793
0.052620552;-0.023233201;0.34483793
0.052620552;-0.021256916;0.35274309
0.054596838;-0.023233201;0.35274309
0.054596838;-0.021256916;0.34483793
0.054596838;-0.021256916;0.34483793
0.054596838;-0.023233201;0.34483793
0.056573123;-0.021256916;0.34483793
0.054596838;-0.021256916;0.34483793
0.056573123;-0.021256916;0.34483793
0.054596838;-0.023233201;0.34483793
0.056573123;-0.021256916;0.34483793
0.056573123;-0.023233201;0.34483793
0.056573123;-0.021256916;0.34483793
0.056573123;-0.019280633;0.34483793
0.056573123;-0.021256916;0.35274309
0.056573123;-0.021256916;0.34483793
0.056573123;-0.021256916;0.34483793
0.056573123;-0.021256916;0.35274309
0.056573123;-0.021256916;0.34483793
0.058549408;-0.021256916;0.34483793
0.058549408;-0.021256916;0.35274309
0.056573123;-0.019280633;0.35274309
0.058549408;-0.021256916;0.35274309
0.058549408;-0.021256916;0.35274309
0.058549408;-0.021256916;0.35274309
0.060525693;-0.021256916;0.35274309
0.058549408;-0.021256916;0.34483793
0.058549408;-0.023233201;0.34483793
0.060525693;-0.021256916;0.34483793
0.060525693;-0.021256916;0.34483793
0.058549408;-0.021256916;0.34483793
0.060525693;-0.021256916;0.35274309
0.058549408;-0.021256916;0.34483793
0.060525693;-0.021256916;0.34483793
0.060525693;-0.021256916;0.34483793
0.060525693;-0.021256916;0.34483793
0.060525693;-0.021256916;0.34483793
0.060525693;-0.021256916;0.34483793
0.060525693;-0.019280633;0.35274309
0.060525693;-0.019280633;0.35274309
0.062501974;-0.021256916;0.35274309
0.060525693;-0.021256916;0.34483793
0.062501974;-0.021256916;0.34483793
0.062501974;-0.021256916;0.34483793
0.062501974;-0.019280633;0.34483793
0.060525693;-0.019280633;0.34483793
0.062501974;-0.021256916;0.34483793
0.062501974;-0.019280633;0.34483793
0.062501974;-0.019280633;0.34483793
0.062501974;-0.021256916;0.34483793
0.064478263;-0.021256916;0.35274309
0.062501974;-0.019280633;0.34483793
0.062501974;-0.019280633;0.35274309
0.062501974;-0.019280633;0.35274309
0.064478263;-0.021256916;0.34483793
0.062501974;-0.019280633;0.34483793
0.064478263;-0.021256916;0.34483793
0.064478263;-0.019280633;0.34483793
0.064478263;-0.019280633;0.34483793
0.064478263;-0.019280633;0.34483793
0.064478263;-0.019280633;0.34483793
0.064478263;-0.019280633;0.34483793
0.064478263;-0.017304348;0.34483793
0.066454545;-0.019280633;0.34483793
0.066454545;-0.017304348;0.34483793
0.066454545;-0.017304348;0.34483793
0.064478263;-0.017304348;0.34483793
0.064478263;-0.017304348;0.34483793
0.066454545;-0.019280633;0.34483793
0.066454545;-0.019280633;0.34483793
0.066454545;-0.019280633;0.34483793
0.068430834;-0.019280633;0.34483793
0.066454545;-0.017304348;0.34483793
0.068430834;-0.019280633;0.34483793
0.066454545;-0.019280633;0.34483793
0.066454545;-0.019280633;0.34483793
0.068430834;-0.017304348;0.34483793
0.068430834;-0.017304348;0.34483793
0.066454545;-0.017304348;0.35274309
0.066454545;-0.017304348;0.34483793
0.068430834;-0.019280633;0.35274309
0.070407115;-0.019280633;0.35274309
0.068430834;-0.019280633;0.35274309
0.070407115;-0.019280633;0.34483793
0.068430834;-0.017304348;0.34483793
0.070407115;-0.017304348;0.34483793
0.070407115;-0.019280633;0.34483793
0.068430834;-0.019280633;0.35274309
0.070407115;-0.017304348;0.35274309
0.066454545;-0.017304348;0.34483793
0.070407115;-0.017304348;0.34483793
0.070407115;-0.019280633;0.34483793
0.070407115;-0.017304348;0.35274309
0.070407115;-0.017304348;0.35274309
0.070407115;-0.017304348;0.35274309
0.070407115;-0.017304348;0.34483793
0.070407115;-0.019280633;0.34483793
0.070407115;-0.017304348;0.35274309
0.070407115;-0.017304348;0.34483793
0.070407115;-0.017304348;0.34483793
0.070407115;-0.017304348;0.34483793
0.070407115;-0.017304348;0.35274309
0.072383396;-0.017304348;0.35274309
0.072383396;-0.015328064;0.34483793
0.070407115;-0.017304348;0.34483793
0.070407115;-0.017304348;0.34483793
0.072383396;-0.017304348;0.34483793
0.072383396;-0.017304348;0.35274309
0.072383396;-0.015328064;0.35274309
0.070407115;-0.015328064;0.34483793
0.070407115;-0.017304348;0.34483793
0.072383396;-0.017304348;0.34483793
0.072383396;-0.017304348;0.34483793
0.070407115;-0.015328064;0.34483793
0.072383396;-0.015328064;0.35274309
0.070407115;-0.015328064;0.34483793
0.072383396;-0.015328064;0.34483793
0.072383396;-0.015328064;0.35274309
0.072383396;-0.015328064;0.34483793
0.072383396;-0.015328064;0.34483793
0.072383396;-0.015328064;0.34483793
0.072383396;-0.015328064;0.34483793
0.072383396;-0.015328064;0.34483793
0.072383396;-0.015328064;0.34483793
0.072383396;-0.015328064;0.35274309
0.074359685;-0.015328064;0.35274309
0.072383396;-0.015328064;0.34483793
0.072383396;-0.015328064;0.34483793
0.072383396;-0.015328064;0.35274309
0.074359685;-0.015328064;0.34483793
0.072383396;-0.015328064;0.34483793
0.074359685;-0.015328064;0.35274309
0.072383396;-0.015328064;0.34483793
0.074359685;-0.013351778;0.34483793
0.074359685;-0.013351778;0.34483793
0.072383396;-0.013351778;0.35274309
0.072383396;-0.013351778;0.35274309
0.072383396;-0.013351778;0.35274309
0.076335967;-0.013351778;0.35274309
0.072383396;-0.015328064;0.35274309
0.074359685;-0.013351778;0.34483793
0.074359685;-0.013351778;0.34483793
0.072383396;-0.015328064;0.35274309
0.074359685;-0.013351778;0.34483793
0.074359685;-0.013351778;0.34483793
0.074359685;-0.015328064;0.34483793
0.076335967;-0.013351778;0.34483793
0.074359685;-0.013351778;0.34483793
0.074359685;-0.013351778;0.34483793
0.072383396;-0.013351778;0.34483793
0.074359685;-0.013351778;0.34483793
0.074359685;-0.013351778;0.34483793
0.074359685;-0.013351778;0.34483793
0.076335967;-0.013351778;0.35274309
0.074359685;-0.011375494;0.34483793
0.074359685;-0.013351778;0.33693281
0.074359685;-0.013351778;0.34483793
0.074359685;-0.011375494;0.35274309
0.074359685;-0.013351778;0.35274309
0.074359685;-0.013351778;0.34483793
0.076335967;-0.013351778;0.34483793
0.074359685;-0.011375494;0.34483793
0.074359685;-0.011375494;0.34483793
0.074359685;-0.011375494;0.34483793
0.074359685;-0.011375494;0.35274309
0.074359685;-0.011375494;0.34483793
0.074359685;-0.011375494;0.34483793
0.074359685;-0.013351778;0.34483793
0.074359685;-0.011375494;0.35274309
0.074359685;-0.011375494;0.34483793
0.076335967;-0.011375494;0.34483793
0.076335967;-0.011375494;0.34483793
0.076335967;-0.011375494;0.34483793
0.074359685;-0.0093992092;0.34483793
0.076335967;-0.0093992092;0.35274309
0.074359685;-0.011375494;0.34483793
0.074359685;-0.011375494;0.34483793
0.076335967;-0.011375494;0.34483793
0.074359685;-0.011375494;0.34483793
0.074359685;-0.011375494;0.35274309
0.076335967;-0.011375494;0.34483793
0.076335967;-0.0093992092;0.35274309
0.074359685;-0.011375494;0.34483793
0.076335967;-0.0093992092;0.35274309
0.076335967;-0.0093992092;0.34483793
0.076335967;-0.011375494;0.35274309
0.074359685;-0.0093992092;0.34483793
0.074359685;-0.0093992092;0.34483793
0.074359685;-0.0093992092;0.34483793
0.074359685;-0.0093992092;0.34483793
0.076335967;-0.0093992092;0.35274309
0.074359685;-0.0093992092;0.35274309
0.074359685;-0.0093992092;0.35274309
0.076335967;-0.0093992092;0.35274309
0.076335967;-0.0093992092;0.34483793
0.076335967;-0.007422925;0.34483793
0.076335967;-0.0093992092;0.35274309
0.074359685;-0.0093992092;0.34483793
0.074359685;-0.0093992092;0.34483793
0.076335967;-0.0093992092;0.34483793
0.074359685;-0.0093992092;0.34483793
0.074359685;-0.007422925;0.34483793
0.076335967;-0.0093992092;0.35274309
0.074359685;-0.0093992092;0.34483793
0.076335967;-0.007422925;0.34483793
0.074359685;-0.0093992092;0.35274309
0.074359685;-0.0093992092;0.34483793
0.074359685;-0.007422925;0.34483793
0.074359685;-0.007422925;0.34483793
0.074359685;-0.007422925;0.34483793
0.074359685;-0.007422925;0.34483793
0.074359685;-0.007422925;0.34483793
0.074359685;-0.007422925;0.34483793
0.074359685;-0.007422925;0.35274309
0.076335967;-0.007422925;0.35274309
0.076335967;-0.007422925;0.34483793
0.072383396;-0.007422925;0.34483793
0.074359685;-0.007422925;0.35274309
0.074359685;-0.007422925;0.34483793
0.074359685;-0.007422925;0.34483793
0.074359685;-0.007422925;0.34483793
0.074359685;-0.007422925;0.34483793
0.074359685;-0.0054466403;0.35274309
0.074359685;-0.0054466403;0.35274309
0.074359685;-0.007422925;0.35274309
0.074359685;-0.0054466403;0.34483793
0.074359685;-0.0054466403;0.34483793
0.074359685;-0.0054466403;0.35274309
0.072383396;-0.0054466403;0.34483793
0.074359685;-0.0054466403;0.34483793
0.072383396;-0.0054466403;0.35274309
0.074359685;-0.0054466403;0.35274309
0.072383396;-0.0054466403;0.34483793
0.072383396;-0.0054466403;0.34483793
0.072383396;-0.0054466403;0.34483793
0.072383396;-0.0054466403;0.34483793
0.072383396;-0.0054466403;0.34483793
0.072383396;-0.0054466403;0.34483793
0.072383396;-0.0054466403;0.35274309
0.070407115;-0.0054466403;0.34483793
0.072383396;-0.0054466403;0.34483793
0.072383396;-0.0054466403;0.34483793
0.070407115;-0.0054466403;0.34483793
0.072383396;-0.0054466403;0.34483793
0.074359685;-0.0054466403;0.35274309
0.072383396;-0.0054466403;0.34483793
0.072383396;-0.0054466403;0.35274309
0.070407115;-0.0054466403;0.34483793
0.072383396;-0.0034703556;0.35274309
0.072383396;-0.0054466403;0.34483793
0.070407115;-0.0034703556;0.34483793
0.072383396;-0.0054466403;0.35274309
0.072383396;-0.0034703556;0.35274309
0.070407115;-0.0034703556;0.34483793
0.070407115;-0.0034703556;0.34483793
0.070407115;-0.0054466403;0.34483793
0.070407115;-0.0034703556;0.35274309
0.070407115;-0.0034703556;0.35274309
0.070407115;-0.0034703556;0.35274309
0.070407115;-0.0034703556;0.35274309
0.070407115;-0.0034703556;0.35274309
0.070407115;-0.0034703556;0.34483793
0.068430834;-0.0034703556;0.35274309
0.068430834;-0.0034703556;0.34483793
0.068430834;-0.0034703556;0.35274309
0.068430834;-0.0034703556;0.35274309
0.068430834;-0.0014940711;0.34483793
0.070407115;-0.0034703556;0.34483793
0.068430834;-0.0014940711;0.35274309
0.068430834;-0.0014940711;0.34483793
0.068430834;-0.0014940711;0.34483793
0.068430834;-0.0014940711;0.34483793
0.068430834;-0.0014940711;0.34483793
0.068430834;-0.0014940711;0.35274309
0.068430834;-0.0034703556;0.34483793
0.066454545;-0.0034703556;0.34483793
0.066454545;-0.0014940711;0.34483793
0.066454545;-0.0014940711;0.35274309
0.066454545;-0.0014940711;0.34483793
0.066454545;-0.0014940711;0.34483793
0.066454545;-0.0014940711;0.34483793
0.066454545;-0.0014940711;0.34483793
0.066454545;-0.0014940711;0.34483793
0.066454545;-0.0014940711;0.35274309
0.066454545;-0.0014940711;0.34483793
0.066454545;-0.0014940711;0.35274309
0.066454545;-0.0014940711;0.35274309
0.066454545;-0.0014940711;0.34483793
0.066454545;-0.0014940711;0.34483793
0.064478263;0.00048221345;0.34483793
0.066454545;0.00048221345;0.34483793
0.066454545;0.00048221345;0.35274309
0.064478263;-0.0014940711;0.35274309
0.066454545;-0.0014940711;0.34483793
0.064478263;-0.0014940711;0.35274309
0.064478263;-0.0014940711;0.34483793
0.064478263;0.00048221345;0.34483793
0.064478263;0.00048221345;0.35274309
0.064478263;0.00048221345;0.35274309
0.064478263;0.00048221345;0.34483793
0.064478263;0.00048221345;0.35274309
0.062501974;0.00048221345;0.35274309
0.062501974;0.00048221345;0.35274309
0.064478263;0.00048221345;0.34483793
0.064478263;0.00048221345;0.34483793
0.064478263;0.00048221345;0.34483793
0.062501974;0.00048221345;0.34483793
0.064478263;0.00048221345;0.34483793
0.064478263;0.00048221345;0.35274309
0.064478263;0.00048221345;0.35274309
0.062501974;0.0024584981;0.34483793
0.064478263;0.00048221345;0.34483793
0.062501974;0.00048221345;0.34483793
0.062501974;0.0024584981;0.35274309
0.060525693;0.0024584981;0.34483793
0.060525693;0.0024584981;0.35274309
0.062501974;0.0024584981;0.34483793
0.060525693;0.0024584981;0.35274309
0.062501974;0.0024584981;0.34483793
0.060525693;0.0024584981;0.34483793
0.060525693;0.0024584981;0.35274309
0.060525693;0.0024584981;0.34483793
0.060525693;0.0024584981;0.34483793
0.060525693;0.0024584981;0.34483793
0.060525693;0.0024584981;0.34483793
0.060525693;0.0024584981;0.35274309
0.058549408;0.0024584981;0.35274309
0.058549408;0.0024584981;0.34483793
0.058549408;0.0024584981;0.34483793
0.058549408;0.0024584981;0.35274309
0.058549408;0.0024584981;0.34483793
0.058549408;0.0024584981;0.34483793
0.058549408;0.0024584981;0.34483793
0.056573123;0.0044347825;0.34483793
0.058549408;0.0044347825;0.35274309
0.056573123;0.0044347825;0.35274309
0.056573123;0.0024584981;0.34483793
0.056573123;0.0044347825;0.34483793
0.056573123;0.0044347825;0.35274309
0.056573123;0.0044347825;0.35274309
0.058549408;0.0044347825;0.35274309
0.054596838;0.0044347825;0.35274309
0.056573123;0.0044347825;0.34483793
0.056573123;0.0044347825;0.35274309
0.056573123;0.0044347825;0.34483793
0.056573123;0.0044347825;0.34483793
0.054596838;0.0044347825;0.35274309
0.056573123;0.0044347825;0.34483793
0.054596838;0.0064110672;0.34483793
0.054596838;0.0064110672;0.34483793
0.054596838;0.0064110672;0.34483793
0.054596838;0.0064110672;0.34483793
0.054596838;0.0064110672;0.34483793
0.054596838;0.0064110672;0.34483793
0.054596838;0.0064110672;0.34483793
0.054596838;0.0083873514;0.35274309
0.052620552;0.0064110672;0.34483793
0.052620552;0.0064110672;0.34483793
0.052620552;0.0064110672;0.35274309
0.054596838;0.0064110672;0.34483793
0.052620552;0.0064110672;0.35274309
0.052620552;0.0064110672;0.35274309
0.050644267;0.0083873514;0.34483793
0.052620552;0.0083873514;0.34483793
0.052620552;0.0083873514;0.34483793
0.052620552;0.0083873514;0.34483793
0.052620552;0.0064110672;0.34483793
0.050644267;0.0064110672;0.34483793
0.050644267;0.0083873514;0.35274309
0.050644267;0.0083873514;0.34483793
0.050644267;0.0083873514;0.35274309
0.050644267;0.0083873514;0.35274309
0.048667986;0.0083873514;0.35274309
0.048667986;0.0083873514;0.34483793
0.048667986;0.0083873514;0.34483793
0.048667986;0.0083873514;0.34483793
0.046691701;0.0083873514;0.34483793
0.046691701;0.0083873514;0.34483793
0.048667986;0.0083873514;0.34483793
0.046691701;0.010363637;0.34483793
0.048667986;0.0083873514;0.35274309
0.046691701;0.0083873514;0.34483793
0.046691701;0.0083873514;0.34483793
0.046691701;0.0083873514;0.34483793
0.046691701;0.010363637;0.34483793
0.046691701;0.010363637;0.34483793
0.046691701;0.010363637;0.34483793
0.046691701;0.010363637;0.34483793
0.044715416;0.010363637;0.34483793
0.046691701;0.010363637;0.35274309
0.044715416;0.010363637;0.35274309
0.044715416;0.010363637;0.34483793
0.044715416;0.010363637;0.35274309
0.044715416;0.010363637;0.34483793
0.044715416;0.010363637;0.34483793
0.044715416;0.010363637;0.34483793
0.042739131;0.012339921;0.35274309
0.042739131;0.010363637;0.35274309
0.042739131;0.010363637;0.34483793
0.042739131;0.012339921;0.35274309
0.042739131;0.010363637;0.35274309
0.042739131;0.010363637;0.35274309
0.040762845;0.012339921;0.35274309
0.040762845;0.012339921;0.34483793
0.042739131;0.012339921;0.34483793
0.040762845;0.012339921;0.34483793
0.040762845;0.012339921;0.34483793
0.040762845;0.012339921;0.35274309
0.040762845;0.012339921;0.34483793
0.040762845;0.010363637;0.34483793
0.040762845;0.012339921;0.34483793
0.03878656;0.012339921;0.34483793
0.040762845;0.012339921;0.35274309
0.03878656;0.012339921;0.34483793
0.03878656;0.014316206;0.35274309
0.03878656;0.012339921;0.34483793
0.03878656;0.012339921;0.35274309
0.03878656;0.014316206;0.34483793
0.03878656;0.014316206;0.34483793
0.03878656;0.014316206;0.34483793
0.036810275;0.014316206;0.34483793
0.036810275;0.014316206;0.34483793
0.034833994;0.014316206;0.35274309
0.036810275;0.014316206;0.34483793
0.036810275;0.014316206;0.34483793
0.034833994;0.014316206;0.34483793
0.036810275;0.01629249;0.34483793
0.034833994;0.014316206;0.34483793
0.034833994;0.01629249;0.34483793
0.034833994;0.014316206;0.35274309
0.034833994;0.014316206;0.35274309
0.032857709;0.014316206;0.35274309
0.034833994;0.014316206;0.34483793
0.032857709;0.014316206;0.34483793
0.034833994;0.01629249;0.34483793
0.032857709;0.014316206;0.35274309
0.032857709;0.014316206;0.34483793
0.032857709;0.01629249;0.34483793
0.032857709;0.018268775;0.35274309
0.030881424;0.01629249;0.34483793
0.032857709;0.01629249;0.34483793
0.032857709;0.01629249;0.34483793
0.030881424;0.018268775;0.34483793
0.030881424;0.01629249;0.34483793
0.030881424;0.01629249;0.34483793
0.032857709;0.01629249;0.34483793
0.030881424;0.01629249;0.34483793
0.030881424;0.018268775;0.34483793
0.030881424;0.01629249;0.35274309
0.028905138;0.018268775;0.34483793
0.030881424;0.018268775;0.34483793
0.030881424;0.018268775;0.35274309
0.028905138;0.018268775;0.34483793
0.026928853;0.020245058;0.35274309
0.026928853;0.018268775;0.34483793
0.026928853;0.018268775;0.34483793
0.026928853;0.018268775;0.34483793
0.026928853;0.018268775;0.34483793
0.02495257;0.020245058;0.34483793
0.026928853;0.020245058;0.34483793
0.026928853;0.018268775;0.34483793
0.026928853;0.018268775;0.35274309
0.02495257;0.020245058;0.35274309
0.02495257;0.018268775;0.34483793
0.02495257;0.020245058;0.34483793
0.02495257;0.020245058;0.35274309
0.02495257;0.020245058;0.35274309
0.02495257;0.020245058;0.34483793
0.022976285;0.020245058;0.34483793
0.02495257;0.020245058;0.34483793
0.022976285;0.020245058;0.35274309
0.022976285;0.020245058;0.34483793
0.022976285;0.020245058;0.35274309
0.022976285;0.020245058;0.34483793
0.022976285;0.022221344;0.34483793
0.021;0.022221344;0.34483793
0.022976285;0.020245058;0.34483793
0.021;0.020245058;0.34483793
0.021;0.020245058;0.35274309
0.022976285;0.022221344;0.34483793
0.021;0.020245058;0.34483793
0.021;0.022221344;0.34483793
0.021;0.022221344;0.34483793
0.019023715;0.020245058;0.34483793
0.021;0.020245058;0.34483793
0.019023715;0.022221344;0.34483793
0.019023715;0.022221344;0.35274309
0.019023715;0.022221344;0.34483793
0.019023715;0.022221344;0.34483793
0.019023715;0.020245058;0.35274309
0.019023715;0.022221344;0.34483793
0.017047431;0.022221344;0.34483793
0.017047431;0.022221344;0.34483793
0.017047431;0.022221344;0.35274309
0.017047431;0.022221344;0.34483793
0.017047431;0.022221344;0.34483793
0.017047431;0.022221344;0.34483793
0.017047431;0.022221344;0.34483793
0.017047431;0.024197629;0.35274309
0.017047431;0.022221344;0.35274309
0.017047431;0.024197629;0.35274309
0.015071146;0.024197629;0.34483793
0.015071146;0.022221344;0.34483793
0.015071146;0.024197629;0.34483793
0.015071146;0.024197629;0.34483793
0.015071146;0.024197629;0.35274309
0.015071146;0.024197629;0.34483793
0.013094862;0.024197629;0.34483793
0.013094862;0.024197629;0.35274309
0.015071146;0.024197629;0.34483793
0.015071146;0.026173914;0.34483793
0.013094862;0.026173914;0.34483793
0.013094862;0.026173914;0.34483793
0.011118577;0.024197629;0.34483793
0.011118577;0.026173914;0.34483793
0.011118577;0.026173914;0.34483793
0.011118577;0.026173914;0.34483793
0.011118577;0.026173914;0.34483793
0.011118577;0.026173914;0.35274309
0.011118577;0.026173914;0.34483793
0.0091422927;0.026173914;0.34483793
0.011118577;0.026173914;0.34483793
0.011118577;0.028150197;0.34483793
0.0091422927;0.028150197;0.34483793
0.0091422927;0.026173914;0.34483793
0.0091422927;0.026173914;0.35274309
0.0091422927;0.028150197;0.35274309
0.0091422927;0.026173914;0.34483793
0.0091422927;0.028150197;0.35274309
0.007166008;0.028150197;0.34483793
0.0091422927;0.028150197;0.34483793
0.007166008;0.026173914;0.34483793
0.007166008;0.026173914;0.34483793
0.007166008;0.026173914;0.35274309
0.007166008;0.028150197;0.34483793
0.0051897233;0.028150197;0.35274309
0.007166008;0.028150197;0.34483793
0.0051897233;0.028150197;0.34483793
0.0051897233;0.028150197;0.35274309
0.0051897233;0.028150197;0.35274309
0.0032134387;0.028150197;0.34483793
0.0051897233;0.028150197;0.35274309
0.0051897233;0.028150197;0.34483793
0.0032134387;0.028150197;0.34483793
0.0032134387;0.028150197;0.35274309
0.0012371541;0.030126482;0.34483793
0.0032134387;0.028150197;0.34483793
0.0032134387;0.028150197;0.34483793
0.0012371541;0.030126482;0.34483793
0.0032134387;0.028150197;0.34483793
0.0012371541;0.030126482;0.34483793
0.0032134387;0.030126482;0.35274309
-0.00073913042;0.030126482;0.35274309
0.0012371541;0.030126482;0.34483793
0.0032134387;0.030126482;0.34483793
0.0012371541;0.030126482;0.34483793
-0.00073913042;0.030126482;0.34483793
0.0012371541;0.030126482;0.34483793
-0.00073913042;0.030126482;0.34483793
-0.00073913042;0.030126482;0.34483793
-0.00073913042;0.032102767;0.34483793
-0.00073913042;0.030126482;0.34483793
-0.00073913042;0.032102767;0.34483793
-0.0027154151;0.032102767;0.34483793
-0.00073913042;0.032102767;0.35274309
-0.00073913042;0.030126482;0.35274309
-0.0027154151;0.032102767;0.35274309
-0.0027154151;0.032102767;0.34483793
-0.0027154151;0.032102767;0.34483793
-0.0027154151;0.032102767;0.34483793
-0.0027154151;0.032102767;0.34483793
-0.0027154151;0.032102767;0.34483793
-0.0027154151;0.032102767;0.34483793
-0.0027154151;0.032102767;0.35274309
-0.0027154151;0.032102767;0.34483793
-0.0046916995;0.034079053;0.34483793
-0.0046916995;0.032102767;0.34483793
-0.0046916995;0.032102767;0.34483793
-0.0027154151;0.032102767;0.34483793
-0.0046916995;0.032102767;0.34483793
-0.0046916995;0.032102767;0.34483793
-0.0066679842;0.034079053;0.34483793
-0.0066679842;0.034079053;0.34483793
-0.0066679842;0.034079053;0.35274309
-0.0066679842;0.034079053;0.34483793
-0.0066679842;0.034079053;0.34483793
-0.0066679842;0.034079053;0.35274309
-0.0066679842;0.032102767;0.35274309
-0.0066679842;0.034079053;0.34483793
-0.0066679842;0.034079053;0.34483793
-0.0066679842;0.034079053;0.34483793
-0.0086442688;0.036055338;0.34483793
-0.0086442688;0.036055338;0.34483793
-0.0086442688;0.036055338;0.34483793
-0.0086442688;0.036055338;0.35274309
-0.0086442688;0.036055338;0.34483793
-0.010620553;0.036055338;0.34483793
-0.0086442688;0.034079053;0.35274309
-0.0086442688;0.034079053;0.35274309
-0.010620553;0.036055338;0.35274309
-0.010620553;0.036055338;0.35274309
-0.010620553;0.036055338;0.35274309
-0.010620553;0.036055338;0.35274309
-0.010620553;0.036055338;0.35274309
-0.010620553;0.036055338;0.35274309
-0.010620553;0.036055338;0.35274309
-0.010620553;0.036055338;0.34483793
-0.012596838;0.036055338;0.34483793
-0.010620553;0.036055338;0.34483793
-0.012596838;0.036055338;0.35274309
-0.012596838;0.036055338;0.34483793
-0.012596838;0.036055338;0.34483793
-0.012596838;0.036055338;0.34483793
-0.010620553;0.036055338;0.35274309
-0.014573122;0.038031619;0.34483793
-0.014573122;0.036055338;0.34483793
-0.012596838;0.036055338;0.34483793
-0.012596838;0.038031619;0.35274309
-0.014573122;0.038031619;0.35274309
-0.012596838;0.038031619;0.34483793
-0.016549407;0.038031619;0.34483793
-0.014573122;0.038031619;0.35274309
-0.014573122;0.038031619;0.35274309
-0.014573122;0.038031619;0.35274309
-0.014573122;0.040007904;0.34483793
-0.014573122;0.038031619;0.34483793
-0.014573122;0.038031619;0.34483793
-0.014573122;0.038031619;0.34483793
-0.014573122;0.038031619;0.35274309
-0.016549407;0.038031619;0.34483793
-0.018525692;0.040007904;0.34483793
-0.016549407;0.040007904;0.34483793
-0.016549407;0.040007904;0.34483793
-0.016549407;0.040007904;0.35274309
-0.016549407;0.040007904;0.35274309
-0.018525692;0.038031619;0.34483793
-0.016549407;0.040007904;0.35274309
-0.018525692;0.040007904;0.34483793
-0.016549407;0.040007904;0.33693281
-0.018525692;0.040007904;0.34483793
-0.018525692;0.040007904;0.34483793
-0.018525692;0.040007904;0.35274309
-0.018525692;0.040007904;0.34483793
-0.020501977;0.040007904;0.34483793
-0.018525692;0.041984189;0.34483793
-0.018525692;0.041984189;0.34483793
-0.020501977;0.041984189;0.34483793
-0.018525692;0.041984189;0.34483793
-0.020501977;0.041984189;0.34483793
-0.018525692;0.041984189;0.34483793
-0.020501977;0.041984189;0.34483793
-0.018525692;0.041984189;0.34483793
-0.020501977;0.040007904;0.35274309
-0.020501977;0.041984189;0.35274309
-0.020501977;0.041984189;0.34483793
-0.020501977;0.041984189;0.34483793
-0.020501977;0.041984189;0.34483793
-0.020501977;0.040007904;0.35274309
-0.020501977;0.041984189;0.35274309
-0.020501977;0.043960474;0.35274309
-0.02247826;0.041984189;0.34483793
-0.02247826;0.041984189;0.35274309
-0.02247826;0.041984189;0.35274309
-0.02247826;0.041984189;0.34483793
-0.02247826;0.041984189;0.34483793
-0.02247826;0.043960474;0.35274309
-0.02247826;0.041984189;0.35274309
-0.02247826;0.041984189;0.35274309
-0.02247826;0.043960474;0.34483793
-0.02247826;0.041984189;0.34483793
-0.02247826;0.041984189;0.34483793
-0.02247826;0.041984189;0.34483793
-0.02247826;0.043960474;0.34483793
-0.02247826;0.043960474;0.34483793
-0.024454545;0.043960474;0.34483793
-0.02247826;0.043960474;0.34483793
-0.024454545;0.043960474;0.34483793
-0.024454545;0.043960474;0.34483793
-0.024454545;0.043960474;0.34483793
-0.024454545;0.043960474;0.35274309
-0.024454545;0.043960474;0.34483793
-0.024454545;0.043960474;0.35274309
-0.02247826;0.043960474;0.34483793
-0.024454545;0.043960474;0.35274309
-0.02643083;0.043960474;0.34483793
-0.02247826;0.04593676;0.34483793
-0.024454545;0.04593676;0.34483793
-0.02643083;0.043960474;0.34483793
-0.02643083;0.04593676;0.34483793
-0.024454545;0.04593676;0.34483793
-0.02643083;0.043960474;0.34483793
-0.024454545;0.043960474;0.34483793
-0.02643083;0.04593676;0.34483793
-0.024454545;0.04593676;0.35274309
-0.024454545;0.043960474;0.34483793
-0.02643083;0.04593676;0.35274309
-0.02643083;0.04593676;0.34483793
-0.02643083;0.04593676;0.35274309
-0.02643083;0.04593676;0.34483793
-0.02643083;0.04593676;0.35274309
-0.028407115;0.04593676;0.34483793
-0.02643083;0.04593676;0.34483793
-0.02643083;0.04593676;0.35274309
-0.028407115;0.04593676;0.34483793
-0.02643083;0.047913045;0.34483793
-0.02643083;0.047913045;0.35274309
-0.028407115;0.047913045;0.34483793
-0.02643083;0.047913045;0.35274309
-0.028407115;0.047913045;0.35274309
-0.028407115;0.047913045;0.34483793
-0.028407115;0.047913045;0.34483793
-0.028407115;0.047913045;0.35274309
-0.028407115;0.047913045;0.35274309
-0.028407115;0.047913045;0.35274309
-0.028407115;0.047913045;0.35274309
-0.028407115;0.047913045;0.35274309
-0.028407115;0.047913045;0.34483793
-0.030383399;0.047913045;0.34483793
-0.030383399;0.047913045;0.34483793
-0.028407115;0.047913045;0.35274309
-0.030383399;0.047913045;0.34483793
-0.030383399;0.047913045;0.34483793
-0.02643083;0.04988933;0.34483793
-0.030383399;0.047913045;0.34483793
-0.030383399;0.047913045;0.35274309
-0.030383399;0.047913045;0.34483793
-0.028407115;0.04988933;0.35274309
-0.028407115;0.04988933;0.34483793
-0.028407115;0.047913045;0.35274309
-0.028407115;0.04988933;0.35274309
-0.028407115;0.04988933;0.34483793
-0.030383399;0.04988933;0.34483793
-0.030383399;0.04988933;0.34483793
-0.028407115;0.04988933;0.35274309
-0.028407115;0.04988933;0.34483793
-0.030383399;0.04988933;0.34483793
-0.030383399;0.04988933;0.34483793
-0.030383399;0.04988933;0.35274309
-0.028407115;0.047913045;0.35274309
-0.028407115;0.04988933;0.34483793
-0.030383399;0.04988933;0.34483793
-0.030383399;0.04988933;0.34483793
-0.028407115;0.051865611;0.34483793
-0.030383399;0.04988933;0.34483793
-0.028407115;0.04988933;0.35274309
-0.030383399;0.04988933;0.34483793
-0.030383399;0.051865611;0.35274309
-0.030383399;0.04988933;0.34483793
-0.030383399;0.04988933;0.35274309
-0.030383399;0.051865611;0.35274309
-0.030383399;0.04988933;0.34483793
-0.030383399;0.04988933;0.34483793
-0.030383399;0.051865611;0.34483793
-0.030383399;0.051865611;0.35274309
-0.030383399;0.051865611;0.35274309
-0.030383399;0.051865611;0.35274309
-0.030383399;0.051865611;0.35274309
-0.030383399;0.051865611;0.34483793
-0.030383399;0.051865611;0.35274309
-0.030383399;0.051865611;0.35274309
-0.032359682;0.051865611;0.35274309
-0.032359682;0.051865611;0.34483793
-0.032359682;0.051865611;0.35274309
-0.028407115;0.053841896;0.34483793
-0.030383399;0.051865611;0.35274309
-0.030383399;0.053841896;0.35274309
-0.030383399;0.051865611;0.35274309
-0.030383399;0.051865611;0.34483793
-0.030383399;0.051865611;0.34483793
-0.030383399;0.051865611;0.34483793
-0.030383399;0.051865611;0.34483793
-0.032359682;0.051865611;0.35274309
-0.030383399;0.051865611;0.34483793
-0.030383399;0.051865611;0.35274309
-0.032359682;0.051865611;0.35274309
-0.030383399;0.053841896;0.35274309
-0.032359682;0.053841896;0.34483793
-0.030383399;0.053841896;0.35274309
-0.030383399;0.053841896;0.34483793
-0.030383399;0.053841896;0.34483793
-0.030383399;0.053841896;0.34483793
-0.030383399;0.055818181;0.34483793
-0.032359682;0.053841896;0.34483793
-0.030383399;0.053841896;0.34483793
-0.030383399;0.055818181;0.35274309
-0.030383399;0.053841896;0.34483793
-0.030383399;0.053841896;0.34483793
-0.032359682;0.053841896;0.35274309
-0.030383399;0.053841896;0.35274309
-0.032359682;0.053841896;0.34483793
-0.030383399;0.055818181;0.35274309
-0.030383399;0.053841896;0.34483793
-0.030383399;0.055818181;0.35274309
-0.032359682;0.055818181;0.35274309
-0.030383399;0.055818181;0.34483793
-0.030383399;0.053841896;0.34483793
-0.030383399;0.055818181;0.34483793
-0.030383399;0.055818181;0.35274309
-0.030383399;0.055818181;0.34483793
-0.030383399;0.053841896;0.34483793
-0.030383399;0.055818181;0.34483793
-0.028407115;0.055818181;0.34483793
-0.030383399;0.057794467;0.35274309
-0.030383399;0.055818181;0.35274309
-0.030383399;0.055818181;0.34483793
-0.028407115;0.055818181;0.35274309
-0.028407115;0.055818181;0.35274309
-0.028407115;0.057794467;0.35274309
-0.030383399;0.055818181;0.34483793
-0.030383399;0.055818181;0.35274309
-0.030383399;0.057794467;0.34483793
-0.030383399;0.057794467;0.34483793
-0.028407115;0.057794467;0.34483793
-0.030383399;0.057794467;0.35274309
-0.030383399;0.057794467;0.34483793
-0.030383399;0.057794467;0.34483793
-0.028407115;0.055818181;0.34483793
-0.028407115;0.057794467;0.34483793
-0.028407115;0.057794467;0.34483793
-0.030383399;0.057794467;0.34483793
-0.028407115;0.057794467;0.34483793
-0.030383399;0.057794467;0.34483793
-0.030383399;0.057794467;0.35274309
-0.028407115;0.055818181;0.34483793
-0.030383399;0.057794467;0.34483793
-0.028407115;0.057794467;0.34483793
-0.028407115;0.057794467;0.34483793
-0.028407115;0.057794467;0.35274309
-0.028407115;0.059770752;0.34483793
-0.028407115;0.057794467;0.34483793
-0.028407115;0.059770752;0.34483793
-0.028407115;0.057794467;0.35274309
-0.028407115;0.057794467;0.34483793
-0.028407115;0.057794467;0.35274309
-0.028407115;0.057794467;0.34483793
-0.028407115;0.059770752;0.34483793
-0.02643083;0.059770752;0.34483793
-0.028407115;0.057794467;0.34483793
-0.024454545;0.057794467;0.33693281
-0.028407115;0.057794467;0.34483793
-0.024454545;0.057794467;0.35274309
-0.02643083;0.059770752;0.34483793
-0.02643083;0.057794467;0.34483793
-0.02643083;0.059770752;0.34483793
-0.02643083;0.057794467;0.35274309
-0.02643083;0.059770752;0.34483793
-0.024454545;0.059770752;0.35274309
-0.024454545;0.057794467;0.35274309
-0.02643083;0.059770752;0.34483793
-0.024454545;0.059770752;0.34483793
-0.024454545;0.057794467;0.34483793
-0.02643083;0.059770752;0.35274309
-0.024454545;0.059770752;0.35274309
-0.02247826;0.059770752;0.35274309
-0.024454545;0.061747037;0.34483793
-0.02247826;0.059770752;0.35274309
-0.024454545;0.059770752;0.34483793
-0.024454545;0.059770752;0.34483793
-0.02247826;0.059770752;0.34483793
-0.02247826;0.061747037;0.34483793
-0.02247826;0.061747037;0.35274309
-0.024454545;0.059770752;0.35274309
-0.02247826;0.061747037;0.34483793
-0.02247826;0.061747037;0.34483793
-0.024454545;0.061747037;0.34483793
-0.024454545;0.061747037;0.34483793
-0.02247826;0.061747037;0.34483793
-0.02247826;0.061747037;0.34483793
-0.02247826;0.061747037;0.35274309
-0.024454545;0.059770752;0.34483793
-0.02247826;0.059770752;0.34483793
-0.02247826;0.059770752;0.35274309
-0.02247826;0.061747037;0.34483793
-0.02247826;0.061747037;0.35274309
-0.02247826;0.061747037;0.34483793
-0.02247826;0.061747037;0.34483793
-0.02247826;0.061747037;0.34483793
-0.02247826;0.061747037;0.34483793
-0.02247826;0.061747037;0.34483793
-0.02247826;0.061747037;0.35274309
-0.02247826;0.061747037;0.35274309
-0.02247826;0.061747037;0.34483793
-0.020501977;0.061747037;0.34483793
-0.020501977;0.061747037;0.34483793
-0.020501977;0.061747037;0.34483793
-0.020501977;0.061747037;0.34483793
-0.020501977;0.061747037;0.34483793
-0.020501977;0.061747037;0.34483793
-0.020501977;0.061747037;0.34483793
-0.018525692;0.061747037;0.35274309
-0.020501977;0.061747037;0.34483793
-0.020501977;0.061747037;0.34483793
-0.018525692;0.061747037;0.34483793
-0.018525692;0.061747037;0.34483793
-0.020501977;0.061747037;0.35274309
-0.018525692;0.061747037;0.34483793
-0.018525692;0.063723318;0.34483793
-0.018525692;0.061747037;0.34483793
-0.018525692;0.061747037;0.34483793
-0.018525692;0.061747037;0.35274309
-0.018525692;0.061747037;0.35274309
-0.016549407;0.061747037;0.35274309
-0.018525692;0.063723318;0.34483793
-0.016549407;0.061747037;0.34483793
-0.016549407;0.061747037;0.34483793
-0.016549407;0.061747037;0.34483793
-0.016549407;0.061747037;0.35274309
-0.016549407;0.063723318;0.35274309
-0.016549407;0.063723318;0.34483793
-0.016549407;0.063723318;0.34483793
-0.016549407;0.063723318;0.34483793
-0.016549407;0.063723318;0.34483793
-0.014573122;0.063723318;0.35274309
-0.014573122;0.063723318;0.34483793
-0.014573122;0.065699607;0.34483793
-0.014573122;0.063723318;0.35274309
-0.012596838;0.063723318;0.34483793
-0.014573122;0.061747037;0.34483793
-0.014573122;0.063723318;0.34483793
-0.014573122;0.063723318;0.34483793
-0.014573122;0.063723318;0.35274309
-0.014573122;0.065699607;0.34483793
-0.012596838;0.065699607;0.34483793
-0.014573122;0.063723318;0.34483793
-0.012596838;0.063723318;0.34483793
-0.014573122;0.061747037;0.34483793
-0.014573122;0.063723318;0.34483793
-0.012596838;0.065699607;0.34483793
-0.010620553;0.063723318;0.34483793
-0.012596838;0.063723318;0.34483793
-0.012596838;0.065699607;0.35274309
-0.012596838;0.065699607;0.35274309
-0.012596838;0.065699607;0.34483793
-0.010620553;0.065699607;0.34483793
-0.010620553;0.065699607;0.33693281
-0.010620553;0.065699607;0.34483793
-0.010620553;0.063723318;0.34483793
-0.010620553;0.065699607;0.34483793
-0.010620553;0.065699607;0.34483793
-0.010620553;0.063723318;0.34483793
-0.010620553;0.067675889;0.34483793
-0.010620553;0.065699607;0.35274309
-0.010620553;0.065699607;0.34483793
-0.010620553;0.065699607;0.34483793
-0.0086442688;0.063723318;0.34483793
-0.0086442688;0.065699607;0.35274309
-0.010620553;0.065699607;0.34483793
-0.0086442688;0.065699607;0.34483793
-0.0086442688;0.065699607;0.35274309
-0.0086442688;0.065699607;0.35274309
-0.0086442688;0.063723318;0.35274309
-0.0066679842;0.065699607;0.34483793
-0.0066679842;0.065699607;0.34483793
-0.0066679842;0.067675889;0.34483793
-0.0066679842;0.065699607;0.35274309
-0.0066679842;0.065699607;0.34483793
-0.0086442688;0.067675889;0.34483793
-0.0066679842;0.065699607;0.34483793
-0.0046916995;0.067675889;0.34483793
-0.0046916995;0.065699607;0.34483793
-0.0046916995;0.065699607;0.34483793
-0.0046916995;0.065699607;0.34483793
-0.0046916995;0.067675889;0.34483793
-0.0027154151;0.065699607;0.35274309
-0.0046916995;0.065699607;0.34483793
-0.0046916995;0.065699607;0.34483793
-0.0046916995;0.067675889;0.35274309
-0.0046916995;0.065699607;0.34483793
-0.0027154151;0.067675889;0.35274309
-0.0027154151;0.065699607;0.34483793
-0.0027154151;0.065699607;0.35274309
-0.0027154151;0.065699607;0.35274309
-0.0027154151;0.065699607;0.34483793
-0.0027154151;0.065699607;0.34483793
-0.00073913042;0.067675889;0.34483793
-0.00073913042;0.067675889;0.34483793
-0.0027154151;0.065699607;0.34483793
-0.00073913042;0.065699607;0.34483793
-0.0027154151;0.067675889;0.34483793
-0.00073913042;0.067675889;0.34483793
0.0012371541;0.067675889;0.34483793
-0.00073913042;0.067675889;0.34483793
-0.00073913042;0.067675889;0.34483793
0.0012371541;0.067675889;0.34483793
0.0012371541;0.065699607;0.35274309
0.0012371541;0.067675889;0.35274309
0.0012371541;0.067675889;0.35274309
0.0012371541;0.065699607;0.34483793
0.0012371541;0.065699607;0.35274309
0.0012371541;0.065699607;0.34483793
0.0012371541;0.065699607;0.34483793
0.0032134387;0.067675889;0.34483793
0.0012371541;0.067675889;0.35274309
0.0032134387;0.067675889;0.34483793
0.0032134387;0.067675889;0.34483793
0.0012371541;0.067675889;0.35274309
0.0032134387;0.067675889;0.34483793
0.0051897233;0.067675889;0.34483793
0.0051897233;0.067675889;0.35274309
0.0051897233;0.067675889;0.34483793
0.0032134387;0.067675889;0.35274309
0.0051897233;0.067675889;0.34483793
0.0051897233;0.067675889;0.34483793
0.007166008;0.067675889;0.34483793
0.0051897233;0.067675889;0.34483793
0.007166008;0.069652177;0.34483793
0.007166008;0.067675889;0.35274309
0.007166008;0.067675889;0.35274309
0.007166008;0.067675889;0.34483793
0.007166008;0.067675889;0.34483793
0.007166008;0.067675889;0.34483793
0.007166008;0.067675889;0.34483793
0.007166008;0.069652177;0.34483793
0.007166008;0.067675889;0.34483793
0.007166008;0.069652177;0.34483793
0.0091422927;0.067675889;0.34483793
0.0091422927;0.067675889;0.34483793
0.011118577;0.067675889;0.35274309
0.007166008;0.069652177;0.34483793
0.0091422927;0.067675889;0.34483793
0.011118577;0.069652177;0.34483793
0.011118577;0.067675889;0.34483793
0.011118577;0.069652177;0.34483793
0.011118577;0.069652177;0.34483793
0.011118577;0.067675889;0.34483793
0.011118577;0.067675889;0.35274309
0.011118577;0.069652177;0.34483793
0.011118577;0.067675889;0.34483793
0.013094862;0.069652177;0.34483793
0.011118577;0.067675889;0.34483793
0.013094862;0.067675889;0.34483793
0.015071146;0.067675889;0.35274309
0.015071146;0.067675889;0.35274309
0.013094862;0.067675889;0.34483793
0.013094862;0.067675889;0.34483793
0.015071146;0.069652177;0.34483793
0.013094862;0.069652177;0.34483793
0.015071146;0.069652177;0.34483793
0.015071146;0.067675889;0.34483793
0.015071146;0.067675889;0.35274309
0.017047431;0.067675889;0.34483793
0.017047431;0.067675889;0.34483793
0.017047431;0.067675889;0.35274309
0.017047431;0.069652177;0.34483793
0.015071146;0.067675889;0.34483793
0.017047431;0.069652177;0.34483793
0.017047431;0.069652177;0.34483793
0.019023715;0.067675889;0.34483793
0.017047431;0.067675889;0.35274309
0.017047431;0.069652177;0.34483793
0.019023715;0.067675889;0.34483793
0.017047431;0.069652177;0.35274309
0.019023715;0.069652177;0.34483793
0.019023715;0.069652177;0.34483793
0.021;0.069652177;0.34483793
0.021;0.067675889;0.34483793
0.021;0.067675889;0.35274309
0.019023715;0.067675889;0.35274309
0.021;0.067675889;0.34483793
0.021;0.069652177;0.35274309
0.022976285;0.067675889;0.35274309
0.021;0.069652177;0.34483793
0.022976285;0.067675889;0.34483793
0.021;0.069652177;0.34483793
0.022976285;0.069652177;0.35274309
0.022976285;0.069652177;0.35274309
0.02495257;0.069652177;0.34483793
0.022976285;0.067675889;0.35274309
0.022976285;0.069652177;0.34483793
0.02495257;0.069652177;0.34483793
0.02495257;0.069652177;0.34483793
0.02495257;0.069652177;0.35274309
0.02495257;0.069652177;0.35274309
0.02495257;0.067675889;0.34483793
0.02495257;0.067675889;0.35274309
0.026928853;0.069652177;0.35274309
0.02495257;0.069652177;0.34483793
0.02495257;0.069652177;0.34483793
0.026928853;0.069652177;0.34483793
0.026928853;0.069652177;0.34483793
0.026928853;0.069652177;0.35274309
0.026928853;0.069652177;0.34483793
0.028905138;0.069652177;0.34483793
0.026928853;0.069652177;0.34483793
0.026928853;0.069652177;0.34483793
0.028905138;0.069652177;0.35274309
0.028905138;0.069652177;0.35274309
0.028905138;0.067675889;0.35274309
0.028905138;0.067675889;0.34483793
0.028905138;0.067675889;0.34483793
0.028905138;0.067675889;0.34483793
0.028905138;0.069652177;0.34483793
0.030881424;0.069652177;0.34483793
0.030881424;0.069652177;0.34483793
0.030881424;0.069652177;0.34483793
0.030881424;0.069652177;0.34483793
0.030881424;0.069652177;0.34483793
0.032857709;0.069652177;0.34483793
0.030881424;0.069652177;0.34483793
0.032857709;0.069652177;0.34483793
0.032857709;0.067675889;0.34483793
0.032857709;0.069652177;0.34483793
0.032857709;0.067675889;0.34483793
0.034833994;0.069652177;0.34483793
0.034833994;0.069652177;0.33693281
0.034833994;0.069652177;0.35274309
0.034833994;0.069652177;0.35274309
0.034833994;0.069652177;0.35274309
0.034833994;0.069652177;0.35274309
0.034833994;0.069652177;0.35274309
0.034833994;0.069652177;0.35274309
0.034833994;0.069652177;0.35274309
0.034833994;0.069652177;0.35274309
0.036810275;0.071628459;0.35274309
0.036810275;0.069652177;0.34483793
0.036810275;0.069652177;0.34483793
0.036810275;0.069652177;0.34483793
0.036810275;0.067675889;0.34483793
0.03878656;0.069652177;0.34483793
0.036810275;0.067675889;0.35274309
0.036810275;0.069652177;0.34483793
0.03878656;0.071628459;0.34483793
0.03878656;0.069652177;0.34483793
0.03878656;0.069652177;0.34483793
0.03878656;0.067675889;0.35274309
0.040762845;0.067675889;0.35274309
0.040762845;0.069652177;0.34483793
0.03878656;0.069652177;0.34483793
0.040762845;0.067675889;0.34483793
0.040762845;0.069652177;0.34483793
0.040762845;0.069652177;0.34483793
0.040762845;0.069652177;0.34483793
0.042739131;0.069652177;0.35274309
0.040762845;0.069652177;0.34483793
0.042739131;0.069652177;0.35274309
0.042739131;0.069652177;0.34483793
0.042739131;0.069652177;0.34483793
0.042739131;0.069652177;0.35274309
0.042739131;0.069652177;0.34483793
0.040762845;0.069652177;0.34483793
0.042739131;0.069652177;0.34483793
0.042739131;0.069652177;0.34483793
0.044715416;0.067675889;0.34483793
0.042739131;0.069652177;0.34483793
0.044715416;0.069652177;0.34483793
0.044715416;0.069652177;0.34483793
0.044715416;0.069652177;0.34483793
0.044715416;0.067675889;0.34483793
0.046691701;0.067675889;0.34483793
0.046691701;0.067675889;0.35274309
0.046691701;0.069652177;0.34483793
0.048667986;0.067675889;0.34483793
0.048667986;0.069652177;0.34483793
0.046691701;0.069652177;0.34483793
0.048667986;0.069652177;0.34483793
0.046691701;0.069652177;0.34483793
0.046691701;0.069652177;0.35274309
0.048667986;0.067675889;0.34483793
0.048667986;0.069652177;0.34483793
0.048667986;0.069652177;0.34483793
0.048667986;0.069652177;0.34483793
0.048667986;0.067675889;0.34483793
0.046691701;0.067675889;0.34483793
0.050644267;0.069652177;0.34483793
0.048667986;0.067675889;0.34483793
0.048667986;0.067675889;0.34483793
0.050644267;0.067675889;0.34483793
0.050644267;0.069652177;0.34483793
0.050644267;0.067675889;0.34483793
0.050644267;0.069652177;0.34483793
0.050644267;0.069652177;0.34483793
0.048667986;0.069652177;0.34483793
0.052620552;0.069652177;0.35274309
0.050644267;0.067675889;0.35274309
0.052620552;0.069652177;0.35274309
0.052620552;0.067675889;0.34483793
0.052620552;0.069652177;0.34483793
0.052620552;0.069652177;0.34483793
0.050644267;0.067675889;0.34483793
0.054596838;0.067675889;0.34483793
0.054596838;0.069652177;0.34483793
0.052620552;0.069652177;0.34483793
0.054596838;0.067675889;0.34483793
0.054596838;0.069652177;0.35274309
0.052620552;0.067675889;0.35274309
0.054596838;0.067675889;0.34483793
0.056573123;0.067675889;0.35274309
0.054596838;0.067675889;0.34483793
0.054596838;0.067675889;0.34483793
0.056573123;0.069652177;0.35274309
0.054596838;0.069652177;0.34483793
0.056573123;0.069652177;0.35274309
0.056573123;0.069652177;0.34483793
0.054596838;0.067675889;0.34483793
0.056573123;0.069652177;0.34483793
0.056573123;0.067675889;0.34483793
0.056573123;0.067675889;0.35274309
0.056573123;0.067675889;0.34483793
0.058549408;0.067675889;0.34483793
0.056573123;0.067675889;0.34483793
0.058549408;0.069652177;0.35274309
0.058549408;0.067675889;0.34483793
0.058549408;0.069652177;0.34483793
0.056573123;0.067675889;0.34483793
0.058549408;0.069652177;0.34483793
0.058549408;0.067675889;0.34483793
0.058549408;0.067675889;0.34483793
0.060525693;0.069652177;0.35274309
0.058549408;0.067675889;0.34483793
0.060525693;0.069652177;0.34483793
0.058549408;0.067675889;0.35274309
0.060525693;0.067675889;0.34483793
0.060525693;0.067675889;0.34483793
0.058549408;0.067675889;0.35274309
0.060525693;0.067675889;0.34483793
0.060525693;0.067675889;0.34483793
0.060525693;0.065699607;0.34483793
0.062501974;0.067675889;0.34483793
0.062501974;0.067675889;0.34483793
0.060525693;0.067675889;0.34483793
0.062501974;0.067675889;0.34483793
0.062501974;0.067675889;0.34483793
0.062501974;0.067675889;0.35274309
0.064478263;0.067675889;0.34483793
0.062501974;0.067675889;0.34483793
0.062501974;0.065699607;0.35274309
0.062501974;0.067675889;0.34483793
0.062501974;0.067675889;0.35274309
0.064478263;0.067675889;0.34483793
0.064478263;0.065699607;0.34483793
0.062501974;0.067675889;0.34483793
0.064478263;0.067675889;0.35274309
0.064478263;0.067675889;0.35274309
0.064478263;0.067675889;0.34483793
0.064478263;0.065699607;0.34483793
0.062501974;0.067675889;0.35274309
0.066454545;0.067675889;0.34483793
0.064478263;0.065699607;0.34483793
0.064478263;0.067675889;0.34483793
0.064478263;0.065699607;0.35274309
0.064478263;0.065699607;0.34483793
0.064478263;0.067675889;0.34483793
0.066454545;0.067675889;0.34483793
0.066454545;0.067675889;0.34483793
0.066454545;0.065699607;0.35274309
0.066454545;0.067675889;0.34483793
0.066454545;0.067675889;0.35274309
0.066454545;0.067675889;0.34483793
0.066454545;0.065699607;0.34483793
0.066454545;0.065699607;0.34483793
0.066454545;0.065699607;0.35274309
0.066454545;0.067675889;0.34483793
0.066454545;0.067675889;0.34483793
0.066454545;0.065699607;0.34483793
0.066454545;0.065699607;0.34483793
0.068430834;0.065699607;0.34483793
0.068430834;0.065699607;0.35274309
0.066454545;0.065699607;0.34483793
0.068430834;0.065699607;0.34483793
0.068430834;0.065699607;0.34483793
0.068430834;0.067675889;0.34483793
0.068430834;0.063723318;0.35274309
0.068430834;0.065699607;0.34483793
0.068430834;0.065699607;0.34483793
0.068430834;0.065699607;0.34483793
0.068430834;0.065699607;0.35274309
0.070407115;0.065699607;0.33693281
0.070407115;0.065699607;0.35274309
0.070407115;0.065699607;0.34483793
0.072383396;0.065699607;0.35274309
0.070407115;0.065699607;0.34483793
0.070407115;0.065699607;0.34483793
0.070407115;0.065699607;0.34483793
0.070407115;0.063723318;0.35274309
0.070407115;0.065699607;0.35274309
0.072383396;0.063723318;0.35274309
0.070407115;0.063723318;0.35274309
0.070407115;0.065699607;0.34483793
0.070407115;0.065699607;0.35274309
0.070407115;0.063723318;0.34483793
0.072383396;0.065699607;0.34483793
0.070407115;0.065699607;0.35274309
0.070407115;0.063723318;0.34483793
0.070407115;0.063723318;0.34483793
0.070407115;0.063723318;0.34483793
0.070407115;0.063723318;0.35274309
0.070407115;0.063723318;0.34483793
0.070407115;0.065699607;0.34483793
0.072383396;0.065699607;0.34483793
0.070407115;0.063723318;0.35274309
0.070407115;0.065699607;0.34483793
0.070407115;0.063723318;0.34483793
0.074359685;0.063723318;0.34483793
0.072383396;0.063723318;0.35274309
0.072383396;0.063723318;0.35274309
0.072383396;0.063723318;0.35274309
0.072383396;0.063723318;0.35274309
0.072383396;0.063723318;0.33693281
0.072383396;0.063723318;0.35274309
0.072383396;0.063723318;0.34483793
0.074359685;0.063723318;0.34483793
0.074359685;0.063723318;0.34483793
0.074359685;0.063723318;0.34483793
0.072383396;0.063723318;0.34483793
0.072383396;0.063723318;0.35274309
0.074359685;0.063723318;0.34483793
0.074359685;0.061747037;0.35274309
0.074359685;0.061747037;0.34483793
0.072383396;0.063723318;0.35274309
0.076335967;0.063723318;0.35274309
0.074359685;0.063723318;0.34483793
0.074359685;0.061747037;0.33693281
0.072383396;0.063723318;0.35274309
0.074359685;0.061747037;0.35274309
0.074359685;0.061747037;0.34483793
0.074359685;0.061747037;0.34483793
0.074359685;0.061747037;0.34483793
0.074359685;0.061747037;0.34483793
0.074359685;0.063723318;0.35274309
0.076335967;0.063723318;0.35274309
0.074359685;0.061747037;0.35274309
0.074359685;0.061747037;0.34483793
0.074359685;0.061747037;0.34483793
0.076335967;0.061747037;0.34483793
0.074359685;0.063723318;0.34483793
0.074359685;0.061747037;0.35274309
0.076335967;0.061747037;0.35274309
0.074359685;0.061747037;0.34483793
0.074359685;0.063723318;0.34483793
0.076335967;0.061747037;0.34483793
0.074359685;0.061747037;0.34483793
0.074359685;0.061747037;0.34483793
0.076335967;0.061747037;0.35274309
0.074359685;0.061747037;0.34483793
0.076335967;0.061747037;0.34483793
0.074359685;0.059770752;0.34483793
0.076335967;0.061747037;0.34483793
0.074359685;0.063723318;0.34483793
0.076335967;0.059770752;0.33693281
0.076335967;0.059770752;0.34483793
0.076335967;0.061747037;0.34483793
0.076335967;0.061747037;0.34483793
0.076335967;0.061747037;0.35274309
0.076335967;0.061747037;0.35274309
0.076335967;0.059770752;0.34483793
0.076335967;0.059770752;0.34483793
0.076335967;0.061747037;0.33693281
0.076335967;0.059770752;0.35274309
0.076335967;0.059770752;0.34483793
0.076335967;0.059770752;0.34483793
0.076335967;0.057794467;0.34483793
0.076335967;0.059770752;0.35274309
0.074359685;0.059770752;0.35274309
0.076335967;0.059770752;0.34483793
0.074359685;0.059770752;0.34483793
0.076335967;0.059770752;0.34483793
0.076335967;0.059770752;0.34483793
0.074359685;0.059770752;0.34483793
0.076335967;0.059770752;0.34483793
0.076335967;0.059770752;0.34483793
0.074359685;0.059770752;0.34483793
0.074359685;0.059770752;0.34483793
0.074359685;0.059770752;0.34483793
0.074359685;0.057794467;0.34483793
0.074359685;0.057794467;0.34483793
0.074359685;0.057794467;0.34483793
0.074359685;0.059770752;0.34483793
0.076335967;0.059770752;0.34483793
0.076335967;0.059770752;0.34483793
0.074359685;0.059770752;0.34483793
0.076335967;0.059770752;0.34483793
0.076335967;0.057794467;0.34483793
0.074359685;0.059770752;0.34483793
0.074359685;0.057794467;0.34483793
0.074359685;0.059770752;0.34483793
0.074359685;0.057794467;0.34483793
0.074359685;0.057794467;0.34483793
0.076335967;0.059770752;0.34483793
0.074359685;0.057794467;0.34483793
0.074359685;0.059770752;0.34483793
0.074359685;0.059770752;0.35274309
0.074359685;0.057794467;0.35274309
0.074359685;0.057794467;0.35274309
0.074359685;0.057794467;0.34483793
0.074359685;0.055818181;0.34483793
0.074359685;0.057794467;0.34483793
0.074359685;0.055818181;0.34483793
0.074359685;0.057794467;0.34483793
0.072383396;0.057794467;0.34483793
0.074359685;0.057794467;0.34483793
0.074359685;0.057794467;0.34483793
0.074359685;0.055818181;0.35274309
0.074359685;0.057794467;0.34483793
0.074359685;0.057794467;0.34483793
0.072383396;0.057794467;0.34483793
0.074359685;0.057794467;0.35274309
0.074359685;0.057794467;0.34483793
0.072383396;0.055818181;0.35274309
0.074359685;0.055818181;0.34483793
0.072383396;0.055818181;0.34483793
0.074359685;0.057794467;0.34483793
0.074359685;0.055818181;0.34483793
0.072383396;0.057794467;0.35274309
0.072383396;0.057794467;0.34483793
0.072383396;0.057794467;0.35274309
0.072383396;0.055818181;0.34483793
0.072383396;0.055818181;0.35274309
0.072383396;0.055818181;0.34483793
0.072383396;0.055818181;0.34483793
0.072383396;0.055818181;0.34483793
0.072383396;0.055818181;0.35274309
0.072383396;0.055818181;0.35274309
0.072383396;0.055818181;0.34483793
0.072383396;0.055818181;0.34483793
0.072383396;0.055818181;0.35274309
0.072383396;0.053841896;0.34483793
0.070407115;0.055818181;0.35274309
0.070407115;0.055818181;0.34483793
0.070407115;0.053841896;0.34483793
0.070407115;0.055818181;0.34483793
0.072383396;0.053841896;0.34483793
0.070407115;0.055818181;0.35274309
0.070407115;0.053841896;0.35274309
0.072383396;0.055818181;0.34483793
0.070407115;0.055818181;0.34483793
0.070407115;0.053841896;0.34483793
0.070407115;0.053841896;0.35274309
0.070407115;0.053841896;0.34483793
0.070407115;0.053841896;0.34483793
0.070407115;0.053841896;0.34483793
0.070407115;0.053841896;0.34483793
0.070407115;0.053841896;0.34483793
0.070407115;0.053841896;0.34483793
0.068430834;0.053841896;0.34483793
0.070407115;0.053841896;0.34483793
0.068430834;0.053841896;0.34483793
0.068430834;0.053841896;0.35274309
0.068430834;0.053841896;0.34483793
0.068430834;0.051865611;0.35274309
0.070407115;0.051865611;0.34483793
0.068430834;0.051865611;0.34483793
0.068430834;0.051865611;0.34483793
0.068430834;0.051865611;0.35274309
0.066454545;0.051865611;0.34483793
0.068430834;0.051865611;0.35274309
0.068430834;0.051865611;0.34483793
0.066454545;0.051865611;0.34483793
0.068430834;0.053841896;0.34483793
0.068430834;0.051865611;0.35274309
0.066454545;0.051865611;0.35274309
0.066454545;0.051865611;0.35274309
0.068430834;0.051865611;0.34483793
0.068430834;0.051865611;0.34483793
0.068430834;0.04988933;0.35274309
0.066454545;0.04988933;0.34483793
0.066454545;0.051865611;0.34483793
0.066454545;0.04988933;0.34483793
0.064478263;0.051865611;0.35274309
0.066454545;0.051865611;0.34483793
0.066454545;0.051865611;0.35274309
0.066454545;0.051865611;0.34483793
0.066454545;0.051865611;0.34483793
0.066454545;0.04988933;0.34483793
0.064478263;0.04988933;0.34483793
0.064478263;0.04988933;0.34483793
0.064478263;0.04988933;0.34483793
0.064478263;0.04988933;0.34483793
0.064478263;0.04988933;0.34483793
0.062501974;0.04988933;0.35274309
0.064478263;0.04988933;0.34483793
0.064478263;0.04988933;0.34483793
0.062501974;0.04988933;0.34483793
0.062501974;0.04988933;0.34483793
0.064478263;0.04988933;0.34483793
0.062501974;0.04988933;0.34483793
0.064478263;0.04988933;0.34483793
0.064478263;0.04988933;0.35274309
0.060525693;0.04988933;0.35274309
0.062501974;0.047913045;0.34483793
0.062501974;0.04988933;0.34483793
0.062501974;0.047913045;0.34483793
0.062501974;0.047913045;0.35274309
0.060525693;0.047913045;0.35274309
0.060525693;0.047913045;0.34483793
0.062501974;0.047913045;0.35274309
0.062501974;0.047913045;0.34483793
0.062501974;0.047913045;0.35274309
0.060525693;0.047913045;0.34483793
0.058549408;0.047913045;0.34483793
0.060525693;0.047913045;0.34483793
0.060525693;0.047913045;0.34483793
0.060525693;0.047913045;0.34483793
0.058549408;0.047913045;0.34483793
0.058549408;0.047913045;0.35274309
0.058549408;0.047913045;0.34483793
0.060525693;0.047913045;0.34483793
0.058549408;0.047913045;0.34483793
0.058549408;0.047913045;0.35274309
0.058549408;0.047913045;0.35274309
0.058549408;0.047913045;0.34483793
0.058549408;0.047913045;0.35274309
0.056573123;0.047913045;0.34483793
0.058549408;0.047913045;0.34483793
0.058549408;0.04593676;0.35274309
0.056573123;0.04593676;0.35274309
0.058549408;0.04593676;0.34483793
0.056573123;0.047913045;0.34483793
0.056573123;0.047913045;0.34483793
0.056573123;0.04593676;0.34483793
0.056573123;0.04593676;0.34483793
0.056573123;0.04593676;0.34483793
0.056573123;0.04593676;0.34483793
0.054596838;0.04593676;0.34483793
0.056573123;0.047913045;0.34483793
0.054596838;0.043960474;0.35274309
0.054596838;0.04593676;0.34483793
0.054596838;0.047913045;0.34483793
0.054596838;0.04593676;0.34483793
0.054596838;0.04593676;0.35274309
0.054596838;0.04593676;0.34483793
0.054596838;0.043960474;0.35274309
0.054596838;0.04593676;0.34483793
0.054596838;0.043960474;0.33693281
0.052620552;0.043960474;0.34483793
0.052620552;0.043960474;0.34483793
0.052620552;0.043960474;0.34483793
0.054596838;0.04593676;0.34483793
0.054596838;0.043960474;0.34483793
0.052620552;0.043960474;0.34483793
0.052620552;0.043960474;0.34483793
0.052620552;0.043960474;0.34483793
0.050644267;0.041984189;0.34483793
0.050644267;0.043960474;0.34483793
0.052620552;0.043960474;0.34483793
0.050644267;0.043960474;0.34483793
0.050644267;0.043960474;0.34483793
0.050644267;0.043960474;0.34483793
0.048667986;0.041984189;0.34483793
0.046691701;0.043960474;0.35274309
0.048667986;0.041984189;0.34483793
0.048667986;0.041984189;0.34483793
0.046691701;0.041984189;0.34483793
0.048667986;0.043960474;0.34483793
0.048667986;0.043960474;0.34483793
0.048667986;0.041984189;0.34483793
0.046691701;0.041984189;0.34483793
0.046691701;0.041984189;0.34483793
0.046691701;0.041984189;0.34483793
0.046691701;0.041984189;0.34483793
0.046691701;0.041984189;0.34483793
0.046691701;0.041984189;0.34483793
0.044715416;0.040007904;0.35274309
0.046691701;0.041984189;0.34483793
0.044715416;0.041984189;0.34483793
0.044715416;0.041984189;0.34483793
0.044715416;0.041984189;0.35274309
0.046691701;0.041984189;0.34483793
0.044715416;0.041984189;0.35274309
0.046691701;0.041984189;0.34483793
0.042739131;0.040007904;0.34483793
0.042739131;0.041984189;0.34483793
0.042739131;0.040007904;0.34483793
0.042739131;0.040007904;0.35274309
0.042739131;0.040007904;0.35274309
0.042739131;0.040007904;0.34483793
0.042739131;0.040007904;0.34483793
0.042739131;0.041984189;0.34483793
0.042739131;0.040007904;0.34483793
0.040762845;0.040007904;0.34483793
0.042739131;0.040007904;0.35274309
0.042739131;0.040007904;0.35274309
0.040762845;0.040007904;0.35274309
0.03878656;0.040007904;0.34483793
0.040762845;0.038031619;0.35274309
0.040762845;0.040007904;0.34483793
0.040762845;0.040007904;0.34483793
0.03878656;0.038031619;0.35274309
0.03878656;0.038031619;0.34483793
0.040762845;0.038031619;0.34483793
0.03878656;0.038031619;0.34483793
0.03878656;0.040007904;0.34483793
0.03878656;0.038031619;0.34483793
0.03878656;0.038031619;0.35274309
0.03878656;0.038031619;0.34483793
0.036810275;0.040007904;0.34483793
0.036810275;0.038031619;0.34483793
0.036810275;0.038031619;0.35274309
0.036810275;0.038031619;0.34483793
0.036810275;0.036055338;0.34483793
0.036810275;0.038031619;0.34483793
0.034833994;0.038031619;0.34483793
0.034833994;0.038031619;0.34483793
0.034833994;0.036055338;0.34483793
0.036810275;0.036055338;0.34483793
0.034833994;0.036055338;0.34483793
0.032857709;0.036055338;0.34483793
0.034833994;0.036055338;0.34483793
0.034833994;0.038031619;0.34483793
0.034833994;0.036055338;0.35274309
0.032857709;0.036055338;0.35274309
0.032857709;0.038031619;0.34483793
0.032857709;0.036055338;0.34483793
0.032857709;0.036055338;0.35274309
0.032857709;0.036055338;0.34483793
0.030881424;0.036055338;0.33693281
0.030881424;0.038031619;0.35274309
0.030881424;0.036055338;0.34483793
0.030881424;0.036055338;0.34483793
0.030881424;0.036055338;0.34483793
0.030881424;0.036055338;0.34483793
0.030881424;0.036055338;0.35274309
0.030881424;0.036055338;0.35274309
0.028905138;0.036055338;0.34483793
0.028905138;0.034079053;0.34483793
0.028905138;0.036055338;0.35274309
0.028905138;0.034079053;0.35274309
0.028905138;0.036055338;0.34483793
0.028905138;0.034079053;0.34483793
0.028905138;0.036055338;0.34483793
0.028905138;0.034079053;0.35274309
0.026928853;0.034079053;0.34483793
0.026928853;0.034079053;0.35274309
0.026928853;0.034079053;0.34483793
0.026928853;0.034079053;0.34483793
0.026928853;0.034079053;0.34483793
0.026928853;0.034079053;0.34483793
0.02495257;0.034079053;0.34483793
0.02495257;0.034079053;0.34483793
0.02495257;0.034079053;0.35274309
0.02495257;0.034079053;0.34483793
0.022976285;0.034079053;0.34483793
0.022976285;0.034079053;0.34483793
0.022976285;0.034079053;0.35274309
0.022976285;0.034079053;0.35274309
0.02495257;0.034079053;0.35274309
0.022976285;0.032102767;0.34483793
0.022976285;0.032102767;0.34483793
0.021;0.032102767;0.34483793
0.022976285;0.032102767;0.34483793
0.021;0.032102767;0.34483793
0.021;0.034079053;0.35274309
0.021;0.032102767;0.35274309
0.021;0.032102767;0.34483793
0.021;0.032102767;0.34483793
0.021;0.032102767;0.33693281
0.019023715;0.032102767;0.34483793
0.019023715;0.032102767;0.34483793
0.021;0.032102767;0.34483793
0.019023715;0.032102767;0.34483793
0.019023715;0.032102767;0.34483793
0.019023715;0.030126482;0.35274309
0.017047431;0.032102767;0.34483793
0.017047431;0.030126482;0.34483793
0.017047431;0.030126482;0.35274309
0.017047431;0.032102767;0.35274309
0.017047431;0.032102767;0.34483793
0.017047431;0.030126482;0.34483793
0.017047431;0.030126482;0.34483793
0.017047431;0.030126482;0.34483793
0.017047431;0.032102767;0.35274309
0.017047431;0.030126482;0.35274309
0.015071146;0.030126482;0.34483793
0.015071146;0.030126482;0.34483793
0.015071146;0.030126482;0.34483793
0.015071146;0.030126482;0.34483793
0.015071146;0.030126482;0.34483793
0.015071146;0.028150197;0.35274309
0.013094862;0.028150197;0.34483793
0.015071146;0.028150197;0.34483793
0.013094862;0.028150197;0.34483793
0.013094862;0.028150197;0.34483793
0.013094862;0.028150197;0.35274309
0.013094862;0.028150197;0.34483793
0.011118577;0.028150197;0.34483793
0.013094862;0.028150197;0.35274309
0.011118577;0.028150197;0.34483793
0.011118577;0.030126482;0.34483793
0.011118577;0.028150197;0.34483793
0.011118577;0.028150197;0.35274309
0.011118577;0.028150197;0.34483793
0.0091422927;0.028150197;0.34483793
0.0091422927;0.028150197;0.34483793
0.011118577;0.026173914;0.34483793
0.0091422927;0.028150197;0.35274309
0.0091422927;0.026173914;0.34483793
0.0091422927;0.028150197;0.34483793
0.0091422927;0.028150197;0.35274309
0.0091422927;0.026173914;0.33693281
0.007166008;0.028150197;0.33693281
0.007166008;0.028150197;0.34483793
0.0091422927;0.026173914;0.34483793
0.007166008;0.026173914;0.34483793
0.007166008;0.026173914;0.34483793
0.007166008;0.026173914;0.35274309
0.0051897233;0.026173914;0.35274309
0.007166008;0.026173914;0.34483793
0.0051897233;0.026173914;0.34483793
0.0051897233;0.026173914;0.34483793
0.0051897233;0.026173914;0.34483793
0.0032134387;0.024197629;0.34483793
0.0032134387;0.024197629;0.34483793
0.0051897233;0.024197629;0.35274309
0.0032134387;0.024197629;0.34483793
0.0032134387;0.024197629;0.34483793
0.0051897233;0.024197629;0.34483793
0.0012371541;0.024197629;0.34483793
0.0012371541;0.024197629;0.34483793
0.0032134387;0.024197629;0.35274309
0.0032134387;0.024197629;0.34483793
0.0012371541;0.024197629;0.34483793
-0.00073913042;0.024197629;0.35274309
-0.00073913042;0.024197629;0.34483793
0.0012371541;0.024197629;0.34483793
0.0012371541;0.022221344;0.35274309
-0.00073913042;0.024197629;0.34483793
-0.00073913042;0.022221344;0.34483793
-0.00073913042;0.024197629;0.35274309
-0.00073913042;0.022221344;0.34483793
-0.00073913042;0.024197629;0.35274309
-0.00073913042;0.022221344;0.34483793
-0.00073913042;0.022221344;0.35274309
-0.00073913042;0.022221344;0.34483793
-0.0027154151;0.022221344;0.34483793
-0.0027154151;0.022221344;0.35274309
-0.0027154151;0.022221344;0.34483793
-0.0027154151;0.022221344;0.34483793
-0.0046916995;0.022221344;0.34483793
-0.0027154151;0.020245058;0.35274309
-0.0027154151;0.022221344;0.35274309
-0.0027154151;0.022221344;0.34483793
-0.0027154151;0.020245058;0.34483793
-0.0046916995;0.020245058;0.34483793
-0.0027154151;0.020245058;0.34483793
-0.0046916995;0.020245058;0.34483793
-0.0046916995;0.022221344;0.34483793
-0.0046916995;0.020245058;0.34483793
-0.0046916995;0.022221344;0.34483793
-0.0046916995;0.020245058;0.34483793
-0.0046916995;0.020245058;0.34483793
-0.0066679842;0.020245058;0.35274309
-0.0046916995;0.022221344;0.34483793
-0.0066679842;0.020245058;0.35274309
-0.0066679842;0.020245058;0.34483793
-0.0066679842;0.020245058;0.34483793
-0.0086442688;0.020245058;0.34483793
-0.0066679842;0.018268775;0.35274309
-0.0086442688;0.018268775;0.34483793
-0.0066679842;0.018268775;0.34483793
-0.0086442688;0.018268775;0.34483793
-0.0086442688;0.018268775;0.34483793
-0.0086442688;0.020245058;0.35274309
-0.0086442688;0.020245058;0.34483793
-0.0086442688;0.020245058;0.35274309
-0.0086442688;0.018268775;0.34483793
-0.010620553;0.020245058;0.35274309
-0.0086442688;0.018268775;0.34483793
-0.010620553;0.018268775;0.35274309
-0.010620553;0.018268775;0.34483793
-0.010620553;0.018268775;0.34483793
-0.010620553;0.018268775;0.35274309
-0.010620553;0.018268775;0.34483793
-0.010620553;0.018268775;0.35274309
-0.012596838;0.018268775;0.34483793
-0.012596838;0.018268775;0.34483793
-0.012596838;0.018268775;0.34483793
-0.012596838;0.01629249;0.34483793
-0.012596838;0.018268775;0.34483793
-0.012596838;0.01629249;0.34483793
-0.014573122;0.01629249;0.35274309
-0.012596838;0.01629249;0.35274309
-0.012596838;0.01629249;0.34483793
-0.014573122;0.01629249;0.35274309
-0.012596838;0.018268775;0.34483793
-0.012596838;0.01629249;0.35274309
-0.014573122;0.014316206;0.35274309
-0.012596838;0.01629249;0.34483793
-0.012596838;0.01629249;0.34483793
-0.014573122;0.01629249;0.33693281
-0.014573122;0.01629249;0.35274309
-0.014573122;0.01629249;0.34483793
-0.014573122;0.01629249;0.34483793
-0.014573122;0.014316206;0.35274309
-0.014573122;0.014316206;0.34483793
-0.016549407;0.014316206;0.35274309
-0.016549407;0.014316206;0.35274309
-0.016549407;0.014316206;0.35274309
-0.016549407;0.014316206;0.34483793
-0.016549407;0.014316206;0.34483793
-0.016549407;0.012339921;0.34483793
-0.016549407;0.014316206;0.34483793
-0.016549407;0.014316206;0.34483793
-0.016549407;0.014316206;0.34483793
-0.018525692;0.014316206;0.34483793
-0.018525692;0.014316206;0.34483793
-0.018525692;0.014316206;0.34483793
-0.018525692;0.012339921;0.34483793
-0.018525692;0.012339921;0.34483793
-0.018525692;0.014316206;0.34483793
-0.018525692;0.012339921;0.35274309
-0.018525692;0.014316206;0.34483793
-0.018525692;0.012339921;0.34483793
-0.020501977;0.012339921;0.34483793
-0.018525692;0.012339921;0.34483793
-0.020501977;0.012339921;0.34483793
-0.020501977;0.012339921;0.34483793
-0.020501977;0.012339921;0.34483793
-0.020501977;0.010363637;0.34483793
-0.020501977;0.012339921;0.34483793
-0.020501977;0.012339921;0.35274309
-0.020501977;0.012339921;0.34483793
-0.020501977;0.010363637;0.34483793
-0.02247826;0.010363637;0.35274309
-0.02247826;0.012339921;0.34483793
-0.020501977;0.012339921;0.34483793
-0.02247826;0.012339921;0.35274309
-0.02247826;0.012339921;0.34483793
-0.020501977;0.010363637;0.34483793
-0.02247826;0.010363637;0.34483793
-0.02247826;0.010363637;0.34483793
-0.02247826;0.010363637;0.34483793
-0.02247826;0.010363637;0.34483793
-0.02247826;0.010363637;0.34483793
-0.02247826;0.010363637;0.35274309
-0.02247826;0.010363637;0.35274309
-0.024454545;0.010363637;0.35274309
-0.02247826;0.010363637;0.35274309
-0.02247826;0.010363637;0.34483793
-0.024454545;0.010363637;0.35274309
-0.024454545;0.010363637;0.34483793
-0.024454545;0.0083873514;0.34483793
-0.024454545;0.010363637;0.35274309
-0.024454545;0.0083873514;0.34483793
-0.024454545;0.0083873514;0.34483793
-0.024454545;0.0083873514;0.35274309
-0.02247826;0.0083873514;0.34483793
-0.024454545;0.0083873514;0.34483793
-0.024454545;0.0083873514;0.34483793
-0.024454545;0.0083873514;0.34483793
-0.02643083;0.0083873514;0.34483793
-0.024454545;0.0083873514;0.35274309
-0.02643083;0.0083873514;0.34483793
-0.024454545;0.0083873514;0.34483793
-0.02643083;0.0083873514;0.34483793
-0.02643083;0.0083873514;0.34483793
-0.02643083;0.0083873514;0.34483793
-0.02643083;0.0064110672;0.34483793
-0.02643083;0.0083873514;0.34483793
-0.024454545;0.0083873514;0.34483793
-0.024454545;0.0083873514;0.34483793
-0.02643083;0.0064110672;0.34483793
-0.02643083;0.0083873514;0.34483793
-0.02643083;0.0083873514;0.34483793
-0.024454545;0.0064110672;0.34483793
-0.028407115;0.0064110672;0.35274309
-0.02643083;0.0064110672;0.35274309
-0.02643083;0.0064110672;0.34483793
-0.02643083;0.0064110672;0.35274309
-0.02643083;0.0064110672;0.34483793
-0.02643083;0.0064110672;0.35274309
-0.02643083;0.0064110672;0.35274309
-0.028407115;0.0044347825;0.34483793
-0.028407115;0.0064110672;0.35274309
-0.028407115;0.0044347825;0.35274309
-0.028407115;0.0064110672;0.35274309
-0.028407115;0.0044347825;0.35274309
-0.028407115;0.0064110672;0.35274309
-0.02643083;0.0044347825;0.34483793
-0.028407115;0.0044347825;0.34483793
-0.028407115;0.0044347825;0.35274309
-0.028407115;0.0044347825;0.35274309
-0.028407115;0.0044347825;0.34483793
-0.028407115;0.0044347825;0.34483793
-0.028407115;0.0044347825;0.34483793
-0.030383399;0.0044347825;0.34483793
-0.030383399;0.0024584981;0.35274309
-0.028407115;0.0044347825;0.34483793
-0.028407115;0.0044347825;0.34483793
-0.028407115;0.0044347825;0.35274309
-0.030383399;0.0044347825;0.34483793
-0.030383399;0.0024584981;0.34483793
-0.028407115;0.0044347825;0.35274309
-0.030383399;0.0044347825;0.35274309
-0.028407115;0.0024584981;0.35274309
-0.030383399;0.0024584981;0.34483793
-0.028407115;0.0044347825;0.35274309
-0.028407115;0.0024584981;0.35274309
-0.028407115;0.0024584981;0.34483793
-0.030383399;0.0024584981;0.35274309
-0.030383399;0.0024584981;0.34483793
-0.030383399;0.0024584981;0.34483793
-0.030383399;0.0024584981;0.34483793
-0.030383399;0.0024584981;0.33693281
-0.030383399;0.0024584981;0.34483793
-0.030383399;0.0024584981;0.34483793
-0.030383399;0.0024584981;0.34483793
-0.030383399;0.0024584981;0.34483793
-0.028407115;0.0024584981;0.34483793
-0.030383399;0.00048221345;0.34483793
-0.030383399;0.00048221345;0.35274309
-0.030383399;0.0024584981;0.34483793
-0.030383399;0.00048221345;0.34483793
-0.030383399;0.0024584981;0.35274309
-0.030383399;0.00048221345;0.34483793
-0.030383399;0.0024584981;0.34483793
-0.030383399;0.00048221345;0.34483793
-0.030383399;0.00048221345;0.35274309
-0.030383399;0.00048221345;0.34483793
-0.030383399;0.0024584981;0.35274309
-0.030383399;0.00048221345;0.35274309
-0.032359682;0.00048221345;0.35274309
-0.030383399;0.00048221345;0.34483793
-0.030383399;0.00048221345;0.35274309
-0.030383399;0.00048221345;0.34483793
-0.030383399;0.00048221345;0.34483793
-0.032359682;0.00048221345;0.34483793
-0.032359682;-0.0014940711;0.34483793
-0.030383399;0.00048221345;0.34483793
-0.030383399;0.00048221345;0.35274309
-0.030383399;-0.0014940711;0.35274309
-0.032359682;0.00048221345;0.35274309
-0.030383399;-0.0014940711;0.34483793
-0.032359682;-0.0014940711;0.34483793
-0.030383399;-0.0014940711;0.34483793
-0.030383399;-0.0014940711;0.35274309
-0.030383399;-0.0014940711;0.35274309
-0.030383399;-0.0014940711;0.35274309
-0.032359682;-0.0014940711;0.34483793
-0.030383399;-0.0014940711;0.35274309
-0.030383399;-0.0014940711;0.34483793
-0.030383399;-0.0014940711;0.34483793
-0.030383399;-0.0014940711;0.34483793
-0.032359682;-0.0014940711;0.34483793
-0.030383399;-0.0014940711;0.34483793
-0.030383399;-0.0014940711;0.34483793
-0.030383399;-0.0014940711;0.34483793
-0.030383399;-0.0014940711;0.34483793
-0.030383399;-0.0014940711;0.34483793
-0.030383399;-0.0034703556;0.34483793
-0.030383399;-0.0014940711;0.35274309
-0.030383399;-0.0034703556;0.35274309
-0.032359682;-0.0034703556;0.34483793
-0.028407115;-0.0034703556;0.34483793
-0.030383399;-0.0014940711;0.34483793
-0.030383399;-0.0034703556;0.34483793
-0.030383399;-0.0034703556;0.34483793
-0.030383399;-0.0034703556;0.35274309
-0.030383399;-0.0034703556;0.35274309
-0.030383399;-0.0034703556;0.34483793
-0.028407115;-0.0054466403;0.34483793
-0.030383399;-0.0034703556;0.34483793
-0.030383399;-0.0034703556;0.34483793
-0.028407115;-0.0034703556;0.35274309
-0.030383399;-0.0054466403;0.34483793
-0.028407115;-0.0034703556;0.34483793
-0.030383399;-0.0054466403;0.35274309
-0.030383399;-0.0034703556;0.35274309
-0.030383399;-0.0054466403;0.34483793
-0.030383399;-0.0034703556;0.34483793
-0.030383399;-0.0054466403;0.35274309
-0.028407115;-0.0054466403;0.34483793
-0.030383399;-0.0054466403;0.34483793
-0.030383399;-0.0034703556;0.34483793
-0.028407115;-0.0054466403;0.35274309
-0.030383399;-0.0054466403;0.34483793
-0.028407115;-0.0054466403;0.34483793
-0.030383399;-0.0054466403;0.34483793
-0.028407115;-0.0054466403;0.34483793
-0.030383399;-0.0054466403;0.34483793
-0.030383399;-0.0054466403;0.34483793
-0.028407115;-0.0054466403;0.34483793
-0.028407115;-0.0054466403;0.34483793
-0.028407115;-0.0054466403;0.34483793
-0.028407115;-0.0054466403;0.35274309
-0.028407115;-0.0054466403;0.34483793
-0.028407115;-0.0054466403;0.35274309
-0.028407115;-0.0054466403;0.34483793
-0.028407115;-0.007422925;0.34483793
-0.030383399;-0.007422925;0.35274309
-0.028407115;-0.0054466403;0.34483793
-0.028407115;-0.007422925;0.34483793
-0.028407115;-0.0054466403;0.35274309
-0.02643083;-0.0054466403;0.34483793
-0.02643083;-0.007422925;0.34483793
-0.028407115;-0.007422925;0.34483793
-0.028407115;-0.007422925;0.34483793
-0.02643083;-0.007422925;0.35274309
-0.028407115;-0.007422925;0.34483793
-0.02643083;-0.0054466403;0.35274309
-0.02643083;-0.007422925;0.35274309
-0.02643083;-0.007422925;0.35274309
-0.028407115;-0.007422925;0.34483793
-0.02643083;-0.007422925;0.34483793
-0.02643083;-0.007422925;0.35274309
-0.02643083;-0.007422925;0.35274309
-0.02643083;-0.007422925;0.35274309
-0.024454545;-0.0093992092;0.34483793
-0.02643083;-0.007422925;0.34483793
-0.024454545;-0.007422925;0.34483793
-0.024454545;-0.007422925;0.34483793
-0.024454545;-0.007422925;0.35274309
-0.024454545;-0.0093992092;0.35274309
-0.024454545;-0.0093992092;0.34483793
-0.024454545;-0.0093992092;0.35274309
-0.024454545;-0.0093992092;0.35274309
-0.02247826;-0.0093992092;0.34483793
-0.02247826;-0.0093992092;0.35274309
-0.02247826;-0.0093992092;0.35274309
-0.02247826;-0.0093992092;0.34483793
-0.024454545;-0.0093992092;0.34483793
-0.024454545;-0.0093992092;0.34483793
-0.024454545;-0.0093992092;0.34483793
-0.02247826;-0.0093992092;0.35274309
-0.02247826;-0.0093992092;0.34483793
-0.02247826;-0.0093992092;0.35274309
-0.02247826;-0.0093992092;0.34483793
-0.02247826;-0.0093992092;0.35274309
-0.02247826;-0.0093992092;0.34483793
-0.02247826;-0.0093992092;0.35274309
-0.02247826;-0.011375494;0.34483793
-0.02247826;-0.0093992092;0.34483793
-0.020501977;-0.0093992092;0.35274309
-0.020501977;-0.0093992092;0.34483793
-0.02247826;-0.0093992092;0.34483793
-0.020501977;-0.011375494;0.34483793
-0.020501977;-0.0093992092;0.34483793
-0.020501977;-0.0093992092;0.34483793
-0.02247826;-0.0093992092;0.35274309
-0.020501977;-0.011375494;0.34483793
-0.020501977;-0.011375494;0.34483793
-0.02247826;-0.011375494;0.34483793
-0.020501977;-0.011375494;0.35274309
-0.020501977;-0.011375494;0.34483793
-0.020501977;-0.0093992092;0.34483793
-0.020501977;-0.011375494;0.34483793
-0.018525692;-0.011375494;0.35274309
-0.020501977;-0.011375494;0.34483793
-0.020501977;-0.011375494;0.34483793
-0.020501977;-0.011375494;0.34483793
-0.018525692;-0.011375494;0.34483793
-0.018525692;-0.011375494;0.34483793
-0.018525692;-0.013351778;0.34483793
-0.018525692;-0.011375494;0.35274309
-0.020501977;-0.011375494;0.34483793
-0.018525692;-0.011375494;0.34483793
-0.018525692;-0.011375494;0.34483793
-0.018525692;-0.011375494;0.34483793
-0.016549407;-0.013351778;0.35274309
-0.018525692;-0.011375494;0.35274309
-0.018525692;-0.011375494;0.34483793
-0.016549407;-0.011375494;0.34483793
-0.016549407;-0.011375494;0.34483793
-0.016549407;-0.013351778;0.35274309
-0.016549407;-0.013351778;0.34483793
-0.018525692;-0.013351778;0.35274309
-0.016549407;-0.013351778;0.33693281
-0.014573122;-0.013351778;0.35274309
-0.016549407;-0.013351778;0.34483793
-0.014573122;-0.013351778;0.34483793
-0.014573122;-0.013351778;0.35274309
-0.016549407;-0.013351778;0.35274309
-0.014573122;-0.013351778;0.34483793
-0.014573122;-0.013351778;0.34483793
-0.014573122;-0.013351778;0.34483793
-0.014573122;-0.013351778;0.35274309
-0.014573122;-0.013351778;0.34483793
-0.014573122;-0.013351778;0.34483793
-0.014573122;-0.013351778;0.35274309
-0.012596838;-0.013351778;0.34483793
-0.012596838;-0.013351778;0.34483793
-0.012596838;-0.013351778;0.34483793
-0.010620553;-0.013351778;0.33693281
-0.012596838;-0.013351778;0.34483793
-0.012596838;-0.015328064;0.35274309
-0.012596838;-0.013351778;0.34483793
-0.012596838;-0.015328064;0.34483793
-0.012596838;-0.015328064;0.34483793
-0.012596838;-0.015328064;0.35274309
-0.010620553;-0.017304348;0.34483793
-0.012596838;-0.015328064;0.34483793
-0.010620553;-0.015328064;0.34483793
-0.010620553;-0.015328064;0.35274309
-0.010620553;-0.015328064;0.35274309
-0.010620553;-0.015328064;0.33693281
-0.010620553;-0.015328064;0.35274309
-0.010620553;-0.015328064;0.35274309
-0.010620553;-0.015328064;0.34483793
-0.010620553;-0.015328064;0.35274309
-0.010620553;-0.015328064;0.34483793
-0.0086442688;-0.013351778;0.34483793
-0.0086442688;-0.017304348;0.34483793
-0.0086442688;-0.017304348;0.35274309
-0.0086442688;-0.015328064;0.35274309
-0.0086442688;-0.015328064;0.34483793
-0.0086442688;-0.015328064;0.35274309
-0.0066679842;-0.017304348;0.35274309
-0.0066679842;-0.017304348;0.34483793
-0.0066679842;-0.017304348;0.34483793
-0.0066679842;-0.017304348;0.34483793
-0.0066679842;-0.017304348;0.34483793
-0.0066679842;-0.017304348;0.34483793
-0.0066679842;-0.015328064;0.34483793
-0.0046916995;-0.015328064;0.34483793
-0.0066679842;-0.017304348;0.35274309
-0.0046916995;-0.017304348;0.34483793
-0.0046916995;-0.017304348;0.34483793
-0.0046916995;-0.017304348;0.35274309
-0.0046916995;-0.017304348;0.34483793
-0.0027154151;-0.017304348;0.34483793
-0.0046916995;-0.017304348;0.34483793
-0.0027154151;-0.017304348;0.34483793
-0.0046916995;-0.017304348;0.35274309
-0.0027154151;-0.017304348;0.34483793
-0.0027154151;-0.017304348;0.35274309
-0.0027154151;-0.015328064;0.34483793
-0.0027154151;-0.017304348;0.34483793
-0.0027154151;-0.017304348;0.34483793
-0.0027154151;-0.017304348;0.35274309
-0.00073913042;-0.017304348;0.34483793
-0.00073913042;-0.019280633;0.34483793
-0.0027154151;-0.017304348;0.34483793
-0.0027154151;-0.017304348;0.34483793
-0.00073913042;-0.015328064;0.34483793
-0.00073913042;-0.017304348;0.35274309
-0.00073913042;-0.019280633;0.34483793
0.0012371541;-0.017304348;0.35274309
0.0012371541;-0.017304348;0.34483793
-0.00073913042;-0.017304348;0.34483793
0.0012371541;-0.019280633;0.34483793
0.0012371541;-0.019280633;0.34483793
-0.00073913042;-0.019280633;0.34483793
0.0032134387;-0.019280633;0.35274309
0.0012371541;-0.017304348;0.34483793
0.0012371541;-0.019280633;0.35274309
0.0012371541;-0.017304348;0.34483793
0.0012371541;-0.017304348;0.35274309
0.0012371541;-0.019280633;0.35274309
0.0032134387;-0.017304348;0.34483793
0.0032134387;-0.019280633;0.35274309
0.0032134387;-0.017304348;0.34483793
0.0051897233;-0.019280633;0.34483793
0.0051897233;-0.019280633;0.35274309
0.0051897233;-0.019280633;0.34483793
0.0051897233;-0.019280633;0.34483793
0.0051897233;-0.019280633;0.34483793
0.0051897233;-0.019280633;0.34483793
0.0051897233;-0.019280633;0.35274309
0.007166008;-0.019280633;0.35274309
0.007166008;-0.019280633;0.34483793
0.0051897233;-0.019280633;0.34483793
0.0051897233;-0.019280633;0.34483793
0.007166008;-0.019280633;0.35274309
0.007166008;-0.019280633;0.34483793
0.007166008;-0.021256916;0.34483793
0.0091422927;-0.019280633;0.35274309
0.007166008;-0.019280633;0.34483793
0.011118577;-0.019280633;0.35274309
0.0091422927;-0.019280633;0.35274309
0.0091422927;-0.019280633;0.34483793
0.011118577;-0.019280633;0.34483793
0.0091422927;-0.019280633;0.35274309
0.0091422927;-0.019280633;0.34483793
0.011118577;-0.019280633;0.34483793
0.011118577;-0.019280633;0.34483793
0.011118577;-0.019280633;0.34483793
0.011118577;-0.021256916;0.34483793
0.013094862;-0.021256916;0.34483793
0.011118577;-0.019280633;0.34483793
0.011118577;-0.021256916;0.34483793
0.013094862;-0.021256916;0.34483793
0.013094862;-0.019280633;0.34483793
0.013094862;-0.021256916;0.35274309
0.015071146;-0.021256916;0.34483793
0.015071146;-0.021256916;0.34483793
0.015071146;-0.021256916;0.35274309
0.015071146;-0.021256916;0.34483793
0.015071146;-0.021256916;0.35274309
0.015071146;-0.021256916;0.34483793
0.017047431;-0.021256916;0.35274309
0.015071146;-0.021256916;0.34483793
0.015071146;-0.021256916;0.34483793
0.015071146;-0.021256916;0.34483793
0.015071146;-0.021256916;0.34483793
0.017047431;-0.021256916;0.34483793
0.017047431;-0.021256916;0.34483793
0.017047431;-0.021256916;0.34483793
0.017047431;-0.021256916;0.34483793
0.019023715;-0.023233201;0.34483793
0.019023715;-0.021256916;0.34483793
0.019023715;-0.021256916;0.35274309
0.017047431;-0.021256916;0.34483793
0.019023715;-0.021256916;0.34483793
0.019023715;-0.021256916;0.34483793
0.019023715;-0.021256916;0.34483793
0.019023715;-0.023233201;0.34483793
0.019023715;-0.021256916;0.34483793
0.021;-0.021256916;0.35274309
0.021;-0.021256916;0.35274309
0.021;-0.021256916;0.34483793
0.021;-0.021256916;0.34483793
0.021;-0.023233201;0.35274309
0.021;-0.019280633;0.34483793
0.022976285;-0.021256916;0.34483793
0.022976285;-0.021256916;0.35274309
0.022976285;-0.023233201;0.34483793
0.022976285;-0.023233201;0.34483793
0.022976285;-0.023233201;0.35274309
0.022976285;-0.023233201;0.35274309
0.022976285;-0.023233201;0.34483793
0.022976285;-0.023233201;0.34483793
0.022976285;-0.023233201;0.34483793
0.02495257;-0.023233201;0.35274309
0.02495257;-0.021256916;0.34483793
0.02495257;-0.023233201;0.35274309
0.02495257;-0.023233201;0.35274309
0.02495257;-0.023233201;0.34483793
0.02495257;-0.023233201;0.34483793
0.028905138;-0.023233201;0.34483793
0.026928853;-0.023233201;0.35274309
0.02495257;-0.023233201;0.34483793
0.026928853;-0.023233201;0.34483793
0.026928853;-0.023233201;0.34483793
0.028905138;-0.021256916;0.34483793
0.028905138;-0.025209486;0.34483793
0.026928853;-0.021256916;0.35274309
0.026928853;-0.023233201;0.34483793
0.028905138;-0.023233201;0.35274309
0.026928853;-0.023233201;0.35274309
0.028905138;-0.023233201;0.34483793
0.030881424;-0.023233201;0.34483793
0.028905138;-0.023233201;0.33693281
0.030881424;-0.023233201;0.34483793
0.030881424;-0.023233201;0.34483793
0.030881424;-0.023233201;0.34483793
0.030881424;-0.021256916;0.34483793
0.030881424;-0.023233201;0.34483793
0.032857709;-0.023233201;0.35274309
0.032857709;-0.023233201;0.34483793
0.032857709;-0.023233201;0.34483793
0.032857709;-0.023233201;0.34483793
0.034833994;-0.023233201;0.35274309
0.032857709;-0.023233201;0.35274309
0.034833994;-0.023233201;0.34483793
0.034833994;-0.023233201;0.34483793
0.032857709;-0.023233201;0.33693281
0.034833994;-0.023233201;0.34483793
0.034833994;-0.025209486;0.34483793
0.034833994;-0.023233201;0.35274309
0.034833994;-0.023233201;0.35274309
0.034833994;-0.023233201;0.35274309
0.036810275;-0.023233201;0.34483793
0.034833994;-0.023233201;0.34483793
0.036810275;-0.023233201;0.34483793
0.036810275;-0.025209486;0.35274309
0.036810275;-0.025209486;0.34483793
0.03878656;-0.025209486;0.34483793
0.03878656;-0.025209486;0.35274309
0.03878656;-0.025209486;0.34483793
0.03878656;-0.023233201;0.35274309
0.03878656;-0.025209486;0.35274309
0.03878656;-0.025209486;0.34483793
0.03878656;-0.025209486;0.34483793
0.040762845;-0.025209486;0.34483793
0.040762845;-0.025209486;0.35274309
0.040762845;-0.023233201;0.34483793
0.040762845;-0.025209486;0.34483793
0.040762845;-0.023233201;0.34483793
0.040762845;-0.025209486;0.34483793
0.040762845;-0.025209486;0.34483793
0.042739131;-0.025209486;0.34483793
0.040762845;-0.025209486;0.34483793
0.042739131;-0.025209486;0.34483793
0.040762845;-0.023233201;0.35274309
0.042739131;-0.025209486;0.35274309
0.040762845;-0.023233201;0.34483793
0.040762845;-0.025209486;0.34483793
0.042739131;-0.025209486;0.34483793
0.044715416;-0.025209486;0.34483793
0.044715416;-0.023233201;0.35274309
0.046691701;-0.025209486;0.35274309
0.044715416;-0.025209486;0.35274309
0.044715416;-0.023233201;0.34483793
0.046691701;-0.025209486;0.34483793
0.046691701;-0.025209486;0.35274309
0.046691701;-0.025209486;0.35274309
0.046691701;-0.025209486;0.35274309
0.044715416;-0.025209486;0.34483793
0.046691701;-0.025209486;0.35274309
0.046691701;-0.025209486;0.34483793
0.046691701;-0.025209486;0.35274309
0.046691701;-0.025209486;0.34483793
0.046691701;-0.025209486;0.34483793
0.048667986;-0.025209486;0.35274309
0.046691701;-0.025209486;0.34483793
0.048667986;-0.025209486;0.34483793
0.048667986;-0.023233201;0.34483793
0.048667986;-0.023233201;0.34483793
0.048667986;-0.025209486;0.34483793
0.048667986;-0.025209486;0.35274309
0.048667986;-0.025209486;0.34483793
0.050644267;-0.025209486;0.34483793
0.050644267;-0.025209486;0.34483793
0.050644267;-0.025209486;0.34483793
0.050644267;-0.023233201;0.35274309
0.050644267;-0.025209486;0.34483793
0.050644267;-0.025209486;0.34483793
0.050644267;-0.025209486;0.34483793
0.052620552;-0.025209486;0.34483793
0.052620552;-0.025209486;0.35274309
0.052620552;-0.025209486;0.34483793
0.052620552;-0.023233201;0.34483793
0.052620552;-0.025209486;0.35274309
0.052620552;-0.027185772;0.34483793
0.050644267;-0.025209486;0.34483793
0.052620552;-0.025209486;0.34483793
0.052620552;-0.025209486;0.34483793
0.054596838;-0.023233201;0.34483793
0.052620552;-0.025209486;0.34483793
0.054596838;-0.027185772;0.34483793
0.054596838;-0.025209486;0.35274309
0.054596838;-0.025209486;0.34483793
0.054596838;-0.025209486;0.34483793
0.054596838;-0.025209486;0.34483793
0.056573123;-0.025209486;0.35274309
0.054596838;-0.025209486;0.34483793
0.056573123;-0.025209486;0.34483793
0.056573123;-0.025209486;0.34483793
0.056573123;-0.025209486;0.34483793
0.056573123;-0.025209486;0.34483793
0.056573123;-0.025209486;0.34483793
0.056573123;-0.027185772;0.34483793
0.056573123;-0.025209486;0.35274309
0.056573123;-0.027185772;0.35274309
0.056573123;-0.025209486;0.35274309
0.058549408;-0.025209486;0.34483793
0.058549408;-0.025209486;0.34483793
0.058549408;-0.025209486;0.34483793
0.058549408;-0.027185772;0.34483793
0.058549408;-0.025209486;0.35274309
0.058549408;-0.025209486;0.35274309
0.058549408;-0.025209486;0.34483793
0.058549408;-0.025209486;0.34483793
0.060525693;-0.025209486;0.35274309
0.060525693;-0.025209486;0.34483793
0.060525693;-0.027185772;0.34483793
0.060525693;-0.025209486;0.34483793
0.060525693;-0.025209486;0.34483793
0.058549408;-0.027185772;0.35274309
0.062501974;-0.025209486;0.34483793
0.060525693;-0.025209486;0.34483793
0.060525693;-0.025209486;0.34483793
0.060525693;-0.025209486;0.35274309
0.062501974;-0.025209486;0.34483793
0.060525693;-0.027185772;0.35274309
0.062501974;-0.025209486;0.34483793
0.062501974;-0.025209486;0.34483793
0.062501974;-0.025209486;0.34483793
0.064478263;-0.025209486;0.34483793
0.062501974;-0.025209486;0.34483793
0.064478263;-0.025209486;0.34483793
0.062501974;-0.025209486;0.34483793
0.062501974;-0.027185772;0.34483793
0.062501974;-0.025209486;0.34483793
0.062501974;-0.025209486;0.35274309
0.064478263;-0.025209486;0.34483793
0.062501974;-0.025209486;0.34483793
0.064478263;-0.025209486;0.34483793
0.064478263;-0.025209486;0.35274309
0.064478263;-0.025209486;0.34483793
0.064478263;-0.025209486;0.34483793
0.064478263;-0.023233201;0.34483793
0.064478263;-0.027185772;0.34483793
0.064478263;-0.025209486;0.34483793
0.064478263;-0.025209486;0.34483793
0.064478263;-0.027185772;0.34483793
0.064478263;-0.025209486;0.35274309
0.066454545;-0.025209486;0.34483793
0.064478263;-0.025209486;0.35274309
0.066454545;-0.023233201;0.34483793
0.066454545;-0.025209486;0.34483793
0.066454545;-0.025209486;0.34483793
0.066454545;-0.025209486;0.34483793
0.068430834;-0.025209486;0.34483793
0.066454545;-0.025209486;0.34483793
0.066454545;-0.025209486;0.34483793
0.068430834;-0.025209486;0.34483793
0.068430834;-0.025209486;0.34483793
0.066454545;-0.025209486;0.34483793
0.066454545;-0.027185772;0.34483793
0.066454545;-0.027185772;0.34483793
0.066454545;-0.025209486;0.34483793
0.068430834;-0.025209486;0.34483793
0.068430834;-0.025209486;0.34483793
0.066454545;-0.025209486;0.34483793
0.068430834;-0.025209486;0.34483793
0.070407115;-0.025209486;0.34483793
0.068430834;-0.025209486;0.35274309
0.068430834;-0.025209486;0.34483793
0.068430834;-0.025209486;0.34483793
0.068430834;-0.025209486;0.35274309
0.070407115;-0.025209486;0.34483793
0.070407115;-0.025209486;0.34483793
0.070407115;-0.025209486;0.34483793
0.070407115;-0.025209486;0.34483793
0.070407115;-0.025209486;0.34483793
0.068430834;-0.027185772;0.34483793
0.070407115;-0.025209486;0.34483793
0.070407115;-0.025209486;0.34483793
0.070407115;-0.025209486;0.34483793
0.070407115;-0.025209486;0.34483793
0.070407115;-0.023233201;0.35274309
0.070407115;-0.025209486;0.35274309
0.070407115;-0.025209486;0.34483793
0.070407115;-0.025209486;0.34483793
0.070407115;-0.025209486;0.34483793
0.072383396;-0.025209486;0.34483793
0.072383396;-0.025209486;0.35274309
0.070407115;-0.025209486;0.35274309
0.072383396;-0.025209486;0.34483793
0.070407115;-0.023233201;0.34483793
0.070407115;-0.025209486;0.34483793
0.070407115;-0.025209486;0.34483793
0.072383396;-0.025209486;0.35274309
0.070407115;-0.025209486;0.34483793
0.070407115;-0.025209486;0.34483793
0.070407115;-0.025209486;0.34483793
0.072383396;-0.025209486;0.34483793
0.072383396;-0.025209486;0.34483793
0.072383396;-0.025209486;0.34483793
0.072383396;-0.025209486;0.35274309
0.072383396;-0.025209486;0.34483793
0.072383396;-0.025209486;0.34483793
0.074359685;-0.025209486;0.35274309
0.074359685;-0.025209486;0.35274309
0.072383396;-0.025209486;0.34483793
0.072383396;-0.023233201;0.35274309
0.074359685;-0.025209486;0.34483793
0.072383396;-0.025209486;0.34483793
0.072383396;-0.025209486;0.35274309
0.074359685;-0.025209486;0.34483793
0.072383396;-0.023233201;0.34483793
0.074359685;-0.025209486;0.34483793
0.074359685;-0.023233201;0.34483793
0.074359685;-0.025209486;0.35274309
0.074359685;-0.025209486;0.34483793
0.072383396;-0.025209486;0.34483793
0.074359685;-0.023233201;0.34483793
0.074359685;-0.023233201;0.34483793
0.076335967;-0.023233201;0.35274309
0.074359685;-0.023233201;0.34483793
0.074359685;-0.025209486;0.35274309
0.076335967;-0.025209486;0.34483793
0.074359685;-0.025209486;0.34483793
0.074359685;-0.025209486;0.34483793
0.074359685;-0.025209486;0.34483793
0.074359685;-0.023233201;0.35274309
0.074359685;-0.023233201;0.35274309
0.074359685;-0.025209486;0.35274309
0.074359685;-0.025209486;0.34483793
0.074359685;-0.023233201;0.34483793
0.074359685;-0.025209486;0.35274309
0.076335967;-0.025209486;0.35274309
0.076335967;-0.023233201;0.34483793
0.074359685;-0.023233201;0.34483793
0.074359685;-0.023233201;0.35274309
0.074359685;-0.023233201;0.34483793
0.074359685;-0.023233201;0.35274309
0.074359685;-0.023233201;0.34483793
0.076335967;-0.025209486;0.34483793
0.076335967;-0.023233201;0.34483793
0.076335967;-0.025209486;0.35274309
0.074359685;-0.025209486;0.34483793
0.074359685;-0.023233201;0.34483793
0.076335967;-0.023233201;0.34483793
0.074359685;-0.023233201;0.35274309
0.076335967;-0.021256916;0.34483793
0.076335967;-0.023233201;0.34483793
0.074359685;-0.023233201;0.34483793
0.076335967;-0.023233201;0.35274309
0.074359685;-0.021256916;0.34483793
0.076335967;-0.025209486;0.35274309
0.076335967;-0.025209486;0.34483793
0.076335967;-0.023233201;0.34483793
0.076335967;-0.023233201;0.35274309
0.076335967;-0.023233201;0.34483793
0.076335967;-0.021256916;0.34483793
0.074359685;-0.023233201;0.34483793
0.074359685;-0.023233201;0.34483793
0.076335967;-0.021256916;0.34483793
0.076335967;-0.023233201;0.34483793
0.074359685;-0.023233201;0.35274309
0.074359685;-0.023233201;0.35274309
0.074359685;-0.025209486;0.35274309
0.076335967;-0.021256916;0.34483793
0.076335967;-0.023233201;0.34483793
0.076335967;-0.023233201;0.34483793
0.074359685;-0.021256916;0.34483793
0.074359685;-0.023233201;0.35274309
0.074359685;-0.023233201;0.34483793
0.074359685;-0.021256916;0.35274309
0.074359685;-0.021256916;0.34483793
0.074359685;-0.021256916;0.35274309
0.074359685;-0.023233201;0.34483793
0.074359685;-0.023233201;0.34483793
0.076335967;-0.021256916;0.34483793
0.074359685;-0.023233201;0.34483793
0.076335967;-0.021256916;0.35274309
0.074359685;-0.021256916;0.34483793
0.074359685;-0.021256916;0.33693281
0.074359685;-0.023233201;0.34483793
0.074359685;-0.021256916;0.34483793
0.074359685;-0.021256916;0.34483793
0.074359685;-0.021256916;0.34483793
0.074359685;-0.021256916;0.34483793
0.074359685;-0.021256916;0.35274309
0.076335967;-0.021256916;0.34483793
0.074359685;-0.021256916;0.34483793
0.074359685;-0.021256916;0.34483793
0.074359685;-0.021256916;0.35274309
0.072383396;-0.021256916;0.34483793
0.074359685;-0.021256916;0.34483793
0.072383396;-0.021256916;0.34483793
0.074359685;-0.019280633;0.34483793
0.072383396;-0.021256916;0.34483793
0.072383396;-0.021256916;0.34483793
0.074359685;-0.021256916;0.34483793
0.072383396;-0.021256916;0.34483793
0.074359685;-0.023233201;0.34483793
0.072383396;-0.021256916;0.34483793
0.072383396;-0.021256916;0.34483793
0.074359685;-0.021256916;0.34483793
0.074359685;-0.021256916;0.34483793
0.072383396;-0.021256916;0.34483793
0.072383396;-0.021256916;0.35274309
0.072383396;-0.021256916;0.34483793
0.072383396;-0.019280633;0.34483793
0.072383396;-0.019280633;0.35274309
0.072383396;-0.021256916;0.34483793
0.072383396;-0.021256916;0.34483793
0.072383396;-0.019280633;0.34483793
0.072383396;-0.019280633;0.35274309
0.072383396;-0.021256916;0.34483793
0.072383396;-0.019280633;0.34483793
0.072383396;-0.021256916;0.34483793
0.070407115;-0.021256916;0.34483793
0.072383396;-0.019280633;0.34483793
0.072383396;-0.021256916;0.34483793
0.070407115;-0.021256916;0.34483793
0.070407115;-0.021256916;0.34483793
0.072383396;-0.021256916;0.34483793
0.070407115;-0.019280633;0.34483793
0.070407115;-0.021256916;0.35274309
0.072383396;-0.019280633;0.34483793
0.070407115;-0.019280633;0.34483793
0.070407115;-0.021256916;0.35274309
0.070407115;-0.021256916;0.34483793
0.070407115;-0.019280633;0.35274309
0.070407115;-0.019280633;0.34483793
0.070407115;-0.019280633;0.35274309
0.070407115;-0.019280633;0.34483793
0.070407115;-0.019280633;0.34483793
0.070407115;-0.019280633;0.34483793
0.068430834;-0.019280633;0.34483793
0.070407115;-0.019280633;0.34483793
0.068430834;-0.019280633;0.34483793
0.070407115;-0.019280633;0.34483793
0.068430834;-0.019280633;0.34483793
0.070407115;-0.019280633;0.34483793
0.068430834;-0.019280633;0.34483793
0.066454545;-0.019280633;0.34483793
0.068430834;-0.019280633;0.34483793
0.068430834;-0.019280633;0.34483793
0.068430834;-0.017304348;0.34483793
0.068430834;-0.017304348;0.34483793
0.066454545;-0.019280633;0.35274309
0.068430834;-0.019280633;0.34483793
0.066454545;-0.017304348;0.34483793
0.066454545;-0.019280633;0.34483793
0.066454545;-0.019280633;0.35274309
0.066454545;-0.017304348;0.35274309
0.066454545;-0.019280633;0.34483793
0.068430834;-0.017304348;0.35274309
0.066454545;-0.017304348;0.35274309
0.066454545;-0.017304348;0.34483793
0.066454545;-0.019280633;0.34483793
0.066454545;-0.017304348;0.35274309
0.066454545;-0.017304348;0.34483793
0.064478263;-0.017304348;0.34483793
0.064478263;-0.017304348;0.34483793
0.066454545;-0.017304348;0.34483793
0.066454545;-0.017304348;0.34483793
0.064478263;-0.017304348;0.34483793
0.066454545;-0.017304348;0.34483793
0.066454545;-0.017304348;0.34483793
0.064478263;-0.017304348;0.34483793
0.064478263;-0.017304348;0.34483793
0.064478263;-0.017304348;0.34483793
0.064478263;-0.017304348;0.35274309
0.062501974;-0.017304348;0.34483793
0.064478263;-0.017304348;0.34483793
0.064478263;-0.017304348;0.34483793
0.062501974;-0.017304348;0.35274309
0.062501974;-0.017304348;0.35274309
0.062501974;-0.017304348;0.35274309
0.064478263;-0.017304348;0.34483793
0.062501974;-0.017304348;0.34483793
0.060525693;-0.017304348;0.34483793
0.064478263;-0.017304348;0.34483793
0.062501974;-0.017304348;0.34483793
0.062501974;-0.015328064;0.35274309
0.062501974;-0.015328064;0.34483793
0.062501974;-0.015328064;0.34483793
0.060525693;-0.017304348;0.34483793
0.060525693;-0.015328064;0.35274309
0.060525693;-0.015328064;0.34483793
0.062501974;-0.015328064;0.35274309
0.060525693;-0.015328064;0.34483793
0.060525693;-0.017304348;0.34483793
0.060525693;-0.015328064;0.34483793
0.058549408;-0.015328064;0.34483793
0.060525693;-0.015328064;0.34483793
0.058549408;-0.015328064;0.34483793
0.060525693;-0.013351778;0.34483793
0.058549408;-0.015328064;0.34483793
0.058549408;-0.015328064;0.34483793
0.058549408;-0.015328064;0.34483793
0.058549408;-0.013351778;0.34483793
0.058549408;-0.013351778;0.34483793
0.058549408;-0.013351778;0.34483793
0.058549408;-0.015328064;0.34483793
0.056573123;-0.013351778;0.35274309
0.058549408;-0.013351778;0.35274309
0.056573123;-0.015328064;0.35274309
0.056573123;-0.013351778;0.34483793
0.056573123;-0.013351778;0.34483793
0.054596838;-0.013351778;0.35274309
0.056573123;-0.013351778;0.34483793
0.056573123;-0.015328064;0.34483793
0.054596838;-0.013351778;0.34483793
0.054596838;-0.013351778;0.34483793
0.054596838;-0.011375494;0.34483793
0.054596838;-0.013351778;0.35274309
0.054596838;-0.013351778;0.34483793
0.054596838;-0.013351778;0.34483793
0.052620552;-0.013351778;0.34483793
0.054596838;-0.013351778;0.34483793
0.054596838;-0.013351778;0.34483793
0.052620552;-0.013351778;0.34483793
0.052620552;-0.013351778;0.34483793
0.052620552;-0.013351778;0.35274309
0.052620552;-0.013351778;0.34483793
0.052620552;-0.013351778;0.34483793
0.052620552;-0.013351778;0.34483793
0.052620552;-0.011375494;0.35274309
0.050644267;-0.011375494;0.34483793
0.050644267;-0.013351778;0.34483793
0.050644267;-0.011375494;0.34483793
0.048667986;-0.011375494;0.34483793
0.050644267;-0.013351778;0.34483793
0.048667986;-0.013351778;0.34483793
0.050644267;-0.013351778;0.35274309
0.048667986;-0.013351778;0.34483793
0.048667986;-0.013351778;0.34483793
0.048667986;-0.013351778;0.34483793
0.048667986;-0.013351778;0.34483793
0.048667986;-0.011375494;0.34483793
0.048667986;-0.011375494;0.34483793
0.046691701;-0.011375494;0.34483793
0.048667986;-0.013351778;0.34483793
0.046691701;-0.011375494;0.34483793
0.046691701;-0.013351778;0.34483793
0.048667986;-0.011375494;0.34483793
0.046691701;-0.011375494;0.35274309
0.046691701;-0.011375494;0.35274309
0.046691701;-0.011375494;0.34483793
0.044715416;-0.011375494;0.35274309
0.046691701;-0.013351778;0.34483793
0.046691701;-0.011375494;0.34483793
0.046691701;-0.011375494;0.35274309
0.044715416;-0.011375494;0.34483793
0.044715416;-0.011375494;0.34483793
0.044715416;-0.011375494;0.35274309
0.042739131;-0.011375494;0.34483793
0.042739131;-0.0093992092;0.34483793
0.042739131;-0.0093992092;0.33693281
0.042739131;-0.0093992092;0.35274309
0.042739131;-0.0093992092;0.35274309
0.042739131;-0.0093992092;0.34483793
0.042739131;-0.0093992092;0.34483793
0.042739131;-0.0093992092;0.34483793
0.042739131;-0.0093992092;0.35274309
0.040762845;-0.0093992092;0.34483793
0.040762845;-0.0093992092;0.34483793
0.040762845;-0.0093992092;0.34483793
0.040762845;-0.0093992092;0.34483793
0.040762845;-0.0093992092;0.35274309
0.03878656;-0.0093992092;0.34483793
0.040762845;-0.007422925;0.34483793
0.03878656;-0.0093992092;0.34483793
0.040762845;-0.007422925;0.35274309
0.040762845;-0.0093992092;0.34483793
0.036810275;-0.0093992092;0.34483793
0.03878656;-0.0093992092;0.34483793
0.03878656;-0.007422925;0.34483793
0.036810275;-0.007422925;0.35274309
0.036810275;-0.0093992092;0.35274309
0.03878656;-0.007422925;0.34483793
0.036810275;-0.0093992092;0.34483793
0.036810275;-0.0093992092;0.35274309
0.036810275;-0.007422925;0.34483793
0.034833994;-0.007422925;0.34483793
0.034833994;-0.007422925;0.35274309
0.034833994;-0.007422925;0.35274309
0.034833994;-0.007422925;0.34483793
0.034833994;-0.007422925;0.34483793
0.034833994;-0.007422925;0.34483793
0.034833994;-0.007422925;0.34483793
0.032857709;-0.007422925;0.34483793
0.034833994;-0.007422925;0.34483793
0.032857709;-0.007422925;0.34483793
0.032857709;-0.0054466403;0.34483793
0.032857709;-0.007422925;0.34483793
0.032857709;-0.007422925;0.34483793
0.030881424;-0.0054466403;0.34483793
0.030881424;-0.007422925;0.34483793
0.030881424;-0.0054466403;0.34483793
0.032857709;-0.0054466403;0.34483793
0.030881424;-0.0054466403;0.34483793
0.030881424;-0.0054466403;0.34483793
0.030881424;-0.0054466403;0.34483793
0.030881424;-0.0054466403;0.35274309
0.030881424;-0.007422925;0.34483793
0.030881424;-0.0054466403;0.34483793
0.030881424;-0.0054466403;0.34483793
0.028905138;-0.007422925;0.34483793
0.026928853;-0.0054466403;0.35274309
0.028905138;-0.0054466403;0.34483793
0.028905138;-0.0054466403;0.34483793
0.028905138;-0.0054466403;0.34483793
0.026928853;-0.0054466403;0.34483793
0.026928853;-0.0054466403;0.34483793
0.026928853;-0.0054466403;0.35274309
0.026928853;-0.0054466403;0.35274309
0.026928853;-0.0054466403;0.35274309
0.02495257;-0.0054466403;0.34483793
0.02495257;-0.0054466403;0.34483793
0.02495257;-0.0054466403;0.34483793
0.02495257;-0.0034703556;0.34483793
0.02495257;-0.0034703556;0.35274309
0.02495257;-0.0034703556;0.34483793
0.02495257;-0.0054466403;0.35274309
0.022976285;-0.0034703556;0.34483793
0.022976285;-0.0034703556;0.35274309
0.022976285;-0.0054466403;0.34483793
0.022976285;-0.0034703556;0.34483793
0.022976285;-0.0034703556;0.34483793
0.022976285;-0.0034703556;0.34483793
0.022976285;-0.0034703556;0.35274309
0.022976285;-0.0034703556;0.34483793
0.021;-0.0034703556;0.35274309
0.022976285;-0.0054466403;0.35274309
0.021;-0.0034703556;0.34483793
0.021;-0.0034703556;0.34483793
0.021;-0.0034703556;0.35274309
0.019023715;-0.0034703556;0.35274309
0.019023715;-0.0034703556;0.34483793
0.021;-0.0014940711;0.34483793
0.021;-0.0034703556;0.34483793
0.019023715;-0.0034703556;0.35274309
0.021;-0.0034703556;0.34483793
0.017047431;-0.0034703556;0.34483793
0.019023715;-0.0014940711;0.34483793
0.019023715;-0.0034703556;0.34483793
0.019023715;-0.0034703556;0.34483793
0.017047431;-0.0034703556;0.34483793
0.017047431;-0.0014940711;0.34483793
0.017047431;-0.0014940711;0.34483793
0.017047431;-0.0014940711;0.34483793
0.017047431;-0.0014940711;0.35274309
0.015071146;0.00048221345;0.34483793
0.017047431;-0.0034703556;0.34483793
0.015071146;-0.0014940711;0.34483793
0.015071146;-0.0014940711;0.34483793
0.015071146;-0.0014940711;0.34483793
0.015071146;0.00048221345;0.34483793
0.015071146;-0.0014940711;0.34483793
0.015071146;0.00048221345;0.34483793
0.013094862;-0.0034703556;0.34483793
0.013094862;0.00048221345;0.34483793
0.013094862;-0.0014940711;0.35274309
0.013094862;-0.0014940711;0.34483793
0.011118577;-0.0014940711;0.35274309
0.013094862;0.00048221345;0.34483793
0.011118577;0.00048221345;0.35274309
0.011118577;-0.0014940711;0.35274309
0.011118577;0.00048221345;0.34483793
0.011118577;-0.0014940711;0.34483793
0.011118577;-0.0014940711;0.35274309
0.0091422927;0.00048221345;0.34483793
0.0091422927;0.00048221345;0.34483793
0.0091422927;0.00048221345;0.34483793
0.0091422927;0.00048221345;0.34483793
0.0091422927;0.00048221345;0.34483793
0.0091422927;0.00048221345;0.35274309
0.0091422927;0.00048221345;0.34483793
0.0091422927;0.00048221345;0.35274309
0.0091422927;0.0024584981;0.34483793
0.0091422927;0.00048221345;0.34483793
0.0091422927;0.0024584981;0.34483793
0.007166008;0.00048221345;0.34483793
0.0051897233;0.00048221345;0.34483793
0.007166008;0.0024584981;0.34483793
0.0051897233;0.0024584981;0.35274309
0.007166008;0.0024584981;0.34483793
0.0051897233;0.0024584981;0.35274309
0.0051897233;0.0024584981;0.35274309
0.0051897233;0.0024584981;0.34483793
0.0051897233;0.0024584981;0.34483793
0.0051897233;0.00048221345;0.34483793
0.0051897233;0.0024584981;0.34483793
0.0051897233;0.0024584981;0.35274309
0.0032134387;0.0024584981;0.35274309
0.0032134387;0.0024584981;0.34483793
0.0032134387;0.0024584981;0.34483793
0.0012371541;0.0044347825;0.34483793
0.0032134387;0.0024584981;0.35274309
0.0012371541;0.0024584981;0.34483793
0.0032134387;0.0024584981;0.34483793
0.0012371541;0.0044347825;0.34483793
0.0012371541;0.0044347825;0.34483793
0.0012371541;0.0044347825;0.35274309
0.0012371541;0.0024584981;0.34483793
-0.00073913042;0.0044347825;0.35274309
-0.00073913042;0.0044347825;0.34483793
-0.00073913042;0.0044347825;0.34483793
-0.00073913042;0.0044347825;0.34483793
-0.00073913042;0.0044347825;0.34483793
-0.00073913042;0.0044347825;0.34483793
-0.0027154151;0.0044347825;0.35274309
-0.0027154151;0.0044347825;0.34483793
-0.0027154151;0.0044347825;0.34483793
-0.00073913042;0.0044347825;0.34483793
-0.0046916995;0.0044347825;0.35274309
-0.0027154151;0.0044347825;0.35274309
-0.0027154151;0.0044347825;0.34483793
-0.0027154151;0.0064110672;0.34483793
-0.0046916995;0.0044347825;0.34483793
-0.0027154151;0.0044347825;0.35274309
-0.0027154151;0.0064110672;0.35274309
-0.0046916995;0.0064110672;0.34483793
-0.0027154151;0.0064110672;0.34483793
-0.0046916995;0.0064110672;0.34483793
-0.0046916995;0.0064110672;0.34483793
-0.0066679842;0.0064110672;0.35274309
-0.0066679842;0.0064110672;0.34483793
-0.0046916995;0.0064110672;0.34483793
-0.0066679842;0.0064110672;0.35274309
-0.0066679842;0.0064110672;0.34483793
-0.0066679842;0.0064110672;0.34483793
-0.0086442688;0.0083873514;0.34483793
-0.0066679842;0.0083873514;0.35274309
-0.0066679842;0.0083873514;0.34483793
-0.0086442688;0.0083873514;0.34483793
-0.0066679842;0.0083873514;0.35274309
-0.0086442688;0.0083873514;0.34483793
-0.0086442688;0.0083873514;0.35274309
-0.0086442688;0.0064110672;0.34483793
-0.0086442688;0.0083873514;0.34483793
-0.0086442688;0.0083873514;0.34483793
-0.010620553;0.0083873514;0.35274309
-0.0086442688;0.0083873514;0.34483793
-0.010620553;0.0083873514;0.35274309
-0.010620553;0.0083873514;0.35274309
-0.010620553;0.0083873514;0.34483793
-0.010620553;0.0083873514;0.35274309
-0.010620553;0.0083873514;0.34483793
-0.010620553;0.0083873514;0.34483793
-0.012596838;0.0083873514;0.34483793
-0.012596838;0.010363637;0.34483793
-0.012596838;0.0083873514;0.34483793
-0.012596838;0.010363637;0.34483793
-0.012596838;0.010363637;0.35274309
-0.012596838;0.010363637;0.34483793
-0.012596838;0.0083873514;0.34483793
-0.012596838;0.010363637;0.34483793
-0.012596838;0.010363637;0.34483793
-0.012596838;0.010363637;0.34483793
-0.012596838;0.010363637;0.35274309
-0.014573122;0.010363637;0.34483793
-0.012596838;0.010363637;0.34483793
-0.014573122;0.010363637;0.35274309
-0.016549407;0.010363637;0.35274309
-0.014573122;0.010363637;0.35274309
-0.014573122;0.010363637;0.34483793
-0.014573122;0.010363637;0.34483793
-0.014573122;0.010363637;0.34483793
-0.014573122;0.010363637;0.34483793
-0.016549407;0.010363637;0.35274309
-0.014573122;0.012339921;0.34483793
-0.016549407;0.012339921;0.34483793
-0.016549407;0.012339921;0.35274309
-0.014573122;0.012339921;0.35274309
-0.016549407;0.012339921;0.35274309
-0.016549407;0.012339921;0.34483793
-0.016549407;0.012339921;0.34483793
-0.016549407;0.012339921;0.34483793
-0.016549407;0.012339921;0.34483793
-0.018525692;0.012339921;0.35274309
-0.018525692;0.012339921;0.34483793
-0.018525692;0.012339921;0.34483793
-0.018525692;0.012339921;0.34483793
-0.018525692;0.012339921;0.34483793
-0.018525692;0.012339921;0.34483793
-0.018525692;0.012339921;0.35274309
-0.018525692;0.012339921;0.34483793
-0.018525692;0.012339921;0.34483793
-0.018525692;0.012339921;0.34483793
-0.018525692;0.012339921;0.34483793
-0.018525692;0.014316206;0.34483793
-0.018525692;0.014316206;0.34483793
-0.020501977;0.014316206;0.34483793
-0.020501977;0.014316206;0.34483793
-0.020501977;0.014316206;0.35274309
-0.020501977;0.014316206;0.35274309
-0.020501977;0.014316206;0.34483793
-0.020501977;0.014316206;0.35274309
-0.02247826;0.014316206;0.34483793
-0.020501977;0.014316206;0.34483793
-0.020501977;0.014316206;0.34483793
-0.02247826;0.014316206;0.34483793
-0.02247826;0.014316206;0.34483793
-0.02247826;0.01629249;0.34483793
-0.02247826;0.01629249;0.34483793
-0.02247826;0.01629249;0.34483793
-0.02247826;0.01629249;0.34483793
-0.02247826;0.01629249;0.35274309
-0.02247826;0.01629249;0.34483793
-0.02247826;0.01629249;0.34483793
-0.02247826;0.01629249;0.34483793
-0.02247826;0.01629249;0.34483793
-0.02247826;0.01629249;0.34483793
-0.024454545;0.018268775;0.34483793
-0.02247826;0.01629249;0.34483793
-0.024454545;0.018268775;0.34483793
-0.02247826;0.01629249;0.34483793
-0.02247826;0.018268775;0.34483793
-0.024454545;0.01629249;0.34483793
-0.024454545;0.018268775;0.34483793
-0.024454545;0.018268775;0.34483793
-0.024454545;0.018268775;0.35274309
-0.024454545;0.01629249;0.34483793
-0.024454545;0.01629249;0.34483793
-0.024454545;0.018268775;0.34483793
-0.024454545;0.018268775;0.34483793
-0.024454545;0.018268775;0.34483793
-0.02643083;0.018268775;0.34483793
-0.02643083;0.018268775;0.34483793
-0.02643083;0.018268775;0.34483793
-0.02643083;0.018268775;0.34483793
-0.02643083;0.020245058;0.34483793
-0.02643083;0.018268775;0.34483793
-0.02643083;0.018268775;0.35274309
-0.02643083;0.018268775;0.34483793
-0.024454545;0.018268775;0.35274309
-0.02643083;0.020245058;0.34483793
-0.02643083;0.020245058;0.34483793
-0.028407115;0.020245058;0.34483793
-0.028407115;0.020245058;0.35274309
-0.028407115;0.018268775;0.34483793
-0.024454545;0.020245058;0.34483793
-0.02643083;0.018268775;0.34483793
-0.02643083;0.020245058;0.35274309
-0.02643083;0.020245058;0.35274309
-0.028407115;0.022221344;0.34483793
-0.02643083;0.020245058;0.34483793
-0.028407115;0.020245058;0.34483793
-0.028407115;0.022221344;0.35274309
-0.028407115;0.020245058;0.35274309
-0.028407115;0.022221344;0.35274309
-0.028407115;0.022221344;0.34483793
-0.028407115;0.020245058;0.35274309
-0.028407115;0.022221344;0.34483793
-0.028407115;0.020245058;0.34483793
-0.030383399;0.022221344;0.34483793
-0.030383399;0.022221344;0.34483793
-0.028407115;0.020245058;0.34483793
-0.028407115;0.024197629;0.34483793
-0.028407115;0.022221344;0.34483793
-0.030383399;0.022221344;0.34483793
-0.028407115;0.024197629;0.34483793
-0.030383399;0.022221344;0.34483793
-0.028407115;0.022221344;0.34483793
-0.028407115;0.022221344;0.35274309
-0.030383399;0.022221344;0.34483793
-0.028407115;0.022221344;0.34483793
-0.030383399;0.022221344;0.35274309
-0.028407115;0.022221344;0.35274309
-0.030383399;0.024197629;0.35274309
-0.030383399;0.024197629;0.34483793
-0.030383399;0.024197629;0.34483793
-0.028407115;0.024197629;0.34483793
-0.028407115;0.024197629;0.34483793
-0.030383399;0.024197629;0.35274309
-0.030383399;0.024197629;0.34483793
-0.030383399;0.024197629;0.35274309
-0.030383399;0.024197629;0.34483793
-0.030383399;0.024197629;0.35274309
-0.030383399;0.024197629;0.35274309
-0.030383399;0.024197629;0.35274309
-0.028407115;0.026173914;0.35274309
-0.028407115;0.024197629;0.35274309
-0.030383399;0.026173914;0.34483793
-0.030383399;0.024197629;0.35274309
-0.030383399;0.026173914;0.34483793
-0.032359682;0.026173914;0.34483793
-0.030383399;0.026173914;0.34483793
-0.030383399;0.026173914;0.34483793
-0.030383399;0.024197629;0.34483793
-0.032359682;0.026173914;0.34483793
-0.032359682;0.026173914;0.34483793
-0.032359682;0.026173914;0.34483793
-0.030383399;0.026173914;0.35274309
-0.030383399;0.026173914;0.35274309
-0.032359682;0.028150197;0.34483793
-0.030383399;0.026173914;0.34483793
-0.030383399;0.028150197;0.34483793
-0.030383399;0.028150197;0.34483793
-0.032359682;0.026173914;0.34483793
-0.030383399;0.026173914;0.34483793
-0.030383399;0.028150197;0.35274309
-0.030383399;0.028150197;0.34483793
-0.030383399;0.026173914;0.35274309
-0.030383399;0.026173914;0.34483793
-0.030383399;0.028150197;0.34483793
-0.030383399;0.028150197;0.34483793
-0.030383399;0.028150197;0.34483793
-0.032359682;0.028150197;0.34483793
-0.032359682;0.028150197;0.34483793
-0.030383399;0.028150197;0.34483793
-0.030383399;0.028150197;0.34483793
-0.030383399;0.028150197;0.34483793
-0.030383399;0.028150197;0.35274309
-0.030383399;0.028150197;0.35274309
-0.030383399;0.030126482;0.35274309
-0.030383399;0.028150197;0.34483793
-0.032359682;0.028150197;0.34483793
-0.030383399;0.028150197;0.34483793
-0.030383399;0.030126482;0.34483793
-0.030383399;0.028150197;0.35274309
-0.030383399;0.030126482;0.35274309
-0.030383399;0.030126482;0.34483793
-0.030383399;0.028150197;0.35274309
-0.030383399;0.030126482;0.34483793
-0.030383399;0.030126482;0.34483793
-0.028407115;0.030126482;0.34483793
-0.030383399;0.032102767;0.34483793
-0.030383399;0.030126482;0.35274309
-0.030383399;0.030126482;0.34483793
-0.030383399;0.030126482;0.34483793
-0.030383399;0.030126482;0.34483793
-0.030383399;0.030126482;0.34483793
-0.030383399;0.032102767;0.34483793
-0.030383399;0.030126482;0.34483793
-0.030383399;0.030126482;0.35274309
-0.028407115;0.032102767;0.34483793
-0.030383399;0.030126482;0.34483793
-0.030383399;0.032102767;0.34483793
-0.030383399;0.032102767;0.34483793
-0.030383399;0.032102767;0.34483793
-0.030383399;0.032102767;0.34483793
-0.030383399;0.032102767;0.34483793
-0.030383399;0.032102767;0.34483793
-0.028407115;0.032102767;0.34483793
-0.028407115;0.032102767;0.34483793
-0.030383399;0.032102767;0.34483793
-0.028407115;0.032102767;0.34483793
-0.028407115;0.032102767;0.34483793
-0.028407115;0.032102767;0.35274309
-0.028407115;0.034079053;0.34483793
-0.028407115;0.032102767;0.34483793
-0.028407115;0.032102767;0.34483793
-0.028407115;0.032102767;0.35274309
-0.028407115;0.034079053;0.34483793
-0.028407115;0.034079053;0.33693281
-0.028407115;0.032102767;0.34483793
-0.028407115;0.034079053;0.35274309
-0.030383399;0.034079053;0.34483793
-0.028407115;0.034079053;0.34483793
-0.028407115;0.034079053;0.34483793
-0.02643083;0.034079053;0.34483793
-0.028407115;0.034079053;0.34483793
-0.028407115;0.034079053;0.34483793
-0.02643083;0.034079053;0.34483793
-0.02643083;0.036055338;0.35274309
-0.02643083;0.036055338;0.35274309
-0.02643083;0.034079053;0.34483793
-0.02643083;0.036055338;0.34483793
-0.024454545;0.034079053;0.34483793
-0.024454545;0.036055338;0.35274309
-0.024454545;0.036055338;0.35274309
-0.02643083;0.036055338;0.34483793
-0.02643083;0.036055338;0.35274309
-0.024454545;0.036055338;0.34483793
-0.024454545;0.036055338;0.35274309
-0.024454545;0.036055338;0.35274309
-0.024454545;0.036055338;0.34483793
-0.024454545;0.036055338;0.35274309
-0.024454545;0.036055338;0.34483793
-0.02643083;0.036055338;0.34483793
-0.024454545;0.036055338;0.34483793
-0.024454545;0.038031619;0.34483793
-0.024454545;0.036055338;0.35274309
-0.024454545;0.036055338;0.35274309
-0.02247826;0.036055338;0.34483793
-0.024454545;0.036055338;0.35274309
-0.024454545;0.038031619;0.34483793
-0.024454545;0.038031619;0.34483793
-0.024454545;0.038031619;0.34483793
-0.024454545;0.038031619;0.34483793
-0.02247826;0.036055338;0.34483793
-0.024454545;0.038031619;0.34483793
-0.02247826;0.038031619;0.35274309
-0.02247826;0.038031619;0.35274309
-0.02247826;0.038031619;0.34483793
-0.02247826;0.038031619;0.35274309
-0.02247826;0.038031619;0.35274309
-0.02247826;0.036055338;0.34483793
-0.02247826;0.038031619;0.35274309
-0.02247826;0.038031619;0.34483793
-0.02247826;0.038031619;0.34483793
-0.02247826;0.038031619;0.34483793
-0.020501977;0.038031619;0.34483793
-0.02247826;0.040007904;0.34483793
-0.020501977;0.038031619;0.34483793
-0.02247826;0.040007904;0.34483793
-0.02247826;0.038031619;0.34483793
-0.020501977;0.038031619;0.34483793
-0.020501977;0.040007904;0.34483793
-0.020501977;0.041984189;0.34483793
-0.020501977;0.040007904;0.35274309
-0.020501977;0.040007904;0.34483793
-0.020501977;0.040007904;0.34483793
-0.020501977;0.040007904;0.35274309
-0.020501977;0.040007904;0.33693281
-0.018525692;0.040007904;0.34483793
-0.020501977;0.040007904;0.34483793
-0.020501977;0.041984189;0.35274309
-0.018525692;0.040007904;0.35274309
-0.018525692;0.040007904;0.34483793
-0.018525692;0.041984189;0.35274309
-0.018525692;0.040007904;0.34483793
-0.018525692;0.041984189;0.34483793
-0.018525692;0.041984189;0.35274309
-0.018525692;0.041984189;0.35274309
-0.016549407;0.041984189;0.34483793
-0.018525692;0.041984189;0.35274309
-0.016549407;0.041984189;0.35274309
-0.016549407;0.041984189;0.34483793
-0.016549407;0.041984189;0.35274309
-0.016549407;0.041984189;0.34483793
-0.016549407;0.041984189;0.34483793
-0.016549407;0.041984189;0.35274309
-0.016549407;0.041984189;0.35274309
-0.016549407;0.041984189;0.35274309
-0.016549407;0.041984189;0.35274309
-0.014573122;0.041984189;0.34483793
-0.016549407;0.041984189;0.35274309
-0.014573122;0.041984189;0.34483793
-0.014573122;0.043960474;0.34483793
-0.014573122;0.043960474;0.34483793
-0.014573122;0.041984189;0.34483793
-0.014573122;0.041984189;0.34483793
-0.014573122;0.041984189;0.34483793
-0.012596838;0.043960474;0.35274309
-0.014573122;0.043960474;0.35274309
-0.012596838;0.043960474;0.34483793
-0.012596838;0.041984189;0.34483793
-0.012596838;0.041984189;0.34483793
-0.014573122;0.041984189;0.35274309
-0.012596838;0.043960474;0.35274309
-0.010620553;0.043960474;0.34483793
-0.012596838;0.043960474;0.34483793
-0.010620553;0.043960474;0.34483793
-0.010620553;0.043960474;0.34483793
-0.012596838;0.041984189;0.34483793
-0.012596838;0.043960474;0.34483793
-0.010620553;0.043960474;0.35274309
-0.010620553;0.043960474;0.34483793
-0.010620553;0.04593676;0.34483793
-0.010620553;0.043960474;0.34483793
-0.010620553;0.04593676;0.34483793
-0.010620553;0.043960474;0.34483793
-0.0086442688;0.04593676;0.34483793
-0.0086442688;0.04593676;0.34483793
-0.0086442688;0.04593676;0.34483793
-0.0086442688;0.04593676;0.34483793
-0.0086442688;0.04593676;0.35274309
-0.0066679842;0.04593676;0.34483793
-0.0066679842;0.04593676;0.35274309
-0.0066679842;0.04593676;0.34483793
-0.0066679842;0.047913045;0.34483793
-0.0066679842;0.047913045;0.34483793
-0.0066679842;0.047913045;0.34483793
-0.0066679842;0.04593676;0.34483793
-0.0046916995;0.04593676;0.34483793
-0.0066679842;0.047913045;0.34483793
-0.0066679842;0.047913045;0.34483793
-0.0046916995;0.047913045;0.35274309
-0.0046916995;0.047913045;0.34483793
-0.0046916995;0.047913045;0.34483793
-0.0046916995;0.047913045;0.35274309
-0.0046916995;0.047913045;0.35274309
-0.0046916995;0.047913045;0.35274309
-0.0027154151;0.047913045;0.34483793
-0.0046916995;0.047913045;0.34483793
-0.0046916995;0.047913045;0.35274309
-0.0027154151;0.047913045;0.34483793
-0.00073913042;0.047913045;0.35274309
-0.0027154151;0.047913045;0.34483793
-0.0027154151;0.047913045;0.34483793
-0.0027154151;0.047913045;0.35274309
-0.0027154151;0.047913045;0.34483793
-0.0027154151;0.047913045;0.34483793
-0.00073913042;0.04988933;0.34483793
-0.0027154151;0.047913045;0.34483793
-0.00073913042;0.04988933;0.35274309
-0.00073913042;0.04988933;0.34483793
-0.00073913042;0.04988933;0.34483793
-0.00073913042;0.047913045;0.34483793
0.0012371541;0.047913045;0.35274309
-0.00073913042;0.04988933;0.35274309
-0.00073913042;0.04988933;0.34483793
-0.00073913042;0.04988933;0.34483793
0.0012371541;0.04988933;0.34483793
0.0012371541;0.04988933;0.35274309
0.0012371541;0.04988933;0.34483793
0.0012371541;0.04988933;0.35274309
0.0032134387;0.04988933;0.35274309
0.0032134387;0.04988933;0.34483793
0.0051897233;0.04988933;0.34483793
0.0032134387;0.051865611;0.34483793
0.0051897233;0.04988933;0.33693281
0.0032134387;0.04988933;0.34483793
0.0032134387;0.04988933;0.34483793
0.0051897233;0.04988933;0.35274309
0.0051897233;0.051865611;0.34483793
0.0051897233;0.051865611;0.34483793
0.0051897233;0.04988933;0.34483793
0.0051897233;0.051865611;0.34483793
0.007166008;0.04988933;0.34483793
0.007166008;0.051865611;0.34483793
0.007166008;0.051865611;0.34483793
0.007166008;0.051865611;0.34483793
0.007166008;0.051865611;0.34483793
0.007166008;0.051865611;0.34483793
0.007166008;0.04988933;0.34483793
0.0091422927;0.051865611;0.34483793
0.0091422927;0.051865611;0.34483793
0.007166008;0.051865611;0.34483793
0.0091422927;0.053841896;0.34483793
0.0091422927;0.051865611;0.34483793
0.0091422927;0.051865611;0.34483793
0.011118577;0.051865611;0.35274309
0.011118577;0.053841896;0.34483793
0.011118577;0.051865611;0.34483793
0.011118577;0.051865611;0.35274309
0.011118577;0.053841896;0.34483793
0.013094862;0.051865611;0.34483793
0.011118577;0.053841896;0.34483793
0.013094862;0.053841896;0.34483793
0.011118577;0.053841896;0.34483793
0.013094862;0.051865611;0.34483793
0.013094862;0.053841896;0.35274309
0.013094862;0.053841896;0.34483793
0.013094862;0.053841896;0.34483793
0.013094862;0.053841896;0.34483793
0.013094862;0.051865611;0.34483793
0.013094862;0.053841896;0.34483793
0.015071146;0.053841896;0.34483793
0.015071146;0.053841896;0.34483793
0.015071146;0.053841896;0.35274309
0.015071146;0.053841896;0.34483793
0.015071146;0.053841896;0.34483793
0.017047431;0.053841896;0.34483793
0.017047431;0.053841896;0.34483793
0.017047431;0.053841896;0.35274309
0.017047431;0.055818181;0.35274309
0.017047431;0.053841896;0.34483793
0.017047431;0.053841896;0.34483793
0.017047431;0.053841896;0.34483793
0.019023715;0.053841896;0.34483793
0.019023715;0.055818181;0.35274309
0.019023715;0.055818181;0.34483793
0.019023715;0.053841896;0.34483793
0.021;0.055818181;0.34483793
0.019023715;0.055818181;0.35274309
0.019023715;0.055818181;0.34483793
0.019023715;0.055818181;0.34483793
0.019023715;0.053841896;0.35274309
0.021;0.055818181;0.34483793
0.022976285;0.055818181;0.34483793
0.021;0.055818181;0.35274309
0.021;0.055818181;0.34483793
0.022976285;0.057794467;0.34483793
0.022976285;0.055818181;0.34483793
0.022976285;0.057794467;0.34483793
0.022976285;0.055818181;0.34483793
0.022976285;0.055818181;0.34483793
0.022976285;0.057794467;0.34483793
0.02495257;0.057794467;0.35274309
0.02495257;0.057794467;0.34483793
0.02495257;0.055818181;0.34483793
0.02495257;0.057794467;0.34483793
0.02495257;0.057794467;0.34483793
0.02495257;0.055818181;0.34483793
0.02495257;0.057794467;0.34483793
0.02495257;0.057794467;0.34483793
0.026928853;0.057794467;0.34483793
0.026928853;0.057794467;0.34483793
0.026928853;0.057794467;0.35274309
0.028905138;0.057794467;0.34483793
0.028905138;0.057794467;0.34483793
0.026928853;0.057794467;0.35274309
0.026928853;0.057794467;0.34483793
0.028905138;0.057794467;0.34483793
0.028905138;0.059770752;0.34483793
0.028905138;0.057794467;0.34483793
0.030881424;0.057794467;0.34483793
0.030881424;0.057794467;0.34483793
0.028905138;0.059770752;0.34483793
0.030881424;0.057794467;0.34483793
0.030881424;0.057794467;0.34483793
0.030881424;0.059770752;0.35274309
0.030881424;0.057794467;0.33693281
0.030881424;0.057794467;0.35274309
0.032857709;0.059770752;0.34483793
0.030881424;0.059770752;0.34483793
0.032857709;0.057794467;0.35274309
0.032857709;0.057794467;0.34483793
0.032857709;0.057794467;0.35274309
0.032857709;0.057794467;0.35274309
0.032857709;0.059770752;0.34483793
0.032857709;0.057794467;0.35274309
0.034833994;0.059770752;0.35274309
0.034833994;0.059770752;0.34483793
0.034833994;0.059770752;0.34483793
0.034833994;0.057794467;0.34483793
0.034833994;0.059770752;0.34483793
0.034833994;0.059770752;0.34483793
0.034833994;0.059770752;0.34483793
0.036810275;0.059770752;0.34483793
0.036810275;0.059770752;0.34483793
0.036810275;0.059770752;0.34483793
0.036810275;0.059770752;0.34483793
0.03878656;0.059770752;0.34483793
0.036810275;0.059770752;0.34483793
0.03878656;0.059770752;0.34483793
0.03878656;0.059770752;0.34483793
0.03878656;0.059770752;0.34483793
0.03878656;0.059770752;0.34483793
0.040762845;0.059770752;0.34483793
0.040762845;0.059770752;0.35274309
0.040762845;0.059770752;0.34483793
0.040762845;0.061747037;0.34483793
0.040762845;0.059770752;0.34483793
0.040762845;0.059770752;0.34483793
0.040762845;0.061747037;0.35274309
0.042739131;0.061747037;0.34483793
0.040762845;0.059770752;0.35274309
0.042739131;0.061747037;0.35274309
0.042739131;0.059770752;0.35274309
0.042739131;0.059770752;0.34483793
0.042739131;0.061747037;0.34483793
0.042739131;0.059770752;0.34483793
0.044715416;0.061747037;0.35274309
0.044715416;0.059770752;0.34483793
0.044715416;0.059770752;0.35274309
0.046691701;0.061747037;0.34483793
0.044715416;0.061747037;0.34483793
0.044715416;0.061747037;0.34483793
0.046691701;0.061747037;0.34483793
0.044715416;0.061747037;0.34483793
0.044715416;0.061747037;0.34483793
0.046691701;0.061747037;0.34483793
0.046691701;0.061747037;0.34483793
0.048667986;0.061747037;0.35274309
0.046691701;0.061747037;0.34483793
0.048667986;0.061747037;0.34483793
0.044715416;0.061747037;0.34483793
0.046691701;0.061747037;0.35274309
0.046691701;0.061747037;0.35274309
0.048667986;0.061747037;0.34483793
0.048667986;0.061747037;0.34483793
0.048667986;0.059770752;0.34483793
0.048667986;0.061747037;0.34483793
0.048667986;0.061747037;0.34483793
0.050644267;0.061747037;0.34483793
0.052620552;0.061747037;0.34483793
0.050644267;0.063723318;0.34483793
0.050644267;0.061747037;0.34483793
0.050644267;0.061747037;0.34483793
0.052620552;0.061747037;0.34483793
0.052620552;0.061747037;0.34483793
0.052620552;0.061747037;0.34483793
0.052620552;0.063723318;0.34483793
0.052620552;0.063723318;0.34483793
0.052620552;0.063723318;0.34483793
0.052620552;0.063723318;0.33693281
0.054596838;0.063723318;0.35274309
0.052620552;0.063723318;0.34483793
0.054596838;0.063723318;0.34483793
0.054596838;0.063723318;0.34483793
0.054596838;0.063723318;0.34483793
0.054596838;0.063723318;0.35274309
0.052620552;0.063723318;0.34483793
0.054596838;0.063723318;0.34483793
0.054596838;0.065699607;0.34483793
0.054596838;0.063723318;0.34483793
0.054596838;0.063723318;0.34483793
0.056573123;0.063723318;0.34483793
0.056573123;0.065699607;0.34483793
0.054596838;0.063723318;0.34483793
0.056573123;0.063723318;0.34483793
0.056573123;0.063723318;0.34483793
0.058549408;0.063723318;0.34483793
0.056573123;0.065699607;0.34483793
0.058549408;0.063723318;0.34483793
0.058549408;0.065699607;0.34483793
0.056573123;0.063723318;0.35274309
0.058549408;0.063723318;0.34483793
0.058549408;0.065699607;0.34483793
0.058549408;0.063723318;0.35274309
0.058549408;0.063723318;0.34483793
0.058549408;0.063723318;0.34483793
0.058549408;0.065699607;0.34483793
0.058549408;0.065699607;0.35274309
0.060525693;0.065699607;0.35274309
0.060525693;0.065699607;0.35274309
0.058549408;0.065699607;0.34483793
0.060525693;0.063723318;0.34483793
0.060525693;0.063723318;0.34483793
0.060525693;0.065699607;0.35274309
0.060525693;0.065699607;0.34483793
0.060525693;0.065699607;0.34483793
0.062501974;0.063723318;0.34483793
0.062501974;0.065699607;0.34483793
0.062501974;0.065699607;0.34483793
0.062501974;0.063723318;0.34483793
0.062501974;0.065699607;0.34483793
0.062501974;0.065699607;0.34483793
0.062501974;0.065699607;0.34483793
0.062501974;0.065699607;0.34483793
0.062501974;0.065699607;0.34483793
0.062501974;0.065699607;0.34483793
0.062501974;0.067675889;0.34483793
0.062501974;0.065699607;0.34483793
0.062501974;0.065699607;0.35274309
0.064478263;0.065699607;0.34483793
0.064478263;0.065699607;0.34483793
0.064478263;0.065699607;0.34483793
0.064478263;0.065699607;0.34483793
0.064478263;0.067675889;0.34483793
0.064478263;0.065699607;0.34483793
0.064478263;0.065699607;0.34483793
0.064478263;0.065699607;0.34483793
0.066454545;0.065699607;0.35274309
0.064478263;0.065699607;0.35274309
0.064478263;0.067675889;0.34483793
0.066454545;0.065699607;0.34483793
0.064478263;0.067675889;0.34483793
0.066454545;0.065699607;0.34483793
0.068430834;0.065699607;0.34483793
0.064478263;0.065699607;0.35274309
0.066454545;0.067675889;0.34483793
0.066454545;0.067675889;0.34483793
0.068430834;0.067675889;0.34483793
0.066454545;0.067675889;0.35274309
0.066454545;0.067675889;0.34483793
0.068430834;0.065699607;0.34483793
0.066454545;0.067675889;0.34483793
0.068430834;0.067675889;0.35274309
0.066454545;0.067675889;0.34483793
0.068430834;0.067675889;0.34483793
0.068430834;0.067675889;0.34483793
0.068430834;0.065699607;0.34483793
0.068430834;0.067675889;0.34483793
0.068430834;0.067675889;0.34483793
0.068430834;0.067675889;0.34483793
0.068430834;0.067675889;0.34483793
0.070407115;0.067675889;0.35274309
0.070407115;0.067675889;0.34483793
0.068430834;0.065699607;0.34483793
0.070407115;0.067675889;0.34483793
0.068430834;0.067675889;0.34483793
0.068430834;0.067675889;0.33693281
0.070407115;0.067675889;0.34483793
0.070407115;0.067675889;0.34483793
0.070407115;0.065699607;0.34483793
0.068430834;0.067675889;0.34483793
0.070407115;0.067675889;0.34483793
0.070407115;0.067675889;0.34483793
0.070407115;0.067675889;0.34483793
0.070407115;0.067675889;0.34483793
0.072383396;0.067675889;0.34483793
0.070407115;0.065699607;0.34483793
0.070407115;0.067675889;0.34483793
0.072383396;0.067675889;0.34483793
0.070407115;0.067675889;0.34483793
0.072383396;0.067675889;0.35274309
0.072383396;0.067675889;0.34483793
0.070407115;0.067675889;0.35274309
0.072383396;0.067675889;0.34483793
0.072383396;0.069652177;0.34483793
0.070407115;0.067675889;0.34483793
0.070407115;0.067675889;0.35274309
0.072383396;0.067675889;0.35274309
0.074359685;0.067675889;0.34483793
0.072383396;0.067675889;0.34483793
0.072383396;0.067675889;0.34483793
0.072383396;0.067675889;0.35274309
0.074359685;0.067675889;0.34483793
0.072383396;0.067675889;0.34483793
0.074359685;0.067675889;0.34483793
0.072383396;0.067675889;0.34483793
0.074359685;0.067675889;0.34483793
0.072383396;0.067675889;0.35274309
0.074359685;0.067675889;0.34483793
0.074359685;0.067675889;0.34483793
0.072383396;0.067675889;0.34483793
0.074359685;0.067675889;0.34483793
0.074359685;0.067675889;0.35274309
0.072383396;0.067675889;0.34483793
0.072383396;0.067675889;0.34483793
0.074359685;0.067675889;0.35274309
0.074359685;0.069652177;0.35274309
0.074359685;0.067675889;0.35274309
0.072383396;0.067675889;0.34483793
0.076335967;0.069652177;0.34483793
0.072383396;0.067675889;0.35274309
0.074359685;0.067675889;0.34483793
0.074359685;0.069652177;0.35274309
0.074359685;0.069652177;0.34483793
0.074359685;0.067675889;0.35274309
0.074359685;0.067675889;0.34483793
0.074359685;0.069652177;0.34483793
0.076335967;0.067675889;0.35274309
0.074359685;0.067675889;0.34483793
0.074359685;0.069652177;0.35274309
0.074359685;0.067675889;0.35274309
0.074359685;0.069652177;0.34483793
0.074359685;0.067675889;0.35274309
0.076335967;0.069652177;0.34483793
0.076335967;0.067675889;0.34483793
0.076335967;0.069652177;0.35274309
0.076335967;0.069652177;0.34483793
0.074359685;0.069652177;0.35274309
0.074359685;0.067675889;0.34483793
0.074359685;0.067675889;0.34483793
0.076335967;0.067675889;0.34483793
0.076335967;0.067675889;0.34483793
0.076335967;0.067675889;0.33693281
0.076335967;0.069652177;0.34483793
0.076335967;0.069652177;0.34483793
0.076335967;0.067675889;0.34483793
0.076335967;0.067675889;0.35274309
0.076335967;0.067675889;0.34483793
0.074359685;0.069652177;0.34483793
0.076335967;0.069652177;0.34483793
0.076335967;0.069652177;0.34483793
0.076335967;0.067675889;0.35274309
0.076335967;0.069652177;0.34483793
0.074359685;0.069652177;0.34483793
0.076335967;0.067675889;0.35274309
0.074359685;0.069652177;0.34483793
0.076335967;0.069652177;0.34483793
0.076335967;0.069652177;0.34483793
0.076335967;0.069652177;0.34483793
0.076335967;0.069652177;0.35274309
0.076335967;0.069652177;0.34483793
0.076335967;0.069652177;0.34483793
0.074359685;0.069652177;0.34483793
0.074359685;0.069652177;0.35274309
0.076335967;0.069652177;0.34483793
0.076335967;0.069652177;0.34483793
0.076335967;0.069652177;0.34483793
0.076335967;0.067675889;0.34483793
0.076335967;0.069652177;0.34483793
0.074359685;0.069652177;0.34483793
0.074359685;0.069652177;0.34483793
0.076335967;0.067675889;0.34483793
0.076335967;0.069652177;0.34483793
0.076335967;0.069652177;0.34483793
0.074359685;0.069652177;0.34483793
0.074359685;0.067675889;0.34483793
0.074359685;0.067675889;0.34483793
0.074359685;0.067675889;0.35274309
0.076335967;0.069652177;0.34483793
0.076335967;0.069652177;0.35274309
0.074359685;0.067675889;0.34483793
0.074359685;0.069652177;0.34483793
0.076335967;0.069652177;0.34483793
0.076335967;0.067675889;0.35274309
0.074359685;0.069652177;0.34483793
0.076335967;0.069652177;0.35274309
0.074359685;0.067675889;0.35274309
0.076335967;0.067675889;0.34483793
0.074359685;0.069652177;0.34483793
0.074359685;0.069652177;0.34483793
0.076335967;0.069652177;0.34483793
0.072383396;0.067675889;0.34483793
0.074359685;0.067675889;0.35274309
0.074359685;0.067675889;0.34483793
0.072383396;0.069652177;0.34483793
0.074359685;0.069652177;0.34483793
0.074359685;0.069652177;0.34483793
0.072383396;0.067675889;0.34483793
0.074359685;0.067675889;0.34483793
0.074359685;0.067675889;0.34483793
0.074359685;0.069652177;0.34483793
0.074359685;0.067675889;0.34483793
0.072383396;0.067675889;0.34483793
0.072383396;0.069652177;0.34483793
0.074359685;0.069652177;0.34483793
0.072383396;0.069652177;0.34483793
0.072383396;0.069652177;0.35274309
0.072383396;0.067675889;0.35274309
0.072383396;0.069652177;0.34483793
0.072383396;0.069652177;0.34483793
0.070407115;0.069652177;0.34483793
0.074359685;0.067675889;0.35274309
0.072383396;0.069652177;0.35274309
0.070407115;0.069652177;0.35274309
0.072383396;0.069652177;0.34483793
0.072383396;0.069652177;0.34483793
0.072383396;0.069652177;0.35274309
0.072383396;0.069652177;0.34483793
0.070407115;0.067675889;0.34483793
0.070407115;0.067675889;0.34483793
0.070407115;0.069652177;0.34483793
0.070407115;0.067675889;0.33693281
0.070407115;0.069652177;0.34483793
0.070407115;0.067675889;0.35274309
0.070407115;0.069652177;0.35274309
0.070407115;0.067675889;0.35274309
0.070407115;0.069652177;0.34483793
0.070407115;0.067675889;0.34483793
0.070407115;0.067675889;0.34483793
0.068430834;0.069652177;0.34483793
0.070407115;0.069652177;0.34483793
0.070407115;0.069652177;0.34483793
0.070407115;0.069652177;0.34483793
0.068430834;0.069652177;0.34483793
0.068430834;0.067675889;0.34483793
0.068430834;0.067675889;0.34483793
0.068430834;0.067675889;0.34483793
0.068430834;0.069652177;0.34483793
0.068430834;0.069652177;0.34483793
0.068430834;0.069652177;0.34483793
0.068430834;0.067675889;0.34483793
0.068430834;0.069652177;0.34483793
0.066454545;0.069652177;0.35274309
0.068430834;0.069652177;0.34483793
0.068430834;0.069652177;0.34483793
0.068430834;0.067675889;0.34483793
0.066454545;0.069652177;0.34483793
0.066454545;0.067675889;0.34483793
0.066454545;0.069652177;0.34483793
0.068430834;0.067675889;0.34483793
0.066454545;0.069652177;0.34483793
0.066454545;0.067675889;0.35274309
0.066454545;0.067675889;0.34483793
0.066454545;0.067675889;0.34483793
0.066454545;0.069652177;0.34483793
0.064478263;0.069652177;0.34483793
0.064478263;0.067675889;0.35274309
0.064478263;0.067675889;0.34483793
0.066454545;0.069652177;0.35274309
0.064478263;0.067675889;0.34483793
0.064478263;0.067675889;0.34483793
0.064478263;0.069652177;0.34483793
0.064478263;0.067675889;0.34483793
0.064478263;0.069652177;0.34483793
0.064478263;0.067675889;0.34483793
0.064478263;0.067675889;0.34483793
0.064478263;0.067675889;0.34483793
0.064478263;0.067675889;0.34483793
0.064478263;0.067675889;0.34483793
0.062501974;0.067675889;0.34483793
0.064478263;0.067675889;0.34483793
0.064478263;0.067675889;0.34483793
0.062501974;0.065699607;0.34483793
0.062501974;0.069652177;0.34483793
0.062501974;0.067675889;0.35274309
0.062501974;0.069652177;0.35274309
0.062501974;0.067675889;0.34483793
0.060525693;0.069652177;0.35274309
0.062501974;0.067675889;0.34483793
0.062501974;0.067675889;0.34483793
0.060525693;0.067675889;0.34483793
0.062501974;0.067675889;0.34483793
0.060525693;0.067675889;0.34483793
0.060525693;0.069652177;0.34483793
0.060525693;0.067675889;0.34483793
0.058549408;0.067675889;0.35274309
0.060525693;0.067675889;0.34483793
0.060525693;0.067675889;0.34483793
0.060525693;0.067675889;0.34483793
0.058549408;0.067675889;0.34483793
0.058549408;0.067675889;0.34483793
0.058549408;0.067675889;0.35274309
0.058549408;0.067675889;0.34483793
0.058549408;0.067675889;0.34483793
0.058549408;0.065699607;0.35274309
0.058549408;0.067675889;0.34483793
0.058549408;0.067675889;0.34483793
0.056573123;0.067675889;0.34483793
0.058549408;0.067675889;0.34483793
0.056573123;0.067675889;0.34483793
0.056573123;0.067675889;0.34483793
0.056573123;0.065699607;0.34483793
0.056573123;0.069652177;0.34483793
0.058549408;0.067675889;0.34483793
0.056573123;0.067675889;0.34483793
0.054596838;0.065699607;0.34483793
0.056573123;0.065699607;0.34483793
0.054596838;0.067675889;0.34483793
0.054596838;0.067675889;0.34483793
0.054596838;0.067675889;0.34483793
0.054596838;0.065699607;0.34483793
0.054596838;0.067675889;0.34483793
0.054596838;0.067675889;0.34483793
0.054596838;0.067675889;0.34483793
0.052620552;0.065699607;0.34483793
0.052620552;0.067675889;0.34483793
0.052620552;0.067675889;0.35274309
0.054596838;0.065699607;0.34483793
0.052620552;0.065699607;0.34483793
0.052620552;0.067675889;0.35274309
0.052620552;0.065699607;0.35274309
0.052620552;0.067675889;0.34483793
0.050644267;0.067675889;0.34483793
0.050644267;0.065699607;0.34483793
0.050644267;0.067675889;0.34483793
0.050644267;0.065699607;0.35274309
0.048667986;0.067675889;0.34483793
0.050644267;0.065699607;0.35274309
0.048667986;0.065699607;0.34483793
0.048667986;0.065699607;0.34483793
0.048667986;0.065699607;0.34483793
0.048667986;0.065699607;0.34483793
0.046691701;0.065699607;0.34483793
0.048667986;0.067675889;0.35274309
0.048667986;0.065699607;0.34483793
0.046691701;0.065699607;0.34483793
0.046691701;0.065699607;0.34483793
0.046691701;0.065699607;0.34483793
0.046691701;0.065699607;0.34483793
0.046691701;0.067675889;0.34483793
0.046691701;0.065699607;0.34483793
0.046691701;0.065699607;0.34483793
0.046691701;0.065699607;0.34483793
0.044715416;0.065699607;0.35274309
0.046691701;0.065699607;0.34483793
0.044715416;0.065699607;0.34483793
0.044715416;0.065699607;0.35274309
0.044715416;0.065699607;0.34483793
0.042739131;0.065699607;0.35274309
0.042739131;0.065699607;0.34483793
0.044715416;0.065699607;0.34483793
0.042739131;0.065699607;0.34483793
0.042739131;0.065699607;0.34483793
0.042739131;0.065699607;0.34483793
0.042739131;0.063723318;0.34483793
0.042739131;0.065699607;0.34483793
0.040762845;0.065699607;0.35274309
0.040762845;0.063723318;0.35274309
0.042739131;0.063723318;0.34483793
0.040762845;0.063723318;0.34483793
0.040762845;0.065699607;0.34483793
0.040762845;0.063723318;0.34483793
0.03878656;0.065699607;0.33693281
0.040762845;0.065699607;0.34483793
0.03878656;0.063723318;0.35274309
0.040762845;0.063723318;0.34483793
0.03878656;0.063723318;0.34483793
0.03878656;0.065699607;0.34483793
0.036810275;0.063723318;0.34483793
0.03878656;0.063723318;0.34483793
0.03878656;0.063723318;0.35274309
0.036810275;0.063723318;0.34483793
0.036810275;0.063723318;0.34483793
0.036810275;0.065699607;0.34483793
0.036810275;0.063723318;0.34483793
0.034833994;0.065699607;0.35274309
0.034833994;0.063723318;0.34483793
0.032857709;0.063723318;0.34483793
0.036810275;0.063723318;0.34483793
0.034833994;0.063723318;0.34483793
0.032857709;0.063723318;0.34483793
0.032857709;0.061747037;0.34483793
0.034833994;0.063723318;0.34483793
0.034833994;0.063723318;0.35274309
0.032857709;0.063723318;0.35274309
0.032857709;0.063723318;0.34483793
0.032857709;0.061747037;0.35274309
0.032857709;0.063723318;0.33693281
0.030881424;0.061747037;0.34483793
0.030881424;0.063723318;0.34483793
0.030881424;0.061747037;0.34483793
0.030881424;0.061747037;0.34483793
0.032857709;0.061747037;0.35274309
0.030881424;0.061747037;0.34483793
0.030881424;0.063723318;0.34483793
0.030881424;0.063723318;0.34483793
0.030881424;0.061747037;0.34483793
0.030881424;0.061747037;0.35274309
0.028905138;0.061747037;0.35274309
0.028905138;0.061747037;0.34483793
0.028905138;0.061747037;0.34483793
0.028905138;0.061747037;0.35274309
0.026928853;0.063723318;0.34483793
0.028905138;0.065699607;0.34483793
0.026928853;0.061747037;0.34483793
0.02495257;0.061747037;0.34483793
0.026928853;0.061747037;0.34483793
0.02495257;0.061747037;0.35274309
0.02495257;0.061747037;0.34483793
0.02495257;0.061747037;0.34483793
0.026928853;0.061747037;0.34483793
0.02495257;0.061747037;0.35274309
0.02495257;0.061747037;0.34483793
0.02495257;0.061747037;0.34483793
0.022976285;0.061747037;0.34483793
0.02495257;0.061747037;0.34483793
0.02495257;0.061747037;0.34483793
0.022976285;0.059770752;0.35274309
0.02495257;0.059770752;0.34483793
0.022976285;0.061747037;0.34483793
0.021;0.061747037;0.34483793
0.021;0.061747037;0.34483793
0.021;0.061747037;0.35274309
0.021;0.061747037;0.35274309
0.021;0.061747037;0.34483793
0.021;0.061747037;0.34483793
0.019023715;0.061747037;0.34483793
0.021;0.061747037;0.34483793
0.019023715;0.059770752;0.35274309
0.021;0.061747037;0.34483793
0.019023715;0.061747037;0.34483793
0.019023715;0.059770752;0.35274309
0.019023715;0.061747037;0.35274309
0.017047431;0.059770752;0.34483793
0.017047431;0.059770752;0.34483793
0.017047431;0.059770752;0.34483793
0.019023715;0.059770752;0.34483793
0.017047431;0.059770752;0.34483793
0.019023715;0.059770752;0.34483793
0.017047431;0.059770752;0.34483793
0.017047431;0.059770752;0.34483793
0.017047431;0.059770752;0.34483793
0.017047431;0.059770752;0.34483793
0.015071146;0.059770752;0.34483793
0.015071146;0.057794467;0.34483793
0.015071146;0.059770752;0.34483793
0.015071146;0.059770752;0.34483793
0.015071146;0.059770752;0.34483793
0.015071146;0.057794467;0.35274309
0.015071146;0.059770752;0.34483793
0.015071146;0.059770752;0.34483793
0.013094862;0.059770752;0.34483793
0.015071146;0.059770752;0.34483793
0.013094862;0.059770752;0.34483793
0.011118577;0.057794467;0.34483793
0.013094862;0.057794467;0.34483793
0.011118577;0.059770752;0.34483793
0.011118577;0.059770752;0.35274309
0.011118577;0.057794467;0.34483793
0.011118577;0.057794467;0.34483793
0.0091422927;0.057794467;0.35274309
0.0091422927;0.057794467;0.34483793
0.0091422927;0.059770752;0.34483793
0.0091422927;0.057794467;0.34483793
0.0091422927;0.057794467;0.34483793
0.0091422927;0.057794467;0.35274309
0.0091422927;0.057794467;0.34483793
0.007166008;0.057794467;0.34483793
0.007166008;0.057794467;0.34483793
0.007166008;0.057794467;0.34483793
0.007166008;0.057794467;0.33693281
0.007166008;0.057794467;0.34483793
0.0051897233;0.057794467;0.35274309
0.0051897233;0.055818181;0.34483793
0.0051897233;0.055818181;0.34483793
0.0051897233;0.057794467;0.35274309
0.0051897233;0.057794467;0.34483793
0.0051897233;0.057794467;0.34483793
0.0032134387;0.057794467;0.34483793
0.0051897233;0.057794467;0.34483793
0.0051897233;0.055818181;0.34483793
0.0051897233;0.055818181;0.34483793
0.0051897233;0.057794467;0.35274309
0.0032134387;0.057794467;0.34483793
0.0032134387;0.057794467;0.34483793
0.0012371541;0.055818181;0.35274309
0.0012371541;0.055818181;0.35274309
0.0012371541;0.055818181;0.35274309
0.0012371541;0.055818181;0.34483793
0.0012371541;0.055818181;0.34483793
0.0012371541;0.055818181;0.35274309
-0.00073913042;0.055818181;0.34483793
-0.00073913042;0.055818181;0.34483793
-0.00073913042;0.055818181;0.34483793
-0.00073913042;0.055818181;0.34483793
-0.00073913042;0.055818181;0.34483793
-0.00073913042;0.055818181;0.34483793
-0.00073913042;0.053841896;0.35274309
-0.0027154151;0.053841896;0.35274309
-0.0027154151;0.055818181;0.34483793
-0.0027154151;0.055818181;0.35274309
-0.0027154151;0.055818181;0.34483793
-0.0027154151;0.055818181;0.35274309
-0.0027154151;0.055818181;0.35274309
-0.0027154151;0.053841896;0.34483793
-0.0027154151;0.053841896;0.35274309
-0.0046916995;0.053841896;0.34483793
-0.0027154151;0.053841896;0.34483793
-0.0027154151;0.053841896;0.34483793
-0.0046916995;0.053841896;0.34483793
-0.0027154151;0.053841896;0.34483793
-0.0046916995;0.053841896;0.34483793
-0.0046916995;0.053841896;0.35274309
-0.0046916995;0.053841896;0.34483793
-0.0066679842;0.053841896;0.35274309
-0.0046916995;0.053841896;0.35274309
-0.0066679842;0.053841896;0.34483793
-0.0046916995;0.051865611;0.34483793
-0.0066679842;0.051865611;0.34483793
-0.0066679842;0.053841896;0.34483793
-0.0086442688;0.053841896;0.34483793
-0.0066679842;0.053841896;0.35274309
-0.0086442688;0.051865611;0.34483793
-0.0086442688;0.053841896;0.34483793
-0.0066679842;0.051865611;0.34483793
-0.0086442688;0.051865611;0.34483793
-0.0086442688;0.051865611;0.35274309
-0.0086442688;0.04988933;0.34483793
-0.010620553;0.051865611;0.34483793
-0.0086442688;0.051865611;0.34483793
-0.0086442688;0.051865611;0.35274309
-0.010620553;0.053841896;0.35274309
-0.010620553;0.051865611;0.34483793
-0.010620553;0.051865611;0.34483793
-0.010620553;0.051865611;0.34483793
-0.010620553;0.051865611;0.34483793
-0.010620553;0.051865611;0.34483793
-0.010620553;0.051865611;0.34483793
-0.012596838;0.04988933;0.34483793
-0.012596838;0.051865611;0.35274309
-0.010620553;0.04988933;0.34483793
-0.010620553;0.051865611;0.34483793
-0.012596838;0.051865611;0.35274309
-0.012596838;0.04988933;0.35274309
-0.012596838;0.04988933;0.34483793
-0.012596838;0.04988933;0.34483793
-0.012596838;0.04988933;0.34483793
-0.014573122;0.04988933;0.35274309
-0.012596838;0.04988933;0.34483793
-0.014573122;0.04988933;0.34483793
-0.014573122;0.04988933;0.34483793
-0.014573122;0.04988933;0.35274309
-0.014573122;0.04988933;0.34483793
-0.014573122;0.04988933;0.34483793
-0.014573122;0.047913045;0.35274309
-0.016549407;0.047913045;0.33693281
-0.014573122;0.04988933;0.34483793
-0.016549407;0.04988933;0.34483793
-0.016549407;0.04988933;0.34483793
-0.016549407;0.04988933;0.34483793
-0.016549407;0.04988933;0.34483793
-0.016549407;0.04988933;0.35274309
-0.016549407;0.047913045;0.35274309
-0.016549407;0.04988933;0.34483793
-0.016549407;0.04988933;0.35274309
-0.016549407;0.047913045;0.34483793
-0.016549407;0.047913045;0.34483793
-0.016549407;0.047913045;0.34483793
-0.018525692;0.047913045;0.34483793
-0.018525692;0.047913045;0.35274309
-0.018525692;0.04988933;0.34483793
-0.018525692;0.047913045;0.34483793
-0.018525692;0.047913045;0.34483793
-0.018525692;0.047913045;0.35274309
-0.018525692;0.047913045;0.34483793
-0.018525692;0.047913045;0.34483793
-0.018525692;0.047913045;0.34483793
-0.018525692;0.047913045;0.34483793
-0.020501977;0.047913045;0.35274309
-0.020501977;0.047913045;0.35274309
-0.020501977;0.047913045;0.34483793
-0.020501977;0.047913045;0.35274309
-0.020501977;0.04593676;0.34483793
-0.020501977;0.04593676;0.34483793
-0.020501977;0.047913045;0.35274309
-0.02247826;0.047913045;0.34483793
-0.02247826;0.047913045;0.34483793
-0.02247826;0.047913045;0.34483793
-0.02247826;0.047913045;0.34483793
-0.02247826;0.04593676;0.35274309
-0.02247826;0.04593676;0.35274309
-0.02247826;0.047913045;0.34483793
-0.02247826;0.04593676;0.34483793
-0.02247826;0.04593676;0.34483793
-0.02247826;0.04593676;0.34483793
-0.02247826;0.04593676;0.34483793
-0.02247826;0.04593676;0.34483793
-0.024454545;0.043960474;0.34483793
-0.024454545;0.04593676;0.34483793
-0.024454545;0.04593676;0.34483793
-0.024454545;0.043960474;0.34483793
-0.024454545;0.04593676;0.34483793
-0.024454545;0.043960474;0.34483793
-0.024454545;0.047913045;0.35274309
-0.024454545;0.04593676;0.34483793
-0.024454545;0.047913045;0.35274309
-0.024454545;0.04593676;0.35274309
-0.024454545;0.04593676;0.34483793
-0.02643083;0.043960474;0.34483793
-0.024454545;0.043960474;0.34483793
-0.024454545;0.043960474;0.34483793
-0.024454545;0.04593676;0.34483793
-0.02643083;0.043960474;0.34483793
-0.024454545;0.043960474;0.34483793
-0.02643083;0.043960474;0.35274309
-0.024454545;0.043960474;0.34483793
-0.024454545;0.043960474;0.35274309
-0.02643083;0.043960474;0.34483793
-0.028407115;0.043960474;0.35274309
-0.02643083;0.043960474;0.34483793
-0.02643083;0.041984189;0.34483793
-0.02643083;0.041984189;0.34483793
-0.028407115;0.041984189;0.34483793
-0.028407115;0.043960474;0.34483793
-0.02643083;0.043960474;0.34483793
-0.028407115;0.041984189;0.34483793
-0.028407115;0.041984189;0.34483793
-0.028407115;0.041984189;0.34483793
-0.028407115;0.041984189;0.34483793
-0.028407115;0.041984189;0.34483793
-0.028407115;0.041984189;0.34483793
-0.02643083;0.041984189;0.35274309
-0.028407115;0.041984189;0.34483793
-0.028407115;0.040007904;0.35274309
-0.02643083;0.041984189;0.34483793
-0.028407115;0.041984189;0.34483793
-0.028407115;0.041984189;0.35274309
-0.028407115;0.040007904;0.35274309
-0.030383399;0.041984189;0.35274309
-0.028407115;0.041984189;0.34483793
-0.028407115;0.041984189;0.34483793
-0.028407115;0.041984189;0.35274309
-0.028407115;0.040007904;0.34483793
-0.028407115;0.041984189;0.34483793
-0.030383399;0.041984189;0.34483793
-0.028407115;0.041984189;0.34483793
-0.030383399;0.041984189;0.35274309
-0.028407115;0.041984189;0.34483793
-0.028407115;0.041984189;0.34483793
-0.028407115;0.040007904;0.34483793
-0.028407115;0.040007904;0.34483793
-0.030383399;0.041984189;0.35274309
-0.028407115;0.038031619;0.34483793
-0.028407115;0.040007904;0.34483793
-0.030383399;0.040007904;0.34483793
-0.030383399;0.040007904;0.34483793
-0.030383399;0.040007904;0.34483793
-0.030383399;0.040007904;0.34483793
-0.030383399;0.040007904;0.34483793
-0.030383399;0.038031619;0.35274309
-0.030383399;0.038031619;0.34483793
-0.028407115;0.040007904;0.34483793
-0.028407115;0.038031619;0.34483793
-0.030383399;0.040007904;0.35274309
-0.030383399;0.038031619;0.34483793
-0.030383399;0.038031619;0.34483793
-0.030383399;0.038031619;0.34483793
-0.030383399;0.040007904;0.34483793
-0.030383399;0.038031619;0.34483793
-0.030383399;0.038031619;0.34483793
-0.030383399;0.038031619;0.34483793
-0.030383399;0.038031619;0.34483793
-0.030383399;0.038031619;0.34483793
-0.030383399;0.040007904;0.35274309
-0.030383399;0.038031619;0.34483793
-0.030383399;0.038031619;0.34483793
-0.030383399;0.038031619;0.35274309
-0.030383399;0.038031619;0.34483793
-0.030383399;0.036055338;0.34483793
-0.030383399;0.036055338;0.35274309
-0.030383399;0.038031619;0.34483793
-0.032359682;0.036055338;0.34483793
-0.030383399;0.036055338;0.35274309
-0.032359682;0.036055338;0.34483793
-0.032359682;0.036055338;0.34483793
-0.032359682;0.036055338;0.34483793
-0.032359682;0.036055338;0.35274309
-0.030383399;0.036055338;0.35274309
-0.032359682;0.036055338;0.34483793
-0.032359682;0.036055338;0.35274309
-0.032359682;0.036055338;0.34483793
-0.030383399;0.036055338;0.35274309
-0.032359682;0.038031619;0.34483793
-0.030383399;0.036055338;0.34483793
-0.032359682;0.036055338;0.34483793
-0.030383399;0.036055338;0.35274309
-0.030383399;0.036055338;0.34483793
-0.030383399;0.034079053;0.35274309
-0.030383399;0.036055338;0.34483793
-0.030383399;0.036055338;0.34483793
-0.030383399;0.034079053;0.35274309
-0.030383399;0.034079053;0.35274309
-0.030383399;0.034079053;0.34483793
-0.030383399;0.034079053;0.34483793
-0.030383399;0.034079053;0.34483793
-0.030383399;0.034079053;0.34483793
-0.030383399;0.034079053;0.35274309
-0.030383399;0.034079053;0.34483793
-0.030383399;0.036055338;0.35274309
-0.030383399;0.034079053;0.34483793
-0.030383399;0.034079053;0.34483793
-0.030383399;0.034079053;0.34483793
-0.030383399;0.034079053;0.34483793
-0.030383399;0.034079053;0.34483793
-0.030383399;0.034079053;0.34483793
-0.030383399;0.034079053;0.34483793
-0.030383399;0.034079053;0.34483793
-0.030383399;0.034079053;0.34483793
-0.030383399;0.034079053;0.34483793
-0.030383399;0.032102767;0.35274309
-0.028407115;0.032102767;0.35274309
-0.030383399;0.032102767;0.34483793
-0.030383399;0.032102767;0.34483793
-0.028407115;0.034079053;0.34483793
-0.030383399;0.032102767;0.35274309
-0.028407115;0.032102767;0.34483793
-0.030383399;0.032102767;0.35274309
-0.028407115;0.032102767;0.34483793
-0.028407115;0.032102767;0.34483793
-0.02643083;0.032102767;0.34483793
-0.028407115;0.032102767;0.35274309
-0.02643083;0.032102767;0.34483793
-0.028407115;0.032102767;0.35274309
-0.028407115;0.032102767;0.35274309
-0.028407115;0.032102767;0.34483793
-0.028407115;0.032102767;0.34483793
-0.02643083;0.032102767;0.34483793
-0.028407115;0.030126482;0.35274309
-0.028407115;0.030126482;0.35274309
-0.02643083;0.030126482;0.34483793
-0.028407115;0.030126482;0.34483793
-0.028407115;0.030126482;0.34483793
-0.02643083;0.030126482;0.35274309
-0.02643083;0.030126482;0.34483793
-0.02643083;0.030126482;0.35274309
-0.02643083;0.030126482;0.34483793
-0.028407115;0.030126482;0.34483793
-0.02643083;0.030126482;0.34483793
-0.02643083;0.030126482;0.34483793
-0.02643083;0.030126482;0.34483793
-0.02643083;0.030126482;0.34483793
-0.02643083;0.028150197;0.34483793
-0.02643083;0.028150197;0.34483793
-0.024454545;0.030126482;0.34483793
-0.024454545;0.028150197;0.34483793
-0.024454545;0.028150197;0.33693281
-0.024454545;0.028150197;0.34483793
-0.024454545;0.028150197;0.34483793
-0.024454545;0.028150197;0.34483793
-0.024454545;0.028150197;0.34483793
-0.02643083;0.030126482;0.34483793
-0.024454545;0.028150197;0.34483793
-0.024454545;0.028150197;0.34483793
-0.024454545;0.028150197;0.34483793
-0.024454545;0.026173914;0.35274309
-0.024454545;0.028150197;0.34483793
-0.02643083;0.028150197;0.34483793
-0.024454545;0.026173914;0.34483793
-0.024454545;0.026173914;0.35274309
-0.024454545;0.028150197;0.34483793
-0.02247826;0.026173914;0.34483793
-0.024454545;0.026173914;0.35274309
-0.02247826;0.026173914;0.34483793
-0.02247826;0.026173914;0.34483793
-0.02247826;0.026173914;0.34483793
-0.02247826;0.026173914;0.34483793
-0.02247826;0.026173914;0.35274309
-0.02247826;0.026173914;0.34483793
-0.02247826;0.026173914;0.34483793
-0.02247826;0.026173914;0.34483793
-0.02247826;0.026173914;0.34483793
-0.02247826;0.026173914;0.34483793
-0.02247826;0.026173914;0.34483793
-0.02247826;0.026173914;0.34483793
-0.020501977;0.026173914;0.34483793
-0.02247826;0.024197629;0.35274309
-0.02247826;0.026173914;0.34483793
-0.020501977;0.024197629;0.34483793
-0.02247826;0.024197629;0.34483793
-0.020501977;0.024197629;0.34483793
-0.02247826;0.024197629;0.35274309
-0.020501977;0.024197629;0.34483793
-0.018525692;0.024197629;0.34483793
-0.02247826;0.024197629;0.34483793
-0.020501977;0.024197629;0.34483793
-0.018525692;0.024197629;0.34483793
-0.020501977;0.024197629;0.34483793
-0.018525692;0.024197629;0.34483793
-0.018525692;0.022221344;0.34483793
-0.018525692;0.022221344;0.34483793
-0.018525692;0.022221344;0.34483793
-0.018525692;0.022221344;0.34483793
-0.016549407;0.022221344;0.34483793
-0.018525692;0.024197629;0.34483793
-0.018525692;0.022221344;0.34483793
-0.018525692;0.022221344;0.34483793
-0.016549407;0.022221344;0.34483793
-0.016549407;0.022221344;0.34483793
-0.016549407;0.022221344;0.35274309
-0.016549407;0.022221344;0.34483793
-0.016549407;0.022221344;0.35274309
-0.016549407;0.022221344;0.34483793
-0.016549407;0.022221344;0.34483793
-0.016549407;0.022221344;0.35274309
-0.014573122;0.020245058;0.34483793
-0.014573122;0.022221344;0.34483793
-0.014573122;0.022221344;0.34483793
-0.014573122;0.020245058;0.34483793
-0.014573122;0.022221344;0.35274309
-0.014573122;0.022221344;0.35274309
-0.012596838;0.020245058;0.34483793
-0.012596838;0.022221344;0.35274309
-0.012596838;0.020245058;0.34483793
-0.014573122;0.020245058;0.35274309
-0.014573122;0.020245058;0.34483793
-0.012596838;0.020245058;0.34483793
-0.012596838;0.020245058;0.35274309
-0.012596838;0.020245058;0.34483793
-0.012596838;0.020245058;0.34483793
-0.012596838;0.022221344;0.34483793
-0.012596838;0.018268775;0.34483793
-0.012596838;0.020245058;0.35274309
-0.012596838;0.018268775;0.34483793
-0.010620553;0.020245058;0.35274309
-0.010620553;0.020245058;0.35274309
-0.010620553;0.020245058;0.34483793
-0.012596838;0.018268775;0.34483793
-0.010620553;0.018268775;0.34483793
-0.010620553;0.018268775;0.34483793
-0.010620553;0.018268775;0.34483793
-0.010620553;0.018268775;0.35274309
-0.010620553;0.018268775;0.34483793
-0.0086442688;0.018268775;0.33693281
-0.010620553;0.018268775;0.34483793
-0.0086442688;0.018268775;0.34483793
-0.0086442688;0.018268775;0.34483793
-0.0086442688;0.018268775;0.35274309
-0.0066679842;0.01629249;0.34483793
-0.0066679842;0.018268775;0.34483793
-0.0066679842;0.018268775;0.34483793
-0.0066679842;0.018268775;0.35274309
-0.0066679842;0.01629249;0.34483793
-0.0066679842;0.01629249;0.35274309
-0.0066679842;0.01629249;0.34483793
-0.0066679842;0.01629249;0.34483793
-0.0066679842;0.01629249;0.34483793
-0.0066679842;0.01629249;0.35274309
-0.0046916995;0.01629249;0.34483793
-0.0046916995;0.01629249;0.35274309
-0.0046916995;0.01629249;0.35274309
-0.0046916995;0.01629249;0.35274309
-0.0027154151;0.01629249;0.34483793
-0.0027154151;0.01629249;0.34483793
-0.0027154151;0.01629249;0.34483793
-0.0027154151;0.014316206;0.34483793
-0.0027154151;0.014316206;0.35274309
-0.0027154151;0.014316206;0.34483793
-0.0027154151;0.014316206;0.34483793
-0.0027154151;0.01629249;0.34483793
-0.0027154151;0.01629249;0.34483793
-0.00073913042;0.01629249;0.34483793
-0.0027154151;0.014316206;0.34483793
-0.00073913042;0.014316206;0.35274309
-0.00073913042;0.014316206;0.35274309
-0.00073913042;0.014316206;0.35274309
-0.0027154151;0.014316206;0.34483793
-0.00073913042;0.014316206;0.34483793
-0.00073913042;0.014316206;0.35274309
0.0012371541;0.012339921;0.34483793
-0.00073913042;0.012339921;0.34483793
-0.00073913042;0.014316206;0.34483793
0.0012371541;0.012339921;0.34483793
0.0012371541;0.012339921;0.34483793
0.0032134387;0.012339921;0.34483793
0.0032134387;0.012339921;0.34483793
0.0032134387;0.014316206;0.34483793
0.0051897233;0.012339921;0.34483793
0.0051897233;0.012339921;0.34483793
0.0032134387;0.012339921;0.34483793
0.0032134387;0.012339921;0.34483793
0.0032134387;0.012339921;0.34483793
0.0051897233;0.012339921;0.35274309
0.0032134387;0.010363637;0.34483793
0.0051897233;0.012339921;0.34483793
0.0051897233;0.012339921;0.34483793
0.0051897233;0.012339921;0.34483793
0.007166008;0.010363637;0.34483793
0.007166008;0.010363637;0.34483793
0.007166008;0.012339921;0.34483793
0.007166008;0.010363637;0.34483793
0.0051897233;0.010363637;0.34483793
0.007166008;0.010363637;0.35274309
0.007166008;0.010363637;0.34483793
0.0091422927;0.010363637;0.34483793
0.0091422927;0.010363637;0.34483793
0.0091422927;0.010363637;0.34483793
0.0091422927;0.010363637;0.34483793
0.0091422927;0.010363637;0.34483793
0.011118577;0.010363637;0.34483793
0.011118577;0.0083873514;0.34483793
0.0091422927;0.010363637;0.34483793
0.011118577;0.010363637;0.34483793
0.011118577;0.010363637;0.34483793
0.011118577;0.010363637;0.34483793
0.011118577;0.010363637;0.34483793
0.011118577;0.010363637;0.34483793
0.011118577;0.0083873514;0.35274309
0.013094862;0.010363637;0.35274309
0.013094862;0.0083873514;0.35274309
0.013094862;0.0083873514;0.34483793
0.013094862;0.0083873514;0.34483793
0.013094862;0.010363637;0.34483793
0.013094862;0.0083873514;0.34483793
0.015071146;0.0083873514;0.35274309
0.015071146;0.0083873514;0.34483793
0.013094862;0.0083873514;0.34483793
0.015071146;0.0083873514;0.35274309
0.015071146;0.0083873514;0.34483793
0.013094862;0.0083873514;0.34483793
0.017047431;0.0083873514;0.34483793
0.015071146;0.0064110672;0.34483793
0.017047431;0.0064110672;0.35274309
0.017047431;0.0064110672;0.34483793
0.017047431;0.0083873514;0.34483793
0.017047431;0.0083873514;0.34483793
0.019023715;0.0083873514;0.35274309
0.019023715;0.0064110672;0.34483793
0.019023715;0.0064110672;0.35274309
0.019023715;0.0064110672;0.35274309
0.019023715;0.0064110672;0.34483793
0.019023715;0.0064110672;0.35274309
0.021;0.0064110672;0.35274309
0.019023715;0.0064110672;0.35274309
0.019023715;0.0044347825;0.35274309
0.021;0.0064110672;0.34483793
0.021;0.0044347825;0.34483793
0.021;0.0064110672;0.33693281
0.021;0.0064110672;0.35274309
0.022976285;0.0044347825;0.34483793
0.022976285;0.0044347825;0.34483793
0.022976285;0.0044347825;0.34483793
0.022976285;0.0044347825;0.34483793
0.022976285;0.0044347825;0.34483793
0.022976285;0.0064110672;0.34483793
0.022976285;0.0044347825;0.35274309
0.022976285;0.0064110672;0.34483793
0.02495257;0.0044347825;0.34483793
0.02495257;0.0044347825;0.34483793
0.02495257;0.0044347825;0.34483793
0.02495257;0.0024584981;0.34483793
0.026928853;0.0024584981;0.34483793
0.026928853;0.0044347825;0.34483793
0.026928853;0.0024584981;0.34483793
0.026928853;0.0044347825;0.35274309
0.026928853;0.0024584981;0.34483793
0.026928853;0.0024584981;0.34483793
0.028905138;0.0044347825;0.34483793
0.028905138;0.0044347825;0.34483793
0.026928853;0.0024584981;0.34483793
0.028905138;0.0024584981;0.34483793
0.028905138;0.0044347825;0.34483793
0.028905138;0.0044347825;0.34483793
0.028905138;0.0024584981;0.34483793
0.028905138;0.0024584981;0.34483793
0.028905138;0.0024584981;0.34483793
0.030881424;0.0024584981;0.34483793
0.030881424;0.0024584981;0.35274309
0.030881424;0.00048221345;0.35274309
0.032857709;0.0024584981;0.34483793
0.032857709;0.0024584981;0.34483793
0.032857709;0.0024584981;0.35274309
0.032857709;0.00048221345;0.35274309
0.032857709;0.00048221345;0.34483793
0.032857709;0.0024584981;0.34483793
0.032857709;0.0024584981;0.34483793
0.034833994;0.0024584981;0.34483793
0.034833994;0.0024584981;0.34483793
0.034833994;0.00048221345;0.35274309
0.034833994;0.00048221345;0.34483793
0.034833994;0.0024584981;0.34483793
0.034833994;0.00048221345;0.34483793
0.036810275;0.00048221345;0.34483793
0.034833994;0.00048221345;0.35274309
0.036810275;0.00048221345;0.34483793
0.034833994;0.00048221345;0.34483793
0.036810275;-0.0014940711;0.34483793
0.03878656;-0.0014940711;0.34483793
0.036810275;0.00048221345;0.35274309
0.03878656;-0.0014940711;0.35274309
0.040762845;0.00048221345;0.34483793
0.036810275;0.00048221345;0.35274309
0.03878656;0.00048221345;0.35274309
0.03878656;0.00048221345;0.35274309
0.03878656;0.00048221345;0.35274309
0.040762845;-0.0014940711;0.34483793
0.040762845;-0.0014940711;0.34483793
0.040762845;-0.0034703556;0.35274309
0.040762845;0.00048221345;0.34483793
0.040762845;-0.0014940711;0.34483793
0.042739131;0.00048221345;0.34483793
0.040762845;-0.0014940711;0.35274309
0.040762845;-0.0014940711;0.34483793
0.042739131;-0.0014940711;0.34483793
0.042739131;-0.0014940711;0.34483793
0.040762845;-0.0014940711;0.34483793
0.042739131;-0.0034703556;0.34483793
0.042739131;-0.0014940711;0.34483793
0.042739131;-0.0014940711;0.35274309
0.044715416;-0.0014940711;0.34483793
0.044715416;-0.0034703556;0.34483793
0.044715416;-0.0034703556;0.34483793
0.044715416;-0.0034703556;0.34483793
0.044715416;-0.0034703556;0.34483793
0.044715416;-0.0014940711;0.34483793
0.046691701;-0.0014940711;0.34483793
0.046691701;-0.0034703556;0.34483793
0.044715416;-0.0034703556;0.34483793
0.046691701;-0.0034703556;0.34483793
0.046691701;-0.0034703556;0.35274309
0.046691701;-0.0034703556;0.34483793
0.046691701;-0.0034703556;0.34483793
0.046691701;-0.0034703556;0.34483793
0.048667986;-0.0054466403;0.34483793
0.046691701;-0.0034703556;0.34483793
0.048667986;-0.0054466403;0.34483793
0.048667986;-0.0034703556;0.34483793
0.048667986;-0.0034703556;0.34483793
0.048667986;-0.0034703556;0.34483793
0.052620552;-0.0034703556;0.34483793
0.048667986;-0.0054466403;0.34483793
0.050644267;-0.0054466403;0.34483793
0.050644267;-0.0054466403;0.34483793
0.050644267;-0.0054466403;0.35274309
0.050644267;-0.0034703556;0.35274309
0.050644267;-0.0054466403;0.34483793
0.052620552;-0.0054466403;0.34483793
0.052620552;-0.0054466403;0.35274309
0.050644267;-0.0054466403;0.34483793
0.052620552;-0.0054466403;0.34483793
0.052620552;-0.0054466403;0.34483793
0.052620552;-0.0054466403;0.34483793
0.052620552;-0.0054466403;0.35274309
0.052620552;-0.0054466403;0.34483793
0.050644267;-0.007422925;0.34483793
0.054596838;-0.0054466403;0.34483793
0.054596838;-0.0054466403;0.34483793
0.054596838;-0.0054466403;0.35274309
0.054596838;-0.007422925;0.33693281
0.054596838;-0.007422925;0.34483793
0.054596838;-0.0054466403;0.34483793
0.054596838;-0.0054466403;0.34483793
0.054596838;-0.0054466403;0.34483793
0.056573123;-0.0054466403;0.34483793
0.056573123;-0.007422925;0.34483793
0.056573123;-0.0054466403;0.34483793
0.056573123;-0.007422925;0.34483793
0.056573123;-0.007422925;0.34483793
0.056573123;-0.007422925;0.34483793
0.056573123;-0.007422925;0.34483793
0.056573123;-0.0054466403;0.34483793
0.056573123;-0.0054466403;0.34483793
0.056573123;-0.007422925;0.34483793
0.056573123;-0.007422925;0.35274309
0.058549408;-0.0093992092;0.34483793
0.058549408;-0.007422925;0.34483793
0.058549408;-0.007422925;0.35274309
0.058549408;-0.007422925;0.34483793
0.058549408;-0.007422925;0.34483793
0.058549408;-0.007422925;0.34483793
0.058549408;-0.0093992092;0.34483793
0.058549408;-0.0093992092;0.34483793
0.060525693;-0.007422925;0.34483793
0.060525693;-0.0093992092;0.34483793
0.060525693;-0.007422925;0.35274309
0.060525693;-0.0093992092;0.34483793
0.060525693;-0.007422925;0.34483793
0.062501974;-0.0093992092;0.35274309
0.062501974;-0.0093992092;0.34483793
0.062501974;-0.0093992092;0.34483793
0.060525693;-0.0093992092;0.34483793
0.062501974;-0.0093992092;0.35274309
0.062501974;-0.0093992092;0.34483793
0.062501974;-0.0093992092;0.35274309
0.062501974;-0.0093992092;0.35274309
0.062501974;-0.0093992092;0.34483793
0.062501974;-0.0093992092;0.34483793
0.062501974;-0.0093992092;0.35274309
0.062501974;-0.011375494;0.35274309
0.062501974;-0.0093992092;0.34483793
0.062501974;-0.0093992092;0.34483793
0.064478263;-0.0093992092;0.34483793
0.064478263;-0.0093992092;0.35274309
0.062501974;-0.011375494;0.34483793
0.064478263;-0.0093992092;0.34483793
0.064478263;-0.011375494;0.34483793
0.064478263;-0.0093992092;0.34483793
0.064478263;-0.011375494;0.34483793
0.064478263;-0.011375494;0.34483793
0.064478263;-0.011375494;0.34483793
0.064478263;-0.0093992092;0.35274309
0.066454545;-0.0093992092;0.34483793
0.066454545;-0.011375494;0.34483793
0.066454545;-0.011375494;0.34483793
0.066454545;-0.011375494;0.34483793
0.066454545;-0.011375494;0.34483793
0.066454545;-0.011375494;0.34483793
0.066454545;-0.011375494;0.34483793
0.066454545;-0.011375494;0.34483793
0.066454545;-0.011375494;0.35274309
0.066454545;-0.011375494;0.34483793
0.066454545;-0.011375494;0.34483793
0.066454545;-0.011375494;0.34483793
0.068430834;-0.011375494;0.34483793
0.068430834;-0.011375494;0.34483793
0.066454545;-0.011375494;0.34483793
0.066454545;-0.011375494;0.35274309
0.068430834;-0.011375494;0.34483793
0.068430834;-0.011375494;0.34483793
0.068430834;-0.011375494;0.35274309
0.068430834;-0.011375494;0.34483793
0.068430834;-0.013351778;0.34483793
0.068430834;-0.013351778;0.34483793
0.070407115;-0.013351778;0.35274309
0.070407115;-0.011375494;0.34483793
0.070407115;-0.011375494;0.34483793
0.070407115;-0.013351778;0.34483793
0.070407115;-0.013351778;0.35274309
0.070407115;-0.013351778;0.35274309
0.070407115;-0.013351778;0.35274309
0.070407115;-0.013351778;0.34483793
0.070407115;-0.015328064;0.34483793
0.070407115;-0.013351778;0.34483793
0.070407115;-0.013351778;0.35274309
0.072383396;-0.013351778;0.34483793
0.070407115;-0.013351778;0.34483793
0.070407115;-0.013351778;0.34483793
0.070407115;-0.013351778;0.34483793
0.072383396;-0.013351778;0.34483793
0.070407115;-0.013351778;0.35274309
0.072383396;-0.013351778;0.34483793
0.072383396;-0.013351778;0.34483793
0.070407115;-0.013351778;0.35274309
0.072383396;-0.013351778;0.34483793
0.072383396;-0.013351778;0.35274309
0.072383396;-0.013351778;0.34483793
0.072383396;-0.013351778;0.34483793
0.072383396;-0.013351778;0.34483793
0.072383396;-0.015328064;0.34483793
0.074359685;-0.013351778;0.33693281
0.072383396;-0.013351778;0.34483793
0.074359685;-0.015328064;0.34483793
0.074359685;-0.015328064;0.35274309
0.072383396;-0.015328064;0.34483793
0.072383396;-0.013351778;0.34483793
0.072383396;-0.015328064;0.34483793
0.074359685;-0.015328064;0.35274309
0.072383396;-0.015328064;0.34483793
0.072383396;-0.015328064;0.34483793
0.074359685;-0.015328064;0.35274309
0.074359685;-0.015328064;0.34483793
0.074359685;-0.015328064;0.34483793
0.074359685;-0.015328064;0.35274309
0.072383396;-0.017304348;0.34483793
0.074359685;-0.017304348;0.34483793
0.072383396;-0.015328064;0.34483793
0.074359685;-0.015328064;0.35274309
0.074359685;-0.015328064;0.34483793
0.074359685;-0.015328064;0.34483793
0.074359685;-0.015328064;0.34483793
0.074359685;-0.017304348;0.34483793
0.074359685;-0.017304348;0.34483793
0.074359685;-0.017304348;0.34483793
0.076335967;-0.017304348;0.35274309
0.074359685;-0.017304348;0.34483793
0.076335967;-0.015328064;0.34483793
0.074359685;-0.017304348;0.34483793
0.074359685;-0.017304348;0.34483793
0.076335967;-0.017304348;0.34483793
0.074359685;-0.017304348;0.34483793
0.076335967;-0.015328064;0.35274309
0.074359685;-0.017304348;0.34483793
0.074359685;-0.017304348;0.34483793
0.074359685;-0.017304348;0.34483793
0.074359685;-0.017304348;0.33693281
0.076335967;-0.017304348;0.35274309
0.076335967;-0.017304348;0.34483793
0.074359685;-0.017304348;0.35274309
0.074359685;-0.017304348;0.34483793
0.076335967;-0.017304348;0.34483793
0.076335967;-0.017304348;0.34483793
0.076335967;-0.017304348;0.34483793
0.076335967;-0.017304348;0.34483793
0.074359685;-0.017304348;0.34483793
0.074359685;-0.019280633;0.34483793
0.074359685;-0.017304348;0.35274309
0.074359685;-0.017304348;0.33693281
0.076335967;-0.017304348;0.34483793
0.076335967;-0.017304348;0.34483793
0.076335967;-0.017304348;0.34483793
0.076335967;-0.017304348;0.34483793
0.076335967;-0.017304348;0.34483793
0.074359685;-0.017304348;0.34483793
0.076335967;-0.019280633;0.34483793
0.076335967;-0.019280633;0.35274309
0.076335967;-0.017304348;0.34483793
0.074359685;-0.017304348;0.34483793
0.074359685;-0.017304348;0.34483793
0.076335967;-0.017304348;0.34483793
0.074359685;-0.017304348;0.34483793
0.076335967;-0.019280633;0.34483793
0.076335967;-0.017304348;0.34483793
0.076335967;-0.019280633;0.34483793
0.076335967;-0.019280633;0.34483793
0.076335967;-0.019280633;0.35274309
0.076335967;-0.019280633;0.34483793
0.076335967;-0.019280633;0.34483793
0.074359685;-0.019280633;0.34483793
0.076335967;-0.019280633;0.35274309
0.074359685;-0.019280633;0.34483793
0.076335967;-0.019280633;0.35274309
0.076335967;-0.021256916;0.34483793
0.074359685;-0.019280633;0.34483793
0.074359685;-0.019280633;0.34483793
0.076335967;-0.019280633;0.34483793
0.076335967;-0.019280633;0.34483793
0.074359685;-0.021256916;0.34483793
0.076335967;-0.019280633;0.34483793
0.076335967;-0.019280633;0.34483793
0.074359685;-0.019280633;0.35274309
0.076335967;-0.019280633;0.34483793
0.074359685;-0.019280633;0.34483793
0.076335967;-0.021256916;0.35274309
0.076335967;-0.019280633;0.33693281
0.074359685;-0.021256916;0.34483793
0.074359685;-0.021256916;0.34483793
0.074359685;-0.019280633;0.34483793
0.074359685;-0.019280633;0.35274309
0.074359685;-0.019280633;0.34483793
0.074359685;-0.021256916;0.34483793
0.074359685;-0.019280633;0.34483793
0.074359685;-0.021256916;0.34483793
0.074359685;-0.019280633;0.35274309
0.074359685;-0.019280633;0.34483793
0.074359685;-0.021256916;0.34483793
0.074359685;-0.021256916;0.34483793
0.072383396;-0.019280633;0.34483793
0.072383396;-0.019280633;0.34483793
0.072383396;-0.021256916;0.34483793
0.074359685;-0.021256916;0.34483793
0.074359685;-0.021256916;0.34483793
0.072383396;-0.021256916;0.34483793
0.072383396;-0.021256916;0.34483793
0.074359685;-0.021256916;0.34483793
0.072383396;-0.021256916;0.34483793
0.072383396;-0.021256916;0.34483793
0.072383396;-0.021256916;0.34483793
0.070407115;-0.021256916;0.34483793
0.072383396;-0.021256916;0.35274309
0.070407115;-0.021256916;0.34483793
0.072383396;-0.021256916;0.34483793
0.072383396;-0.023233201;0.34483793
0.072383396;-0.021256916;0.34483793
0.070407115;-0.021256916;0.34483793
0.070407115;-0.021256916;0.34483793
0.070407115;-0.021256916;0.34483793
0.072383396;-0.021256916;0.34483793
0.070407115;-0.021256916;0.34483793
0.070407115;-0.021256916;0.34483793
0.070407115;-0.021256916;0.33693281
0.070407115;-0.021256916;0.35274309
0.072383396;-0.023233201;0.35274309
0.070407115;-0.023233201;0.34483793
0.070407115;-0.023233201;0.34483793
0.070407115;-0.021256916;0.34483793
0.070407115;-0.021256916;0.34483793
0.070407115;-0.021256916;0.34483793
0.068430834;-0.023233201;0.35274309
0.070407115;-0.023233201;0.35274309
0.068430834;-0.021256916;0.34483793
0.068430834;-0.021256916;0.34483793
0.068430834;-0.023233201;0.35274309
0.068430834;-0.023233201;0.34483793
0.068430834;-0.023233201;0.34483793
0.068430834;-0.023233201;0.34483793
0.068430834;-0.023233201;0.34483793
0.068430834;-0.023233201;0.34483793
0.066454545;-0.023233201;0.35274309
0.068430834;-0.021256916;0.35274309
0.068430834;-0.023233201;0.34483793
0.066454545;-0.025209486;0.34483793
0.066454545;-0.023233201;0.34483793
0.066454545;-0.021256916;0.34483793
0.066454545;-0.023233201;0.34483793
0.068430834;-0.023233201;0.34483793
0.066454545;-0.023233201;0.34483793
0.066454545;-0.023233201;0.34483793
0.066454545;-0.023233201;0.34483793
0.066454545;-0.023233201;0.34483793
0.064478263;-0.023233201;0.34483793
0.064478263;-0.023233201;0.34483793
0.064478263;-0.021256916;0.34483793
0.066454545;-0.023233201;0.34483793
0.064478263;-0.023233201;0.34483793
0.064478263;-0.023233201;0.34483793
0.064478263;-0.023233201;0.34483793
0.064478263;-0.023233201;0.34483793
0.064478263;-0.023233201;0.34483793
0.064478263;-0.023233201;0.34483793
0.064478263;-0.023233201;0.35274309
0.064478263;-0.023233201;0.34483793
0.062501974;-0.023233201;0.33693281
0.062501974;-0.023233201;0.34483793
0.062501974;-0.021256916;0.34483793
0.062501974;-0.023233201;0.34483793
0.062501974;-0.025209486;0.35274309
0.062501974;-0.023233201;0.34483793
0.062501974;-0.023233201;0.34483793
0.062501974;-0.023233201;0.34483793
0.062501974;-0.023233201;0.34483793
0.062501974;-0.023233201;0.34483793
0.060525693;-0.023233201;0.34483793
0.062501974;-0.025209486;0.34483793
0.062501974;-0.025209486;0.34483793
0.062501974;-0.025209486;0.34483793
0.062501974;-0.023233201;0.34483793
0.062501974;-0.025209486;0.35274309
0.060525693;-0.023233201;0.34483793
0.058549408;-0.023233201;0.34483793
0.060525693;-0.025209486;0.34483793
0.060525693;-0.023233201;0.35274309
0.060525693;-0.023233201;0.34483793
0.060525693;-0.023233201;0.34483793
0.058549408;-0.025209486;0.34483793
0.058549408;-0.023233201;0.35274309
0.060525693;-0.023233201;0.35274309
0.058549408;-0.025209486;0.34483793
0.058549408;-0.023233201;0.34483793
0.056573123;-0.025209486;0.34483793
0.058549408;-0.025209486;0.34483793
0.056573123;-0.025209486;0.34483793
0.056573123;-0.025209486;0.34483793
0.056573123;-0.025209486;0.34483793
0.056573123;-0.027185772;0.34483793
0.056573123;-0.025209486;0.34483793
0.056573123;-0.025209486;0.34483793
0.056573123;-0.023233201;0.35274309
0.056573123;-0.025209486;0.35274309
0.054596838;-0.025209486;0.34483793
0.056573123;-0.025209486;0.34483793
0.054596838;-0.025209486;0.34483793
0.054596838;-0.025209486;0.34483793
0.056573123;-0.025209486;0.35274309
0.054596838;-0.025209486;0.34483793
0.052620552;-0.023233201;0.34483793
0.054596838;-0.023233201;0.34483793
0.052620552;-0.025209486;0.35274309
0.052620552;-0.027185772;0.34483793
0.052620552;-0.025209486;0.34483793
0.054596838;-0.023233201;0.34483793
0.054596838;-0.025209486;0.34483793
0.050644267;-0.025209486;0.34483793
0.050644267;-0.023233201;0.34483793
0.052620552;-0.025209486;0.34483793
0.052620552;-0.025209486;0.34483793
0.050644267;-0.025209486;0.34483793
0.050644267;-0.025209486;0.34483793
0.050644267;-0.025209486;0.34483793
0.050644267;-0.025209486;0.34483793
0.050644267;-0.025209486;0.34483793
0.048667986;-0.025209486;0.34483793
0.050644267;-0.025209486;0.34483793
0.048667986;-0.025209486;0.34483793
0.048667986;-0.025209486;0.34483793
0.048667986;-0.025209486;0.34483793
0.046691701;-0.025209486;0.34483793
0.048667986;-0.025209486;0.34483793
0.046691701;-0.025209486;0.34483793
0.046691701;-0.025209486;0.34483793
0.046691701;-0.025209486;0.34483793
0.046691701;-0.025209486;0.34483793
0.046691701;-0.025209486;0.34483793
0.046691701;-0.025209486;0.34483793
0.046691701;-0.025209486;0.34483793
0.046691701;-0.025209486;0.34483793
0.046691701;-0.025209486;0.34483793
0.044715416;-0.025209486;0.34483793
0.042739131;-0.025209486;0.34483793
0.044715416;-0.027185772;0.34483793
0.044715416;-0.025209486;0.34483793
0.044715416;-0.025209486;0.34483793
0.044715416;-0.025209486;0.34483793
0.042739131;-0.025209486;0.34483793
0.042739131;-0.027185772;0.34483793
0.042739131;-0.025209486;0.34483793
0.042739131;-0.025209486;0.34483793
0.040762845;-0.025209486;0.34483793
0.042739131;-0.025209486;0.34483793
0.040762845;-0.025209486;0.35274309
0.040762845;-0.027185772;0.34483793
0.040762845;-0.025209486;0.35274309
0.03878656;-0.025209486;0.34483793
0.040762845;-0.025209486;0.34483793
0.040762845;-0.025209486;0.34483793
0.03878656;-0.025209486;0.34483793
0.03878656;-0.025209486;0.34483793
0.03878656;-0.025209486;0.34483793
0.03878656;-0.025209486;0.34483793
0.03878656;-0.027185772;0.34483793
0.03878656;-0.027185772;0.34483793
0.036810275;-0.025209486;0.35274309
0.036810275;-0.025209486;0.34483793
0.036810275;-0.027185772;0.35274309
0.036810275;-0.025209486;0.34483793
0.036810275;-0.027185772;0.35274309
0.036810275;-0.025209486;0.34483793
0.036810275;-0.027185772;0.34483793
0.034833994;-0.025209486;0.35274309
0.034833994;-0.025209486;0.35274309
0.034833994;-0.025209486;0.34483793
0.034833994;-0.025209486;0.35274309
0.032857709;-0.025209486;0.34483793
0.032857709;-0.025209486;0.34483793
0.032857709;-0.025209486;0.34483793
0.032857709;-0.025209486;0.34483793
0.032857709;-0.027185772;0.34483793
0.032857709;-0.025209486;0.34483793
0.032857709;-0.025209486;0.33693281
0.030881424;-0.025209486;0.34483793
0.030881424;-0.027185772;0.33693281
0.032857709;-0.027185772;0.34483793
0.032857709;-0.027185772;0.34483793
0.030881424;-0.025209486;0.34483793
0.030881424;-0.025209486;0.34483793
0.030881424;-0.025209486;0.34483793
0.030881424;-0.025209486;0.34483793
0.028905138;-0.027185772;0.34483793
0.028905138;-0.025209486;0.34483793
0.028905138;-0.027185772;0.34483793
0.028905138;-0.025209486;0.34483793
0.028905138;-0.025209486;0.34483793
0.028905138;-0.027185772;0.34483793
0.028905138;-0.025209486;0.34483793
0.026928853;-0.025209486;0.34483793
0.026928853;-0.025209486;0.35274309
0.026928853;-0.025209486;0.34483793
0.02495257;-0.025209486;0.34483793
0.026928853;-0.025209486;0.34483793
0.02495257;-0.027185772;0.34483793
0.02495257;-0.025209486;0.34483793
0.02495257;-0.025209486;0.34483793
0.026928853;-0.025209486;0.34483793
0.02495257;-0.025209486;0.33693281
0.02495257;-0.025209486;0.34483793
0.02495257;-0.025209486;0.34483793
0.022976285;-0.025209486;0.34483793
0.022976285;-0.025209486;0.34483793
0.022976285;-0.025209486;0.34483793
0.022976285;-0.025209486;0.34483793
0.022976285;-0.025209486;0.34483793
0.022976285;-0.025209486;0.34483793
0.022976285;-0.025209486;0.34483793
0.022976285;-0.027185772;0.34483793
0.021;-0.025209486;0.34483793
0.021;-0.025209486;0.34483793
0.022976285;-0.025209486;0.34483793
0.021;-0.025209486;0.34483793
0.021;-0.025209486;0.34483793
0.021;-0.025209486;0.34483793
0.019023715;-0.025209486;0.34483793
0.019023715;-0.025209486;0.35274309
0.019023715;-0.025209486;0.35274309
0.019023715;-0.025209486;0.34483793
0.019023715;-0.025209486;0.34483793
0.017047431;-0.025209486;0.34483793
0.017047431;-0.025209486;0.34483793
0.017047431;-0.025209486;0.34483793
0.017047431;-0.025209486;0.34483793
0.017047431;-0.025209486;0.34483793
0.017047431;-0.025209486;0.33693281
0.015071146;-0.025209486;0.34483793
0.015071146;-0.025209486;0.34483793
0.015071146;-0.025209486;0.34483793
0.015071146;-0.025209486;0.34483793
0.015071146;-0.027185772;0.34483793
0.015071146;-0.025209486;0.34483793
0.015071146;-0.025209486;0.34483793
0.015071146;-0.025209486;0.34483793
0.015071146;-0.025209486;0.34483793
0.015071146;-0.025209486;0.34483793
0.011118577;-0.025209486;0.34483793
0.011118577;-0.025209486;0.34483793
0.013094862;-0.025209486;0.35274309
0.013094862;-0.025209486;0.34483793
0.011118577;-0.025209486;0.34483793
0.013094862;-0.025209486;0.34483793
0.013094862;-0.025209486;0.35274309
0.011118577;-0.025209486;0.34483793
0.011118577;-0.025209486;0.34483793
0.011118577;-0.025209486;0.34483793
0.0091422927;-0.025209486;0.35274309
0.0091422927;-0.025209486;0.34483793
0.011118577;-0.023233201;0.34483793
0.0091422927;-0.025209486;0.34483793
0.0091422927;-0.025209486;0.34483793
0.007166008;-0.025209486;0.34483793
0.0091422927;-0.025209486;0.34483793
0.007166008;-0.023233201;0.34483793
0.007166008;-0.023233201;0.34483793
0.007166008;-0.025209486;0.34483793
0.0051897233;-0.025209486;0.34483793
0.0051897233;-0.025209486;0.34483793
0.0051897233;-0.023233201;0.34483793
0.0051897233;-0.025209486;0.33693281
0.0051897233;-0.025209486;0.34483793
0.0051897233;-0.025209486;0.34483793
0.0051897233;-0.025209486;0.34483793
0.0051897233;-0.025209486;0.34483793
0.0051897233;-0.025209486;0.34483793
0.0032134387;-0.025209486;0.34483793
0.0032134387;-0.023233201;0.35274309
0.0032134387;-0.025209486;0.34483793
0.0051897233;-0.025209486;0.34483793
0.0032134387;-0.025209486;0.34483793
0.0012371541;-0.023233201;0.34483793
0.0012371541;-0.023233201;0.34483793
0.0012371541;-0.023233201;0.34483793
0.0012371541;-0.025209486;0.34483793
0.0012371541;-0.023233201;0.35274309
0.0012371541;-0.023233201;0.34483793
0.0012371541;-0.025209486;0.35274309
-0.00073913042;-0.023233201;0.34483793
-0.00073913042;-0.023233201;0.34483793
-0.00073913042;-0.025209486;0.34483793
-0.00073913042;-0.023233201;0.35274309
-0.00073913042;-0.025209486;0.34483793
-0.0027154151;-0.023233201;0.34483793
-0.0027154151;-0.023233201;0.34483793
-0.0027154151;-0.023233201;0.34483793
-0.0027154151;-0.023233201;0.34483793
-0.0027154151;-0.023233201;0.34483793
-0.0046916995;-0.023233201;0.34483793
-0.0027154151;-0.025209486;0.34483793
-0.0027154151;-0.023233201;0.34483793
-0.0027154151;-0.023233201;0.34483793
-0.0046916995;-0.023233201;0.34483793
-0.0046916995;-0.023233201;0.34483793
-0.0066679842;-0.023233201;0.33693281
-0.0046916995;-0.023233201;0.34483793
-0.0046916995;-0.023233201;0.34483793
-0.0046916995;-0.023233201;0.35274309
-0.0066679842;-0.023233201;0.34483793
-0.0066679842;-0.023233201;0.34483793
-0.0066679842;-0.023233201;0.34483793
-0.0066679842;-0.023233201;0.34483793
-0.0066679842;-0.023233201;0.34483793
-0.0066679842;-0.023233201;0.34483793
-0.0086442688;-0.021256916;0.34483793
-0.0066679842;-0.023233201;0.34483793
-0.0086442688;-0.023233201;0.34483793
-0.0066679842;-0.023233201;0.35274309
-0.0086442688;-0.021256916;0.34483793
-0.0086442688;-0.021256916;0.34483793
-0.0086442688;-0.021256916;0.34483793
-0.0086442688;-0.023233201;0.34483793
-0.0086442688;-0.023233201;0.34483793
-0.010620553;-0.021256916;0.34483793
-0.010620553;-0.023233201;0.34483793
-0.012596838;-0.023233201;0.34483793
-0.010620553;-0.021256916;0.34483793
-0.010620553;-0.023233201;0.34483793
-0.010620553;-0.021256916;0.34483793
-0.012596838;-0.023233201;0.34483793
-0.012596838;-0.021256916;0.34483793
-0.012596838;-0.023233201;0.34483793
-0.012596838;-0.023233201;0.34483793
-0.012596838;-0.023233201;0.33693281
-0.012596838;-0.023233201;0.34483793
-0.012596838;-0.023233201;0.34483793
-0.012596838;-0.023233201;0.34483793
-0.012596838;-0.021256916;0.34483793
-0.014573122;-0.021256916;0.34483793
-0.012596838;-0.023233201;0.34483793
-0.014573122;-0.021256916;0.35274309
-0.012596838;-0.021256916;0.34483793
-0.014573122;-0.021256916;0.34483793
-0.012596838;-0.021256916;0.34483793
-0.014573122;-0.019280633;0.34483793
-0.014573122;-0.023233201;0.34483793
-0.016549407;-0.021256916;0.34483793
-0.014573122;-0.021256916;0.34483793
-0.016549407;-0.021256916;0.34483793
-0.016549407;-0.019280633;0.34483793
-0.016549407;-0.023233201;0.34483793
-0.016549407;-0.021256916;0.34483793
-0.018525692;-0.021256916;0.35274309
-0.016549407;-0.019280633;0.35274309
-0.016549407;-0.021256916;0.34483793
-0.016549407;-0.019280633;0.34483793
-0.016549407;-0.019280633;0.35274309
-0.018525692;-0.023233201;0.34483793
-0.016549407;-0.021256916;0.34483793
-0.018525692;-0.021256916;0.34483793
-0.018525692;-0.021256916;0.34483793
-0.016549407;-0.019280633;0.34483793
-0.018525692;-0.021256916;0.34483793
-0.018525692;-0.019280633;0.34483793
-0.018525692;-0.021256916;0.35274309
-0.018525692;-0.021256916;0.34483793
-0.020501977;-0.021256916;0.34483793
-0.020501977;-0.021256916;0.34483793
-0.020501977;-0.021256916;0.34483793
-0.020501977;-0.019280633;0.34483793
-0.020501977;-0.021256916;0.34483793
-0.020501977;-0.021256916;0.35274309
-0.020501977;-0.021256916;0.34483793
-0.020501977;-0.021256916;0.34483793
-0.020501977;-0.021256916;0.34483793
-0.02247826;-0.019280633;0.34483793
-0.02247826;-0.019280633;0.34483793
-0.02247826;-0.019280633;0.34483793
-0.02247826;-0.019280633;0.34483793
-0.02247826;-0.019280633;0.34483793
-0.02247826;-0.019280633;0.34483793
-0.02247826;-0.019280633;0.34483793
-0.02247826;-0.019280633;0.34483793
-0.02247826;-0.019280633;0.33693281
-0.02247826;-0.019280633;0.34483793
-0.02247826;-0.019280633;0.34483793
-0.02247826;-0.019280633;0.34483793
-0.02247826;-0.019280633;0.34483793
-0.02247826;-0.019280633;0.34483793
-0.02247826;-0.019280633;0.34483793
-0.024454545;-0.019280633;0.34483793
-0.02247826;-0.019280633;0.34483793
-0.02247826;-0.019280633;0.34483793
-0.024454545;-0.019280633;0.34483793
-0.024454545;-0.019280633;0.35274309
-0.024454545;-0.019280633;0.34483793
-0.024454545;-0.019280633;0.35274309
-0.024454545;-0.019280633;0.35274309
-0.024454545;-0.019280633;0.35274309
-0.02643083;-0.017304348;0.34483793
-0.024454545;-0.017304348;0.34483793
-0.024454545;-0.019280633;0.35274309
-0.02643083;-0.019280633;0.34483793
-0.02643083;-0.019280633;0.34483793
-0.02643083;-0.019280633;0.34483793
-0.024454545;-0.019280633;0.34483793
-0.024454545;-0.019280633;0.34483793
-0.02643083;-0.017304348;0.34483793
-0.02643083;-0.019280633;0.34483793
-0.028407115;-0.017304348;0.34483793
-0.028407115;-0.019280633;0.34483793
-0.028407115;-0.019280633;0.34483793
-0.02643083;-0.017304348;0.34483793
-0.02643083;-0.017304348;0.34483793
-0.02643083;-0.019280633;0.35274309
-0.028407115;-0.017304348;0.35274309
-0.02643083;-0.019280633;0.35274309
-0.02643083;-0.019280633;0.35274309
-0.028407115;-0.017304348;0.33693281
-0.02643083;-0.017304348;0.34483793
-0.02643083;-0.017304348;0.35274309
-0.02643083;-0.019280633;0.34483793
-0.028407115;-0.019280633;0.35274309
-0.028407115;-0.017304348;0.35274309
-0.030383399;-0.017304348;0.34483793
-0.028407115;-0.017304348;0.34483793
-0.028407115;-0.017304348;0.34483793
-0.028407115;-0.017304348;0.34483793
-0.028407115;-0.017304348;0.34483793
-0.028407115;-0.017304348;0.34483793
-0.030383399;-0.015328064;0.34483793
-0.028407115;-0.017304348;0.34483793
-0.030383399;-0.017304348;0.34483793
-0.028407115;-0.017304348;0.34483793
-0.028407115;-0.017304348;0.34483793
-0.028407115;-0.017304348;0.34483793
-0.028407115;-0.017304348;0.35274309
-0.028407115;-0.017304348;0.34483793
-0.028407115;-0.017304348;0.34483793
-0.030383399;-0.017304348;0.34483793
-0.028407115;-0.015328064;0.34483793
-0.030383399;-0.017304348;0.34483793
-0.028407115;-0.015328064;0.34483793
-0.030383399;-0.015328064;0.35274309
-0.028407115;-0.015328064;0.34483793
-0.028407115;-0.015328064;0.34483793
-0.030383399;-0.015328064;0.34483793
-0.030383399;-0.017304348;0.34483793
-0.030383399;-0.015328064;0.34483793
-0.030383399;-0.015328064;0.34483793
-0.030383399;-0.015328064;0.35274309
-0.030383399;-0.015328064;0.35274309
-0.030383399;-0.015328064;0.34483793
-0.030383399;-0.015328064;0.34483793
-0.030383399;-0.015328064;0.35274309
-0.030383399;-0.013351778;0.34483793
-0.030383399;-0.015328064;0.35274309
-0.030383399;-0.015328064;0.35274309
-0.030383399;-0.015328064;0.34483793
-0.032359682;-0.015328064;0.34483793
-0.030383399;-0.015328064;0.34483793
-0.028407115;-0.015328064;0.34483793
-0.030383399;-0.015328064;0.35274309
-0.032359682;-0.015328064;0.34483793
-0.030383399;-0.013351778;0.35274309
-0.032359682;-0.013351778;0.34483793
-0.030383399;-0.013351778;0.34483793
-0.030383399;-0.013351778;0.34483793
-0.030383399;-0.013351778;0.34483793
-0.032359682;-0.015328064;0.34483793
-0.030383399;-0.013351778;0.34483793
-0.032359682;-0.013351778;0.34483793
-0.030383399;-0.015328064;0.35274309
-0.032359682;-0.013351778;0.34483793
-0.032359682;-0.013351778;0.34483793
-0.032359682;-0.013351778;0.34483793
-0.030383399;-0.013351778;0.35274309
-0.030383399;-0.013351778;0.34483793
-0.032359682;-0.013351778;0.35274309
-0.030383399;-0.013351778;0.34483793
-0.030383399;-0.013351778;0.34483793
-0.032359682;-0.013351778;0.35274309
-0.032359682;-0.013351778;0.34483793
-0.032359682;-0.011375494;0.35274309
-0.030383399;-0.013351778;0.34483793
-0.032359682;-0.011375494;0.34483793
-0.030383399;-0.011375494;0.34483793
-0.032359682;-0.013351778;0.34483793
-0.030383399;-0.013351778;0.34483793
-0.030383399;-0.013351778;0.34483793
-0.030383399;-0.013351778;0.34483793
-0.030383399;-0.011375494;0.34483793
-0.030383399;-0.013351778;0.34483793
-0.030383399;-0.013351778;0.34483793
-0.030383399;-0.011375494;0.34483793
-0.030383399;-0.011375494;0.34483793
-0.030383399;-0.013351778;0.34483793
-0.030383399;-0.011375494;0.34483793
-0.030383399;-0.013351778;0.34483793
-0.030383399;-0.011375494;0.34483793
-0.030383399;-0.011375494;0.34483793
-0.030383399;-0.011375494;0.34483793
-0.030383399;-0.011375494;0.34483793
-0.030383399;-0.011375494;0.35274309
-0.030383399;-0.011375494;0.35274309
-0.030383399;-0.011375494;0.34483793
-0.030383399;-0.011375494;0.34483793
-0.032359682;-0.011375494;0.34483793
-0.028407115;-0.011375494;0.34483793
-0.028407115;-0.011375494;0.34483793
-0.030383399;-0.011375494;0.34483793
-0.030383399;-0.011375494;0.34483793
-0.030383399;-0.011375494;0.34483793
-0.030383399;-0.011375494;0.34483793
-0.030383399;-0.011375494;0.34483793
-0.028407115;-0.011375494;0.34483793
-0.028407115;-0.0093992092;0.34483793
-0.030383399;-0.0093992092;0.34483793
-0.028407115;-0.0093992092;0.35274309
-0.030383399;-0.0093992092;0.34483793
-0.030383399;-0.0093992092;0.35274309
-0.028407115;-0.007422925;0.35274309
-0.028407115;-0.0093992092;0.34483793
-0.028407115;-0.0093992092;0.34483793
-0.028407115;-0.0093992092;0.34483793
-0.028407115;-0.011375494;0.34483793
-0.028407115;-0.0093992092;0.34483793
-0.028407115;-0.0093992092;0.34483793
-0.02643083;-0.0093992092;0.34483793
-0.028407115;-0.0093992092;0.35274309
-0.02643083;-0.0093992092;0.34483793
-0.02643083;-0.0093992092;0.34483793
-0.02643083;-0.007422925;0.34483793
-0.02643083;-0.007422925;0.34483793
-0.02643083;-0.007422925;0.34483793
-0.02643083;-0.007422925;0.34483793
-0.02643083;-0.0093992092;0.34483793
-0.024454545;-0.007422925;0.34483793
-0.024454545;-0.0093992092;0.35274309
-0.024454545;-0.0093992092;0.35274309
-0.024454545;-0.007422925;0.34483793
-0.02643083;-0.007422925;0.34483793
-0.024454545;-0.007422925;0.34483793
-0.024454545;-0.007422925;0.34483793
-0.02643083;-0.007422925;0.34483793
-0.024454545;-0.007422925;0.34483793
-0.024454545;-0.007422925;0.34483793
-0.024454545;-0.007422925;0.34483793
-0.024454545;-0.0054466403;0.34483793
-0.024454545;-0.0054466403;0.34483793
-0.024454545;-0.0054466403;0.34483793
-0.024454545;-0.007422925;0.34483793
-0.024454545;-0.007422925;0.34483793
-0.02247826;-0.007422925;0.34483793
-0.02247826;-0.0054466403;0.34483793
-0.024454545;-0.0054466403;0.35274309
-0.024454545;-0.007422925;0.34483793
-0.024454545;-0.0054466403;0.34483793
-0.024454545;-0.0054466403;0.34483793
-0.02247826;-0.0054466403;0.34483793
-0.02247826;-0.0054466403;0.34483793
-0.02247826;-0.0054466403;0.34483793
-0.02247826;-0.0054466403;0.35274309
-0.02247826;-0.0054466403;0.34483793
-0.02247826;-0.0054466403;0.34483793
-0.02247826;-0.0054466403;0.35274309
-0.02247826;-0.0054466403;0.34483793
-0.020501977;-0.0054466403;0.35274309
-0.02247826;-0.0054466403;0.34483793
-0.020501977;-0.0054466403;0.35274309
-0.020501977;-0.0054466403;0.34483793
-0.020501977;-0.0054466403;0.34483793
-0.020501977;-0.0054466403;0.34483793
-0.020501977;-0.0054466403;0.34483793
-0.020501977;-0.0054466403;0.34483793
-0.020501977;-0.0034703556;0.34483793
-0.018525692;-0.0054466403;0.35274309
-0.020501977;-0.0034703556;0.34483793
-0.020501977;-0.0054466403;0.34483793
-0.018525692;-0.0054466403;0.34483793
-0.018525692;-0.0054466403;0.34483793
-0.020501977;-0.0054466403;0.35274309
-0.018525692;-0.0054466403;0.34483793
-0.018525692;-0.0034703556;0.34483793
-0.018525692;-0.0054466403;0.34483793
-0.018525692;-0.0034703556;0.34483793
-0.018525692;-0.0034703556;0.34483793
-0.018525692;-0.0054466403;0.35274309
-0.016549407;-0.0054466403;0.34483793
-0.018525692;-0.0034703556;0.34483793
-0.016549407;-0.0034703556;0.34483793
-0.016549407;-0.0034703556;0.34483793
-0.018525692;-0.0034703556;0.35274309
-0.016549407;-0.0014940711;0.34483793
-0.016549407;-0.0034703556;0.34483793
-0.016549407;-0.0034703556;0.34483793
-0.016549407;-0.0014940711;0.35274309
-0.016549407;-0.0034703556;0.34483793
-0.016549407;-0.0034703556;0.34483793
-0.016549407;-0.0034703556;0.35274309
-0.016549407;-0.0034703556;0.34483793
-0.016549407;-0.0014940711;0.35274309
-0.014573122;-0.0034703556;0.35274309
-0.014573122;-0.0034703556;0.34483793
-0.014573122;-0.0014940711;0.34483793
-0.012596838;-0.0014940711;0.34483793
-0.014573122;-0.0014940711;0.35274309
-0.014573122;-0.0014940711;0.35274309
-0.014573122;-0.0014940711;0.34483793
-0.012596838;-0.0014940711;0.34483793
-0.012596838;-0.0014940711;0.34483793
-0.012596838;0.00048221345;0.34483793
-0.012596838;-0.0014940711;0.34483793
-0.012596838;-0.0014940711;0.35274309
-0.012596838;0.00048221345;0.34483793
-0.012596838;-0.0014940711;0.34483793
-0.012596838;-0.0014940711;0.34483793
-0.012596838;-0.0014940711;0.34483793
-0.010620553;-0.0014940711;0.34483793
-0.010620553;0.00048221345;0.35274309
-0.012596838;-0.0014940711;0.34483793
-0.0086442688;0.00048221345;0.34483793
-0.0086442688;-0.0014940711;0.34483793
-0.0086442688;0.00048221345;0.34483793
-0.0086442688;-0.0014940711;0.34483793
-0.0086442688;0.00048221345;0.34483793
-0.0086442688;0.00048221345;0.35274309
-0.0086442688;0.00048221345;0.34483793
-0.0086442688;0.00048221345;0.34483793
-0.0066679842;0.00048221345;0.35274309
-0.0086442688;0.00048221345;0.34483793
-0.0086442688;0.00048221345;0.34483793
-0.0086442688;0.00048221345;0.35274309
-0.0066679842;0.0024584981;0.35274309
-0.0066679842;0.00048221345;0.35274309
-0.0066679842;0.0024584981;0.34483793
-0.0066679842;0.0024584981;0.34483793
-0.0046916995;0.0024584981;0.34483793
-0.0066679842;0.00048221345;0.34483793
-0.0066679842;0.0024584981;0.35274309
-0.0027154151;0.00048221345;0.34483793
-0.0046916995;0.00048221345;0.34483793
-0.0066679842;0.00048221345;0.34483793
-0.0046916995;0.0024584981;0.34483793
-0.0027154151;0.0024584981;0.35274309
-0.0046916995;0.0024584981;0.34483793
-0.0027154151;0.0024584981;0.34483793
-0.0027154151;0.00048221345;0.34483793
-0.0027154151;0.0024584981;0.34483793
-0.0027154151;0.00048221345;0.34483793
-0.0027154151;0.0024584981;0.34483793
-0.0027154151;0.0024584981;0.34483793
-0.0027154151;0.0024584981;0.34483793
-0.00073913042;0.0024584981;0.34483793
-0.00073913042;0.0024584981;0.34483793
-0.00073913042;0.0024584981;0.34483793
-0.00073913042;0.0024584981;0.34483793
-0.00073913042;0.0024584981;0.34483793
-0.00073913042;0.0024584981;0.33693281
-0.00073913042;0.0044347825;0.34483793
-0.00073913042;0.0024584981;0.34483793
0.0012371541;0.0044347825;0.34483793
0.0012371541;0.0044347825;0.34483793
0.0012371541;0.0044347825;0.34483793
0.0012371541;0.0044347825;0.34483793
0.0012371541;0.0044347825;0.35274309
0.0012371541;0.0024584981;0.34483793
0.0032134387;0.0044347825;0.35274309
0.0032134387;0.0044347825;0.34483793
0.0032134387;0.0044347825;0.34483793
0.0051897233;0.0044347825;0.34483793
0.0032134387;0.0064110672;0.35274309
0.0051897233;0.0044347825;0.34483793
0.0051897233;0.0044347825;0.35274309
0.0051897233;0.0044347825;0.34483793
0.0051897233;0.0064110672;0.34483793
0.0051897233;0.0044347825;0.34483793
0.0051897233;0.0044347825;0.34483793
0.007166008;0.0044347825;0.34483793
0.007166008;0.0064110672;0.34483793
0.007166008;0.0064110672;0.35274309
0.0091422927;0.0064110672;0.34483793
0.007166008;0.0064110672;0.34483793
0.0091422927;0.0064110672;0.34483793
0.007166008;0.0064110672;0.34483793
0.007166008;0.0064110672;0.34483793
0.0091422927;0.0064110672;0.35274309
0.0091422927;0.0064110672;0.35274309
0.0091422927;0.0064110672;0.34483793
0.0091422927;0.0064110672;0.34483793
0.0091422927;0.0083873514;0.34483793
0.0091422927;0.0064110672;0.34483793
0.0091422927;0.0083873514;0.34483793
0.011118577;0.0064110672;0.33693281
0.011118577;0.0064110672;0.34483793
0.013094862;0.0083873514;0.34483793
0.011118577;0.0083873514;0.34483793
0.011118577;0.0083873514;0.34483793
0.011118577;0.0083873514;0.34483793
0.013094862;0.0083873514;0.34483793
0.013094862;0.010363637;0.34483793
0.013094862;0.0083873514;0.35274309
0.015071146;0.0083873514;0.34483793
0.015071146;0.0083873514;0.34483793
0.013094862;0.0083873514;0.33693281
0.015071146;0.0083873514;0.35274309
0.015071146;0.0083873514;0.34483793
0.015071146;0.0083873514;0.34483793
0.017047431;0.0083873514;0.34483793
0.017047431;0.010363637;0.34483793
0.017047431;0.0083873514;0.34483793
0.017047431;0.0083873514;0.34483793
0.017047431;0.010363637;0.34483793
0.017047431;0.010363637;0.34483793
0.017047431;0.0083873514;0.35274309
0.019023715;0.010363637;0.34483793
0.017047431;0.010363637;0.34483793
0.019023715;0.0083873514;0.34483793
0.017047431;0.010363637;0.35274309
0.019023715;0.010363637;0.34483793
0.019023715;0.0083873514;0.34483793
0.019023715;0.010363637;0.35274309
0.021;0.010363637;0.34483793
0.021;0.010363637;0.34483793
0.019023715;0.012339921;0.34483793
0.021;0.010363637;0.34483793
0.022976285;0.012339921;0.34483793
0.021;0.012339921;0.35274309
0.021;0.010363637;0.34483793
0.022976285;0.012339921;0.35274309
0.021;0.012339921;0.34483793
0.022976285;0.010363637;0.34483793
0.022976285;0.012339921;0.34483793
0.02495257;0.012339921;0.34483793
0.022976285;0.012339921;0.34483793
0.022976285;0.012339921;0.34483793
0.02495257;0.012339921;0.35274309
0.026928853;0.012339921;0.34483793
0.02495257;0.012339921;0.34483793
0.026928853;0.012339921;0.34483793
0.026928853;0.012339921;0.34483793
0.02495257;0.012339921;0.34483793
0.026928853;0.012339921;0.34483793
0.026928853;0.012339921;0.34483793
0.026928853;0.012339921;0.35274309
0.026928853;0.014316206;0.35274309
0.026928853;0.014316206;0.34483793
0.028905138;0.014316206;0.34483793
0.028905138;0.014316206;0.34483793
0.028905138;0.014316206;0.35274309
0.028905138;0.014316206;0.34483793
0.028905138;0.014316206;0.34483793
0.030881424;0.014316206;0.34483793
0.030881424;0.014316206;0.34483793
0.030881424;0.014316206;0.34483793
0.030881424;0.012339921;0.34483793
0.030881424;0.014316206;0.34483793
0.030881424;0.014316206;0.34483793
0.032857709;0.014316206;0.34483793
0.032857709;0.014316206;0.35274309
0.032857709;0.014316206;0.34483793
0.032857709;0.014316206;0.35274309
0.032857709;0.01629249;0.34483793
0.034833994;0.01629249;0.34483793
0.034833994;0.01629249;0.34483793
0.032857709;0.01629249;0.34483793
0.034833994;0.01629249;0.34483793
0.032857709;0.01629249;0.34483793
0.034833994;0.01629249;0.34483793
0.034833994;0.01629249;0.34483793
0.034833994;0.01629249;0.34483793
0.036810275;0.01629249;0.35274309
0.034833994;0.018268775;0.35274309
0.036810275;0.01629249;0.34483793
0.036810275;0.018268775;0.33693281
0.036810275;0.018268775;0.34483793
0.03878656;0.018268775;0.34483793
0.03878656;0.01629249;0.34483793
0.03878656;0.01629249;0.34483793
0.040762845;0.018268775;0.35274309
0.03878656;0.018268775;0.34483793
0.040762845;0.018268775;0.35274309
0.03878656;0.018268775;0.34483793
0.040762845;0.018268775;0.34483793
0.040762845;0.018268775;0.34483793
0.040762845;0.018268775;0.35274309
0.040762845;0.01629249;0.34483793
0.040762845;0.018268775;0.34483793
0.040762845;0.018268775;0.34483793
0.042739131;0.018268775;0.34483793
0.040762845;0.018268775;0.35274309
0.040762845;0.018268775;0.34483793
0.042739131;0.018268775;0.34483793
0.042739131;0.020245058;0.34483793
0.042739131;0.020245058;0.34483793
0.042739131;0.020245058;0.34483793
0.042739131;0.020245058;0.34483793
0.042739131;0.020245058;0.34483793
0.044715416;0.020245058;0.34483793
0.044715416;0.020245058;0.34483793
0.046691701;0.020245058;0.34483793
0.046691701;0.020245058;0.34483793
0.046691701;0.020245058;0.34483793
0.044715416;0.020245058;0.34483793
0.046691701;0.020245058;0.35274309
0.046691701;0.020245058;0.34483793
0.044715416;0.020245058;0.34483793
0.044715416;0.022221344;0.34483793
0.048667986;0.020245058;0.35274309
0.046691701;0.020245058;0.34483793
0.046691701;0.020245058;0.34483793
0.048667986;0.020245058;0.35274309
0.046691701;0.020245058;0.35274309
0.048667986;0.022221344;0.34483793
0.048667986;0.022221344;0.35274309
0.048667986;0.020245058;0.34483793
0.050644267;0.022221344;0.34483793
0.048667986;0.022221344;0.34483793
0.048667986;0.022221344;0.34483793
0.050644267;0.022221344;0.34483793
0.050644267;0.022221344;0.34483793
0.050644267;0.022221344;0.34483793
0.050644267;0.022221344;0.35274309
0.052620552;0.020245058;0.34483793
0.052620552;0.022221344;0.35274309
0.052620552;0.022221344;0.34483793
0.052620552;0.024197629;0.34483793
0.052620552;0.024197629;0.34483793
0.054596838;0.024197629;0.35274309
0.052620552;0.022221344;0.35274309
0.052620552;0.024197629;0.34483793
0.052620552;0.024197629;0.35274309
0.054596838;0.022221344;0.34483793
0.054596838;0.024197629;0.35274309
0.054596838;0.024197629;0.35274309
0.052620552;0.024197629;0.34483793
0.054596838;0.024197629;0.34483793
0.056573123;0.024197629;0.34483793
0.054596838;0.024197629;0.35274309
0.056573123;0.024197629;0.34483793
0.056573123;0.026173914;0.34483793
0.056573123;0.026173914;0.34483793
0.056573123;0.024197629;0.34483793
0.056573123;0.024197629;0.34483793
0.058549408;0.024197629;0.34483793
0.058549408;0.024197629;0.35274309
0.056573123;0.026173914;0.35274309
0.058549408;0.026173914;0.34483793
0.058549408;0.026173914;0.35274309
0.058549408;0.026173914;0.33693281
0.058549408;0.028150197;0.34483793
0.058549408;0.028150197;0.34483793
0.058549408;0.026173914;0.35274309
0.058549408;0.026173914;0.34483793
0.058549408;0.026173914;0.34483793
0.060525693;0.026173914;0.34483793
0.060525693;0.026173914;0.34483793
0.060525693;0.026173914;0.34483793
0.060525693;0.026173914;0.34483793
0.062501974;0.026173914;0.35274309
0.062501974;0.026173914;0.34483793
0.062501974;0.028150197;0.34483793
0.062501974;0.026173914;0.35274309
0.060525693;0.026173914;0.35274309
0.060525693;0.028150197;0.34483793
0.062501974;0.028150197;0.34483793
0.062501974;0.030126482;0.34483793
0.062501974;0.028150197;0.34483793
0.062501974;0.028150197;0.34483793
0.062501974;0.028150197;0.34483793
0.060525693;0.028150197;0.34483793
0.062501974;0.028150197;0.34483793
0.062501974;0.028150197;0.34483793
0.062501974;0.030126482;0.34483793
0.062501974;0.028150197;0.35274309
0.064478263;0.028150197;0.35274309
0.062501974;0.028150197;0.34483793
0.062501974;0.030126482;0.34483793
0.064478263;0.030126482;0.35274309
0.064478263;0.030126482;0.34483793
0.064478263;0.030126482;0.35274309
0.064478263;0.030126482;0.34483793
0.066454545;0.030126482;0.34483793
0.066454545;0.028150197;0.35274309
0.066454545;0.030126482;0.35274309
0.066454545;0.030126482;0.34483793
0.066454545;0.030126482;0.34483793
0.066454545;0.030126482;0.34483793
0.066454545;0.030126482;0.34483793
0.066454545;0.030126482;0.34483793
0.068430834;0.030126482;0.34483793
0.066454545;0.032102767;0.34483793
0.066454545;0.032102767;0.35274309
0.066454545;0.032102767;0.34483793
0.066454545;0.032102767;0.35274309
0.066454545;0.030126482;0.34483793
0.068430834;0.032102767;0.35274309
0.066454545;0.032102767;0.35274309
0.068430834;0.030126482;0.35274309
0.068430834;0.032102767;0.34483793
0.068430834;0.034079053;0.34483793
0.068430834;0.032102767;0.34483793
0.070407115;0.034079053;0.34483793
0.068430834;0.032102767;0.35274309
0.068430834;0.032102767;0.34483793
0.070407115;0.032102767;0.34483793
0.068430834;0.032102767;0.34483793
0.068430834;0.034079053;0.35274309
0.070407115;0.034079053;0.34483793
0.070407115;0.034079053;0.34483793
0.070407115;0.034079053;0.35274309
0.070407115;0.032102767;0.34483793
0.070407115;0.032102767;0.35274309
0.070407115;0.032102767;0.34483793
0.070407115;0.032102767;0.35274309
0.070407115;0.034079053;0.35274309
0.070407115;0.034079053;0.34483793
0.070407115;0.034079053;0.34483793
0.072383396;0.034079053;0.34483793
0.070407115;0.036055338;0.35274309
0.070407115;0.034079053;0.34483793
0.070407115;0.034079053;0.35274309
0.072383396;0.036055338;0.35274309
0.072383396;0.034079053;0.34483793
0.072383396;0.034079053;0.34483793
0.070407115;0.034079053;0.34483793
0.070407115;0.036055338;0.34483793
0.072383396;0.036055338;0.34483793
0.072383396;0.034079053;0.34483793
0.072383396;0.036055338;0.35274309
0.074359685;0.036055338;0.35274309
0.072383396;0.036055338;0.34483793
0.072383396;0.038031619;0.34483793
0.072383396;0.036055338;0.34483793
0.074359685;0.036055338;0.35274309
0.072383396;0.036055338;0.34483793
0.072383396;0.036055338;0.34483793
0.072383396;0.036055338;0.34483793
0.074359685;0.036055338;0.34483793
0.074359685;0.036055338;0.34483793
0.072383396;0.036055338;0.34483793
0.074359685;0.036055338;0.34483793
0.074359685;0.036055338;0.34483793
0.074359685;0.038031619;0.35274309
0.074359685;0.036055338;0.34483793
0.072383396;0.036055338;0.34483793
0.074359685;0.036055338;0.34483793
0.074359685;0.038031619;0.34483793
0.074359685;0.038031619;0.34483793
0.072383396;0.036055338;0.34483793
0.076335967;0.038031619;0.34483793
0.074359685;0.038031619;0.34483793
0.074359685;0.038031619;0.35274309
0.074359685;0.038031619;0.34483793
0.074359685;0.038031619;0.34483793
0.076335967;0.038031619;0.34483793
0.074359685;0.038031619;0.35274309
0.074359685;0.038031619;0.34483793
0.076335967;0.040007904;0.34483793
0.074359685;0.038031619;0.34483793
0.074359685;0.038031619;0.34483793
0.076335967;0.040007904;0.34483793
0.074359685;0.038031619;0.34483793
0.074359685;0.038031619;0.35274309
0.076335967;0.038031619;0.34483793
0.076335967;0.040007904;0.34483793
0.076335967;0.040007904;0.35274309
0.076335967;0.038031619;0.34483793
0.074359685;0.040007904;0.35274309
0.076335967;0.040007904;0.34483793
0.076335967;0.040007904;0.35274309
0.074359685;0.040007904;0.34483793
0.074359685;0.040007904;0.34483793
0.076335967;0.040007904;0.34483793
0.074359685;0.041984189;0.34483793
0.076335967;0.041984189;0.34483793
0.076335967;0.040007904;0.34483793
0.076335967;0.041984189;0.35274309
0.074359685;0.041984189;0.34483793
0.076335967;0.040007904;0.34483793
0.076335967;0.041984189;0.35274309
0.076335967;0.041984189;0.33693281
0.076335967;0.041984189;0.34483793
0.076335967;0.041984189;0.34483793
0.076335967;0.041984189;0.34483793
0.076335967;0.041984189;0.34483793
0.076335967;0.041984189;0.34483793
0.074359685;0.041984189;0.34483793
0.074359685;0.041984189;0.35274309
0.076335967;0.041984189;0.34483793
0.076335967;0.041984189;0.34483793
0.076335967;0.041984189;0.34483793
0.074359685;0.041984189;0.34483793
0.076335967;0.041984189;0.35274309
0.076335967;0.041984189;0.35274309
0.076335967;0.041984189;0.34483793
0.076335967;0.041984189;0.34483793
0.076335967;0.043960474;0.34483793
0.076335967;0.041984189;0.34483793
0.074359685;0.041984189;0.35274309
0.074359685;0.043960474;0.34483793
0.076335967;0.043960474;0.34483793
0.074359685;0.041984189;0.34483793
0.074359685;0.043960474;0.34483793
0.076335967;0.043960474;0.35274309
0.074359685;0.043960474;0.34483793
0.076335967;0.043960474;0.34483793
0.074359685;0.043960474;0.34483793
0.074359685;0.041984189;0.34483793
0.074359685;0.043960474;0.34483793
0.072383396;0.043960474;0.34483793
0.074359685;0.043960474;0.33693281
0.074359685;0.043960474;0.35274309
0.074359685;0.043960474;0.34483793
0.074359685;0.043960474;0.34483793
0.074359685;0.043960474;0.34483793
0.074359685;0.043960474;0.34483793
0.074359685;0.04593676;0.34483793
0.076335967;0.04593676;0.34483793
0.074359685;0.04593676;0.34483793
0.074359685;0.04593676;0.34483793
0.072383396;0.043960474;0.34483793
0.074359685;0.043960474;0.34483793
0.074359685;0.04593676;0.35274309
0.072383396;0.04593676;0.34483793
0.072383396;0.04593676;0.35274309
0.074359685;0.04593676;0.34483793
0.074359685;0.04593676;0.34483793
0.072383396;0.04593676;0.34483793
0.072383396;0.04593676;0.34483793
0.072383396;0.047913045;0.34483793
0.074359685;0.047913045;0.34483793
0.074359685;0.047913045;0.34483793
0.074359685;0.047913045;0.34483793
0.072383396;0.04593676;0.34483793
0.072383396;0.047913045;0.35274309
0.070407115;0.04593676;0.34483793
0.074359685;0.047913045;0.34483793
0.072383396;0.047913045;0.34483793
0.072383396;0.047913045;0.35274309
0.070407115;0.047913045;0.34483793
0.070407115;0.047913045;0.34483793
0.072383396;0.047913045;0.34483793
0.072383396;0.047913045;0.35274309
0.070407115;0.047913045;0.34483793
0.070407115;0.047913045;0.34483793
0.070407115;0.047913045;0.34483793
0.070407115;0.047913045;0.34483793
0.070407115;0.047913045;0.34483793
0.070407115;0.04988933;0.34483793
0.070407115;0.047913045;0.34483793
0.070407115;0.047913045;0.34483793
0.070407115;0.047913045;0.34483793
0.070407115;0.047913045;0.35274309
0.070407115;0.047913045;0.34483793
0.070407115;0.047913045;0.34483793
0.068430834;0.04988933;0.34483793
0.070407115;0.04988933;0.33693281
0.068430834;0.04988933;0.34483793
0.070407115;0.047913045;0.34483793
0.068430834;0.04988933;0.34483793
0.070407115;0.04988933;0.34483793
0.070407115;0.04988933;0.34483793
0.070407115;0.04988933;0.34483793
0.070407115;0.04988933;0.35274309
0.068430834;0.04988933;0.34483793
0.068430834;0.04988933;0.34483793
0.066454545;0.04988933;0.34483793
0.066454545;0.04988933;0.35274309
0.068430834;0.04988933;0.34483793
0.066454545;0.04988933;0.34483793
0.066454545;0.04988933;0.34483793
0.066454545;0.04988933;0.34483793
0.064478263;0.04988933;0.33693281
0.066454545;0.04988933;0.34483793
0.066454545;0.04988933;0.35274309
0.066454545;0.04988933;0.34483793
0.066454545;0.04988933;0.35274309
0.064478263;0.051865611;0.34483793
0.066454545;0.04988933;0.34483793
0.066454545;0.051865611;0.34483793
0.064478263;0.051865611;0.34483793
0.064478263;0.051865611;0.34483793
0.064478263;0.051865611;0.34483793
0.064478263;0.051865611;0.35274309
0.064478263;0.04988933;0.34483793
0.064478263;0.051865611;0.34483793
0.064478263;0.051865611;0.34483793
0.062501974;0.051865611;0.35274309
0.064478263;0.051865611;0.34483793
0.064478263;0.051865611;0.34483793
0.062501974;0.051865611;0.35274309
0.064478263;0.051865611;0.34483793
0.062501974;0.051865611;0.35274309
0.064478263;0.051865611;0.35274309
0.062501974;0.053841896;0.34483793
0.062501974;0.053841896;0.34483793
0.062501974;0.053841896;0.34483793
0.062501974;0.051865611;0.35274309
0.062501974;0.051865611;0.34483793
0.062501974;0.051865611;0.34483793
0.064478263;0.053841896;0.34483793
0.060525693;0.051865611;0.35274309
0.060525693;0.053841896;0.34483793
0.060525693;0.051865611;0.35274309
0.060525693;0.053841896;0.34483793
0.060525693;0.051865611;0.35274309
0.060525693;0.051865611;0.35274309
0.060525693;0.053841896;0.34483793
0.058549408;0.051865611;0.34483793
0.058549408;0.053841896;0.34483793
0.058549408;0.053841896;0.35274309
0.058549408;0.053841896;0.34483793
0.058549408;0.053841896;0.34483793
0.058549408;0.053841896;0.34483793
0.058549408;0.053841896;0.34483793
0.058549408;0.053841896;0.34483793
0.058549408;0.055818181;0.35274309
0.056573123;0.053841896;0.35274309
0.058549408;0.055818181;0.34483793
0.056573123;0.055818181;0.35274309
0.054596838;0.053841896;0.34483793
0.056573123;0.055818181;0.34483793
0.054596838;0.055818181;0.35274309
0.054596838;0.055818181;0.34483793
0.056573123;0.053841896;0.34483793
0.054596838;0.055818181;0.35274309
0.054596838;0.055818181;0.34483793
0.054596838;0.055818181;0.34483793
0.054596838;0.055818181;0.34483793
0.054596838;0.055818181;0.34483793
0.052620552;0.055818181;0.34483793
0.054596838;0.055818181;0.34483793
0.052620552;0.057794467;0.34483793
0.052620552;0.057794467;0.34483793
0.052620552;0.055818181;0.35274309
0.054596838;0.057794467;0.33693281
0.052620552;0.055818181;0.34483793
0.052620552;0.057794467;0.34483793
0.048667986;0.057794467;0.35274309
0.050644267;0.057794467;0.34483793
0.050644267;0.055818181;0.35274309
0.050644267;0.055818181;0.34483793
0.050644267;0.057794467;0.34483793
0.050644267;0.055818181;0.35274309
0.048667986;0.057794467;0.34483793
0.050644267;0.057794467;0.35274309
0.048667986;0.055818181;0.34483793
0.048667986;0.057794467;0.34483793
0.046691701;0.057794467;0.34483793
0.048667986;0.057794467;0.34483793
0.046691701;0.057794467;0.34483793
0.048667986;0.057794467;0.34483793
0.046691701;0.057794467;0.34483793
0.046691701;0.057794467;0.34483793
0.046691701;0.057794467;0.33693281
0.046691701;0.057794467;0.34483793
0.046691701;0.057794467;0.33693281
0.046691701;0.057794467;0.34483793
0.046691701;0.057794467;0.34483793
0.046691701;0.057794467;0.34483793
0.044715416;0.057794467;0.34483793
0.046691701;0.057794467;0.34483793
0.044715416;0.059770752;0.34483793
0.044715416;0.059770752;0.34483793
0.044715416;0.057794467;0.34483793
0.042739131;0.057794467;0.34483793
0.044715416;0.057794467;0.34483793
0.042739131;0.057794467;0.34483793
0.042739131;0.057794467;0.34483793
0.040762845;0.059770752;0.34483793
0.042739131;0.059770752;0.34483793
0.042739131;0.059770752;0.34483793
0.042739131;0.059770752;0.34483793
0.042739131;0.057794467;0.34483793
0.040762845;0.057794467;0.35274309
0.040762845;0.057794467;0.34483793
0.03878656;0.057794467;0.34483793
0.040762845;0.059770752;0.34483793
0.040762845;0.059770752;0.35274309
0.040762845;0.059770752;0.34483793
0.03878656;0.059770752;0.34483793
0.040762845;0.057794467;0.34483793
0.03878656;0.061747037;0.34483793
0.036810275;0.059770752;0.34483793
0.03878656;0.059770752;0.35274309
0.036810275;0.059770752;0.34483793
0.036810275;0.059770752;0.34483793
0.03878656;0.059770752;0.33693281
0.036810275;0.059770752;0.34483793
0.034833994;0.059770752;0.35274309
0.036810275;0.061747037;0.35274309
0.034833994;0.059770752;0.34483793
0.034833994;0.059770752;0.34483793
0.034833994;0.061747037;0.34483793
0.034833994;0.059770752;0.35274309
0.032857709;0.061747037;0.35274309
0.032857709;0.059770752;0.34483793
0.032857709;0.059770752;0.35274309
0.032857709;0.061747037;0.34483793
0.032857709;0.061747037;0.34483793
0.032857709;0.061747037;0.34483793
0.032857709;0.061747037;0.34483793
0.030881424;0.061747037;0.34483793
0.032857709;0.061747037;0.34483793
0.032857709;0.061747037;0.34483793
0.030881424;0.061747037;0.34483793
0.030881424;0.061747037;0.34483793
0.030881424;0.061747037;0.34483793
0.030881424;0.061747037;0.34483793
0.030881424;0.059770752;0.34483793
0.028905138;0.061747037;0.34483793
0.030881424;0.061747037;0.35274309
0.028905138;0.061747037;0.33693281
0.028905138;0.061747037;0.34483793
0.030881424;0.061747037;0.35274309
0.026928853;0.061747037;0.34483793
0.028905138;0.061747037;0.34483793
0.026928853;0.063723318;0.34483793
0.026928853;0.061747037;0.35274309
0.026928853;0.061747037;0.34483793
0.02495257;0.061747037;0.35274309
0.02495257;0.061747037;0.34483793
0.026928853;0.061747037;0.35274309
0.026928853;0.063723318;0.34483793
0.02495257;0.061747037;0.34483793
0.022976285;0.061747037;0.34483793
0.022976285;0.063723318;0.34483793
0.02495257;0.063723318;0.34483793
0.022976285;0.061747037;0.34483793
0.022976285;0.061747037;0.34483793
0.022976285;0.063723318;0.34483793
0.022976285;0.063723318;0.34483793
0.022976285;0.063723318;0.34483793
0.022976285;0.063723318;0.34483793
0.022976285;0.063723318;0.33693281
0.021;0.061747037;0.35274309
0.021;0.063723318;0.34483793
0.021;0.063723318;0.34483793
0.021;0.063723318;0.34483793
0.021;0.063723318;0.34483793
0.021;0.063723318;0.34483793
0.019023715;0.063723318;0.34483793
0.019023715;0.063723318;0.35274309
0.019023715;0.063723318;0.33693281
0.019023715;0.063723318;0.34483793
0.019023715;0.065699607;0.34483793
0.019023715;0.063723318;0.34483793
0.019023715;0.063723318;0.34483793
0.017047431;0.063723318;0.35274309
0.019023715;0.063723318;0.34483793
0.017047431;0.063723318;0.34483793
0.017047431;0.063723318;0.34483793
0.017047431;0.063723318;0.34483793
0.017047431;0.063723318;0.34483793
0.015071146;0.065699607;0.35274309
0.015071146;0.063723318;0.34483793
0.017047431;0.063723318;0.34483793
0.015071146;0.065699607;0.34483793
0.015071146;0.063723318;0.34483793
0.013094862;0.065699607;0.34483793
0.015071146;0.063723318;0.34483793
0.013094862;0.063723318;0.34483793
0.013094862;0.063723318;0.34483793
0.013094862;0.065699607;0.34483793
0.013094862;0.065699607;0.34483793
0.013094862;0.063723318;0.34483793
0.013094862;0.063723318;0.34483793
0.011118577;0.065699607;0.34483793
0.011118577;0.063723318;0.34483793
0.011118577;0.063723318;0.34483793
0.0091422927;0.065699607;0.35274309
0.011118577;0.065699607;0.34483793
0.011118577;0.063723318;0.34483793
0.0091422927;0.063723318;0.35274309
0.011118577;0.065699607;0.35274309
0.0091422927;0.065699607;0.34483793
0.0091422927;0.065699607;0.34483793
0.0091422927;0.065699607;0.34483793
0.007166008;0.065699607;0.34483793
0.007166008;0.065699607;0.34483793
0.007166008;0.065699607;0.34483793
0.007166008;0.063723318;0.34483793
0.0051897233;0.065699607;0.34483793
0.0051897233;0.065699607;0.34483793
0.0051897233;0.067675889;0.34483793
0.0051897233;0.067675889;0.34483793
0.0051897233;0.067675889;0.34483793
0.0051897233;0.067675889;0.34483793
0.0051897233;0.065699607;0.34483793
0.0051897233;0.065699607;0.34483793
0.0051897233;0.065699607;0.34483793
0.0051897233;0.065699607;0.34483793
0.0051897233;0.065699607;0.34483793
0.0032134387;0.065699607;0.34483793
0.0012371541;0.065699607;0.34483793
0.0012371541;0.067675889;0.34483793
0.0012371541;0.065699607;0.34483793
0.0012371541;0.067675889;0.34483793
-0.00073913042;0.067675889;0.34483793
-0.00073913042;0.067675889;0.34483793
-0.00073913042;0.067675889;0.34483793
-0.00073913042;0.067675889;0.34483793
-0.00073913042;0.067675889;0.34483793
-0.00073913042;0.067675889;0.34483793
-0.00073913042;0.067675889;0.35274309
-0.00073913042;0.067675889;0.34483793
-0.0027154151;0.067675889;0.34483793
-0.00073913042;0.067675889;0.34483793
-0.0027154151;0.067675889;0.34483793
-0.00073913042;0.065699607;0.34483793
-0.0027154151;0.067675889;0.34483793
-0.0027154151;0.067675889;0.34483793
-0.0027154151;0.067675889;0.34483793
-0.0027154151;0.065699607;0.34483793
-0.0027154151;0.065699607;0.34483793
-0.0046916995;0.067675889;0.34483793
-0.0046916995;0.067675889;0.34483793
-0.0046916995;0.067675889;0.34483793
-0.0046916995;0.065699607;0.34483793
-0.0046916995;0.067675889;0.34483793
-0.0066679842;0.065699607;0.34483793
-0.0066679842;0.067675889;0.34483793
-0.0046916995;0.067675889;0.34483793
-0.0066679842;0.067675889;0.34483793
-0.0066679842;0.067675889;0.35274309
-0.0086442688;0.067675889;0.34483793
-0.0066679842;0.067675889;0.34483793
-0.0066679842;0.067675889;0.34483793
-0.0066679842;0.067675889;0.34483793
-0.0086442688;0.067675889;0.34483793
-0.0086442688;0.067675889;0.35274309
-0.0086442688;0.067675889;0.35274309
-0.0086442688;0.067675889;0.34483793
-0.0086442688;0.067675889;0.35274309
-0.010620553;0.067675889;0.34483793
-0.010620553;0.067675889;0.34483793
-0.010620553;0.067675889;0.34483793
-0.010620553;0.067675889;0.35274309
-0.010620553;0.069652177;0.34483793
-0.010620553;0.067675889;0.34483793
-0.010620553;0.067675889;0.34483793
-0.012596838;0.069652177;0.34483793
-0.012596838;0.069652177;0.34483793
-0.012596838;0.067675889;0.34483793
-0.010620553;0.067675889;0.34483793
-0.012596838;0.067675889;0.35274309
-0.012596838;0.069652177;0.34483793
-0.012596838;0.067675889;0.34483793
-0.012596838;0.067675889;0.34483793
-0.012596838;0.067675889;0.34483793
-0.012596838;0.067675889;0.34483793
-0.014573122;0.067675889;0.34483793
-0.014573122;0.067675889;0.34483793
-0.014573122;0.067675889;0.33693281
-0.014573122;0.069652177;0.34483793
-0.014573122;0.069652177;0.35274309
-0.014573122;0.067675889;0.35274309
-0.014573122;0.067675889;0.35274309
-0.014573122;0.067675889;0.34483793
-0.014573122;0.067675889;0.34483793
-0.014573122;0.067675889;0.34483793
-0.016549407;0.067675889;0.34483793
-0.016549407;0.067675889;0.34483793
-0.016549407;0.067675889;0.34483793
-0.018525692;0.069652177;0.34483793
-0.016549407;0.067675889;0.35274309
-0.016549407;0.067675889;0.33693281
-0.016549407;0.067675889;0.34483793
-0.018525692;0.067675889;0.34483793
-0.016549407;0.067675889;0.34483793
-0.018525692;0.067675889;0.34483793
-0.016549407;0.067675889;0.35274309
-0.018525692;0.067675889;0.35274309
-0.018525692;0.069652177;0.34483793
-0.018525692;0.067675889;0.34483793
-0.018525692;0.069652177;0.35274309
-0.018525692;0.069652177;0.34483793
-0.020501977;0.067675889;0.34483793
-0.020501977;0.067675889;0.34483793
-0.020501977;0.067675889;0.34483793
-0.020501977;0.069652177;0.34483793
-0.020501977;0.067675889;0.34483793
-0.020501977;0.067675889;0.34483793
-0.020501977;0.067675889;0.33693281
-0.020501977;0.067675889;0.35274309
-0.02247826;0.069652177;0.34483793
-0.020501977;0.067675889;0.34483793
-0.02247826;0.067675889;0.34483793
-0.02247826;0.067675889;0.34483793
-0.02247826;0.067675889;0.34483793
-0.02247826;0.067675889;0.34483793
-0.02247826;0.069652177;0.34483793
-0.02247826;0.069652177;0.34483793
-0.02247826;0.069652177;0.34483793
-0.020501977;0.069652177;0.34483793
-0.02247826;0.069652177;0.34483793
-0.02247826;0.069652177;0.34483793
-0.024454545;0.069652177;0.35274309
-0.02247826;0.069652177;0.34483793
-0.024454545;0.069652177;0.34483793
-0.02247826;0.069652177;0.34483793
-0.02247826;0.069652177;0.35274309
-0.024454545;0.069652177;0.34483793
-0.02247826;0.069652177;0.34483793
-0.024454545;0.069652177;0.35274309
-0.02247826;0.067675889;0.34483793
-0.024454545;0.069652177;0.34483793
-0.024454545;0.067675889;0.34483793
-0.024454545;0.067675889;0.35274309
-0.02643083;0.069652177;0.34483793
-0.024454545;0.069652177;0.34483793
-0.02643083;0.069652177;0.34483793
-0.02643083;0.069652177;0.34483793
-0.02643083;0.069652177;0.35274309
-0.02643083;0.069652177;0.34483793
-0.02643083;0.069652177;0.34483793
-0.02643083;0.069652177;0.34483793
-0.02643083;0.069652177;0.34483793
-0.02643083;0.069652177;0.34483793
-0.02643083;0.069652177;0.34483793
-0.02643083;0.069652177;0.34483793
-0.02643083;0.067675889;0.34483793
-0.028407115;0.069652177;0.34483793
-0.02643083;0.067675889;0.34483793
-0.024454545;0.069652177;0.34483793
-0.02643083;0.069652177;0.35274309
-0.028407115;0.069652177;0.34483793
-0.028407115;0.069652177;0.35274309
-0.028407115;0.069652177;0.34483793
-0.028407115;0.069652177;0.34483793
-0.028407115;0.069652177;0.34483793
-0.030383399;0.069652177;0.34483793
-0.028407115;0.069652177;0.34483793
-0.02643083;0.069652177;0.34483793
-0.02643083;0.067675889;0.34483793
-0.028407115;0.067675889;0.34483793
-0.028407115;0.069652177;0.35274309
-0.030383399;0.069652177;0.34483793
-0.030383399;0.069652177;0.34483793
-0.028407115;0.067675889;0.34483793
-0.028407115;0.067675889;0.34483793
-0.030383399;0.067675889;0.35274309
-0.030383399;0.067675889;0.34483793
-0.028407115;0.069652177;0.34483793
-0.030383399;0.069652177;0.35274309
-0.030383399;0.069652177;0.34483793
-0.030383399;0.069652177;0.34483793
-0.028407115;0.067675889;0.34483793
-0.030383399;0.069652177;0.35274309
-0.028407115;0.069652177;0.34483793
-0.030383399;0.069652177;0.34483793
-0.030383399;0.069652177;0.34483793
-0.030383399;0.069652177;0.34483793
-0.030383399;0.069652177;0.34483793
-0.030383399;0.067675889;0.35274309
-0.030383399;0.069652177;0.35274309
-0.028407115;0.067675889;0.35274309
-0.030383399;0.069652177;0.34483793
-0.030383399;0.067675889;0.34483793
-0.030383399;0.069652177;0.35274309
-0.030383399;0.069652177;0.34483793
-0.030383399;0.067675889;0.35274309
-0.030383399;0.069652177;0.34483793
-0.030383399;0.069652177;0.34483793
-0.030383399;0.067675889;0.34483793
-0.030383399;0.067675889;0.34483793
-0.032359682;0.067675889;0.34483793
-0.030383399;0.069652177;0.34483793
-0.030383399;0.069652177;0.33693281
-0.032359682;0.069652177;0.34483793
-0.032359682;0.069652177;0.34483793
-0.030383399;0.069652177;0.34483793
-0.030383399;0.067675889;0.35274309
-0.030383399;0.069652177;0.34483793
-0.030383399;0.067675889;0.34483793
-0.030383399;0.069652177;0.34483793
-0.032359682;0.069652177;0.34483793
-0.030383399;0.067675889;0.34483793
-0.030383399;0.067675889;0.34483793
-0.030383399;0.067675889;0.35274309
-0.030383399;0.067675889;0.34483793
-0.030383399;0.069652177;0.34483793
-0.032359682;0.069652177;0.34483793
-0.030383399;0.067675889;0.34483793
-0.030383399;0.069652177;0.34483793
-0.032359682;0.069652177;0.35274309
-0.030383399;0.069652177;0.34483793
-0.032359682;0.069652177;0.34483793
-0.032359682;0.069652177;0.34483793
-0.030383399;0.069652177;0.34483793
-0.032359682;0.067675889;0.34483793
-0.030383399;0.067675889;0.35274309
-0.030383399;0.069652177;0.34483793
-0.030383399;0.069652177;0.34483793
-0.030383399;0.069652177;0.34483793
-0.032359682;0.067675889;0.34483793
-0.032359682;0.067675889;0.35274309
-0.032359682;0.069652177;0.35274309
-0.030383399;0.067675889;0.34483793
-0.030383399;0.067675889;0.35274309
-0.030383399;0.067675889;0.34483793
-0.030383399;0.069652177;0.34483793
-0.030383399;0.069652177;0.34483793
-0.030383399;0.069652177;0.34483793
-0.030383399;0.069652177;0.35274309
-0.032359682;0.067675889;0.34483793
-0.030383399;0.069652177;0.34483793
-0.032359682;0.067675889;0.34483793
-0.032359682;0.067675889;0.34483793
-0.030383399;0.067675889;0.34483793
-0.030383399;0.067675889;0.34483793
-0.030383399;0.069652177;0.34483793
-0.028407115;0.069652177;0.33693281
-0.030383399;0.067675889;0.34483793
-0.028407115;0.067675889;0.34483793
-0.028407115;0.069652177;0.34483793
-0.030383399;0.067675889;0.34483793
-0.030383399;0.067675889;0.35274309
-0.030383399;0.067675889;0.34483793
-0.028407115;0.069652177;0.34483793
-0.030383399;0.069652177;0.34483793
-0.030383399;0.069652177;0.34483793
-0.028407115;0.069652177;0.34483793
-0.028407115;0.067675889;0.34483793
-0.028407115;0.067675889;0.34483793
-0.030383399;0.067675889;0.34483793
-0.028407115;0.067675889;0.34483793
-0.028407115;0.067675889;0.33693281
-0.028407115;0.067675889;0.34483793
-0.02643083;0.067675889;0.34483793
-0.02643083;0.069652177;0.34483793
-0.028407115;0.067675889;0.34483793
-0.028407115;0.067675889;0.34483793
-0.028407115;0.067675889;0.34483793
-0.028407115;0.067675889;0.34483793
-0.030383399;0.067675889;0.34483793
-0.02643083;0.067675889;0.34483793
-0.028407115;0.067675889;0.35274309
-0.02643083;0.067675889;0.35274309
-0.02643083;0.067675889;0.34483793
-0.02643083;0.067675889;0.34483793
-0.028407115;0.067675889;0.34483793
-0.024454545;0.067675889;0.34483793
-0.02643083;0.067675889;0.34483793
-0.02643083;0.067675889;0.33693281
-0.024454545;0.065699607;0.35274309
-0.024454545;0.067675889;0.34483793
-0.02643083;0.067675889;0.34483793
-0.02643083;0.067675889;0.34483793
-0.02643083;0.067675889;0.34483793
-0.024454545;0.067675889;0.34483793
-0.024454545;0.067675889;0.34483793
-0.02643083;0.067675889;0.34483793
-0.024454545;0.067675889;0.35274309
-0.024454545;0.067675889;0.34483793
-0.024454545;0.067675889;0.34483793
-0.024454545;0.067675889;0.35274309
-0.024454545;0.065699607;0.34483793
-0.024454545;0.067675889;0.34483793
-0.024454545;0.067675889;0.34483793
-0.024454545;0.067675889;0.34483793
-0.024454545;0.067675889;0.34483793
-0.024454545;0.067675889;0.34483793
-0.02247826;0.067675889;0.34483793
-0.02247826;0.065699607;0.34483793
-0.024454545;0.067675889;0.35274309
-0.02247826;0.067675889;0.34483793
-0.02247826;0.067675889;0.34483793
-0.02247826;0.065699607;0.34483793
-0.02247826;0.065699607;0.34483793
-0.02247826;0.067675889;0.34483793
-0.02247826;0.065699607;0.35274309
-0.02247826;0.067675889;0.34483793
-0.020501977;0.067675889;0.34483793
-0.020501977;0.067675889;0.34483793
-0.02247826;0.065699607;0.34483793
-0.02247826;0.065699607;0.35274309
-0.020501977;0.065699607;0.34483793
-0.020501977;0.067675889;0.34483793
-0.020501977;0.067675889;0.34483793
-0.020501977;0.065699607;0.34483793
-0.020501977;0.067675889;0.34483793
-0.020501977;0.067675889;0.35274309
-0.020501977;0.065699607;0.35274309
-0.018525692;0.065699607;0.35274309
-0.018525692;0.065699607;0.34483793
-0.018525692;0.065699607;0.35274309
-0.018525692;0.065699607;0.34483793
-0.020501977;0.067675889;0.34483793
-0.018525692;0.065699607;0.34483793
-0.018525692;0.065699607;0.34483793
-0.018525692;0.065699607;0.34483793
-0.018525692;0.065699607;0.34483793
-0.016549407;0.065699607;0.35274309
-0.018525692;0.065699607;0.35274309
-0.016549407;0.065699607;0.34483793
-0.016549407;0.065699607;0.34483793
-0.016549407;0.065699607;0.35274309
-0.016549407;0.065699607;0.35274309
-0.016549407;0.063723318;0.34483793
-0.016549407;0.065699607;0.35274309
-0.016549407;0.065699607;0.34483793
-0.014573122;0.063723318;0.34483793
-0.016549407;0.065699607;0.34483793
-0.014573122;0.065699607;0.34483793
-0.016549407;0.063723318;0.34483793
-0.014573122;0.065699607;0.34483793
-0.014573122;0.065699607;0.35274309
-0.014573122;0.063723318;0.34483793
-0.014573122;0.065699607;0.34483793
-0.012596838;0.065699607;0.35274309
-0.014573122;0.065699607;0.34483793
-0.014573122;0.063723318;0.35274309
-0.012596838;0.063723318;0.34483793
-0.012596838;0.063723318;0.34483793
-0.012596838;0.063723318;0.34483793
-0.012596838;0.063723318;0.34483793
-0.012596838;0.063723318;0.34483793
-0.012596838;0.063723318;0.34483793
-0.012596838;0.063723318;0.34483793
-0.012596838;0.063723318;0.34483793
-0.012596838;0.063723318;0.35274309
-0.010620553;0.063723318;0.34483793
-0.010620553;0.065699607;0.35274309
-0.010620553;0.063723318;0.34483793
-0.010620553;0.063723318;0.34483793
-0.0086442688;0.063723318;0.34483793
-0.0086442688;0.063723318;0.34483793
-0.010620553;0.063723318;0.34483793
-0.0086442688;0.063723318;0.34483793
-0.0086442688;0.061747037;0.34483793
-0.0086442688;0.063723318;0.34483793
-0.0086442688;0.061747037;0.35274309
-0.0086442688;0.063723318;0.34483793
-0.0066679842;0.063723318;0.34483793
-0.0066679842;0.063723318;0.34483793
-0.0066679842;0.063723318;0.34483793
-0.0066679842;0.063723318;0.34483793
-0.0086442688;0.063723318;0.34483793
-0.0066679842;0.061747037;0.34483793
-0.0066679842;0.061747037;0.35274309
-0.0066679842;0.061747037;0.34483793
-0.0066679842;0.061747037;0.33693281
-0.0046916995;0.061747037;0.34483793
-0.0046916995;0.063723318;0.35274309
-0.0046916995;0.061747037;0.35274309
-0.0046916995;0.061747037;0.34483793
-0.0046916995;0.061747037;0.34483793
-0.0046916995;0.061747037;0.34483793
-0.0046916995;0.061747037;0.34483793
-0.0046916995;0.063723318;0.34483793
-0.0046916995;0.061747037;0.34483793
-0.0046916995;0.061747037;0.34483793
-0.0027154151;0.061747037;0.34483793
-0.0027154151;0.061747037;0.34483793
-0.00073913042;0.061747037;0.34483793
-0.0027154151;0.063723318;0.34483793
-0.00073913042;0.061747037;0.35274309
-0.0027154151;0.061747037;0.34483793
-0.00073913042;0.061747037;0.34483793
-0.0027154151;0.061747037;0.34483793
-0.00073913042;0.061747037;0.34483793
-0.00073913042;0.061747037;0.34483793
-0.00073913042;0.061747037;0.34483793
0.0012371541;0.059770752;0.34483793
0.0012371541;0.059770752;0.34483793
0.0012371541;0.061747037;0.35274309
0.0012371541;0.061747037;0.35274309
0.0012371541;0.061747037;0.34483793
0.0032134387;0.061747037;0.34483793
0.0032134387;0.061747037;0.34483793
0.0012371541;0.061747037;0.34483793
0.0032134387;0.061747037;0.33693281
0.0032134387;0.061747037;0.35274309
0.0032134387;0.061747037;0.34483793
0.0032134387;0.059770752;0.34483793
0.0051897233;0.061747037;0.34483793
0.0051897233;0.059770752;0.34483793
0.0032134387;0.059770752;0.33693281
0.0051897233;0.059770752;0.34483793
0.0051897233;0.059770752;0.34483793
0.0051897233;0.059770752;0.34483793
0.0051897233;0.059770752;0.34483793
0.007166008;0.059770752;0.33693281
0.007166008;0.059770752;0.34483793
0.007166008;0.059770752;0.34483793
0.007166008;0.061747037;0.34483793
0.007166008;0.059770752;0.34483793
0.007166008;0.059770752;0.34483793
0.0091422927;0.059770752;0.34483793
0.0091422927;0.061747037;0.34483793
0.011118577;0.059770752;0.34483793
0.011118577;0.059770752;0.34483793
0.011118577;0.059770752;0.34483793
0.011118577;0.059770752;0.34483793
0.011118577;0.059770752;0.35274309
0.011118577;0.057794467;0.34483793
0.011118577;0.059770752;0.34483793
0.011118577;0.057794467;0.34483793
0.011118577;0.057794467;0.34483793
0.011118577;0.059770752;0.35274309
0.013094862;0.059770752;0.34483793
0.013094862;0.059770752;0.34483793
0.013094862;0.057794467;0.34483793
0.015071146;0.057794467;0.34483793
0.013094862;0.057794467;0.35274309
0.013094862;0.057794467;0.34483793
0.015071146;0.057794467;0.34483793
0.015071146;0.059770752;0.34483793
0.015071146;0.057794467;0.34483793
0.015071146;0.057794467;0.34483793
0.017047431;0.059770752;0.34483793
0.017047431;0.059770752;0.35274309
0.017047431;0.057794467;0.34483793
0.017047431;0.057794467;0.34483793
0.017047431;0.057794467;0.34483793
0.017047431;0.057794467;0.34483793
0.019023715;0.057794467;0.35274309
0.017047431;0.057794467;0.33693281
0.017047431;0.057794467;0.34483793
0.019023715;0.057794467;0.34483793
0.021;0.055818181;0.34483793
0.019023715;0.057794467;0.34483793
0.021;0.057794467;0.34483793
0.019023715;0.057794467;0.34483793
0.021;0.055818181;0.34483793
0.021;0.055818181;0.34483793
0.021;0.055818181;0.34483793
0.022976285;0.055818181;0.34483793
0.021;0.057794467;0.34483793
0.022976285;0.055818181;0.34483793
0.021;0.055818181;0.34483793
0.022976285;0.055818181;0.34483793
0.022976285;0.055818181;0.34483793
0.022976285;0.055818181;0.34483793
0.022976285;0.053841896;0.34483793
0.022976285;0.053841896;0.35274309
0.02495257;0.055818181;0.35274309
0.02495257;0.055818181;0.34483793
0.02495257;0.057794467;0.33693281
0.02495257;0.055818181;0.34483793
0.026928853;0.055818181;0.35274309
0.02495257;0.055818181;0.34483793
0.026928853;0.055818181;0.34483793
0.026928853;0.053841896;0.34483793
0.02495257;0.053841896;0.34483793
0.026928853;0.053841896;0.34483793
0.028905138;0.053841896;0.34483793
0.028905138;0.055818181;0.34483793
0.028905138;0.053841896;0.34483793
0.030881424;0.055818181;0.34483793
0.028905138;0.053841896;0.34483793
0.030881424;0.053841896;0.35274309
0.030881424;0.053841896;0.34483793
0.030881424;0.053841896;0.34483793
0.030881424;0.053841896;0.34483793
0.030881424;0.053841896;0.34483793
0.030881424;0.051865611;0.34483793
0.030881424;0.053841896;0.34483793
0.032857709;0.053841896;0.34483793
0.032857709;0.055818181;0.34483793
0.032857709;0.053841896;0.34483793
0.032857709;0.053841896;0.34483793
0.032857709;0.051865611;0.34483793
0.034833994;0.053841896;0.34483793
0.032857709;0.053841896;0.34483793
0.032857709;0.051865611;0.34483793
0.034833994;0.053841896;0.35274309
0.034833994;0.051865611;0.35274309
0.034833994;0.053841896;0.35274309
0.036810275;0.053841896;0.34483793
0.036810275;0.051865611;0.35274309
0.036810275;0.053841896;0.35274309
0.034833994;0.053841896;0.34483793
0.036810275;0.051865611;0.34483793
0.03878656;0.051865611;0.34483793
0.036810275;0.051865611;0.34483793
0.03878656;0.051865611;0.34483793
0.03878656;0.051865611;0.34483793
0.03878656;0.051865611;0.35274309
0.03878656;0.051865611;0.34483793
0.03878656;0.051865611;0.35274309
0.03878656;0.051865611;0.34483793
0.03878656;0.051865611;0.34483793
0.040762845;0.04988933;0.34483793
0.040762845;0.051865611;0.35274309
0.040762845;0.04988933;0.34483793
0.040762845;0.051865611;0.35274309
0.040762845;0.051865611;0.34483793
0.040762845;0.04988933;0.35274309
0.042739131;0.051865611;0.34483793
0.042739131;0.04988933;0.34483793
0.042739131;0.04988933;0.34483793
0.042739131;0.04988933;0.34483793
0.042739131;0.04988933;0.34483793
0.044715416;0.04988933;0.35274309
0.044715416;0.04988933;0.34483793
0.044715416;0.04988933;0.34483793
0.044715416;0.04988933;0.34483793
0.044715416;0.04988933;0.34483793
0.042739131;0.04988933;0.34483793
0.044715416;0.04988933;0.35274309
0.046691701;0.047913045;0.34483793
0.044715416;0.04988933;0.34483793
0.046691701;0.04988933;0.34483793
0.046691701;0.04988933;0.34483793
0.046691701;0.04988933;0.34483793
0.046691701;0.047913045;0.34483793
0.046691701;0.047913045;0.34483793
0.048667986;0.047913045;0.34483793
0.048667986;0.047913045;0.34483793
0.048667986;0.047913045;0.35274309
0.048667986;0.047913045;0.34483793
0.048667986;0.047913045;0.34483793
0.050644267;0.047913045;0.34483793
0.048667986;0.04988933;0.34483793
0.052620552;0.047913045;0.34483793
0.048667986;0.047913045;0.34483793
0.050644267;0.047913045;0.34483793
0.050644267;0.047913045;0.34483793
0.050644267;0.047913045;0.33693281
0.052620552;0.047913045;0.34483793
0.050644267;0.047913045;0.34483793
0.052620552;0.047913045;0.35274309
0.050644267;0.047913045;0.34483793
0.052620552;0.047913045;0.34483793
0.052620552;0.047913045;0.34483793
0.052620552;0.04593676;0.35274309
0.054596838;0.047913045;0.35274309
0.054596838;0.047913045;0.33693281
0.054596838;0.04593676;0.34483793
0.054596838;0.04593676;0.34483793
0.054596838;0.04593676;0.35274309
0.054596838;0.04593676;0.34483793
0.056573123;0.047913045;0.34483793
0.054596838;0.047913045;0.35274309
0.056573123;0.047913045;0.34483793
0.056573123;0.04593676;0.34483793
0.056573123;0.04593676;0.34483793
0.056573123;0.04593676;0.34483793
0.056573123;0.04593676;0.34483793
0.056573123;0.04593676;0.34483793
0.056573123;0.043960474;0.34483793
0.058549408;0.04593676;0.34483793
0.056573123;0.04593676;0.34483793
0.056573123;0.04593676;0.34483793
0.058549408;0.04593676;0.34483793
0.058549408;0.04593676;0.34483793
0.058549408;0.04593676;0.34483793
0.058549408;0.043960474;0.35274309
0.058549408;0.04593676;0.34483793
0.058549408;0.043960474;0.34483793
0.060525693;0.04593676;0.34483793
0.058549408;0.04593676;0.35274309
0.060525693;0.043960474;0.34483793
0.060525693;0.04593676;0.33693281
0.060525693;0.043960474;0.34483793
0.060525693;0.043960474;0.35274309
0.058549408;0.043960474;0.33693281
0.060525693;0.043960474;0.34483793
0.060525693;0.043960474;0.34483793
0.060525693;0.043960474;0.34483793
0.060525693;0.043960474;0.34483793
0.064478263;0.04593676;0.34483793
0.060525693;0.043960474;0.34483793
0.060525693;0.043960474;0.34483793
0.062501974;0.043960474;0.34483793
0.062501974;0.043960474;0.35274309
0.064478263;0.043960474;0.34483793
0.062501974;0.041984189;0.34483793
0.062501974;0.043960474;0.34483793
0.064478263;0.043960474;0.35274309
0.064478263;0.043960474;0.35274309
0.064478263;0.041984189;0.34483793
0.064478263;0.043960474;0.34483793
0.064478263;0.043960474;0.35274309
0.064478263;0.041984189;0.34483793
0.064478263;0.041984189;0.35274309
0.064478263;0.041984189;0.34483793
0.064478263;0.041984189;0.34483793
0.064478263;0.041984189;0.34483793
0.064478263;0.041984189;0.34483793
0.066454545;0.040007904;0.35274309
0.066454545;0.040007904;0.34483793
0.066454545;0.041984189;0.34483793
0.066454545;0.041984189;0.34483793
0.066454545;0.041984189;0.34483793
0.066454545;0.041984189;0.34483793
0.066454545;0.041984189;0.34483793
0.066454545;0.041984189;0.34483793
0.066454545;0.041984189;0.34483793
0.068430834;0.041984189;0.34483793
0.066454545;0.040007904;0.34483793
0.068430834;0.041984189;0.34483793
0.068430834;0.040007904;0.34483793
0.066454545;0.041984189;0.34483793
0.068430834;0.041984189;0.34483793
0.068430834;0.040007904;0.34483793
0.070407115;0.040007904;0.34483793
0.070407115;0.040007904;0.34483793
0.068430834;0.040007904;0.34483793
0.070407115;0.038031619;0.34483793
0.068430834;0.040007904;0.34483793
0.070407115;0.040007904;0.34483793
0.070407115;0.040007904;0.34483793
0.068430834;0.040007904;0.34483793
0.070407115;0.040007904;0.33693281
0.070407115;0.040007904;0.34483793
0.070407115;0.040007904;0.34483793
0.070407115;0.038031619;0.34483793
0.072383396;0.040007904;0.34483793
0.070407115;0.040007904;0.34483793
0.070407115;0.038031619;0.34483793
0.070407115;0.040007904;0.34483793
0.070407115;0.038031619;0.35274309
0.072383396;0.038031619;0.35274309
0.070407115;0.038031619;0.34483793
0.072383396;0.038031619;0.34483793
0.070407115;0.038031619;0.34483793
0.072383396;0.036055338;0.35274309
0.070407115;0.038031619;0.35274309
0.072383396;0.038031619;0.34483793
0.070407115;0.036055338;0.35274309
0.072383396;0.038031619;0.34483793
0.072383396;0.038031619;0.34483793
0.072383396;0.038031619;0.34483793
0.070407115;0.038031619;0.34483793
0.074359685;0.038031619;0.35274309
0.072383396;0.036055338;0.34483793
0.072383396;0.038031619;0.34483793
0.072383396;0.036055338;0.34483793
0.072383396;0.036055338;0.34483793
0.074359685;0.036055338;0.34483793
0.072383396;0.036055338;0.34483793
0.074359685;0.036055338;0.34483793
0.074359685;0.036055338;0.34483793
0.074359685;0.036055338;0.34483793
0.072383396;0.036055338;0.34483793
0.072383396;0.036055338;0.35274309
0.074359685;0.036055338;0.34483793
0.074359685;0.038031619;0.35274309
0.074359685;0.036055338;0.34483793
0.074359685;0.036055338;0.34483793
0.074359685;0.034079053;0.34483793
0.074359685;0.036055338;0.34483793
0.074359685;0.034079053;0.34483793
0.074359685;0.034079053;0.34483793
0.072383396;0.034079053;0.34483793
0.074359685;0.034079053;0.34483793
0.076335967;0.036055338;0.34483793
0.074359685;0.034079053;0.34483793
0.074359685;0.036055338;0.35274309
0.074359685;0.032102767;0.34483793
0.072383396;0.034079053;0.34483793
0.074359685;0.034079053;0.34483793
0.074359685;0.034079053;0.35274309
0.074359685;0.034079053;0.35274309
0.074359685;0.034079053;0.34483793
0.076335967;0.034079053;0.35274309
0.074359685;0.034079053;0.35274309
0.076335967;0.032102767;0.34483793
0.074359685;0.034079053;0.34483793
0.074359685;0.034079053;0.34483793
0.076335967;0.032102767;0.34483793
0.074359685;0.032102767;0.34483793
0.076335967;0.032102767;0.35274309
0.076335967;0.032102767;0.35274309
0.076335967;0.034079053;0.35274309
0.076335967;0.034079053;0.34483793
0.076335967;0.032102767;0.34483793
0.076335967;0.032102767;0.34483793
0.076335967;0.032102767;0.34483793
0.076335967;0.032102767;0.34483793
0.074359685;0.032102767;0.35274309
0.074359685;0.032102767;0.34483793
0.076335967;0.032102767;0.34483793
0.076335967;0.032102767;0.34483793
0.076335967;0.032102767;0.35274309
0.076335967;0.032102767;0.34483793
0.074359685;0.032102767;0.34483793
0.074359685;0.032102767;0.34483793
0.076335967;0.032102767;0.34483793
0.076335967;0.032102767;0.34483793
0.076335967;0.030126482;0.35274309
0.076335967;0.030126482;0.34483793
0.076335967;0.030126482;0.34483793
0.076335967;0.032102767;0.34483793
0.074359685;0.030126482;0.34483793
0.074359685;0.028150197;0.35274309
0.074359685;0.030126482;0.34483793
0.076335967;0.030126482;0.34483793
0.074359685;0.030126482;0.34483793
0.076335967;0.030126482;0.34483793
0.076335967;0.030126482;0.34483793
0.076335967;0.030126482;0.34483793
0.074359685;0.030126482;0.34483793
0.074359685;0.028150197;0.34483793
0.074359685;0.030126482;0.34483793
0.076335967;0.028150197;0.34483793
0.076335967;0.028150197;0.34483793
0.074359685;0.030126482;0.34483793
0.076335967;0.028150197;0.34483793
0.074359685;0.030126482;0.34483793
0.076335967;0.030126482;0.34483793
0.076335967;0.028150197;0.34483793
0.074359685;0.030126482;0.34483793
0.076335967;0.028150197;0.34483793
0.076335967;0.028150197;0.34483793
0.074359685;0.028150197;0.34483793
0.074359685;0.028150197;0.35274309
0.076335967;0.026173914;0.34483793
0.074359685;0.028150197;0.34483793
0.074359685;0.028150197;0.34483793
0.076335967;0.028150197;0.34483793
0.074359685;0.028150197;0.34483793
0.074359685;0.028150197;0.34483793
0.074359685;0.026173914;0.35274309
0.074359685;0.026173914;0.34483793
0.074359685;0.028150197;0.34483793
0.074359685;0.028150197;0.34483793
0.072383396;0.026173914;0.34483793
0.072383396;0.026173914;0.34483793
0.074359685;0.028150197;0.34483793
0.072383396;0.026173914;0.34483793
0.072383396;0.026173914;0.33693281
0.072383396;0.026173914;0.34483793
0.072383396;0.026173914;0.35274309
0.072383396;0.026173914;0.34483793
0.072383396;0.024197629;0.34483793
0.072383396;0.026173914;0.34483793
0.072383396;0.026173914;0.34483793
0.072383396;0.026173914;0.35274309
0.072383396;0.024197629;0.34483793
0.072383396;0.024197629;0.34483793
0.070407115;0.024197629;0.34483793
0.070407115;0.024197629;0.34483793
0.072383396;0.024197629;0.34483793
0.070407115;0.024197629;0.33693281
0.070407115;0.024197629;0.35274309
0.072383396;0.024197629;0.34483793
0.070407115;0.024197629;0.34483793
0.070407115;0.024197629;0.34483793
0.070407115;0.024197629;0.35274309
0.070407115;0.022221344;0.34483793
0.070407115;0.024197629;0.34483793
0.068430834;0.022221344;0.34483793
0.070407115;0.022221344;0.34483793
0.070407115;0.022221344;0.34483793
0.070407115;0.022221344;0.34483793
0.070407115;0.024197629;0.34483793
0.070407115;0.024197629;0.34483793
0.070407115;0.024197629;0.35274309
0.068430834;0.022221344;0.35274309
0.068430834;0.022221344;0.35274309
0.068430834;0.022221344;0.34483793
0.070407115;0.020245058;0.34483793
0.068430834;0.022221344;0.34483793
0.068430834;0.022221344;0.34483793
0.066454545;0.022221344;0.34483793
0.068430834;0.022221344;0.34483793
0.068430834;0.020245058;0.33693281
0.068430834;0.020245058;0.34483793
0.068430834;0.020245058;0.34483793
0.066454545;0.020245058;0.34483793
0.066454545;0.020245058;0.34483793
0.066454545;0.020245058;0.34483793
0.066454545;0.022221344;0.34483793
0.066454545;0.022221344;0.34483793
0.064478263;0.020245058;0.34483793
0.066454545;0.022221344;0.34483793
0.066454545;0.020245058;0.33693281
0.064478263;0.020245058;0.34483793
0.064478263;0.020245058;0.34483793
0.066454545;0.020245058;0.34483793
0.066454545;0.020245058;0.34483793
0.064478263;0.020245058;0.34483793
0.064478263;0.020245058;0.34483793
0.064478263;0.020245058;0.34483793
0.064478263;0.020245058;0.34483793
0.062501974;0.018268775;0.35274309
0.062501974;0.018268775;0.34483793
0.064478263;0.018268775;0.35274309
0.064478263;0.020245058;0.35274309
0.064478263;0.018268775;0.34483793
0.062501974;0.018268775;0.34483793
0.062501974;0.018268775;0.34483793
0.064478263;0.018268775;0.34483793
0.062501974;0.018268775;0.34483793
0.064478263;0.018268775;0.34483793
0.062501974;0.018268775;0.34483793
0.062501974;0.018268775;0.34483793
0.062501974;0.018268775;0.34483793
0.060525693;0.018268775;0.34483793
0.060525693;0.018268775;0.34483793
0.060525693;0.01629249;0.34483793
0.060525693;0.01629249;0.34483793
0.062501974;0.01629249;0.34483793
0.062501974;0.01629249;0.35274309
0.058549408;0.01629249;0.34483793
0.058549408;0.01629249;0.34483793
0.058549408;0.01629249;0.34483793
0.060525693;0.01629249;0.34483793
0.058549408;0.01629249;0.34483793
0.058549408;0.014316206;0.34483793
0.058549408;0.01629249;0.34483793
0.058549408;0.01629249;0.35274309
0.058549408;0.014316206;0.34483793
0.058549408;0.01629249;0.34483793
0.056573123;0.014316206;0.34483793
0.056573123;0.01629249;0.35274309
0.056573123;0.01629249;0.34483793
0.056573123;0.01629249;0.34483793
0.056573123;0.014316206;0.34483793
0.054596838;0.012339921;0.34483793
0.056573123;0.014316206;0.34483793
0.056573123;0.014316206;0.34483793
0.054596838;0.012339921;0.34483793
0.056573123;0.014316206;0.34483793
0.054596838;0.014316206;0.35274309
0.054596838;0.014316206;0.34483793
0.056573123;0.014316206;0.34483793
0.054596838;0.014316206;0.34483793
0.054596838;0.014316206;0.34483793
0.052620552;0.014316206;0.34483793
0.052620552;0.014316206;0.34483793
0.052620552;0.014316206;0.34483793
0.052620552;0.014316206;0.35274309
0.052620552;0.012339921;0.34483793
0.052620552;0.014316206;0.35274309
0.052620552;0.014316206;0.34483793
0.052620552;0.012339921;0.34483793
0.050644267;0.012339921;0.34483793
0.050644267;0.012339921;0.34483793
0.048667986;0.012339921;0.34483793
0.048667986;0.012339921;0.34483793
0.052620552;0.012339921;0.34483793
0.048667986;0.012339921;0.34483793
0.048667986;0.012339921;0.34483793
0.048667986;0.012339921;0.34483793
0.048667986;0.012339921;0.34483793
0.048667986;0.010363637;0.34483793
0.048667986;0.012339921;0.34483793
0.046691701;0.012339921;0.34483793
0.048667986;0.010363637;0.34483793
0.046691701;0.012339921;0.35274309
0.046691701;0.010363637;0.34483793
0.046691701;0.010363637;0.34483793
0.048667986;0.010363637;0.34483793
0.046691701;0.010363637;0.35274309
0.044715416;0.010363637;0.34483793
0.046691701;0.010363637;0.34483793
0.044715416;0.010363637;0.34483793
0.046691701;0.010363637;0.34483793
0.044715416;0.010363637;0.34483793
0.044715416;0.010363637;0.34483793
0.044715416;0.010363637;0.34483793
0.044715416;0.010363637;0.34483793
0.042739131;0.010363637;0.35274309
0.042739131;0.010363637;0.33693281
0.042739131;0.010363637;0.34483793
0.042739131;0.010363637;0.34483793
0.042739131;0.0083873514;0.34483793
0.042739131;0.010363637;0.34483793
0.040762845;0.0083873514;0.34483793
0.042739131;0.010363637;0.33693281
0.040762845;0.0083873514;0.34483793
0.040762845;0.010363637;0.34483793
0.03878656;0.0083873514;0.34483793
0.040762845;0.0083873514;0.34483793
0.03878656;0.0083873514;0.33693281
0.03878656;0.0083873514;0.34483793
0.03878656;0.0083873514;0.34483793
0.03878656;0.0083873514;0.34483793
0.03878656;0.0083873514;0.34483793
0.03878656;0.0083873514;0.34483793
0.036810275;0.0064110672;0.34483793
0.036810275;0.0064110672;0.34483793
0.03878656;0.0064110672;0.34483793
0.036810275;0.0083873514;0.34483793
0.036810275;0.0083873514;0.34483793
0.036810275;0.0064110672;0.35274309
0.034833994;0.0064110672;0.34483793
0.034833994;0.0083873514;0.35274309
0.034833994;0.0083873514;0.34483793
0.034833994;0.0083873514;0.34483793
0.034833994;0.0064110672;0.34483793
0.032857709;0.0064110672;0.34483793
0.032857709;0.0064110672;0.34483793
0.032857709;0.0064110672;0.34483793
0.034833994;0.0064110672;0.34483793
0.032857709;0.0064110672;0.34483793
0.032857709;0.0064110672;0.34483793
0.030881424;0.0064110672;0.34483793
0.030881424;0.0064110672;0.35274309
0.030881424;0.0044347825;0.34483793
0.030881424;0.0064110672;0.34483793
0.030881424;0.0044347825;0.35274309
0.030881424;0.0044347825;0.35274309
0.030881424;0.0044347825;0.35274309
0.028905138;0.0064110672;0.34483793
0.028905138;0.0044347825;0.34483793
0.030881424;0.0044347825;0.34483793
0.028905138;0.0044347825;0.34483793
0.028905138;0.0044347825;0.34483793
0.026928853;0.0044347825;0.34483793
0.026928853;0.0024584981;0.34483793
0.026928853;0.0044347825;0.33693281
0.026928853;0.0044347825;0.34483793
0.02495257;0.0044347825;0.34483793
0.026928853;0.0024584981;0.35274309
0.026928853;0.0024584981;0.35274309
0.02495257;0.0044347825;0.34483793
0.026928853;0.0024584981;0.34483793
0.02495257;0.0044347825;0.34483793
0.022976285;0.0024584981;0.34483793
0.02495257;0.0024584981;0.35274309
0.022976285;0.0024584981;0.34483793
0.022976285;0.0024584981;0.34483793
0.022976285;0.0024584981;0.34483793
0.021;0.0044347825;0.34483793
0.022976285;0.0024584981;0.34483793
0.022976285;0.0024584981;0.34483793
0.022976285;0.0024584981;0.34483793
0.021;0.0024584981;0.34483793
0.021;0.00048221345;0.34483793
0.021;0.00048221345;0.34483793
0.019023715;0.0024584981;0.34483793
0.021;0.00048221345;0.34483793
0.021;0.00048221345;0.35274309
0.019023715;0.00048221345;0.34483793
0.021;0.00048221345;0.35274309
0.019023715;0.00048221345;0.34483793
0.019023715;0.00048221345;0.34483793
0.019023715;0.00048221345;0.34483793
0.019023715;0.00048221345;0.35274309
0.017047431;0.00048221345;0.34483793
0.015071146;0.00048221345;0.34483793
0.017047431;0.00048221345;0.34483793
0.017047431;-0.0014940711;0.34483793
0.017047431;0.00048221345;0.34483793
0.017047431;-0.0014940711;0.34483793
0.015071146;0.00048221345;0.34483793
0.017047431;0.00048221345;0.34483793
0.015071146;0.00048221345;0.34483793
0.015071146;-0.0014940711;0.34483793
0.015071146;-0.0014940711;0.34483793
0.015071146;-0.0014940711;0.34483793
0.015071146;0.00048221345;0.34483793
0.013094862;-0.0014940711;0.34483793
0.015071146;0.00048221345;0.34483793
0.015071146;-0.0014940711;0.34483793
0.013094862;0.00048221345;0.34483793
0.011118577;-0.0014940711;0.34483793
0.011118577;0.00048221345;0.34483793
0.011118577;-0.0014940711;0.34483793
0.013094862;0.00048221345;0.34483793
0.011118577;-0.0014940711;0.34483793
0.0091422927;-0.0014940711;0.34483793
0.011118577;-0.0014940711;0.34483793
0.011118577;-0.0014940711;0.34483793
0.0091422927;-0.0034703556;0.34483793
0.007166008;-0.0014940711;0.34483793
0.011118577;-0.0014940711;0.34483793
0.0091422927;-0.0014940711;0.34483793
0.007166008;-0.0014940711;0.34483793
0.0091422927;-0.0014940711;0.34483793
0.007166008;-0.0034703556;0.35274309
0.007166008;-0.0014940711;0.34483793
0.007166008;-0.0034703556;0.34483793
0.007166008;-0.0014940711;0.34483793
0.0051897233;-0.0014940711;0.34483793
0.007166008;-0.0034703556;0.34483793
0.0051897233;-0.0034703556;0.34483793
0.0051897233;-0.0034703556;0.34483793
0.0051897233;-0.0034703556;0.34483793
0.0051897233;-0.0034703556;0.35274309
0.0051897233;-0.0034703556;0.34483793
0.0032134387;-0.0034703556;0.34483793
0.0032134387;-0.0034703556;0.34483793
0.0032134387;-0.0054466403;0.34483793
0.0012371541;-0.0034703556;0.34483793
0.0032134387;-0.0034703556;0.34483793
0.0012371541;-0.0054466403;0.35274309
0.0012371541;-0.0034703556;0.34483793
0.0012371541;-0.0054466403;0.34483793
0.0012371541;-0.0034703556;0.34483793
-0.00073913042;-0.0054466403;0.34483793
-0.00073913042;-0.0034703556;0.34483793
0.0012371541;-0.0054466403;0.35274309
-0.00073913042;-0.0054466403;0.34483793
-0.00073913042;-0.0034703556;0.34483793
-0.00073913042;-0.0054466403;0.34483793
-0.00073913042;-0.0054466403;0.34483793
-0.00073913042;-0.007422925;0.34483793
-0.0027154151;-0.0054466403;0.35274309
-0.0027154151;-0.0054466403;0.34483793
-0.0027154151;-0.0054466403;0.34483793
-0.0027154151;-0.0054466403;0.35274309
-0.0027154151;-0.0054466403;0.34483793
-0.0027154151;-0.0054466403;0.34483793
-0.0046916995;-0.007422925;0.34483793
-0.0046916995;-0.0054466403;0.33693281
-0.0046916995;-0.0054466403;0.34483793
-0.0046916995;-0.007422925;0.34483793
-0.0046916995;-0.0054466403;0.34483793
-0.0046916995;-0.007422925;0.34483793
-0.0046916995;-0.007422925;0.35274309
-0.0066679842;-0.0054466403;0.34483793
-0.0066679842;-0.0054466403;0.34483793
-0.0066679842;-0.007422925;0.34483793
-0.0086442688;-0.0054466403;0.34483793
-0.0066679842;-0.0054466403;0.34483793
-0.0066679842;-0.007422925;0.35274309
-0.0086442688;-0.0054466403;0.34483793
-0.0066679842;-0.007422925;0.34483793
-0.0066679842;-0.007422925;0.34483793
-0.0086442688;-0.0054466403;0.34483793
-0.0086442688;-0.007422925;0.34483793
-0.0086442688;-0.007422925;0.33693281
-0.0086442688;-0.007422925;0.34483793
-0.010620553;-0.007422925;0.34483793
-0.0086442688;-0.0093992092;0.34483793
-0.010620553;-0.007422925;0.34483793
-0.010620553;-0.007422925;0.34483793
-0.0086442688;-0.007422925;0.35274309
-0.010620553;-0.0093992092;0.34483793
-0.012596838;-0.007422925;0.35274309
-0.010620553;-0.007422925;0.34483793
-0.012596838;-0.007422925;0.34483793
-0.012596838;-0.007422925;0.34483793
-0.012596838;-0.0093992092;0.34483793
-0.010620553;-0.0093992092;0.34483793
-0.012596838;-0.0093992092;0.34483793
-0.012596838;-0.0093992092;0.35274309
-0.012596838;-0.007422925;0.34483793
-0.014573122;-0.007422925;0.35274309
-0.014573122;-0.0093992092;0.34483793
-0.012596838;-0.0093992092;0.34483793
-0.012596838;-0.0093992092;0.34483793
-0.014573122;-0.0093992092;0.34483793
-0.014573122;-0.007422925;0.34483793
-0.014573122;-0.0093992092;0.34483793
-0.014573122;-0.0093992092;0.34483793
-0.014573122;-0.007422925;0.34483793
-0.016549407;-0.0093992092;0.33693281
-0.016549407;-0.0093992092;0.34483793
-0.016549407;-0.0093992092;0.34483793
-0.014573122;-0.011375494;0.34483793
-0.014573122;-0.0093992092;0.34483793
-0.016549407;-0.0093992092;0.33693281
-0.018525692;-0.0093992092;0.34483793
-0.016549407;-0.011375494;0.34483793
-0.018525692;-0.011375494;0.34483793
-0.018525692;-0.0093992092;0.34483793
-0.018525692;-0.011375494;0.34483793
-0.018525692;-0.0093992092;0.34483793
-0.018525692;-0.0093992092;0.34483793
-0.018525692;-0.011375494;0.34483793
-0.018525692;-0.011375494;0.34483793
-0.020501977;-0.0093992092;0.34483793
-0.018525692;-0.011375494;0.34483793
-0.020501977;-0.011375494;0.33693281
-0.020501977;-0.011375494;0.34483793
-0.020501977;-0.011375494;0.34483793
-0.020501977;-0.011375494;0.35274309
-0.020501977;-0.011375494;0.34483793
-0.020501977;-0.011375494;0.34483793
-0.02247826;-0.011375494;0.35274309
-0.020501977;-0.011375494;0.34483793
-0.02247826;-0.0093992092;0.34483793
-0.02247826;-0.011375494;0.34483793
-0.02247826;-0.011375494;0.34483793
-0.02247826;-0.0093992092;0.34483793
-0.02247826;-0.011375494;0.34483793
-0.020501977;-0.011375494;0.34483793
-0.02247826;-0.011375494;0.34483793
-0.02247826;-0.013351778;0.34483793
-0.02247826;-0.011375494;0.34483793
-0.02247826;-0.011375494;0.35274309
-0.02247826;-0.011375494;0.34483793
-0.024454545;-0.011375494;0.34483793
-0.02247826;-0.011375494;0.35274309
-0.02247826;-0.013351778;0.34483793
-0.02247826;-0.013351778;0.34483793
-0.02247826;-0.013351778;0.35274309
-0.024454545;-0.013351778;0.34483793
-0.02247826;-0.013351778;0.34483793
-0.024454545;-0.013351778;0.35274309
-0.024454545;-0.013351778;0.34483793
-0.02247826;-0.013351778;0.34483793
-0.024454545;-0.013351778;0.34483793
-0.02643083;-0.015328064;0.34483793
-0.02643083;-0.015328064;0.35274309
-0.02643083;-0.013351778;0.34483793
-0.024454545;-0.013351778;0.35274309
-0.02643083;-0.013351778;0.34483793
-0.02643083;-0.013351778;0.34483793
-0.02643083;-0.015328064;0.34483793
-0.02643083;-0.015328064;0.34483793
-0.02643083;-0.015328064;0.34483793
-0.02643083;-0.013351778;0.34483793
-0.02643083;-0.015328064;0.34483793
-0.02643083;-0.015328064;0.34483793
-0.024454545;-0.015328064;0.34483793
-0.028407115;-0.015328064;0.34483793
-0.02643083;-0.015328064;0.34483793
-0.028407115;-0.015328064;0.34483793
-0.02643083;-0.017304348;0.34483793
-0.028407115;-0.013351778;0.35274309
-0.028407115;-0.015328064;0.34483793
-0.028407115;-0.015328064;0.35274309
-0.02643083;-0.015328064;0.34483793
-0.028407115;-0.015328064;0.34483793
-0.028407115;-0.015328064;0.34483793
-0.028407115;-0.015328064;0.34483793
-0.028407115;-0.015328064;0.35274309
-0.028407115;-0.013351778;0.34483793
-0.028407115;-0.015328064;0.34483793
-0.028407115;-0.013351778;0.34483793
-0.028407115;-0.015328064;0.34483793
-0.030383399;-0.015328064;0.34483793
-0.028407115;-0.015328064;0.34483793
-0.028407115;-0.015328064;0.34483793
-0.030383399;-0.017304348;0.35274309
-0.028407115;-0.015328064;0.35274309
-0.028407115;-0.015328064;0.34483793
-0.030383399;-0.015328064;0.34483793
-0.028407115;-0.015328064;0.34483793
-0.028407115;-0.017304348;0.35274309
-0.030383399;-0.015328064;0.35274309
-0.030383399;-0.015328064;0.35274309
-0.030383399;-0.017304348;0.34483793
-0.028407115;-0.017304348;0.35274309
-0.030383399;-0.017304348;0.34483793
-0.028407115;-0.017304348;0.34483793
-0.030383399;-0.017304348;0.33693281
-0.030383399;-0.017304348;0.34483793
-0.030383399;-0.017304348;0.34483793
-0.030383399;-0.017304348;0.34483793
-0.028407115;-0.017304348;0.34483793
-0.030383399;-0.017304348;0.34483793
-0.030383399;-0.017304348;0.34483793
-0.030383399;-0.017304348;0.35274309
-0.030383399;-0.017304348;0.34483793
-0.030383399;-0.017304348;0.34483793
-0.030383399;-0.017304348;0.34483793
-0.030383399;-0.017304348;0.34483793
-0.032359682;-0.019280633;0.34483793
-0.030383399;-0.017304348;0.34483793
-0.030383399;-0.017304348;0.34483793
-0.030383399;-0.017304348;0.34483793
-0.030383399;-0.019280633;0.35274309
-0.030383399;-0.017304348;0.35274309
-0.030383399;-0.017304348;0.34483793
-0.030383399;-0.017304348;0.34483793
-0.030383399;-0.017304348;0.35274309
-0.030383399;-0.017304348;0.34483793
-0.032359682;-0.017304348;0.34483793
-0.030383399;-0.019280633;0.34483793
-0.032359682;-0.019280633;0.35274309
-0.030383399;-0.017304348;0.34483793
-0.032359682;-0.019280633;0.35274309
-0.032359682;-0.017304348;0.34483793
-0.030383399;-0.019280633;0.34483793
-0.030383399;-0.017304348;0.34483793
-0.030383399;-0.017304348;0.35274309
-0.030383399;-0.019280633;0.34483793
-0.030383399;-0.019280633;0.34483793
-0.032359682;-0.019280633;0.34483793
-0.032359682;-0.019280633;0.34483793
-0.030383399;-0.017304348;0.34483793
-0.030383399;-0.019280633;0.34483793
-0.030383399;-0.019280633;0.34483793
-0.030383399;-0.019280633;0.34483793
-0.030383399;-0.019280633;0.35274309
-0.030383399;-0.019280633;0.34483793
-0.030383399;-0.019280633;0.34483793
-0.030383399;-0.019280633;0.34483793
-0.030383399;-0.019280633;0.34483793
-0.030383399;-0.019280633;0.34483793
-0.030383399;-0.019280633;0.34483793
-0.030383399;-0.019280633;0.34483793
-0.030383399;-0.019280633;0.34483793
-0.030383399;-0.019280633;0.34483793
-0.032359682;-0.019280633;0.34483793
-0.030383399;-0.021256916;0.34483793
-0.030383399;-0.019280633;0.34483793
-0.032359682;-0.021256916;0.34483793
-0.030383399;-0.021256916;0.34483793
-0.030383399;-0.021256916;0.34483793
-0.030383399;-0.021256916;0.35274309
-0.028407115;-0.021256916;0.34483793
-0.030383399;-0.021256916;0.34483793
-0.030383399;-0.021256916;0.34483793
-0.030383399;-0.021256916;0.34483793
-0.030383399;-0.021256916;0.34483793
-0.030383399;-0.021256916;0.34483793
-0.030383399;-0.021256916;0.34483793
-0.028407115;-0.021256916;0.34483793
-0.030383399;-0.021256916;0.35274309
-0.030383399;-0.021256916;0.35274309
-0.030383399;-0.021256916;0.35274309
-0.030383399;-0.021256916;0.34483793
-0.028407115;-0.019280633;0.35274309
-0.030383399;-0.021256916;0.34483793
-0.030383399;-0.021256916;0.34483793
-0.028407115;-0.021256916;0.34483793
-0.028407115;-0.023233201;0.34483793
-0.030383399;-0.021256916;0.35274309
-0.028407115;-0.021256916;0.34483793
-0.028407115;-0.021256916;0.34483793
-0.028407115;-0.021256916;0.34483793
-0.028407115;-0.021256916;0.34483793
-0.028407115;-0.021256916;0.34483793
-0.028407115;-0.021256916;0.34483793
-0.028407115;-0.021256916;0.34483793
-0.02643083;-0.021256916;0.34483793
-0.02643083;-0.021256916;0.35274309
-0.02643083;-0.021256916;0.35274309
-0.028407115;-0.021256916;0.34483793
-0.028407115;-0.023233201;0.35274309
-0.02643083;-0.023233201;0.34483793
-0.024454545;-0.021256916;0.34483793
-0.02643083;-0.023233201;0.34483793
-0.024454545;-0.021256916;0.34483793
-0.02643083;-0.019280633;0.34483793
-0.02643083;-0.021256916;0.34483793
-0.02643083;-0.021256916;0.34483793
-0.024454545;-0.021256916;0.34483793
-0.024454545;-0.021256916;0.34483793
-0.024454545;-0.023233201;0.34483793
-0.02643083;-0.023233201;0.34483793
-0.024454545;-0.023233201;0.34483793
-0.024454545;-0.023233201;0.34483793
-0.024454545;-0.021256916;0.34483793
-0.024454545;-0.023233201;0.34483793
-0.02247826;-0.023233201;0.34483793
-0.024454545;-0.023233201;0.34483793
-0.02247826;-0.021256916;0.34483793
-0.02247826;-0.023233201;0.34483793
-0.024454545;-0.023233201;0.34483793
-0.024454545;-0.023233201;0.35274309
-0.02247826;-0.023233201;0.34483793
-0.024454545;-0.023233201;0.34483793
-0.02247826;-0.023233201;0.35274309
-0.02247826;-0.023233201;0.34483793
-0.02247826;-0.023233201;0.34483793
-0.02247826;-0.023233201;0.34483793
-0.02247826;-0.021256916;0.33693281
-0.02247826;-0.023233201;0.34483793
-0.02247826;-0.023233201;0.35274309
-0.02247826;-0.021256916;0.34483793
-0.02247826;-0.023233201;0.34483793
-0.020501977;-0.023233201;0.34483793
-0.020501977;-0.023233201;0.34483793
-0.020501977;-0.023233201;0.35274309
-0.02247826;-0.023233201;0.34483793
-0.020501977;-0.023233201;0.34483793
-0.020501977;-0.023233201;0.34483793
-0.020501977;-0.023233201;0.34483793
-0.02247826;-0.023233201;0.34483793
-0.020501977;-0.023233201;0.34483793
-0.020501977;-0.023233201;0.33693281
-0.020501977;-0.023233201;0.34483793
-0.020501977;-0.023233201;0.34483793
-0.020501977;-0.023233201;0.34483793
-0.020501977;-0.023233201;0.34483793
-0.020501977;-0.023233201;0.34483793
-0.020501977;-0.023233201;0.34483793
-0.020501977;-0.021256916;0.34483793
-0.018525692;-0.023233201;0.34483793
-0.018525692;-0.023233201;0.34483793
-0.016549407;-0.023233201;0.34483793
-0.018525692;-0.023233201;0.34483793
-0.016549407;-0.023233201;0.34483793
-0.018525692;-0.023233201;0.34483793
-0.016549407;-0.023233201;0.34483793
-0.016549407;-0.023233201;0.34483793
-0.018525692;-0.023233201;0.34483793
-0.016549407;-0.023233201;0.34483793
-0.016549407;-0.023233201;0.34483793
-0.016549407;-0.023233201;0.35274309
-0.016549407;-0.023233201;0.34483793
-0.014573122;-0.023233201;0.34483793
-0.014573122;-0.025209486;0.34483793
-0.016549407;-0.025209486;0.34483793
-0.014573122;-0.025209486;0.34483793
-0.014573122;-0.025209486;0.34483793
-0.012596838;-0.025209486;0.34483793
-0.014573122;-0.023233201;0.34483793
-0.014573122;-0.023233201;0.34483793
-0.012596838;-0.025209486;0.35274309
-0.012596838;-0.025209486;0.34483793
-0.012596838;-0.025209486;0.35274309
-0.012596838;-0.025209486;0.34483793
-0.012596838;-0.025209486;0.34483793
-0.012596838;-0.023233201;0.34483793
-0.012596838;-0.023233201;0.34483793
-0.012596838;-0.025209486;0.35274309
-0.010620553;-0.023233201;0.34483793
-0.012596838;-0.023233201;0.34483793
-0.010620553;-0.023233201;0.34483793
-0.010620553;-0.025209486;0.34483793
-0.010620553;-0.025209486;0.34483793
-0.010620553;-0.025209486;0.34483793
-0.0086442688;-0.025209486;0.34483793
-0.0086442688;-0.025209486;0.35274309
-0.0086442688;-0.023233201;0.34483793
-0.0086442688;-0.023233201;0.35274309
-0.0086442688;-0.023233201;0.34483793
-0.0086442688;-0.025209486;0.34483793
-0.0086442688;-0.023233201;0.34483793
-0.0086442688;-0.025209486;0.34483793
-0.0066679842;-0.025209486;0.33693281
-0.0066679842;-0.025209486;0.34483793
-0.0066679842;-0.025209486;0.33693281
-0.0066679842;-0.025209486;0.34483793
-0.0066679842;-0.025209486;0.34483793
-0.0066679842;-0.025209486;0.34483793
-0.0066679842;-0.025209486;0.34483793
-0.0066679842;-0.025209486;0.35274309
-0.0066679842;-0.025209486;0.34483793
-0.0046916995;-0.025209486;0.35274309
-0.0046916995;-0.025209486;0.34483793
-0.0046916995;-0.023233201;0.35274309
-0.0027154151;-0.025209486;0.34483793
-0.0046916995;-0.025209486;0.35274309
-0.0027154151;-0.025209486;0.34483793
-0.0027154151;-0.025209486;0.34483793
-0.0027154151;-0.025209486;0.34483793
-0.0027154151;-0.025209486;0.34483793
-0.0027154151;-0.025209486;0.34483793
-0.00073913042;-0.025209486;0.34483793
-0.0027154151;-0.025209486;0.34483793
-0.00073913042;-0.023233201;0.35274309
-0.0027154151;-0.025209486;0.35274309
-0.00073913042;-0.025209486;0.34483793
-0.00073913042;-0.025209486;0.34483793
-0.00073913042;-0.023233201;0.34483793
-0.00073913042;-0.025209486;0.34483793
0.0012371541;-0.025209486;0.34483793
-0.00073913042;-0.025209486;0.34483793
-0.00073913042;-0.025209486;0.34483793
0.0012371541;-0.025209486;0.34483793
0.0032134387;-0.025209486;0.34483793
0.0012371541;-0.027185772;0.34483793
0.0012371541;-0.025209486;0.34483793
0.0032134387;-0.025209486;0.34483793
0.0032134387;-0.027185772;0.34483793
0.0032134387;-0.025209486;0.35274309
0.0032134387;-0.025209486;0.35274309
0.0032134387;-0.025209486;0.34483793
0.0051897233;-0.025209486;0.34483793
0.0051897233;-0.025209486;0.33693281
0.0051897233;-0.025209486;0.34483793
0.0051897233;-0.027185772;0.34483793
0.0051897233;-0.025209486;0.34483793
0.0051897233;-0.025209486;0.34483793
0.0051897233;-0.025209486;0.35274309
0.007166008;-0.025209486;0.34483793
0.007166008;-0.025209486;0.34483793
0.007166008;-0.025209486;0.35274309
0.007166008;-0.025209486;0.34483793
0.007166008;-0.025209486;0.34483793
0.007166008;-0.025209486;0.34483793
0.0091422927;-0.025209486;0.33693281
0.007166008;-0.025209486;0.34483793
0.011118577;-0.025209486;0.34483793
0.0091422927;-0.025209486;0.34483793
0.011118577;-0.025209486;0.34483793
0.0091422927;-0.027185772;0.34483793
0.011118577;-0.025209486;0.34483793
0.011118577;-0.025209486;0.34483793
0.011118577;-0.025209486;0.34483793
0.011118577;-0.025209486;0.34483793
0.013094862;-0.027185772;0.34483793
0.013094862;-0.025209486;0.34483793
0.011118577;-0.025209486;0.34483793
0.013094862;-0.025209486;0.34483793
0.015071146;-0.025209486;0.34483793
0.015071146;-0.027185772;0.34483793
0.013094862;-0.027185772;0.34483793
0.015071146;-0.027185772;0.34483793
0.015071146;-0.025209486;0.34483793
0.015071146;-0.025209486;0.34483793
0.015071146;-0.025209486;0.34483793
0.017047431;-0.025209486;0.34483793
0.017047431;-0.025209486;0.34483793
0.017047431;-0.025209486;0.34483793
0.017047431;-0.025209486;0.34483793
0.017047431;-0.025209486;0.34483793
0.017047431;-0.025209486;0.34483793
0.017047431;-0.025209486;0.35274309
0.019023715;-0.025209486;0.34483793
0.019023715;-0.025209486;0.34483793
0.019023715;-0.025209486;0.33693281
0.019023715;-0.025209486;0.33693281
0.019023715;-0.025209486;0.35274309
0.019023715;-0.025209486;0.34483793
0.021;-0.025209486;0.34483793
0.021;-0.025209486;0.34483793
0.021;-0.027185772;0.34483793
0.019023715;-0.025209486;0.34483793
0.021;-0.025209486;0.34483793
0.021;-0.025209486;0.34483793
0.021;-0.027185772;0.34483793
0.022976285;-0.027185772;0.34483793
0.022976285;-0.025209486;0.34483793
0.021;-0.027185772;0.34483793
0.022976285;-0.025209486;0.33693281
0.022976285;-0.025209486;0.35274309
0.02495257;-0.025209486;0.34483793
0.02495257;-0.025209486;0.34483793
0.02495257;-0.025209486;0.34483793
0.02495257;-0.025209486;0.34483793
0.02495257;-0.027185772;0.34483793
0.02495257;-0.025209486;0.34483793
0.02495257;-0.027185772;0.34483793
0.026928853;-0.025209486;0.34483793
0.026928853;-0.025209486;0.34483793
0.026928853;-0.025209486;0.34483793
0.02495257;-0.025209486;0.34483793
0.026928853;-0.025209486;0.34483793
0.026928853;-0.025209486;0.33693281
0.026928853;-0.025209486;0.35274309
0.028905138;-0.025209486;0.34483793
0.030881424;-0.025209486;0.34483793
0.030881424;-0.025209486;0.34483793
0.030881424;-0.025209486;0.34483793
0.030881424;-0.025209486;0.35274309
0.030881424;-0.025209486;0.34483793
0.032857709;-0.025209486;0.34483793
0.032857709;-0.025209486;0.34483793
0.030881424;-0.025209486;0.35274309
0.032857709;-0.027185772;0.34483793
0.030881424;-0.025209486;0.34483793
0.032857709;-0.025209486;0.34483793
0.032857709;-0.025209486;0.34483793
0.032857709;-0.025209486;0.34483793
0.034833994;-0.025209486;0.34483793
0.034833994;-0.025209486;0.34483793
0.034833994;-0.025209486;0.35274309
0.034833994;-0.025209486;0.34483793
0.036810275;-0.025209486;0.34483793
0.036810275;-0.025209486;0.35274309
0.036810275;-0.023233201;0.34483793
0.034833994;-0.025209486;0.34483793
0.036810275;-0.025209486;0.34483793
0.036810275;-0.025209486;0.35274309
0.03878656;-0.025209486;0.34483793
0.036810275;-0.025209486;0.35274309
0.03878656;-0.025209486;0.35274309
0.03878656;-0.025209486;0.34483793
0.03878656;-0.025209486;0.34483793
0.03878656;-0.023233201;0.34483793
0.03878656;-0.025209486;0.35274309
0.040762845;-0.025209486;0.33693281
0.03878656;-0.025209486;0.34483793
0.040762845;-0.025209486;0.34483793
0.040762845;-0.025209486;0.35274309
0.040762845;-0.025209486;0.34483793
0.040762845;-0.025209486;0.34483793
0.040762845;-0.025209486;0.34483793
0.042739131;-0.023233201;0.34483793
0.040762845;-0.023233201;0.34483793
0.042739131;-0.025209486;0.34483793
0.044715416;-0.023233201;0.34483793
0.042739131;-0.025209486;0.34483793
0.042739131;-0.023233201;0.34483793
0.044715416;-0.023233201;0.34483793
0.044715416;-0.025209486;0.34483793
0.044715416;-0.025209486;0.33693281
0.044715416;-0.025209486;0.34483793
0.044715416;-0.023233201;0.34483793
0.046691701;-0.025209486;0.34483793
0.046691701;-0.025209486;0.35274309
0.046691701;-0.025209486;0.34483793
0.048667986;-0.025209486;0.35274309
0.046691701;-0.023233201;0.34483793
0.046691701;-0.025209486;0.34483793
0.046691701;-0.025209486;0.34483793
0.046691701;-0.023233201;0.34483793
0.046691701;-0.025209486;0.34483793
0.046691701;-0.023233201;0.34483793
0.048667986;-0.025209486;0.34483793
0.046691701;-0.025209486;0.34483793
0.048667986;-0.023233201;0.34483793
0.048667986;-0.023233201;0.34483793
0.048667986;-0.023233201;0.33693281
0.048667986;-0.025209486;0.34483793
0.050644267;-0.023233201;0.34483793
0.050644267;-0.023233201;0.34483793
0.050644267;-0.025209486;0.34483793
0.052620552;-0.023233201;0.34483793
0.050644267;-0.023233201;0.34483793
0.052620552;-0.023233201;0.34483793
0.052620552;-0.025209486;0.34483793
0.052620552;-0.023233201;0.34483793
0.052620552;-0.023233201;0.34483793
0.052620552;-0.023233201;0.34483793
0.052620552;-0.023233201;0.35274309
0.054596838;-0.023233201;0.34483793
0.054596838;-0.023233201;0.34483793
0.054596838;-0.023233201;0.34483793
0.054596838;-0.023233201;0.34483793
0.054596838;-0.023233201;0.34483793
0.054596838;-0.023233201;0.34483793
0.054596838;-0.023233201;0.34483793
0.054596838;-0.023233201;0.34483793
0.054596838;-0.023233201;0.34483793
0.056573123;-0.025209486;0.34483793
0.054596838;-0.023233201;0.34483793
0.056573123;-0.023233201;0.34483793
0.056573123;-0.023233201;0.34483793
0.056573123;-0.023233201;0.34483793
0.056573123;-0.023233201;0.34483793
0.058549408;-0.023233201;0.35274309
0.058549408;-0.023233201;0.34483793
0.058549408;-0.025209486;0.34483793
0.058549408;-0.021256916;0.34483793
0.056573123;-0.023233201;0.34483793
0.058549408;-0.023233201;0.34483793
0.058549408;-0.023233201;0.34483793
0.058549408;-0.023233201;0.34483793
0.058549408;-0.021256916;0.34483793
0.058549408;-0.021256916;0.34483793
0.060525693;-0.021256916;0.34483793
0.060525693;-0.021256916;0.34483793
0.060525693;-0.023233201;0.34483793
0.060525693;-0.023233201;0.35274309
0.060525693;-0.021256916;0.34483793
0.060525693;-0.021256916;0.34483793
0.062501974;-0.023233201;0.34483793
0.062501974;-0.021256916;0.35274309
0.060525693;-0.023233201;0.35274309
0.062501974;-0.021256916;0.33693281
0.062501974;-0.021256916;0.34483793
0.062501974;-0.021256916;0.34483793
0.062501974;-0.023233201;0.34483793
0.064478263;-0.021256916;0.34483793
0.064478263;-0.021256916;0.34483793
0.064478263;-0.023233201;0.34483793
0.062501974;-0.023233201;0.34483793
0.064478263;-0.021256916;0.34483793
0.064478263;-0.021256916;0.34483793
0.064478263;-0.021256916;0.34483793
0.064478263;-0.021256916;0.34483793
0.064478263;-0.021256916;0.34483793
0.064478263;-0.021256916;0.33693281
0.064478263;-0.021256916;0.34483793
0.064478263;-0.021256916;0.34483793
0.066454545;-0.021256916;0.34483793
0.066454545;-0.021256916;0.34483793
0.066454545;-0.021256916;0.34483793
0.064478263;-0.021256916;0.34483793
0.066454545;-0.021256916;0.34483793
0.066454545;-0.021256916;0.34483793
0.066454545;-0.021256916;0.34483793
0.066454545;-0.021256916;0.34483793
0.068430834;-0.021256916;0.34483793
0.066454545;-0.019280633;0.34483793
0.066454545;-0.021256916;0.34483793
0.066454545;-0.021256916;0.34483793
0.066454545;-0.021256916;0.34483793
0.068430834;-0.021256916;0.33693281
0.066454545;-0.019280633;0.34483793
0.066454545;-0.019280633;0.34483793
0.068430834;-0.021256916;0.34483793
0.068430834;-0.019280633;0.34483793
0.068430834;-0.021256916;0.34483793
0.068430834;-0.021256916;0.34483793
0.068430834;-0.021256916;0.34483793
0.068430834;-0.021256916;0.34483793
0.068430834;-0.021256916;0.34483793
0.068430834;-0.019280633;0.34483793
0.068430834;-0.021256916;0.34483793
0.068430834;-0.021256916;0.34483793
0.070407115;-0.019280633;0.34483793
0.070407115;-0.019280633;0.34483793
0.070407115;-0.019280633;0.34483793
0.070407115;-0.019280633;0.34483793
0.070407115;-0.019280633;0.35274309
0.070407115;-0.019280633;0.34483793
0.070407115;-0.019280633;0.34483793
0.072383396;-0.021256916;0.34483793
0.070407115;-0.019280633;0.34483793
0.070407115;-0.019280633;0.34483793
0.072383396;-0.019280633;0.35274309
0.072383396;-0.019280633;0.34483793
0.070407115;-0.019280633;0.34483793
0.070407115;-0.019280633;0.34483793
0.072383396;-0.019280633;0.35274309
0.070407115;-0.019280633;0.34483793
0.072383396;-0.019280633;0.34483793
0.072383396;-0.019280633;0.35274309
0.072383396;-0.019280633;0.34483793
0.072383396;-0.019280633;0.34483793
0.072383396;-0.019280633;0.34483793
0.072383396;-0.019280633;0.34483793
0.072383396;-0.019280633;0.34483793
0.072383396;-0.019280633;0.34483793
0.072383396;-0.019280633;0.33693281
0.072383396;-0.019280633;0.34483793
0.074359685;-0.019280633;0.34483793
0.074359685;-0.019280633;0.34483793
0.074359685;-0.017304348;0.34483793
0.074359685;-0.019280633;0.34483793
0.072383396;-0.019280633;0.34483793
0.072383396;-0.017304348;0.34483793
0.074359685;-0.017304348;0.34483793
0.072383396;-0.017304348;0.34483793
0.072383396;-0.017304348;0.34483793
0.074359685;-0.017304348;0.34483793
0.074359685;-0.017304348;0.34483793
0.074359685;-0.017304348;0.34483793
0.074359685;-0.017304348;0.34483793
0.072383396;-0.019280633;0.35274309
0.076335967;-0.017304348;0.34483793
0.074359685;-0.017304348;0.34483793
0.076335967;-0.019280633;0.35274309
0.074359685;-0.019280633;0.34483793
0.074359685;-0.017304348;0.34483793
0.074359685;-0.017304348;0.34483793
0.074359685;-0.017304348;0.34483793
0.074359685;-0.017304348;0.34483793
0.074359685;-0.019280633;0.34483793
0.076335967;-0.017304348;0.35274309
0.076335967;-0.017304348;0.34483793
0.076335967;-0.017304348;0.35274309
0.076335967;-0.017304348;0.35274309
0.074359685;-0.017304348;0.35274309
0.074359685;-0.015328064;0.34483793
0.076335967;-0.017304348;0.35274309
0.074359685;-0.017304348;0.35274309
0.076335967;-0.017304348;0.34483793
0.074359685;-0.017304348;0.34483793
0.076335967;-0.017304348;0.34483793
0.076335967;-0.015328064;0.34483793
0.076335967;-0.017304348;0.34483793
0.076335967;-0.017304348;0.34483793
0.076335967;-0.015328064;0.35274309
0.074359685;-0.015328064;0.35274309
0.074359685;-0.015328064;0.34483793
0.078312255;-0.015328064;0.34483793
0.076335967;-0.013351778;0.35274309
0.076335967;-0.015328064;0.34483793
0.076335967;-0.017304348;0.34483793
0.074359685;-0.015328064;0.34483793
0.074359685;-0.015328064;0.35274309
0.076335967;-0.017304348;0.34483793
0.076335967;-0.015328064;0.34483793
0.076335967;-0.015328064;0.35274309
0.076335967;-0.015328064;0.34483793
0.076335967;-0.013351778;0.34483793
0.076335967;-0.015328064;0.34483793
0.076335967;-0.013351778;0.34483793
0.076335967;-0.013351778;0.34483793
0.074359685;-0.013351778;0.34483793
0.076335967;-0.013351778;0.34483793
0.074359685;-0.013351778;0.34483793
0.076335967;-0.013351778;0.34483793
0.076335967;-0.013351778;0.34483793
0.074359685;-0.013351778;0.34483793
0.074359685;-0.013351778;0.34483793
0.074359685;-0.015328064;0.34483793
0.076335967;-0.013351778;0.35274309
0.076335967;-0.013351778;0.35274309
0.074359685;-0.015328064;0.34483793
0.076335967;-0.013351778;0.34483793
0.076335967;-0.013351778;0.34483793
0.076335967;-0.013351778;0.34483793
0.076335967;-0.013351778;0.34483793
0.074359685;-0.013351778;0.34483793
0.076335967;-0.013351778;0.34483793
0.076335967;-0.013351778;0.34483793
0.074359685;-0.013351778;0.34483793
0.074359685;-0.013351778;0.34483793
0.074359685;-0.013351778;0.35274309
0.074359685;-0.011375494;0.34483793
0.074359685;-0.013351778;0.34483793
0.072383396;-0.013351778;0.35274309
0.072383396;-0.013351778;0.34483793
0.074359685;-0.013351778;0.35274309
0.074359685;-0.013351778;0.34483793
0.072383396;-0.013351778;0.34483793
0.074359685;-0.011375494;0.34483793
0.074359685;-0.013351778;0.34483793
0.072383396;-0.011375494;0.34483793
0.074359685;-0.011375494;0.34483793
0.072383396;-0.013351778;0.34483793
0.072383396;-0.011375494;0.34483793
0.072383396;-0.011375494;0.35274309
0.074359685;-0.013351778;0.34483793
0.072383396;-0.011375494;0.34483793
0.072383396;-0.013351778;0.34483793
0.072383396;-0.011375494;0.34483793
0.072383396;-0.011375494;0.34483793
0.072383396;-0.013351778;0.35274309
0.072383396;-0.011375494;0.34483793
0.072383396;-0.011375494;0.34483793
0.072383396;-0.011375494;0.34483793
0.070407115;-0.011375494;0.34483793
0.070407115;-0.011375494;0.35274309
0.070407115;-0.011375494;0.35274309
0.070407115;-0.0093992092;0.34483793
0.070407115;-0.011375494;0.34483793
0.070407115;-0.011375494;0.34483793
0.070407115;-0.0093992092;0.34483793
0.070407115;-0.011375494;0.34483793
0.070407115;-0.011375494;0.34483793
0.070407115;-0.011375494;0.34483793
0.070407115;-0.011375494;0.34483793
0.070407115;-0.011375494;0.34483793
0.070407115;-0.0093992092;0.34483793
0.070407115;-0.0093992092;0.35274309
0.068430834;-0.011375494;0.34483793
0.070407115;-0.011375494;0.34483793
0.070407115;-0.011375494;0.34483793
0.070407115;-0.011375494;0.34483793
0.068430834;-0.0093992092;0.34483793
0.068430834;-0.0093992092;0.34483793
0.066454545;-0.0093992092;0.34483793
0.068430834;-0.011375494;0.34483793
0.068430834;-0.0093992092;0.35274309
0.066454545;-0.0093992092;0.34483793
0.068430834;-0.0093992092;0.34483793
0.068430834;-0.0093992092;0.34483793
0.066454545;-0.0093992092;0.34483793
0.068430834;-0.0093992092;0.34483793
0.066454545;-0.0093992092;0.34483793
0.066454545;-0.0093992092;0.34483793
0.068430834;-0.0093992092;0.34483793
0.066454545;-0.0093992092;0.34483793
0.068430834;-0.007422925;0.34483793
0.068430834;-0.0093992092;0.35274309
0.066454545;-0.007422925;0.34483793
0.064478263;-0.0093992092;0.34483793
0.066454545;-0.007422925;0.34483793
0.066454545;-0.007422925;0.34483793
0.064478263;-0.007422925;0.34483793
0.066454545;-0.0093992092;0.34483793
0.064478263;-0.007422925;0.34483793
0.064478263;-0.007422925;0.34483793
0.064478263;-0.007422925;0.34483793
0.064478263;-0.007422925;0.34483793
0.064478263;-0.007422925;0.34483793
0.064478263;-0.007422925;0.34483793
0.062501974;-0.007422925;0.34483793
0.064478263;-0.007422925;0.35274309
0.062501974;-0.0054466403;0.34483793
0.064478263;-0.007422925;0.34483793
0.062501974;-0.007422925;0.34483793
0.062501974;-0.007422925;0.34483793
0.062501974;-0.007422925;0.35274309
0.062501974;-0.007422925;0.35274309
0.062501974;-0.007422925;0.34483793
0.062501974;-0.0054466403;0.35274309
0.062501974;-0.0054466403;0.34483793
0.062501974;-0.0054466403;0.35274309
0.060525693;-0.0054466403;0.34483793
0.060525693;-0.0054466403;0.34483793
0.060525693;-0.0054466403;0.34483793
0.060525693;-0.0054466403;0.34483793
0.060525693;-0.0054466403;0.34483793
0.060525693;-0.0054466403;0.34483793
0.060525693;-0.0054466403;0.34483793
0.058549408;-0.0054466403;0.34483793
0.058549408;-0.0054466403;0.34483793
0.058549408;-0.0054466403;0.34483793
0.058549408;-0.0054466403;0.35274309
0.058549408;-0.0054466403;0.34483793
0.058549408;-0.0054466403;0.34483793
0.056573123;-0.0054466403;0.35274309
0.058549408;-0.0054466403;0.34483793
0.058549408;-0.0054466403;0.34483793
0.056573123;-0.0054466403;0.34483793
0.056573123;-0.0054466403;0.34483793
0.056573123;-0.0054466403;0.34483793
0.056573123;-0.0054466403;0.34483793
0.056573123;-0.0034703556;0.35274309
0.056573123;-0.0034703556;0.35274309
0.054596838;-0.0034703556;0.34483793
0.054596838;-0.0034703556;0.34483793
0.054596838;-0.0054466403;0.34483793
0.054596838;-0.0034703556;0.34483793
0.056573123;-0.0034703556;0.34483793
0.054596838;-0.0034703556;0.34483793
0.052620552;-0.0034703556;0.34483793
0.054596838;-0.0034703556;0.34483793
0.052620552;-0.0034703556;0.34483793
0.054596838;-0.0034703556;0.34483793
0.052620552;-0.0034703556;0.34483793
0.052620552;-0.0034703556;0.34483793
0.050644267;-0.0034703556;0.34483793
0.050644267;-0.0034703556;0.34483793
0.050644267;-0.0034703556;0.34483793
0.050644267;-0.0034703556;0.34483793
0.048667986;-0.0034703556;0.34483793
0.050644267;-0.0034703556;0.34483793
0.050644267;-0.0034703556;0.34483793
0.048667986;-0.0034703556;0.35274309
0.048667986;-0.0034703556;0.34483793
0.048667986;-0.0034703556;0.34483793
0.048667986;-0.0014940711;0.34483793
0.048667986;-0.0034703556;0.35274309
0.048667986;-0.0034703556;0.34483793
0.048667986;-0.0014940711;0.35274309
0.046691701;-0.0014940711;0.34483793
0.046691701;-0.0014940711;0.35274309
0.046691701;-0.0014940711;0.34483793
0.048667986;-0.0014940711;0.34483793
0.046691701;-0.0014940711;0.34483793
0.044715416;-0.0014940711;0.34483793
0.044715416;-0.0034703556;0.34483793
0.044715416;-0.0014940711;0.34483793
0.044715416;0.00048221345;0.34483793
0.044715416;-0.0014940711;0.34483793
0.044715416;0.00048221345;0.34483793
0.042739131;-0.0014940711;0.34483793
0.042739131;-0.0014940711;0.34483793
0.044715416;0.00048221345;0.34483793
0.044715416;0.00048221345;0.34483793
0.042739131;0.00048221345;0.34483793
0.042739131;-0.0014940711;0.34483793
0.042739131;0.00048221345;0.33693281
0.040762845;0.00048221345;0.34483793
0.03878656;-0.0014940711;0.34483793
0.040762845;0.00048221345;0.34483793
0.040762845;0.00048221345;0.34483793
0.040762845;0.00048221345;0.34483793
0.040762845;0.00048221345;0.34483793
0.040762845;0.0024584981;0.34483793
0.03878656;0.00048221345;0.34483793
0.03878656;0.00048221345;0.34483793
0.03878656;0.00048221345;0.34483793
0.03878656;0.00048221345;0.34483793
0.03878656;0.00048221345;0.34483793
0.03878656;0.00048221345;0.34483793
0.03878656;0.0024584981;0.34483793
0.03878656;0.00048221345;0.34483793
0.036810275;0.00048221345;0.35274309
0.034833994;0.00048221345;0.35274309
0.036810275;0.0024584981;0.34483793
0.034833994;0.0024584981;0.34483793
0.034833994;0.0024584981;0.34483793
0.034833994;0.0024584981;0.34483793
0.034833994;0.0024584981;0.34483793
0.034833994;0.0024584981;0.34483793
0.034833994;0.0024584981;0.34483793
0.032857709;0.0024584981;0.34483793
0.032857709;0.0024584981;0.34483793
0.032857709;0.0024584981;0.34483793
0.032857709;0.0024584981;0.34483793
0.030881424;0.0024584981;0.34483793
0.032857709;0.0024584981;0.34483793
0.030881424;0.0024584981;0.35274309
0.032857709;0.0024584981;0.34483793
0.032857709;0.0044347825;0.35274309
0.032857709;0.0024584981;0.34483793
0.030881424;0.0044347825;0.34483793
0.030881424;0.0044347825;0.33693281
0.028905138;0.0024584981;0.34483793
0.030881424;0.0044347825;0.34483793
0.028905138;0.0044347825;0.34483793
0.028905138;0.0044347825;0.34483793
0.028905138;0.0044347825;0.35274309
0.028905138;0.0044347825;0.34483793
0.028905138;0.0044347825;0.34483793
0.026928853;0.0064110672;0.34483793
0.028905138;0.0044347825;0.34483793
0.026928853;0.0064110672;0.34483793
0.026928853;0.0064110672;0.34483793
0.026928853;0.0044347825;0.34483793
0.026928853;0.0064110672;0.34483793
0.02495257;0.0064110672;0.35274309
0.022976285;0.0064110672;0.35274309
0.02495257;0.0044347825;0.34483793
0.022976285;0.0044347825;0.35274309
0.022976285;0.0044347825;0.35274309
0.022976285;0.0044347825;0.34483793
0.022976285;0.0064110672;0.34483793
0.022976285;0.0064110672;0.34483793
0.022976285;0.0064110672;0.34483793
0.022976285;0.0064110672;0.34483793
0.021;0.0064110672;0.35274309
0.021;0.0064110672;0.34483793
0.022976285;0.0064110672;0.34483793
0.021;0.0064110672;0.34483793
0.021;0.0064110672;0.34483793
0.021;0.0064110672;0.34483793
0.019023715;0.0064110672;0.34483793
0.019023715;0.0083873514;0.34483793
0.019023715;0.0064110672;0.34483793
0.019023715;0.0064110672;0.34483793
0.019023715;0.0083873514;0.35274309
0.019023715;0.0064110672;0.34483793
0.019023715;0.0083873514;0.34483793
0.017047431;0.0064110672;0.34483793
0.019023715;0.0083873514;0.34483793
0.017047431;0.010363637;0.34483793
0.017047431;0.0083873514;0.34483793
0.017047431;0.0083873514;0.34483793
0.017047431;0.0083873514;0.34483793
0.017047431;0.0083873514;0.34483793
0.015071146;0.0083873514;0.34483793
0.015071146;0.0083873514;0.34483793
0.015071146;0.0083873514;0.34483793
0.015071146;0.010363637;0.34483793
0.013094862;0.0083873514;0.34483793
0.013094862;0.010363637;0.34483793
0.013094862;0.0083873514;0.34483793
0.013094862;0.010363637;0.34483793
0.013094862;0.010363637;0.34483793
0.013094862;0.010363637;0.34483793
0.011118577;0.010363637;0.34483793
0.011118577;0.010363637;0.34483793
0.011118577;0.010363637;0.34483793
0.011118577;0.010363637;0.34483793
0.011118577;0.010363637;0.34483793
0.011118577;0.010363637;0.34483793
0.0091422927;0.010363637;0.35274309
0.0091422927;0.010363637;0.34483793
0.0091422927;0.010363637;0.34483793
0.0091422927;0.010363637;0.34483793
0.0091422927;0.010363637;0.34483793
0.0091422927;0.012339921;0.34483793
0.007166008;0.012339921;0.34483793
0.007166008;0.012339921;0.34483793
0.007166008;0.012339921;0.34483793
0.007166008;0.010363637;0.34483793
0.007166008;0.012339921;0.34483793
0.0051897233;0.012339921;0.35274309
0.007166008;0.012339921;0.34483793
0.0051897233;0.012339921;0.34483793
0.0051897233;0.012339921;0.34483793
0.0051897233;0.012339921;0.34483793
0.0051897233;0.012339921;0.34483793
0.0051897233;0.012339921;0.34483793
0.0051897233;0.012339921;0.35274309
0.0032134387;0.012339921;0.34483793
0.0032134387;0.012339921;0.34483793
0.0032134387;0.012339921;0.34483793
0.0012371541;0.012339921;0.34483793
0.0012371541;0.012339921;0.34483793
0.0012371541;0.012339921;0.34483793
0.0012371541;0.014316206;0.34483793
0.0012371541;0.012339921;0.34483793
-0.00073913042;0.014316206;0.34483793
0.0032134387;0.014316206;0.34483793
0.0012371541;0.012339921;0.34483793
-0.00073913042;0.014316206;0.34483793
-0.00073913042;0.01629249;0.34483793
-0.00073913042;0.014316206;0.34483793
-0.0027154151;0.014316206;0.34483793
-0.00073913042;0.014316206;0.34483793
-0.0027154151;0.014316206;0.34483793
-0.0027154151;0.012339921;0.34483793
-0.0027154151;0.014316206;0.34483793
-0.0027154151;0.014316206;0.34483793
-0.0027154151;0.014316206;0.33693281
-0.0027154151;0.01629249;0.34483793
-0.0027154151;0.014316206;0.35274309
-0.0046916995;0.01629249;0.35274309
-0.0046916995;0.01629249;0.34483793
-0.0066679842;0.01629249;0.34483793
-0.0066679842;0.01629249;0.34483793
-0.0066679842;0.01629249;0.34483793
-0.0046916995;0.01629249;0.34483793
-0.0046916995;0.01629249;0.34483793
-0.0066679842;0.01629249;0.34483793
-0.0066679842;0.01629249;0.34483793
-0.0086442688;0.01629249;0.34483793
-0.0066679842;0.01629249;0.34483793
-0.0066679842;0.01629249;0.34483793
-0.0066679842;0.018268775;0.34483793
-0.0086442688;0.01629249;0.35274309
-0.0086442688;0.018268775;0.34483793
-0.0066679842;0.018268775;0.34483793
-0.010620553;0.018268775;0.34483793
-0.010620553;0.01629249;0.34483793
-0.010620553;0.018268775;0.35274309
-0.0086442688;0.018268775;0.35274309
-0.010620553;0.018268775;0.34483793
-0.010620553;0.020245058;0.34483793
-0.010620553;0.018268775;0.35274309
-0.010620553;0.018268775;0.34483793
-0.010620553;0.018268775;0.34483793
-0.012596838;0.018268775;0.35274309
-0.012596838;0.018268775;0.34483793
-0.010620553;0.020245058;0.34483793
-0.012596838;0.020245058;0.34483793
-0.012596838;0.020245058;0.34483793
-0.012596838;0.020245058;0.34483793
-0.012596838;0.018268775;0.34483793
-0.012596838;0.020245058;0.34483793
-0.014573122;0.020245058;0.34483793
-0.012596838;0.020245058;0.34483793
-0.014573122;0.020245058;0.34483793
-0.012596838;0.020245058;0.34483793
-0.014573122;0.020245058;0.34483793
-0.012596838;0.020245058;0.34483793
-0.014573122;0.020245058;0.34483793
-0.014573122;0.020245058;0.34483793
-0.014573122;0.018268775;0.34483793
-0.016549407;0.020245058;0.34483793
-0.016549407;0.020245058;0.34483793
-0.016549407;0.020245058;0.34483793
-0.016549407;0.020245058;0.34483793
-0.016549407;0.022221344;0.34483793
-0.018525692;0.022221344;0.34483793
-0.016549407;0.022221344;0.34483793
-0.016549407;0.020245058;0.34483793
-0.018525692;0.022221344;0.34483793
-0.016549407;0.022221344;0.34483793
-0.018525692;0.022221344;0.34483793
-0.018525692;0.022221344;0.34483793
-0.020501977;0.022221344;0.34483793
-0.018525692;0.022221344;0.34483793
-0.018525692;0.022221344;0.34483793
-0.018525692;0.022221344;0.35274309
-0.020501977;0.022221344;0.34483793
-0.018525692;0.022221344;0.34483793
-0.018525692;0.024197629;0.34483793
-0.020501977;0.022221344;0.34483793
-0.020501977;0.022221344;0.34483793
-0.02247826;0.022221344;0.34483793
-0.020501977;0.024197629;0.34483793
-0.020501977;0.022221344;0.35274309
-0.020501977;0.024197629;0.34483793
-0.020501977;0.024197629;0.34483793
-0.020501977;0.024197629;0.34483793
-0.02247826;0.024197629;0.34483793
-0.020501977;0.024197629;0.35274309
-0.02247826;0.024197629;0.35274309
-0.020501977;0.024197629;0.34483793
-0.02247826;0.026173914;0.34483793
-0.02247826;0.024197629;0.35274309
-0.02247826;0.024197629;0.34483793
-0.02247826;0.024197629;0.34483793
-0.02247826;0.024197629;0.34483793
-0.02247826;0.024197629;0.34483793
-0.02247826;0.024197629;0.35274309
-0.02247826;0.024197629;0.34483793
-0.02247826;0.026173914;0.34483793
-0.024454545;0.026173914;0.34483793
-0.02247826;0.026173914;0.34483793
-0.024454545;0.026173914;0.34483793
-0.024454545;0.026173914;0.35274309
-0.024454545;0.024197629;0.35274309
-0.02247826;0.026173914;0.34483793
-0.024454545;0.024197629;0.34483793
-0.024454545;0.026173914;0.34483793
-0.024454545;0.026173914;0.34483793
-0.02643083;0.026173914;0.34483793
-0.024454545;0.026173914;0.34483793
-0.02643083;0.026173914;0.34483793
-0.02643083;0.026173914;0.35274309
-0.024454545;0.026173914;0.35274309
-0.02643083;0.028150197;0.34483793
-0.02643083;0.028150197;0.35274309
-0.024454545;0.028150197;0.34483793
-0.02643083;0.026173914;0.35274309
-0.02643083;0.028150197;0.34483793
-0.02643083;0.028150197;0.34483793
-0.02643083;0.028150197;0.34483793
-0.028407115;0.028150197;0.34483793
-0.02643083;0.028150197;0.34483793
-0.02643083;0.028150197;0.34483793
-0.028407115;0.028150197;0.35274309
-0.028407115;0.028150197;0.34483793
-0.02643083;0.028150197;0.34483793
-0.02643083;0.028150197;0.33693281
-0.028407115;0.030126482;0.34483793
-0.028407115;0.030126482;0.35274309
-0.028407115;0.030126482;0.34483793
-0.028407115;0.030126482;0.34483793
-0.028407115;0.030126482;0.34483793
-0.030383399;0.030126482;0.34483793
-0.028407115;0.028150197;0.34483793
-0.030383399;0.030126482;0.34483793
-0.030383399;0.030126482;0.34483793
-0.028407115;0.030126482;0.34483793
-0.030383399;0.030126482;0.34483793
-0.028407115;0.030126482;0.34483793
-0.030383399;0.030126482;0.34483793
-0.030383399;0.030126482;0.34483793
-0.028407115;0.032102767;0.34483793
-0.030383399;0.030126482;0.34483793
-0.028407115;0.030126482;0.34483793
-0.030383399;0.030126482;0.35274309
-0.030383399;0.030126482;0.34483793
-0.028407115;0.030126482;0.34483793
-0.028407115;0.032102767;0.34483793
-0.030383399;0.032102767;0.34483793
-0.030383399;0.032102767;0.34483793
-0.030383399;0.032102767;0.34483793
-0.030383399;0.032102767;0.34483793
-0.030383399;0.030126482;0.34483793
-0.030383399;0.032102767;0.34483793
-0.030383399;0.032102767;0.34483793
-0.030383399;0.032102767;0.34483793
-0.030383399;0.032102767;0.34483793
-0.032359682;0.032102767;0.34483793
-0.030383399;0.032102767;0.34483793
-0.030383399;0.032102767;0.34483793
-0.030383399;0.032102767;0.34483793
-0.030383399;0.032102767;0.34483793
-0.030383399;0.032102767;0.34483793
-0.030383399;0.034079053;0.34483793
-0.030383399;0.032102767;0.34483793
-0.030383399;0.034079053;0.34483793
-0.030383399;0.032102767;0.34483793
-0.032359682;0.032102767;0.35274309
-0.030383399;0.034079053;0.35274309
-0.030383399;0.036055338;0.34483793
-0.032359682;0.032102767;0.34483793
-0.030383399;0.034079053;0.34483793
-0.030383399;0.034079053;0.35274309
-0.032359682;0.034079053;0.34483793
-0.030383399;0.034079053;0.34483793
-0.030383399;0.034079053;0.34483793
-0.030383399;0.034079053;0.34483793
-0.030383399;0.034079053;0.34483793
-0.030383399;0.034079053;0.34483793
-0.030383399;0.034079053;0.35274309
-0.030383399;0.034079053;0.34483793
-0.030383399;0.036055338;0.34483793
-0.032359682;0.034079053;0.34483793
-0.032359682;0.034079053;0.34483793
-0.032359682;0.036055338;0.35274309
-0.030383399;0.036055338;0.33693281
-0.032359682;0.036055338;0.35274309
-0.030383399;0.036055338;0.34483793
-0.030383399;0.036055338;0.34483793
-0.030383399;0.036055338;0.34483793
-0.032359682;0.036055338;0.34483793
-0.030383399;0.036055338;0.34483793
-0.030383399;0.038031619;0.35274309
-0.030383399;0.036055338;0.34483793
-0.032359682;0.038031619;0.35274309
-0.032359682;0.036055338;0.34483793
-0.030383399;0.038031619;0.34483793
-0.030383399;0.036055338;0.34483793
-0.030383399;0.036055338;0.34483793
-0.030383399;0.036055338;0.34483793
-0.030383399;0.036055338;0.34483793
-0.030383399;0.038031619;0.34483793
-0.030383399;0.038031619;0.34483793
-0.030383399;0.038031619;0.34483793
-0.030383399;0.036055338;0.34483793
-0.030383399;0.036055338;0.34483793
-0.030383399;0.036055338;0.34483793
-0.030383399;0.038031619;0.34483793
-0.030383399;0.038031619;0.33693281
-0.030383399;0.038031619;0.34483793
-0.030383399;0.038031619;0.34483793
-0.030383399;0.038031619;0.34483793
-0.030383399;0.040007904;0.34483793
-0.028407115;0.040007904;0.34483793
-0.030383399;0.040007904;0.35274309
-0.030383399;0.038031619;0.34483793
-0.028407115;0.038031619;0.34483793
-0.028407115;0.040007904;0.34483793
-0.028407115;0.038031619;0.35274309
-0.028407115;0.040007904;0.34483793
-0.028407115;0.038031619;0.34483793
-0.028407115;0.038031619;0.34483793
-0.02643083;0.040007904;0.34483793
-0.02643083;0.040007904;0.35274309
-0.028407115;0.040007904;0.34483793
-0.028407115;0.040007904;0.34483793
-0.028407115;0.040007904;0.34483793
-0.028407115;0.040007904;0.35274309
-0.028407115;0.040007904;0.34483793
-0.02643083;0.040007904;0.35274309
-0.02643083;0.040007904;0.34483793
-0.02643083;0.040007904;0.34483793
-0.02643083;0.041984189;0.34483793
-0.02643083;0.041984189;0.34483793
-0.02643083;0.041984189;0.34483793
-0.02643083;0.041984189;0.35274309
-0.028407115;0.041984189;0.34483793
-0.02643083;0.041984189;0.34483793
-0.024454545;0.040007904;0.34483793
-0.024454545;0.041984189;0.34483793
-0.02643083;0.041984189;0.34483793
-0.024454545;0.041984189;0.34483793
-0.024454545;0.041984189;0.34483793
-0.024454545;0.041984189;0.34483793
-0.024454545;0.041984189;0.34483793
-0.02247826;0.041984189;0.34483793
-0.024454545;0.043960474;0.35274309
-0.024454545;0.041984189;0.34483793
-0.024454545;0.041984189;0.34483793
-0.024454545;0.041984189;0.34483793
-0.024454545;0.043960474;0.33693281
-0.024454545;0.043960474;0.34483793
-0.02247826;0.041984189;0.34483793
-0.02247826;0.041984189;0.35274309
-0.024454545;0.041984189;0.34483793
-0.02247826;0.041984189;0.34483793
-0.024454545;0.041984189;0.34483793
-0.024454545;0.041984189;0.34483793
-0.02247826;0.043960474;0.34483793
-0.02247826;0.043960474;0.34483793
-0.02247826;0.043960474;0.34483793
-0.02247826;0.043960474;0.34483793
-0.02247826;0.043960474;0.35274309
-0.020501977;0.043960474;0.34483793
-0.02247826;0.043960474;0.34483793
-0.02247826;0.043960474;0.34483793
-0.020501977;0.041984189;0.34483793
-0.020501977;0.04593676;0.34483793
-0.02247826;0.043960474;0.34483793
-0.020501977;0.043960474;0.34483793
-0.020501977;0.04593676;0.35274309
-0.018525692;0.04593676;0.34483793
-0.020501977;0.04593676;0.35274309
-0.018525692;0.043960474;0.34483793
-0.020501977;0.043960474;0.34483793
-0.018525692;0.043960474;0.34483793
-0.018525692;0.04593676;0.34483793
-0.018525692;0.04593676;0.34483793
-0.018525692;0.04593676;0.34483793
-0.018525692;0.04593676;0.34483793
-0.018525692;0.04593676;0.34483793
-0.018525692;0.04593676;0.35274309
-0.018525692;0.04593676;0.34483793
-0.018525692;0.04593676;0.34483793
-0.018525692;0.04593676;0.34483793
-0.016549407;0.04593676;0.34483793
-0.016549407;0.04593676;0.34483793
-0.014573122;0.04593676;0.34483793
-0.016549407;0.04593676;0.34483793
-0.014573122;0.047913045;0.34483793
-0.016549407;0.047913045;0.34483793
-0.016549407;0.047913045;0.34483793
-0.014573122;0.047913045;0.34483793
-0.014573122;0.04593676;0.34483793
-0.014573122;0.047913045;0.34483793
-0.014573122;0.047913045;0.35274309
-0.014573122;0.047913045;0.34483793
-0.012596838;0.047913045;0.34483793
-0.014573122;0.047913045;0.34483793
-0.012596838;0.047913045;0.34483793
-0.010620553;0.047913045;0.35274309
-0.012596838;0.047913045;0.34483793
-0.010620553;0.047913045;0.34483793
-0.010620553;0.04988933;0.34483793
-0.012596838;0.047913045;0.34483793
-0.010620553;0.047913045;0.34483793
-0.012596838;0.04988933;0.34483793
-0.010620553;0.04988933;0.34483793
-0.010620553;0.047913045;0.34483793
-0.010620553;0.047913045;0.34483793
-0.010620553;0.047913045;0.34483793
-0.010620553;0.04988933;0.34483793
-0.010620553;0.047913045;0.35274309
-0.010620553;0.04988933;0.34483793
-0.0086442688;0.04988933;0.34483793
-0.010620553;0.04988933;0.35274309
-0.0086442688;0.04988933;0.35274309
-0.0086442688;0.04988933;0.35274309
-0.0086442688;0.04988933;0.34483793
-0.0086442688;0.04988933;0.34483793
-0.0086442688;0.04988933;0.34483793
-0.0066679842;0.04988933;0.34483793
-0.0066679842;0.04988933;0.33693281
-0.0066679842;0.04988933;0.35274309
-0.0066679842;0.051865611;0.34483793
-0.0046916995;0.04988933;0.35274309
-0.0066679842;0.04988933;0.34483793
-0.0066679842;0.04988933;0.34483793
-0.0066679842;0.04988933;0.34483793
-0.0066679842;0.04988933;0.34483793
-0.0046916995;0.04988933;0.34483793
-0.0046916995;0.051865611;0.34483793
-0.0027154151;0.04988933;0.35274309
-0.0046916995;0.051865611;0.34483793
-0.0046916995;0.051865611;0.34483793
-0.0046916995;0.04988933;0.34483793
-0.0027154151;0.051865611;0.34483793
-0.0027154151;0.051865611;0.34483793
-0.0027154151;0.051865611;0.34483793
-0.0027154151;0.051865611;0.35274309
-0.0027154151;0.051865611;0.35274309
-0.0027154151;0.051865611;0.34483793
-0.0027154151;0.051865611;0.34483793
-0.00073913042;0.051865611;0.35274309
-0.00073913042;0.051865611;0.34483793
-0.00073913042;0.051865611;0.34483793
-0.00073913042;0.051865611;0.35274309
-0.00073913042;0.051865611;0.34483793
0.0012371541;0.053841896;0.35274309
0.0012371541;0.053841896;0.34483793
0.0012371541;0.053841896;0.34483793
0.0012371541;0.051865611;0.34483793
0.0032134387;0.051865611;0.34483793
0.0012371541;0.053841896;0.35274309
0.0032134387;0.053841896;0.34483793
0.0032134387;0.053841896;0.35274309
0.0032134387;0.053841896;0.34483793
0.0032134387;0.053841896;0.34483793
0.0051897233;0.053841896;0.34483793
0.0051897233;0.051865611;0.34483793
0.0032134387;0.051865611;0.34483793
0.0051897233;0.053841896;0.34483793
0.0051897233;0.053841896;0.34483793
0.0051897233;0.053841896;0.34483793
0.007166008;0.053841896;0.34483793
0.0051897233;0.053841896;0.34483793
0.0051897233;0.051865611;0.34483793
0.007166008;0.053841896;0.34483793
0.007166008;0.053841896;0.34483793
0.007166008;0.053841896;0.34483793
0.007166008;0.053841896;0.34483793
0.007166008;0.055818181;0.34483793
0.0091422927;0.053841896;0.34483793
0.0091422927;0.053841896;0.34483793
0.0091422927;0.053841896;0.34483793
0.0091422927;0.055818181;0.34483793
0.0091422927;0.053841896;0.34483793
0.011118577;0.053841896;0.34483793
0.011118577;0.055818181;0.34483793
0.011118577;0.053841896;0.35274309
0.011118577;0.053841896;0.34483793
0.011118577;0.053841896;0.34483793
0.013094862;0.055818181;0.35274309
0.013094862;0.055818181;0.35274309
0.015071146;0.053841896;0.34483793
0.013094862;0.055818181;0.34483793
0.013094862;0.055818181;0.34483793
0.015071146;0.055818181;0.34483793
0.015071146;0.055818181;0.34483793
0.013094862;0.057794467;0.34483793
0.015071146;0.055818181;0.34483793
0.017047431;0.055818181;0.35274309
0.017047431;0.055818181;0.34483793
0.017047431;0.055818181;0.34483793
0.017047431;0.055818181;0.34483793
0.017047431;0.055818181;0.34483793
0.017047431;0.055818181;0.34483793
0.019023715;0.057794467;0.34483793
0.017047431;0.057794467;0.33693281
0.019023715;0.057794467;0.34483793
0.017047431;0.057794467;0.34483793
0.019023715;0.057794467;0.34483793
0.019023715;0.057794467;0.35274309
0.019023715;0.057794467;0.34483793
0.019023715;0.057794467;0.35274309
0.019023715;0.057794467;0.34483793
0.019023715;0.057794467;0.35274309
0.021;0.057794467;0.34483793
0.021;0.057794467;0.34483793
0.021;0.057794467;0.34483793
0.022976285;0.057794467;0.34483793
0.021;0.057794467;0.34483793
0.021;0.059770752;0.34483793
0.022976285;0.059770752;0.33693281
0.02495257;0.057794467;0.35274309
0.022976285;0.057794467;0.34483793
0.02495257;0.057794467;0.35274309
0.02495257;0.057794467;0.34483793
0.022976285;0.057794467;0.34483793
0.02495257;0.057794467;0.34483793
0.02495257;0.057794467;0.34483793
0.02495257;0.057794467;0.34483793
0.026928853;0.057794467;0.34483793
0.026928853;0.059770752;0.34483793
0.02495257;0.057794467;0.34483793
0.026928853;0.059770752;0.34483793
0.026928853;0.057794467;0.35274309
0.026928853;0.059770752;0.34483793
0.028905138;0.059770752;0.34483793
0.028905138;0.059770752;0.34483793
0.026928853;0.057794467;0.34483793
0.028905138;0.059770752;0.34483793
0.028905138;0.059770752;0.35274309
0.030881424;0.059770752;0.34483793
0.030881424;0.057794467;0.34483793
0.030881424;0.059770752;0.34483793
0.032857709;0.059770752;0.34483793
0.032857709;0.059770752;0.34483793
0.030881424;0.059770752;0.34483793
0.032857709;0.059770752;0.34483793
0.032857709;0.059770752;0.34483793
0.032857709;0.059770752;0.35274309
0.032857709;0.059770752;0.35274309
0.034833994;0.059770752;0.35274309
0.032857709;0.061747037;0.34483793
0.034833994;0.059770752;0.34483793
0.034833994;0.059770752;0.34483793
0.034833994;0.059770752;0.35274309
0.034833994;0.061747037;0.35274309
0.034833994;0.059770752;0.33693281
0.036810275;0.059770752;0.34483793
0.034833994;0.061747037;0.34483793
0.036810275;0.059770752;0.34483793
0.036810275;0.061747037;0.34483793
0.036810275;0.061747037;0.34483793
0.036810275;0.061747037;0.34483793
0.03878656;0.061747037;0.34483793
0.03878656;0.061747037;0.34483793
0.03878656;0.059770752;0.34483793
0.03878656;0.061747037;0.34483793
0.040762845;0.059770752;0.34483793
0.03878656;0.061747037;0.34483793
0.040762845;0.061747037;0.34483793
0.040762845;0.061747037;0.34483793
0.03878656;0.061747037;0.34483793
0.040762845;0.061747037;0.34483793
0.040762845;0.061747037;0.33693281
0.042739131;0.061747037;0.34483793
0.042739131;0.061747037;0.34483793
0.042739131;0.061747037;0.33693281
0.042739131;0.061747037;0.34483793
0.042739131;0.061747037;0.34483793
0.042739131;0.061747037;0.34483793
0.042739131;0.061747037;0.34483793
0.044715416;0.061747037;0.34483793
0.044715416;0.061747037;0.34483793
0.044715416;0.063723318;0.34483793
0.044715416;0.061747037;0.34483793
0.044715416;0.063723318;0.35274309
0.044715416;0.061747037;0.34483793
0.044715416;0.061747037;0.34483793
0.048667986;0.061747037;0.34483793
0.044715416;0.061747037;0.35274309
0.046691701;0.061747037;0.34483793
0.046691701;0.063723318;0.34483793
0.048667986;0.063723318;0.34483793
0.048667986;0.061747037;0.34483793
0.046691701;0.063723318;0.35274309
0.048667986;0.061747037;0.34483793
0.050644267;0.061747037;0.34483793
0.048667986;0.063723318;0.34483793
0.048667986;0.063723318;0.34483793
0.050644267;0.063723318;0.35274309
0.050644267;0.063723318;0.34483793
0.050644267;0.063723318;0.34483793
0.048667986;0.061747037;0.34483793
0.048667986;0.063723318;0.33693281
0.052620552;0.063723318;0.34483793
0.050644267;0.063723318;0.35274309
0.052620552;0.063723318;0.34483793
0.052620552;0.063723318;0.34483793
0.052620552;0.063723318;0.34483793
0.052620552;0.063723318;0.34483793
0.052620552;0.063723318;0.35274309
0.054596838;0.063723318;0.34483793
0.054596838;0.063723318;0.34483793
0.054596838;0.065699607;0.34483793
0.052620552;0.063723318;0.35274309
0.052620552;0.065699607;0.35274309
0.054596838;0.063723318;0.34483793
0.052620552;0.063723318;0.34483793
0.054596838;0.063723318;0.34483793
0.056573123;0.063723318;0.35274309
0.054596838;0.065699607;0.34483793
0.056573123;0.065699607;0.35274309
0.056573123;0.063723318;0.34483793
0.056573123;0.063723318;0.34483793
0.056573123;0.063723318;0.34483793
0.056573123;0.063723318;0.34483793
0.058549408;0.063723318;0.35274309
0.058549408;0.063723318;0.34483793
0.058549408;0.063723318;0.34483793
0.056573123;0.065699607;0.35274309
0.058549408;0.063723318;0.34483793
0.058549408;0.065699607;0.35274309
0.058549408;0.065699607;0.35274309
0.060525693;0.063723318;0.34483793
0.058549408;0.063723318;0.34483793
0.058549408;0.065699607;0.34483793
0.060525693;0.065699607;0.35274309
0.060525693;0.063723318;0.34483793
0.060525693;0.065699607;0.34483793
0.060525693;0.065699607;0.35274309
0.060525693;0.065699607;0.35274309
0.060525693;0.065699607;0.34483793
0.060525693;0.065699607;0.34483793
0.060525693;0.065699607;0.34483793
0.062501974;0.065699607;0.34483793
0.062501974;0.065699607;0.34483793
0.062501974;0.065699607;0.34483793
0.062501974;0.065699607;0.34483793
0.064478263;0.065699607;0.34483793
0.062501974;0.065699607;0.34483793
0.062501974;0.065699607;0.34483793
0.064478263;0.065699607;0.34483793
0.062501974;0.065699607;0.34483793
0.064478263;0.065699607;0.34483793
0.064478263;0.065699607;0.34483793
0.064478263;0.065699607;0.34483793
0.064478263;0.065699607;0.34483793
0.066454545;0.067675889;0.34483793
0.064478263;0.065699607;0.35274309
0.064478263;0.065699607;0.34483793
0.064478263;0.065699607;0.35274309
0.064478263;0.067675889;0.35274309
0.066454545;0.065699607;0.34483793
0.064478263;0.065699607;0.34483793
0.066454545;0.067675889;0.34483793
0.066454545;0.067675889;0.34483793
0.066454545;0.067675889;0.35274309
0.068430834;0.065699607;0.34483793
0.066454545;0.067675889;0.35274309
0.066454545;0.065699607;0.34483793
0.068430834;0.067675889;0.35274309
0.066454545;0.067675889;0.35274309
0.066454545;0.067675889;0.34483793
0.066454545;0.067675889;0.34483793
0.070407115;0.067675889;0.34483793
0.068430834;0.065699607;0.34483793
0.068430834;0.067675889;0.34483793
0.068430834;0.067675889;0.33693281
0.068430834;0.067675889;0.34483793
0.068430834;0.065699607;0.34483793
0.070407115;0.067675889;0.34483793
0.068430834;0.065699607;0.34483793
0.070407115;0.065699607;0.34483793
0.070407115;0.065699607;0.34483793
0.070407115;0.067675889;0.35274309
0.070407115;0.067675889;0.34483793
0.070407115;0.067675889;0.34483793
0.070407115;0.067675889;0.34483793
0.070407115;0.067675889;0.34483793
0.070407115;0.067675889;0.34483793
0.072383396;0.067675889;0.34483793
0.070407115;0.067675889;0.34483793
0.070407115;0.067675889;0.34483793
0.070407115;0.067675889;0.34483793
0.070407115;0.067675889;0.34483793
0.072383396;0.067675889;0.34483793
0.070407115;0.067675889;0.34483793
0.072383396;0.067675889;0.35274309
0.072383396;0.067675889;0.34483793
0.072383396;0.067675889;0.34483793
0.072383396;0.069652177;0.34483793
0.072383396;0.067675889;0.34483793
0.072383396;0.067675889;0.34483793
0.074359685;0.067675889;0.34483793
0.072383396;0.067675889;0.34483793
0.074359685;0.067675889;0.33693281
0.072383396;0.067675889;0.34483793
0.072383396;0.067675889;0.34483793
0.072383396;0.067675889;0.34483793
0.072383396;0.067675889;0.34483793
0.074359685;0.067675889;0.35274309
0.074359685;0.067675889;0.34483793
0.074359685;0.069652177;0.35274309
0.074359685;0.067675889;0.33693281
0.074359685;0.067675889;0.34483793
0.074359685;0.067675889;0.34483793
0.074359685;0.067675889;0.35274309
0.074359685;0.067675889;0.34483793
0.074359685;0.069652177;0.35274309
0.074359685;0.067675889;0.34483793
0.074359685;0.067675889;0.34483793
0.072383396;0.067675889;0.34483793
0.072383396;0.069652177;0.34483793
0.076335967;0.069652177;0.35274309
0.074359685;0.067675889;0.34483793
0.074359685;0.067675889;0.34483793
0.074359685;0.067675889;0.34483793
0.074359685;0.067675889;0.34483793
0.076335967;0.067675889;0.34483793
0.074359685;0.067675889;0.34483793
0.076335967;0.067675889;0.34483793
0.074359685;0.069652177;0.34483793
0.074359685;0.069652177;0.34483793
0.076335967;0.069652177;0.35274309
0.076335967;0.069652177;0.34483793
0.076335967;0.067675889;0.35274309
0.076335967;0.067675889;0.35274309
0.076335967;0.067675889;0.34483793
0.076335967;0.067675889;0.34483793
0.076335967;0.069652177;0.34483793
0.076335967;0.067675889;0.34483793
0.074359685;0.067675889;0.34483793
0.076335967;0.069652177;0.35274309
0.078312255;0.069652177;0.34483793
0.076335967;0.069652177;0.34483793
0.076335967;0.069652177;0.34483793
0.074359685;0.069652177;0.34483793
0.074359685;0.067675889;0.35274309
0.076335967;0.067675889;0.34483793
0.076335967;0.069652177;0.35274309
0.074359685;0.069652177;0.34483793
0.074359685;0.069652177;0.35274309
0.076335967;0.069652177;0.35274309
0.076335967;0.069652177;0.35274309
0.076335967;0.069652177;0.34483793
0.078312255;0.069652177;0.34483793
0.076335967;0.069652177;0.34483793
0.076335967;0.067675889;0.34483793
0.074359685;0.069652177;0.34483793
0.076335967;0.069652177;0.34483793
0.076335967;0.069652177;0.34483793
0.076335967;0.069652177;0.34483793
0.076335967;0.069652177;0.34483793
0.076335967;0.069652177;0.34483793
0.076335967;0.069652177;0.34483793
0.074359685;0.069652177;0.34483793
0.076335967;0.067675889;0.35274309
0.074359685;0.069652177;0.34483793
0.074359685;0.069652177;0.34483793
0.076335967;0.069652177;0.34483793
0.076335967;0.069652177;0.34483793
0.074359685;0.069652177;0.34483793
0.074359685;0.069652177;0.34483793
0.074359685;0.069652177;0.34483793
0.076335967;0.069652177;0.34483793
0.076335967;0.069652177;0.34483793
0.074359685;0.069652177;0.34483793
0.076335967;0.067675889;0.34483793
0.076335967;0.069652177;0.34483793
0.074359685;0.069652177;0.34483793
0.074359685;0.069652177;0.34483793
0.076335967;0.069652177;0.35274309
0.074359685;0.069652177;0.34483793
0.074359685;0.067675889;0.34483793
0.074359685;0.069652177;0.34483793
0.076335967;0.069652177;0.34483793
0.074359685;0.069652177;0.33693281
0.074359685;0.069652177;0.34483793
0.072383396;0.069652177;0.34483793
0.074359685;0.069652177;0.34483793
0.074359685;0.069652177;0.34483793
0.074359685;0.069652177;0.35274309
0.072383396;0.069652177;0.34483793
0.072383396;0.069652177;0.35274309
0.074359685;0.069652177;0.34483793
0.074359685;0.069652177;0.34483793
0.072383396;0.069652177;0.34483793
0.074359685;0.069652177;0.34483793
0.072383396;0.069652177;0.34483793
0.074359685;0.069652177;0.34483793
0.072383396;0.069652177;0.35274309
0.072383396;0.069652177;0.34483793
0.072383396;0.069652177;0.34483793
0.070407115;0.069652177;0.34483793
0.070407115;0.069652177;0.34483793
0.070407115;0.069652177;0.35274309
0.070407115;0.067675889;0.34483793
0.072383396;0.069652177;0.34483793
0.072383396;0.069652177;0.34483793
0.070407115;0.067675889;0.34483793
0.070407115;0.069652177;0.34483793
0.070407115;0.067675889;0.34483793
0.070407115;0.067675889;0.35274309
0.070407115;0.069652177;0.34483793
0.070407115;0.069652177;0.34483793
0.070407115;0.069652177;0.34483793
0.070407115;0.069652177;0.34483793
0.070407115;0.069652177;0.34483793
0.070407115;0.069652177;0.34483793
0.068430834;0.067675889;0.34483793
0.070407115;0.067675889;0.34483793
0.070407115;0.067675889;0.33693281
0.070407115;0.069652177;0.34483793
0.068430834;0.067675889;0.34483793
0.070407115;0.067675889;0.34483793
0.070407115;0.069652177;0.34483793
0.070407115;0.067675889;0.34483793
0.068430834;0.069652177;0.34483793
0.068430834;0.069652177;0.34483793
0.068430834;0.069652177;0.34483793
0.066454545;0.067675889;0.34483793
0.068430834;0.069652177;0.34483793
0.066454545;0.069652177;0.35274309
0.066454545;0.069652177;0.35274309
0.068430834;0.069652177;0.34483793
0.066454545;0.069652177;0.34483793
0.068430834;0.069652177;0.34483793
0.066454545;0.069652177;0.33693281
0.066454545;0.069652177;0.34483793
0.066454545;0.069652177;0.34483793
0.066454545;0.069652177;0.34483793
0.066454545;0.067675889;0.34483793
0.066454545;0.069652177;0.34483793
0.064478263;0.067675889;0.35274309
0.066454545;0.069652177;0.34483793
0.064478263;0.067675889;0.34483793
0.064478263;0.069652177;0.35274309
0.064478263;0.069652177;0.35274309
0.064478263;0.067675889;0.33693281
0.064478263;0.069652177;0.34483793
0.064478263;0.069652177;0.33693281
0.064478263;0.067675889;0.34483793
0.064478263;0.069652177;0.34483793
0.062501974;0.069652177;0.35274309
0.064478263;0.069652177;0.34483793
0.062501974;0.067675889;0.34483793
0.064478263;0.067675889;0.35274309
0.064478263;0.067675889;0.35274309
0.062501974;0.067675889;0.34483793
0.062501974;0.069652177;0.34483793
0.062501974;0.067675889;0.34483793
0.062501974;0.067675889;0.34483793
0.060525693;0.067675889;0.34483793
0.060525693;0.067675889;0.34483793
0.060525693;0.069652177;0.34483793
0.060525693;0.067675889;0.34483793
0.060525693;0.067675889;0.35274309
0.060525693;0.067675889;0.35274309
0.058549408;0.067675889;0.34483793
0.058549408;0.067675889;0.34483793
0.058549408;0.067675889;0.34483793
0.058549408;0.069652177;0.35274309
0.058549408;0.067675889;0.34483793
0.058549408;0.069652177;0.34483793
0.056573123;0.067675889;0.34483793
0.058549408;0.069652177;0.34483793
0.058549408;0.069652177;0.35274309
0.056573123;0.069652177;0.34483793
0.056573123;0.067675889;0.34483793
0.056573123;0.067675889;0.34483793
0.054596838;0.067675889;0.35274309
0.056573123;0.067675889;0.34483793
0.056573123;0.067675889;0.35274309
0.056573123;0.067675889;0.35274309
0.054596838;0.067675889;0.34483793
0.054596838;0.067675889;0.34483793
0.054596838;0.069652177;0.35274309
0.052620552;0.067675889;0.34483793
0.054596838;0.067675889;0.34483793
0.054596838;0.067675889;0.34483793
0.052620552;0.067675889;0.34483793
0.054596838;0.067675889;0.34483793
0.054596838;0.069652177;0.34483793
0.052620552;0.067675889;0.34483793
0.052620552;0.067675889;0.34483793
0.052620552;0.067675889;0.34483793
0.052620552;0.067675889;0.34483793
0.050644267;0.067675889;0.34483793
0.052620552;0.067675889;0.33693281
0.050644267;0.067675889;0.34483793
0.050644267;0.067675889;0.34483793
0.050644267;0.067675889;0.34483793
0.048667986;0.067675889;0.34483793
0.050644267;0.067675889;0.34483793
0.050644267;0.067675889;0.34483793
0.048667986;0.067675889;0.34483793
0.048667986;0.067675889;0.34483793
0.048667986;0.067675889;0.34483793
0.048667986;0.067675889;0.34483793
0.048667986;0.067675889;0.34483793
0.048667986;0.067675889;0.34483793
0.046691701;0.067675889;0.34483793
0.046691701;0.067675889;0.34483793
0.046691701;0.067675889;0.34483793
0.046691701;0.067675889;0.34483793
0.046691701;0.065699607;0.34483793
0.046691701;0.067675889;0.34483793
0.044715416;0.067675889;0.34483793
0.046691701;0.069652177;0.34483793
0.046691701;0.065699607;0.34483793
0.042739131;0.067675889;0.34483793
0.044715416;0.065699607;0.34483793
0.044715416;0.067675889;0.34483793
0.042739131;0.067675889;0.34483793
0.042739131;0.067675889;0.34483793
0.044715416;0.067675889;0.34483793
0.040762845;0.065699607;0.35274309
0.042739131;0.067675889;0.34483793
0.040762845;0.065699607;0.34483793
0.040762845;0.067675889;0.34483793
0.042739131;0.065699607;0.34483793
0.040762845;0.065699607;0.34483793
0.040762845;0.067675889;0.34483793
0.040762845;0.067675889;0.34483793
0.03878656;0.067675889;0.34483793
0.03878656;0.065699607;0.35274309
0.040762845;0.065699607;0.34483793
0.03878656;0.065699607;0.34483793
0.03878656;0.067675889;0.34483793
0.03878656;0.067675889;0.34483793
0.03878656;0.065699607;0.34483793
0.036810275;0.067675889;0.35274309
0.036810275;0.065699607;0.34483793
0.036810275;0.065699607;0.35274309
0.03878656;0.067675889;0.34483793
0.036810275;0.067675889;0.34483793
0.034833994;0.067675889;0.34483793
0.034833994;0.065699607;0.34483793
0.034833994;0.065699607;0.34483793
0.034833994;0.065699607;0.34483793
0.034833994;0.065699607;0.35274309
0.034833994;0.065699607;0.34483793
0.032857709;0.065699607;0.35274309
0.030881424;0.065699607;0.34483793
0.032857709;0.063723318;0.34483793
0.032857709;0.067675889;0.34483793
0.032857709;0.065699607;0.34483793
0.032857709;0.065699607;0.34483793
0.030881424;0.065699607;0.34483793
0.032857709;0.065699607;0.34483793
0.030881424;0.065699607;0.34483793
0.028905138;0.065699607;0.34483793
0.028905138;0.067675889;0.34483793
0.028905138;0.063723318;0.35274309
0.028905138;0.065699607;0.34483793
0.028905138;0.065699607;0.34483793
0.028905138;0.065699607;0.34483793
0.026928853;0.065699607;0.35274309
0.026928853;0.065699607;0.34483793
0.026928853;0.067675889;0.35274309
0.026928853;0.065699607;0.34483793
0.026928853;0.065699607;0.34483793
0.026928853;0.065699607;0.34483793
0.026928853;0.065699607;0.34483793
0.026928853;0.065699607;0.34483793
0.026928853;0.065699607;0.34483793
0.02495257;0.065699607;0.34483793
0.022976285;0.063723318;0.34483793
0.02495257;0.063723318;0.34483793
0.02495257;0.063723318;0.34483793
0.022976285;0.063723318;0.34483793
0.022976285;0.063723318;0.34483793
0.022976285;0.065699607;0.34483793
0.022976285;0.063723318;0.34483793
0.022976285;0.063723318;0.34483793
0.021;0.063723318;0.34483793
0.021;0.063723318;0.34483793
0.021;0.063723318;0.34483793
0.021;0.063723318;0.34483793
0.021;0.063723318;0.34483793
0.021;0.063723318;0.34483793
0.019023715;0.061747037;0.35274309
0.019023715;0.063723318;0.35274309
0.019023715;0.061747037;0.34483793
0.019023715;0.063723318;0.34483793
0.019023715;0.063723318;0.34483793
0.019023715;0.063723318;0.34483793
0.017047431;0.063723318;0.34483793
0.017047431;0.063723318;0.34483793
0.019023715;0.063723318;0.34483793
0.017047431;0.063723318;0.34483793
0.015071146;0.061747037;0.35274309
0.017047431;0.061747037;0.34483793
0.017047431;0.063723318;0.34483793
0.017047431;0.063723318;0.34483793
0.015071146;0.063723318;0.34483793
0.015071146;0.061747037;0.34483793
0.015071146;0.061747037;0.34483793
0.015071146;0.061747037;0.34483793
0.015071146;0.061747037;0.34483793
0.013094862;0.061747037;0.35274309
0.013094862;0.061747037;0.34483793
0.013094862;0.063723318;0.34483793
0.013094862;0.063723318;0.34483793
0.013094862;0.061747037;0.34483793
0.011118577;0.061747037;0.35274309
0.013094862;0.061747037;0.34483793
0.0091422927;0.061747037;0.35274309
0.0091422927;0.061747037;0.34483793
0.011118577;0.061747037;0.34483793
0.011118577;0.061747037;0.34483793
0.0091422927;0.061747037;0.34483793
0.0091422927;0.061747037;0.34483793
0.0091422927;0.061747037;0.34483793
0.007166008;0.061747037;0.34483793
0.007166008;0.059770752;0.34483793
0.007166008;0.061747037;0.34483793
0.007166008;0.059770752;0.34483793
0.0091422927;0.061747037;0.34483793
0.0051897233;0.061747037;0.34483793
0.007166008;0.061747037;0.34483793
0.0051897233;0.061747037;0.34483793
0.0051897233;0.061747037;0.34483793
0.0051897233;0.061747037;0.34483793
0.0032134387;0.061747037;0.34483793
0.0032134387;0.061747037;0.34483793
0.0032134387;0.059770752;0.34483793
0.0051897233;0.059770752;0.34483793
0.0032134387;0.059770752;0.34483793
0.0012371541;0.059770752;0.34483793
0.0012371541;0.059770752;0.34483793
0.0012371541;0.059770752;0.34483793
0.0032134387;0.059770752;0.34483793
0.0012371541;0.061747037;0.34483793
-0.00073913042;0.059770752;0.34483793
0.0012371541;0.059770752;0.34483793
-0.00073913042;0.059770752;0.34483793
-0.00073913042;0.059770752;0.35274309
-0.00073913042;0.059770752;0.35274309
-0.00073913042;0.059770752;0.34483793
-0.00073913042;0.061747037;0.34483793
-0.00073913042;0.059770752;0.34483793
-0.0027154151;0.059770752;0.34483793
-0.0027154151;0.059770752;0.34483793
-0.0027154151;0.059770752;0.34483793
-0.0027154151;0.057794467;0.34483793
-0.0027154151;0.057794467;0.34483793
-0.0046916995;0.057794467;0.34483793
-0.0046916995;0.059770752;0.34483793
-0.0027154151;0.059770752;0.34483793
-0.0046916995;0.059770752;0.34483793
-0.0046916995;0.059770752;0.34483793
-0.0046916995;0.057794467;0.34483793
-0.0046916995;0.057794467;0.35274309
-0.0066679842;0.057794467;0.35274309
-0.0046916995;0.057794467;0.34483793
-0.0066679842;0.057794467;0.34483793
-0.0066679842;0.057794467;0.34483793
-0.0086442688;0.057794467;0.33693281
-0.0066679842;0.057794467;0.34483793
-0.0066679842;0.057794467;0.35274309
-0.0066679842;0.057794467;0.34483793
-0.0086442688;0.059770752;0.34483793
-0.0086442688;0.059770752;0.34483793
-0.0086442688;0.057794467;0.34483793
-0.010620553;0.055818181;0.34483793
-0.0086442688;0.057794467;0.34483793
-0.0086442688;0.059770752;0.34483793
-0.010620553;0.057794467;0.34483793
-0.010620553;0.057794467;0.34483793
-0.010620553;0.057794467;0.34483793
-0.010620553;0.057794467;0.34483793
-0.010620553;0.057794467;0.34483793
-0.012596838;0.057794467;0.35274309
-0.010620553;0.057794467;0.35274309
-0.012596838;0.057794467;0.34483793
-0.012596838;0.055818181;0.34483793
-0.012596838;0.055818181;0.34483793
-0.012596838;0.057794467;0.34483793
-0.012596838;0.055818181;0.34483793
-0.010620553;0.055818181;0.35274309
-0.012596838;0.055818181;0.34483793
-0.014573122;0.057794467;0.34483793
-0.012596838;0.057794467;0.33693281
-0.012596838;0.055818181;0.34483793
-0.014573122;0.055818181;0.34483793
-0.014573122;0.055818181;0.34483793
-0.012596838;0.055818181;0.34483793
-0.014573122;0.055818181;0.34483793
-0.014573122;0.053841896;0.34483793
-0.014573122;0.055818181;0.34483793
-0.014573122;0.055818181;0.34483793
-0.016549407;0.053841896;0.34483793
-0.014573122;0.053841896;0.34483793
-0.014573122;0.055818181;0.34483793
-0.016549407;0.055818181;0.34483793
-0.016549407;0.055818181;0.35274309
-0.016549407;0.055818181;0.34483793
-0.016549407;0.055818181;0.34483793
-0.014573122;0.053841896;0.35274309
-0.016549407;0.055818181;0.35274309
-0.016549407;0.053841896;0.34483793
-0.018525692;0.055818181;0.34483793
-0.018525692;0.055818181;0.34483793
-0.018525692;0.053841896;0.34483793
-0.018525692;0.053841896;0.34483793
-0.020501977;0.053841896;0.34483793
-0.020501977;0.051865611;0.34483793
-0.020501977;0.053841896;0.34483793
-0.018525692;0.053841896;0.35274309
-0.020501977;0.053841896;0.34483793
-0.020501977;0.053841896;0.34483793
-0.020501977;0.055818181;0.35274309
-0.02247826;0.053841896;0.34483793
-0.020501977;0.053841896;0.34483793
-0.020501977;0.053841896;0.34483793
-0.020501977;0.053841896;0.34483793
-0.020501977;0.051865611;0.34483793
-0.02247826;0.051865611;0.34483793
-0.020501977;0.053841896;0.34483793
-0.02247826;0.053841896;0.34483793
-0.02247826;0.051865611;0.35274309
-0.024454545;0.053841896;0.35274309
-0.02247826;0.053841896;0.34483793
-0.02247826;0.053841896;0.34483793
-0.02247826;0.051865611;0.34483793
-0.02247826;0.051865611;0.34483793
-0.02247826;0.051865611;0.34483793
-0.024454545;0.053841896;0.34483793
-0.024454545;0.051865611;0.34483793
-0.024454545;0.051865611;0.34483793
-0.024454545;0.051865611;0.34483793
-0.024454545;0.051865611;0.34483793
-0.024454545;0.051865611;0.34483793
-0.02643083;0.051865611;0.34483793
-0.024454545;0.051865611;0.34483793
-0.02643083;0.04988933;0.34483793
-0.024454545;0.051865611;0.34483793
-0.02643083;0.051865611;0.34483793
-0.024454545;0.051865611;0.34483793
-0.024454545;0.051865611;0.34483793
-0.024454545;0.04988933;0.34483793
-0.024454545;0.051865611;0.34483793
-0.02643083;0.051865611;0.34483793
-0.024454545;0.04988933;0.34483793
-0.024454545;0.04988933;0.34483793
-0.02643083;0.04988933;0.35274309
-0.02643083;0.04988933;0.34483793
-0.02643083;0.04988933;0.35274309
-0.02643083;0.04988933;0.34483793
-0.02643083;0.04988933;0.34483793
-0.02643083;0.04988933;0.34483793
-0.028407115;0.04988933;0.34483793
-0.02643083;0.04988933;0.34483793
-0.028407115;0.04988933;0.34483793
-0.028407115;0.047913045;0.34483793
-0.028407115;0.04988933;0.34483793
-0.028407115;0.04988933;0.34483793
-0.02643083;0.047913045;0.34483793
-0.028407115;0.04988933;0.35274309
-0.030383399;0.047913045;0.34483793
-0.028407115;0.04988933;0.34483793
-0.028407115;0.04988933;0.35274309
-0.028407115;0.047913045;0.34483793
-0.028407115;0.04988933;0.34483793
-0.028407115;0.04988933;0.34483793
-0.028407115;0.04988933;0.34483793
-0.030383399;0.047913045;0.34483793
-0.030383399;0.047913045;0.34483793
-0.030383399;0.047913045;0.33693281
-0.028407115;0.047913045;0.34483793
-0.030383399;0.047913045;0.34483793
-0.030383399;0.047913045;0.34483793
-0.030383399;0.047913045;0.34483793
-0.028407115;0.047913045;0.34483793
-0.028407115;0.047913045;0.34483793
-0.030383399;0.047913045;0.35274309
-0.028407115;0.04988933;0.34483793
-0.030383399;0.047913045;0.34483793
-0.030383399;0.04593676;0.34483793
-0.030383399;0.047913045;0.34483793
-0.030383399;0.047913045;0.34483793
-0.030383399;0.04593676;0.34483793
-0.030383399;0.047913045;0.34483793
-0.030383399;0.047913045;0.34483793
-0.030383399;0.047913045;0.34483793
-0.030383399;0.047913045;0.34483793
-0.030383399;0.047913045;0.34483793
-0.030383399;0.04593676;0.34483793
-0.030383399;0.047913045;0.34483793
-0.030383399;0.04593676;0.34483793
-0.030383399;0.04593676;0.34483793
-0.030383399;0.04593676;0.34483793
-0.030383399;0.04593676;0.35274309
-0.032359682;0.04593676;0.35274309
-0.032359682;0.04593676;0.34483793
-0.030383399;0.04593676;0.34483793
-0.030383399;0.04593676;0.34483793
-0.032359682;0.04593676;0.35274309
-0.030383399;0.04593676;0.34483793
-0.030383399;0.043960474;0.34483793
-0.030383399;0.04593676;0.34483793
-0.030383399;0.043960474;0.34483793
-0.030383399;0.04593676;0.35274309
-0.030383399;0.04593676;0.34483793
-0.030383399;0.043960474;0.34483793
-0.030383399;0.04593676;0.34483793
-0.032359682;0.043960474;0.34483793
-0.030383399;0.043960474;0.34483793
-0.030383399;0.043960474;0.34483793
-0.030383399;0.043960474;0.34483793
-0.030383399;0.043960474;0.34483793
-0.030383399;0.043960474;0.35274309
-0.030383399;0.043960474;0.34483793
-0.030383399;0.043960474;0.34483793
-0.030383399;0.043960474;0.34483793
-0.030383399;0.043960474;0.34483793
-0.030383399;0.043960474;0.34483793
-0.032359682;0.043960474;0.34483793
-0.030383399;0.043960474;0.34483793
-0.028407115;0.041984189;0.34483793
-0.030383399;0.043960474;0.34483793
-0.030383399;0.043960474;0.34483793
-0.030383399;0.041984189;0.34483793
-0.030383399;0.041984189;0.34483793
-0.030383399;0.041984189;0.34483793
-0.030383399;0.043960474;0.34483793
-0.030383399;0.041984189;0.34483793
-0.030383399;0.040007904;0.34483793
-0.030383399;0.041984189;0.34483793
-0.030383399;0.041984189;0.34483793
-0.030383399;0.041984189;0.34483793
-0.030383399;0.041984189;0.34483793
-0.032359682;0.041984189;0.34483793
-0.030383399;0.041984189;0.34483793
-0.028407115;0.041984189;0.34483793
-0.030383399;0.041984189;0.35274309
-0.030383399;0.041984189;0.34483793
-0.030383399;0.041984189;0.34483793
-0.030383399;0.041984189;0.35274309
-0.028407115;0.040007904;0.34483793
-0.030383399;0.040007904;0.35274309
-0.028407115;0.041984189;0.34483793
-0.028407115;0.040007904;0.34483793
-0.030383399;0.040007904;0.34483793
-0.028407115;0.040007904;0.34483793
-0.028407115;0.040007904;0.35274309
-0.028407115;0.041984189;0.34483793
-0.028407115;0.040007904;0.34483793
-0.028407115;0.041984189;0.34483793
-0.028407115;0.040007904;0.34483793
-0.028407115;0.040007904;0.34483793
-0.02643083;0.040007904;0.34483793
-0.028407115;0.040007904;0.34483793
-0.02643083;0.040007904;0.34483793
-0.02643083;0.038031619;0.34483793
-0.02643083;0.040007904;0.34483793
-0.028407115;0.040007904;0.34483793
-0.02643083;0.040007904;0.34483793
-0.02643083;0.038031619;0.34483793
-0.02643083;0.040007904;0.34483793
-0.024454545;0.038031619;0.34483793
-0.02643083;0.040007904;0.34483793
-0.02643083;0.040007904;0.34483793
-0.024454545;0.038031619;0.34483793
-0.024454545;0.038031619;0.34483793
-0.02643083;0.038031619;0.34483793
-0.024454545;0.038031619;0.34483793
-0.024454545;0.040007904;0.34483793
-0.02643083;0.038031619;0.34483793
-0.024454545;0.040007904;0.34483793
-0.024454545;0.038031619;0.35274309
-0.024454545;0.038031619;0.34483793
-0.024454545;0.038031619;0.34483793
-0.024454545;0.038031619;0.35274309
-0.024454545;0.038031619;0.34483793
-0.024454545;0.038031619;0.34483793
-0.024454545;0.038031619;0.34483793
-0.024454545;0.036055338;0.35274309
-0.024454545;0.038031619;0.34483793
-0.024454545;0.038031619;0.35274309
-0.02247826;0.036055338;0.34483793
-0.02247826;0.036055338;0.35274309
-0.024454545;0.036055338;0.34483793
-0.02247826;0.036055338;0.34483793
-0.02247826;0.038031619;0.34483793
-0.02247826;0.036055338;0.34483793
-0.02247826;0.036055338;0.34483793
-0.02247826;0.036055338;0.34483793
-0.02247826;0.036055338;0.34483793
-0.020501977;0.036055338;0.34483793
-0.02247826;0.036055338;0.34483793
-0.02247826;0.034079053;0.34483793
-0.020501977;0.036055338;0.35274309
-0.020501977;0.036055338;0.34483793
-0.020501977;0.034079053;0.34483793
-0.020501977;0.034079053;0.34483793
-0.020501977;0.036055338;0.34483793
-0.020501977;0.036055338;0.34483793
-0.020501977;0.034079053;0.34483793
-0.020501977;0.034079053;0.34483793
-0.018525692;0.034079053;0.34483793
-0.018525692;0.034079053;0.34483793
-0.020501977;0.034079053;0.34483793
-0.020501977;0.034079053;0.34483793
-0.018525692;0.034079053;0.34483793
-0.016549407;0.034079053;0.34483793
-0.016549407;0.034079053;0.34483793
-0.018525692;0.034079053;0.34483793
-0.018525692;0.034079053;0.34483793
-0.016549407;0.034079053;0.34483793
-0.016549407;0.034079053;0.34483793
-0.018525692;0.034079053;0.34483793
-0.016549407;0.034079053;0.34483793
-0.016549407;0.034079053;0.35274309
-0.016549407;0.034079053;0.34483793
-0.016549407;0.034079053;0.34483793
-0.014573122;0.034079053;0.34483793
-0.014573122;0.034079053;0.34483793
-0.014573122;0.034079053;0.35274309
-0.016549407;0.032102767;0.34483793
-0.014573122;0.032102767;0.34483793
-0.014573122;0.032102767;0.34483793
-0.014573122;0.032102767;0.34483793
-0.014573122;0.032102767;0.34483793
-0.012596838;0.032102767;0.34483793
-0.014573122;0.032102767;0.34483793
-0.012596838;0.032102767;0.34483793
-0.012596838;0.032102767;0.34483793
-0.012596838;0.032102767;0.34483793
-0.012596838;0.032102767;0.34483793
-0.012596838;0.032102767;0.34483793
-0.010620553;0.030126482;0.34483793
-0.010620553;0.030126482;0.34483793
-0.010620553;0.030126482;0.34483793
-0.010620553;0.030126482;0.34483793
-0.010620553;0.030126482;0.34483793
-0.0086442688;0.030126482;0.35274309
-0.010620553;0.032102767;0.34483793
-0.010620553;0.030126482;0.34483793
-0.010620553;0.032102767;0.34483793
-0.0086442688;0.030126482;0.34483793
-0.0086442688;0.032102767;0.34483793
-0.0086442688;0.030126482;0.34483793
-0.0086442688;0.030126482;0.34483793
-0.0066679842;0.030126482;0.34483793
-0.0066679842;0.028150197;0.34483793
-0.0066679842;0.030126482;0.34483793
-0.0066679842;0.028150197;0.34483793
-0.0066679842;0.030126482;0.34483793
-0.0066679842;0.028150197;0.34483793
-0.0066679842;0.030126482;0.34483793
-0.0046916995;0.028150197;0.34483793
-0.0046916995;0.030126482;0.34483793
-0.0066679842;0.030126482;0.33693281
-0.0066679842;0.030126482;0.34483793
-0.0046916995;0.028150197;0.34483793
-0.0046916995;0.028150197;0.35274309
-0.0046916995;0.028150197;0.34483793
-0.0046916995;0.028150197;0.34483793
-0.0027154151;0.028150197;0.34483793
-0.0027154151;0.028150197;0.34483793
-0.0027154151;0.028150197;0.34483793
-0.0027154151;0.028150197;0.34483793
-0.00073913042;0.028150197;0.33693281
-0.00073913042;0.028150197;0.34483793
-0.0027154151;0.028150197;0.35274309
-0.00073913042;0.028150197;0.34483793
-0.00073913042;0.026173914;0.34483793
-0.00073913042;0.026173914;0.34483793
-0.00073913042;0.028150197;0.34483793
-0.00073913042;0.026173914;0.35274309
0.0012371541;0.026173914;0.34483793
-0.00073913042;0.026173914;0.34483793
0.0012371541;0.026173914;0.35274309
0.0012371541;0.026173914;0.34483793
0.0012371541;0.026173914;0.34483793
0.0012371541;0.026173914;0.34483793
0.0012371541;0.026173914;0.34483793
0.0012371541;0.024197629;0.35274309
0.0012371541;0.024197629;0.34483793
0.0032134387;0.026173914;0.35274309
0.0051897233;0.026173914;0.34483793
0.0051897233;0.026173914;0.34483793
0.0051897233;0.024197629;0.34483793
0.0051897233;0.024197629;0.34483793
0.0051897233;0.026173914;0.34483793
0.0051897233;0.026173914;0.35274309
0.0051897233;0.024197629;0.34483793
0.007166008;0.024197629;0.34483793
0.0051897233;0.024197629;0.34483793
0.007166008;0.024197629;0.34483793
0.007166008;0.024197629;0.34483793
0.007166008;0.024197629;0.34483793
0.0091422927;0.026173914;0.34483793
0.0091422927;0.024197629;0.34483793
0.0091422927;0.022221344;0.34483793
0.011118577;0.022221344;0.34483793
0.0091422927;0.022221344;0.34483793
0.0091422927;0.022221344;0.34483793
0.0091422927;0.024197629;0.34483793
0.011118577;0.022221344;0.35274309
0.0091422927;0.024197629;0.34483793
0.011118577;0.022221344;0.34483793
0.011118577;0.022221344;0.35274309
0.011118577;0.022221344;0.34483793
0.011118577;0.022221344;0.34483793
0.011118577;0.022221344;0.34483793
0.013094862;0.022221344;0.34483793
0.013094862;0.022221344;0.34483793
0.013094862;0.022221344;0.34483793
0.015071146;0.022221344;0.34483793
0.015071146;0.020245058;0.34483793
0.015071146;0.022221344;0.34483793
0.015071146;0.022221344;0.35274309
0.017047431;0.020245058;0.34483793
0.017047431;0.020245058;0.34483793
0.017047431;0.020245058;0.34483793
0.017047431;0.020245058;0.34483793
0.017047431;0.020245058;0.35274309
0.017047431;0.020245058;0.34483793
0.019023715;0.020245058;0.35274309
0.017047431;0.020245058;0.34483793
0.017047431;0.020245058;0.34483793
0.019023715;0.020245058;0.34483793
0.019023715;0.020245058;0.34483793
0.019023715;0.018268775;0.34483793
0.019023715;0.018268775;0.34483793
0.021;0.020245058;0.34483793
0.019023715;0.018268775;0.34483793
0.019023715;0.018268775;0.33693281
0.019023715;0.020245058;0.34483793
0.021;0.018268775;0.34483793
0.021;0.018268775;0.34483793
0.022976285;0.018268775;0.35274309
0.021;0.020245058;0.34483793
0.022976285;0.018268775;0.34483793
0.022976285;0.018268775;0.34483793
0.022976285;0.018268775;0.34483793
0.022976285;0.018268775;0.34483793
0.022976285;0.018268775;0.34483793
0.022976285;0.020245058;0.34483793
0.02495257;0.018268775;0.34483793
0.022976285;0.018268775;0.34483793
0.02495257;0.018268775;0.34483793
0.02495257;0.018268775;0.35274309
0.02495257;0.01629249;0.33693281
0.026928853;0.01629249;0.34483793
0.02495257;0.014316206;0.33693281
0.026928853;0.01629249;0.34483793
0.026928853;0.01629249;0.34483793
0.028905138;0.018268775;0.34483793
0.026928853;0.01629249;0.34483793
0.030881424;0.01629249;0.35274309
0.028905138;0.01629249;0.34483793
0.030881424;0.018268775;0.34483793
0.030881424;0.01629249;0.34483793
0.030881424;0.01629249;0.33693281
0.030881424;0.01629249;0.34483793
0.030881424;0.014316206;0.34483793
0.032857709;0.01629249;0.34483793
0.030881424;0.014316206;0.34483793
0.032857709;0.014316206;0.34483793
0.032857709;0.01629249;0.34483793
0.030881424;0.014316206;0.34483793
0.032857709;0.014316206;0.34483793
0.032857709;0.014316206;0.34483793
0.032857709;0.014316206;0.34483793
0.034833994;0.014316206;0.34483793
0.034833994;0.012339921;0.34483793
0.036810275;0.014316206;0.34483793
0.034833994;0.014316206;0.34483793
0.034833994;0.01629249;0.34483793
0.034833994;0.014316206;0.34483793
0.036810275;0.01629249;0.34483793
0.036810275;0.014316206;0.34483793
0.036810275;0.012339921;0.34483793
0.03878656;0.012339921;0.34483793
0.036810275;0.012339921;0.33693281
0.036810275;0.012339921;0.34483793
0.040762845;0.012339921;0.34483793
0.03878656;0.014316206;0.34483793
0.040762845;0.012339921;0.34483793
0.03878656;0.012339921;0.34483793
0.040762845;0.012339921;0.34483793
0.040762845;0.012339921;0.34483793
0.040762845;0.014316206;0.34483793
0.040762845;0.010363637;0.34483793
0.040762845;0.012339921;0.34483793
0.040762845;0.012339921;0.35274309
0.042739131;0.012339921;0.34483793
0.042739131;0.010363637;0.34483793
0.042739131;0.010363637;0.33693281
0.042739131;0.010363637;0.34483793
0.042739131;0.012339921;0.35274309
0.044715416;0.010363637;0.34483793
0.044715416;0.012339921;0.34483793
0.044715416;0.012339921;0.34483793
0.044715416;0.012339921;0.34483793
0.044715416;0.010363637;0.34483793
0.044715416;0.010363637;0.34483793
0.044715416;0.010363637;0.34483793
0.046691701;0.010363637;0.34483793
0.046691701;0.010363637;0.34483793
0.046691701;0.010363637;0.34483793
0.046691701;0.010363637;0.35274309
0.046691701;0.010363637;0.34483793
0.048667986;0.010363637;0.35274309
0.046691701;0.010363637;0.34483793
0.050644267;0.0083873514;0.34483793
0.048667986;0.010363637;0.34483793
0.048667986;0.010363637;0.34483793
0.048667986;0.0083873514;0.34483793
0.050644267;0.010363637;0.34483793
0.048667986;0.010363637;0.34483793
0.048667986;0.0083873514;0.34483793
0.050644267;0.0083873514;0.34483793
0.048667986;0.010363637;0.34483793
0.050644267;0.0083873514;0.34483793
0.050644267;0.0083873514;0.34483793
0.052620552;0.0064110672;0.34483793
0.052620552;0.0083873514;0.34483793
0.052620552;0.0083873514;0.34483793
0.054596838;0.0083873514;0.34483793
0.052620552;0.0064110672;0.34483793
0.054596838;0.0083873514;0.34483793
0.054596838;0.0083873514;0.34483793
0.052620552;0.0083873514;0.34483793
0.054596838;0.0064110672;0.34483793
0.054596838;0.0064110672;0.34483793
0.054596838;0.0083873514;0.34483793
0.054596838;0.0064110672;0.35274309
0.054596838;0.0083873514;0.34483793
0.054596838;0.0064110672;0.34483793
0.056573123;0.0064110672;0.35274309
0.056573123;0.0064110672;0.34483793
0.056573123;0.0064110672;0.34483793
0.056573123;0.0083873514;0.34483793
0.056573123;0.0064110672;0.34483793
0.058549408;0.0064110672;0.34483793
0.056573123;0.0064110672;0.34483793
0.058549408;0.0064110672;0.34483793
0.058549408;0.0083873514;0.34483793
0.058549408;0.0064110672;0.34483793
0.058549408;0.0064110672;0.34483793
0.058549408;0.0044347825;0.34483793
0.058549408;0.0044347825;0.34483793
0.058549408;0.0064110672;0.34483793
0.058549408;0.0044347825;0.34483793
0.058549408;0.0044347825;0.34483793
0.058549408;0.0044347825;0.34483793
0.060525693;0.0044347825;0.35274309
0.060525693;0.0044347825;0.35274309
0.062501974;0.0044347825;0.34483793
0.062501974;0.0024584981;0.34483793
0.062501974;0.0044347825;0.34483793
0.060525693;0.0044347825;0.34483793
0.062501974;0.0024584981;0.33693281
0.062501974;0.0044347825;0.34483793
0.062501974;0.0044347825;0.35274309
0.062501974;0.0044347825;0.34483793
0.062501974;0.0024584981;0.35274309
0.062501974;0.0044347825;0.35274309
0.062501974;0.0024584981;0.34483793
0.064478263;0.0024584981;0.35274309
0.064478263;0.0044347825;0.35274309
0.062501974;0.0024584981;0.34483793
0.062501974;0.0024584981;0.35274309
0.064478263;0.0024584981;0.34483793
0.064478263;0.0024584981;0.34483793
0.064478263;0.0024584981;0.34483793
0.064478263;0.0024584981;0.33693281
0.066454545;0.0024584981;0.34483793
0.064478263;0.0024584981;0.34483793
0.066454545;0.0024584981;0.34483793
0.064478263;0.00048221345;0.34483793
0.066454545;0.0024584981;0.34483793
0.066454545;0.00048221345;0.34483793
0.066454545;0.0024584981;0.34483793
0.066454545;0.00048221345;0.34483793
0.066454545;0.0024584981;0.34483793
0.068430834;0.00048221345;0.34483793
0.066454545;0.00048221345;0.34483793
0.068430834;0.00048221345;0.34483793
0.066454545;0.0024584981;0.35274309
0.068430834;0.00048221345;0.35274309
0.066454545;0.00048221345;0.34483793
0.068430834;0.00048221345;0.34483793
0.068430834;0.00048221345;0.34483793
0.068430834;0.00048221345;0.35274309
0.068430834;0.00048221345;0.34483793
0.070407115;0.00048221345;0.34483793
0.070407115;0.00048221345;0.34483793
0.070407115;-0.0014940711;0.34483793
0.070407115;0.00048221345;0.34483793
0.070407115;0.00048221345;0.34483793
0.070407115;-0.0014940711;0.34483793
0.070407115;-0.0014940711;0.34483793
0.070407115;0.00048221345;0.34483793
0.070407115;0.00048221345;0.34483793
0.070407115;0.00048221345;0.34483793
0.070407115;0.00048221345;0.34483793
0.070407115;0.00048221345;0.33693281
0.070407115;0.00048221345;0.34483793
0.070407115;-0.0034703556;0.34483793
0.072383396;-0.0014940711;0.34483793
0.072383396;-0.0014940711;0.34483793
0.072383396;-0.0014940711;0.34483793
0.072383396;-0.0014940711;0.34483793
0.072383396;-0.0014940711;0.34483793
0.072383396;-0.0014940711;0.34483793
0.072383396;-0.0014940711;0.34483793
0.072383396;-0.0014940711;0.34483793
0.072383396;-0.0034703556;0.34483793
0.072383396;-0.0034703556;0.34483793
0.074359685;-0.0014940711;0.34483793
0.072383396;-0.0014940711;0.34483793
0.072383396;-0.0034703556;0.33693281
0.074359685;-0.0014940711;0.34483793
0.072383396;-0.0034703556;0.34483793
0.074359685;-0.0034703556;0.35274309
0.072383396;-0.0034703556;0.33693281
0.072383396;-0.0034703556;0.34483793
0.074359685;-0.0014940711;0.35274309
0.074359685;-0.0034703556;0.34483793
0.076335967;-0.0034703556;0.34483793
0.072383396;-0.0034703556;0.35274309
0.074359685;-0.0034703556;0.34483793
0.072383396;-0.0034703556;0.34483793
0.074359685;-0.0034703556;0.34483793
0.074359685;-0.0034703556;0.34483793
0.074359685;-0.0054466403;0.34483793
0.074359685;-0.0034703556;0.34483793
0.074359685;-0.0054466403;0.35274309
0.074359685;-0.0054466403;0.34483793
0.074359685;-0.0034703556;0.35274309
0.074359685;-0.0034703556;0.34483793
0.074359685;-0.0034703556;0.34483793
0.074359685;-0.0034703556;0.34483793
0.076335967;-0.0054466403;0.35274309
0.076335967;-0.0054466403;0.35274309
0.076335967;-0.0054466403;0.34483793
0.074359685;-0.0054466403;0.34483793
0.074359685;-0.0054466403;0.35274309
0.076335967;-0.0054466403;0.34483793
0.076335967;-0.0054466403;0.34483793
0.076335967;-0.0054466403;0.34483793
0.076335967;-0.0054466403;0.35274309
0.076335967;-0.0054466403;0.35274309
0.074359685;-0.0054466403;0.34483793
0.076335967;-0.0054466403;0.35274309
0.076335967;-0.0054466403;0.34483793
0.076335967;-0.0054466403;0.34483793
0.076335967;-0.0054466403;0.34483793
0.078312255;-0.0054466403;0.34483793
0.076335967;-0.007422925;0.34483793
0.076335967;-0.0054466403;0.34483793
0.076335967;-0.007422925;0.34483793
0.076335967;-0.007422925;0.35274309
0.076335967;-0.007422925;0.34483793
0.076335967;-0.007422925;0.35274309
0.076335967;-0.007422925;0.34483793
0.076335967;-0.0054466403;0.34483793
0.076335967;-0.0054466403;0.34483793
0.076335967;-0.007422925;0.35274309
0.076335967;-0.007422925;0.34483793
0.076335967;-0.007422925;0.34483793
0.076335967;-0.007422925;0.34483793
0.076335967;-0.007422925;0.34483793
0.076335967;-0.007422925;0.34483793
0.076335967;-0.007422925;0.34483793
0.076335967;-0.007422925;0.34483793
0.076335967;-0.007422925;0.34483793
0.076335967;-0.007422925;0.35274309
0.076335967;-0.007422925;0.34483793
0.076335967;-0.007422925;0.34483793
0.076335967;-0.007422925;0.34483793
0.076335967;-0.007422925;0.34483793
0.076335967;-0.0093992092;0.34483793
0.074359685;-0.007422925;0.33693281
0.076335967;-0.0093992092;0.34483793
0.076335967;-0.007422925;0.34483793
0.076335967;-0.007422925;0.34483793
0.076335967;-0.0093992092;0.34483793
0.074359685;-0.0093992092;0.34483793
0.076335967;-0.0093992092;0.34483793
0.074359685;-0.0093992092;0.34483793
0.076335967;-0.0093992092;0.35274309
0.074359685;-0.0093992092;0.35274309
0.074359685;-0.0093992092;0.34483793
0.076335967;-0.0093992092;0.34483793
0.076335967;-0.0093992092;0.35274309
0.076335967;-0.0093992092;0.34483793
0.076335967;-0.0093992092;0.34483793
0.076335967;-0.0093992092;0.34483793
0.074359685;-0.0093992092;0.34483793
0.074359685;-0.011375494;0.34483793
0.074359685;-0.0093992092;0.34483793
0.076335967;-0.0093992092;0.34483793
0.074359685;-0.0093992092;0.34483793
0.074359685;-0.0093992092;0.34483793
0.072383396;-0.0093992092;0.34483793
0.072383396;-0.0093992092;0.34483793
0.074359685;-0.011375494;0.34483793
0.074359685;-0.0093992092;0.34483793
0.072383396;-0.0093992092;0.34483793
0.072383396;-0.0093992092;0.34483793
0.072383396;-0.0093992092;0.34483793
0.072383396;-0.0093992092;0.34483793
0.074359685;-0.011375494;0.34483793
0.072383396;-0.0093992092;0.34483793
0.072383396;-0.011375494;0.34483793
0.070407115;-0.011375494;0.34483793
0.072383396;-0.0093992092;0.34483793
0.072383396;-0.0093992092;0.34483793
0.072383396;-0.011375494;0.34483793
0.072383396;-0.011375494;0.34483793
0.072383396;-0.011375494;0.34483793
0.072383396;-0.011375494;0.34483793
0.072383396;-0.011375494;0.34483793
0.070407115;-0.011375494;0.34483793
0.070407115;-0.011375494;0.34483793
0.070407115;-0.013351778;0.34483793
0.070407115;-0.011375494;0.35274309
0.070407115;-0.011375494;0.34483793
0.070407115;-0.013351778;0.34483793
0.072383396;-0.011375494;0.34483793
0.070407115;-0.011375494;0.34483793
0.070407115;-0.011375494;0.34483793
0.070407115;-0.011375494;0.33693281
0.070407115;-0.011375494;0.34483793
0.070407115;-0.013351778;0.34483793
0.070407115;-0.011375494;0.34483793
0.068430834;-0.013351778;0.34483793
0.070407115;-0.013351778;0.34483793
0.068430834;-0.011375494;0.34483793
0.068430834;-0.013351778;0.34483793
0.068430834;-0.013351778;0.34483793
0.068430834;-0.013351778;0.34483793
0.068430834;-0.011375494;0.34483793
0.068430834;-0.013351778;0.34483793
0.068430834;-0.013351778;0.34483793
0.068430834;-0.013351778;0.34483793
0.068430834;-0.013351778;0.34483793
0.066454545;-0.015328064;0.34483793
0.068430834;-0.013351778;0.34483793
0.066454545;-0.013351778;0.34483793
0.066454545;-0.015328064;0.35274309
0.066454545;-0.013351778;0.34483793
0.066454545;-0.013351778;0.34483793
0.066454545;-0.013351778;0.35274309
0.064478263;-0.013351778;0.34483793
0.064478263;-0.013351778;0.34483793
0.064478263;-0.013351778;0.34483793
0.066454545;-0.013351778;0.33693281
0.066454545;-0.015328064;0.34483793
0.064478263;-0.013351778;0.34483793
0.064478263;-0.015328064;0.34483793
0.064478263;-0.013351778;0.34483793
0.064478263;-0.015328064;0.34483793
0.062501974;-0.015328064;0.34483793
0.064478263;-0.015328064;0.34483793
0.064478263;-0.015328064;0.34483793
0.062501974;-0.015328064;0.34483793
0.062501974;-0.015328064;0.34483793
0.062501974;-0.015328064;0.34483793
0.062501974;-0.015328064;0.33693281
0.062501974;-0.015328064;0.34483793
0.060525693;-0.015328064;0.34483793
0.060525693;-0.015328064;0.34483793
0.062501974;-0.015328064;0.34483793
0.062501974;-0.015328064;0.34483793
0.062501974;-0.017304348;0.34483793
0.060525693;-0.015328064;0.34483793
0.060525693;-0.015328064;0.35274309
0.060525693;-0.017304348;0.34483793
0.060525693;-0.017304348;0.35274309
0.060525693;-0.015328064;0.34483793
0.058549408;-0.017304348;0.34483793
0.058549408;-0.017304348;0.35274309
0.058549408;-0.015328064;0.34483793
0.058549408;-0.017304348;0.34483793
0.058549408;-0.015328064;0.34483793
0.058549408;-0.015328064;0.34483793
0.058549408;-0.017304348;0.34483793
0.058549408;-0.015328064;0.34483793
0.058549408;-0.017304348;0.34483793
0.056573123;-0.017304348;0.33693281
0.056573123;-0.017304348;0.34483793
0.056573123;-0.015328064;0.34483793
0.056573123;-0.017304348;0.35274309
0.054596838;-0.017304348;0.34483793
0.056573123;-0.017304348;0.34483793
0.054596838;-0.017304348;0.34483793
0.054596838;-0.017304348;0.34483793
0.054596838;-0.019280633;0.34483793
0.056573123;-0.017304348;0.34483793
0.054596838;-0.017304348;0.34483793
0.054596838;-0.017304348;0.34483793
0.054596838;-0.017304348;0.34483793
0.052620552;-0.017304348;0.34483793
0.052620552;-0.017304348;0.34483793
0.052620552;-0.017304348;0.34483793
0.052620552;-0.017304348;0.34483793
0.052620552;-0.017304348;0.34483793
0.050644267;-0.017304348;0.35274309
0.052620552;-0.019280633;0.34483793
0.050644267;-0.017304348;0.34483793
0.052620552;-0.017304348;0.34483793
0.050644267;-0.019280633;0.34483793
0.050644267;-0.017304348;0.34483793
0.050644267;-0.017304348;0.34483793
0.050644267;-0.017304348;0.34483793
0.048667986;-0.017304348;0.34483793
0.048667986;-0.019280633;0.34483793
0.048667986;-0.017304348;0.34483793
0.048667986;-0.017304348;0.34483793
0.048667986;-0.019280633;0.34483793
0.046691701;-0.019280633;0.34483793
0.046691701;-0.019280633;0.34483793
0.046691701;-0.019280633;0.34483793
0.046691701;-0.019280633;0.34483793
0.046691701;-0.019280633;0.34483793
0.046691701;-0.019280633;0.34483793
0.044715416;-0.019280633;0.34483793
0.044715416;-0.019280633;0.34483793
0.044715416;-0.019280633;0.35274309
0.042739131;-0.019280633;0.34483793
0.044715416;-0.019280633;0.34483793
0.042739131;-0.019280633;0.34483793
0.042739131;-0.019280633;0.34483793
0.042739131;-0.019280633;0.34483793
0.042739131;-0.019280633;0.34483793
0.042739131;-0.019280633;0.34483793
0.042739131;-0.019280633;0.34483793
0.042739131;-0.019280633;0.34483793
0.040762845;-0.019280633;0.34483793
0.042739131;-0.021256916;0.34483793
0.040762845;-0.021256916;0.34483793
0.040762845;-0.021256916;0.34483793
0.040762845;-0.023233201;0.34483793
0.040762845;-0.021256916;0.35274309
0.03878656;-0.021256916;0.34483793
0.03878656;-0.021256916;0.34483793
0.03878656;-0.019280633;0.34483793
0.03878656;-0.019280633;0.34483793
0.03878656;-0.021256916;0.34483793
0.03878656;-0.019280633;0.35274309
0.03878656;-0.021256916;0.35274309
0.03878656;-0.019280633;0.34483793
0.034833994;-0.019280633;0.34483793
0.036810275;-0.019280633;0.33693281
0.034833994;-0.019280633;0.33693281
0.034833994;-0.021256916;0.34483793
0.034833994;-0.021256916;0.34483793
0.034833994;-0.019280633;0.34483793
0.032857709;-0.021256916;0.34483793
0.034833994;-0.019280633;0.34483793
0.032857709;-0.021256916;0.34483793
0.032857709;-0.021256916;0.34483793
0.034833994;-0.019280633;0.34483793
0.032857709;-0.021256916;0.34483793
0.030881424;-0.021256916;0.34483793
0.030881424;-0.021256916;0.34483793
0.032857709;-0.021256916;0.35274309
0.030881424;-0.021256916;0.35274309
0.030881424;-0.019280633;0.34483793
0.030881424;-0.021256916;0.34483793
0.030881424;-0.021256916;0.34483793
0.028905138;-0.019280633;0.34483793
0.028905138;-0.021256916;0.34483793
0.028905138;-0.021256916;0.34483793
0.028905138;-0.023233201;0.34483793
0.028905138;-0.021256916;0.34483793
0.026928853;-0.021256916;0.34483793
0.026928853;-0.023233201;0.34483793
0.026928853;-0.021256916;0.34483793
0.026928853;-0.021256916;0.34483793
0.02495257;-0.021256916;0.34483793
0.026928853;-0.021256916;0.34483793
0.02495257;-0.021256916;0.34483793
0.02495257;-0.021256916;0.34483793
0.026928853;-0.021256916;0.33693281
0.02495257;-0.021256916;0.35274309
0.02495257;-0.021256916;0.34483793
0.02495257;-0.023233201;0.35274309
0.02495257;-0.021256916;0.34483793
0.022976285;-0.023233201;0.34483793
0.022976285;-0.023233201;0.35274309
0.022976285;-0.023233201;0.33693281
0.021;-0.021256916;0.34483793
0.022976285;-0.023233201;0.34483793
0.021;-0.023233201;0.34483793
0.019023715;-0.023233201;0.34483793
0.019023715;-0.023233201;0.34483793
0.021;-0.021256916;0.34483793
0.021;-0.023233201;0.34483793
0.021;-0.023233201;0.34483793
0.019023715;-0.023233201;0.33693281
0.019023715;-0.023233201;0.33693281
0.021;-0.023233201;0.34483793
0.019023715;-0.021256916;0.35274309
0.019023715;-0.023233201;0.34483793
0.017047431;-0.023233201;0.34483793
0.019023715;-0.023233201;0.34483793
0.017047431;-0.023233201;0.34483793
0.017047431;-0.021256916;0.34483793
0.019023715;-0.023233201;0.34483793
0.015071146;-0.023233201;0.34483793
0.015071146;-0.023233201;0.34483793
0.015071146;-0.023233201;0.34483793
0.015071146;-0.023233201;0.34483793
0.015071146;-0.023233201;0.34483793
0.015071146;-0.023233201;0.34483793
0.013094862;-0.023233201;0.34483793
0.015071146;-0.023233201;0.34483793
0.013094862;-0.023233201;0.34483793
0.013094862;-0.025209486;0.34483793
0.013094862;-0.023233201;0.34483793
0.013094862;-0.023233201;0.34483793
0.011118577;-0.023233201;0.34483793
0.013094862;-0.023233201;0.34483793
0.011118577;-0.023233201;0.34483793
0.011118577;-0.023233201;0.34483793
0.0091422927;-0.025209486;0.34483793
0.0091422927;-0.023233201;0.34483793
0.0091422927;-0.023233201;0.34483793
0.0091422927;-0.023233201;0.34483793
0.0091422927;-0.023233201;0.34483793
0.0091422927;-0.023233201;0.34483793
0.0091422927;-0.023233201;0.33693281
0.007166008;-0.025209486;0.34483793
0.0091422927;-0.025209486;0.34483793
0.007166008;-0.025209486;0.34483793
0.007166008;-0.023233201;0.35274309
0.007166008;-0.025209486;0.34483793
0.0051897233;-0.023233201;0.34483793
0.0051897233;-0.025209486;0.34483793
0.0051897233;-0.025209486;0.34483793
0.0051897233;-0.025209486;0.33693281
0.0051897233;-0.023233201;0.35274309
0.0051897233;-0.023233201;0.34483793
0.0051897233;-0.025209486;0.34483793
0.0032134387;-0.025209486;0.35274309
0.0032134387;-0.025209486;0.34483793
0.0012371541;-0.023233201;0.34483793
0.0012371541;-0.025209486;0.34483793
0.0012371541;-0.025209486;0.34483793
-0.00073913042;-0.023233201;0.34483793
0.0012371541;-0.025209486;0.34483793
0.0012371541;-0.025209486;0.34483793
-0.00073913042;-0.025209486;0.34483793
-0.00073913042;-0.025209486;0.35274309
-0.00073913042;-0.025209486;0.34483793
-0.00073913042;-0.025209486;0.34483793
-0.00073913042;-0.025209486;0.34483793
-0.0027154151;-0.023233201;0.34483793
-0.00073913042;-0.025209486;0.34483793
-0.0027154151;-0.025209486;0.34483793
-0.0027154151;-0.025209486;0.34483793
-0.0027154151;-0.025209486;0.34483793
-0.0027154151;-0.025209486;0.34483793
-0.0027154151;-0.025209486;0.34483793
-0.0027154151;-0.025209486;0.34483793
-0.0046916995;-0.025209486;0.34483793
-0.0066679842;-0.025209486;0.34483793
-0.0027154151;-0.025209486;0.34483793
-0.0046916995;-0.025209486;0.34483793
-0.0046916995;-0.025209486;0.34483793
-0.0066679842;-0.023233201;0.34483793
-0.0066679842;-0.025209486;0.34483793
-0.0046916995;-0.025209486;0.34483793
-0.0066679842;-0.025209486;0.34483793
-0.0066679842;-0.025209486;0.34483793
-0.0086442688;-0.025209486;0.34483793
-0.0066679842;-0.025209486;0.34483793
-0.0066679842;-0.023233201;0.34483793
-0.0066679842;-0.025209486;0.34483793
-0.0086442688;-0.025209486;0.34483793
-0.0086442688;-0.025209486;0.34483793
-0.010620553;-0.025209486;0.34483793
-0.010620553;-0.025209486;0.34483793
-0.010620553;-0.025209486;0.33693281
-0.010620553;-0.025209486;0.34483793
-0.010620553;-0.025209486;0.33693281
-0.010620553;-0.025209486;0.34483793
-0.010620553;-0.025209486;0.34483793
-0.010620553;-0.025209486;0.34483793
-0.010620553;-0.025209486;0.34483793
-0.010620553;-0.025209486;0.34483793
-0.010620553;-0.025209486;0.34483793
-0.012596838;-0.025209486;0.33693281
-0.010620553;-0.025209486;0.34483793
-0.012596838;-0.025209486;0.34483793
-0.012596838;-0.025209486;0.34483793
-0.012596838;-0.025209486;0.35274309
-0.012596838;-0.025209486;0.34483793
-0.012596838;-0.025209486;0.35274309
-0.014573122;-0.025209486;0.34483793
-0.012596838;-0.025209486;0.34483793
-0.014573122;-0.027185772;0.34483793
-0.014573122;-0.025209486;0.34483793
-0.014573122;-0.025209486;0.34483793
-0.016549407;-0.025209486;0.34483793
-0.014573122;-0.025209486;0.33693281
-0.014573122;-0.025209486;0.35274309
-0.016549407;-0.025209486;0.33693281
-0.016549407;-0.027185772;0.34483793
-0.016549407;-0.025209486;0.35274309
-0.016549407;-0.025209486;0.34483793
-0.016549407;-0.025209486;0.34483793
-0.016549407;-0.025209486;0.34483793
-0.016549407;-0.025209486;0.33693281
-0.016549407;-0.025209486;0.34483793
-0.016549407;-0.025209486;0.34483793
-0.018525692;-0.027185772;0.34483793
-0.018525692;-0.025209486;0.34483793
-0.018525692;-0.025209486;0.35274309
-0.018525692;-0.027185772;0.34483793
-0.020501977;-0.025209486;0.35274309
-0.018525692;-0.025209486;0.34483793
-0.020501977;-0.025209486;0.34483793
-0.020501977;-0.025209486;0.34483793
-0.020501977;-0.025209486;0.34483793
-0.020501977;-0.025209486;0.34483793
-0.020501977;-0.027185772;0.34483793
-0.02247826;-0.025209486;0.34483793
-0.020501977;-0.025209486;0.34483793
-0.020501977;-0.025209486;0.34483793
-0.020501977;-0.025209486;0.34483793
-0.020501977;-0.027185772;0.34483793
-0.02247826;-0.025209486;0.35274309
-0.020501977;-0.025209486;0.35274309
-0.02247826;-0.025209486;0.35274309
-0.02247826;-0.025209486;0.34483793
-0.020501977;-0.025209486;0.35274309
-0.02247826;-0.025209486;0.34483793
-0.02247826;-0.027185772;0.34483793
-0.02247826;-0.027185772;0.34483793
-0.02247826;-0.025209486;0.34483793
-0.024454545;-0.025209486;0.34483793
-0.024454545;-0.025209486;0.35274309
-0.02247826;-0.025209486;0.34483793
-0.02247826;-0.025209486;0.34483793
-0.024454545;-0.025209486;0.33693281
-0.024454545;-0.025209486;0.34483793
-0.024454545;-0.025209486;0.34483793
-0.024454545;-0.025209486;0.34483793
-0.02247826;-0.025209486;0.34483793
-0.024454545;-0.025209486;0.34483793
-0.024454545;-0.025209486;0.34483793
-0.02643083;-0.025209486;0.34483793
-0.024454545;-0.025209486;0.34483793
-0.02643083;-0.027185772;0.35274309
-0.024454545;-0.027185772;0.33693281
-0.02643083;-0.025209486;0.35274309
-0.02643083;-0.025209486;0.34483793
-0.02643083;-0.027185772;0.34483793
-0.02643083;-0.027185772;0.33693281
-0.028407115;-0.027185772;0.34483793
-0.028407115;-0.025209486;0.34483793
-0.028407115;-0.027185772;0.33693281
-0.028407115;-0.025209486;0.34483793
-0.02643083;-0.027185772;0.34483793
-0.030383399;-0.025209486;0.34483793
-0.02643083;-0.025209486;0.35274309
-0.028407115;-0.025209486;0.34483793
-0.028407115;-0.025209486;0.34483793
-0.028407115;-0.025209486;0.34483793
-0.028407115;-0.027185772;0.34483793
-0.02643083;-0.025209486;0.34483793
-0.030383399;-0.025209486;0.33693281
-0.028407115;-0.025209486;0.34483793
-0.030383399;-0.027185772;0.33693281
-0.028407115;-0.025209486;0.34483793
-0.028407115;-0.025209486;0.34483793
-0.028407115;-0.025209486;0.34483793
-0.030383399;-0.025209486;0.34483793
-0.030383399;-0.025209486;0.35274309
-0.028407115;-0.027185772;0.34483793
-0.028407115;-0.025209486;0.34483793
-0.030383399;-0.025209486;0.34483793
-0.028407115;-0.025209486;0.34483793
-0.028407115;-0.025209486;0.34483793
-0.028407115;-0.025209486;0.34483793
-0.028407115;-0.025209486;0.34483793
-0.028407115;-0.025209486;0.34483793
-0.030383399;-0.025209486;0.34483793
-0.030383399;-0.025209486;0.34483793
-0.028407115;-0.025209486;0.34483793
-0.028407115;-0.025209486;0.35274309
-0.030383399;-0.025209486;0.34483793
-0.028407115;-0.025209486;0.34483793
-0.030383399;-0.025209486;0.34483793
-0.030383399;-0.025209486;0.34483793
-0.030383399;-0.025209486;0.35274309
-0.030383399;-0.025209486;0.34483793
-0.030383399;-0.025209486;0.34483793
-0.030383399;-0.025209486;0.34483793
-0.030383399;-0.025209486;0.34483793
-0.030383399;-0.025209486;0.34483793
-0.030383399;-0.025209486;0.34483793
-0.030383399;-0.023233201;0.34483793
-0.030383399;-0.025209486;0.34483793
-0.030383399;-0.023233201;0.35274309
-0.032359682;-0.025209486;0.34483793
-0.030383399;-0.025209486;0.35274309
-0.030383399;-0.023233201;0.34483793
-0.030383399;-0.025209486;0.34483793
-0.032359682;-0.025209486;0.34483793
-0.030383399;-0.025209486;0.34483793
-0.032359682;-0.023233201;0.34483793
-0.032359682;-0.025209486;0.34483793
-0.030383399;-0.025209486;0.34483793
-0.030383399;-0.025209486;0.35274309
-0.032359682;-0.025209486;0.34483793
-0.030383399;-0.025209486;0.34483793
-0.032359682;-0.025209486;0.34483793
-0.032359682;-0.025209486;0.34483793
-0.030383399;-0.025209486;0.35274309
-0.032359682;-0.023233201;0.35274309
-0.030383399;-0.025209486;0.34483793
-0.032359682;-0.025209486;0.34483793
-0.032359682;-0.023233201;0.34483793
-0.032359682;-0.025209486;0.34483793
-0.032359682;-0.025209486;0.34483793
-0.030383399;-0.025209486;0.34483793
-0.032359682;-0.025209486;0.35274309
-0.030383399;-0.023233201;0.34483793
-0.030383399;-0.023233201;0.34483793
-0.030383399;-0.023233201;0.34483793
-0.030383399;-0.025209486;0.34483793
-0.030383399;-0.023233201;0.34483793
-0.030383399;-0.025209486;0.34483793
-0.032359682;-0.025209486;0.34483793
-0.030383399;-0.023233201;0.34483793
-0.030383399;-0.025209486;0.34483793
-0.030383399;-0.023233201;0.34483793
-0.030383399;-0.023233201;0.34483793
-0.030383399;-0.023233201;0.34483793
-0.030383399;-0.023233201;0.34483793
-0.028407115;-0.023233201;0.34483793
-0.030383399;-0.025209486;0.34483793
-0.030383399;-0.023233201;0.34483793
-0.030383399;-0.025209486;0.34483793
-0.030383399;-0.023233201;0.34483793
-0.028407115;-0.023233201;0.34483793
-0.030383399;-0.023233201;0.34483793
-0.028407115;-0.023233201;0.34483793
-0.030383399;-0.023233201;0.34483793
-0.028407115;-0.023233201;0.34483793
-0.028407115;-0.023233201;0.34483793
-0.030383399;-0.025209486;0.34483793
-0.028407115;-0.023233201;0.34483793
-0.028407115;-0.023233201;0.34483793
-0.030383399;-0.023233201;0.34483793
-0.028407115;-0.023233201;0.34483793
-0.02643083;-0.023233201;0.34483793
-0.02643083;-0.023233201;0.34483793
-0.028407115;-0.023233201;0.34483793
-0.028407115;-0.023233201;0.34483793
-0.028407115;-0.023233201;0.34483793
-0.02643083;-0.023233201;0.34483793
-0.02643083;-0.023233201;0.34483793
-0.02643083;-0.023233201;0.34483793
-0.02643083;-0.023233201;0.34483793
-0.02643083;-0.023233201;0.34483793
-0.02643083;-0.023233201;0.34483793
-0.02643083;-0.023233201;0.35274309
-0.02643083;-0.021256916;0.34483793
-0.02643083;-0.023233201;0.34483793
-0.02643083;-0.021256916;0.34483793
-0.02643083;-0.023233201;0.34483793
-0.02643083;-0.023233201;0.34483793
-0.02643083;-0.023233201;0.34483793
-0.02643083;-0.023233201;0.34483793
-0.024454545;-0.021256916;0.34483793
-0.024454545;-0.021256916;0.34483793
-0.02643083;-0.021256916;0.34483793
-0.024454545;-0.023233201;0.35274309
-0.024454545;-0.023233201;0.35274309
-0.024454545;-0.023233201;0.34483793
-0.024454545;-0.021256916;0.34483793
-0.024454545;-0.021256916;0.34483793
-0.024454545;-0.023233201;0.34483793
-0.024454545;-0.021256916;0.35274309
-0.024454545;-0.021256916;0.34483793
-0.024454545;-0.021256916;0.34483793
-0.02247826;-0.021256916;0.35274309
-0.02247826;-0.021256916;0.34483793
-0.024454545;-0.023233201;0.34483793
-0.02247826;-0.021256916;0.34483793
-0.02247826;-0.021256916;0.34483793
-0.024454545;-0.021256916;0.35274309
-0.02247826;-0.021256916;0.34483793
-0.02247826;-0.021256916;0.34483793
-0.02247826;-0.021256916;0.34483793
-0.02247826;-0.021256916;0.34483793
-0.02247826;-0.021256916;0.34483793
-0.020501977;-0.023233201;0.34483793
-0.02247826;-0.021256916;0.34483793
-0.020501977;-0.019280633;0.34483793
-0.02247826;-0.021256916;0.34483793
-0.020501977;-0.021256916;0.34483793
-0.020501977;-0.021256916;0.34483793
-0.020501977;-0.021256916;0.35274309
-0.020501977;-0.021256916;0.34483793
-0.018525692;-0.021256916;0.34483793
-0.018525692;-0.021256916;0.34483793
-0.020501977;-0.021256916;0.34483793
-0.018525692;-0.021256916;0.35274309
-0.018525692;-0.021256916;0.34483793
-0.018525692;-0.021256916;0.34483793
-0.018525692;-0.021256916;0.34483793
-0.018525692;-0.019280633;0.34483793
-0.016549407;-0.021256916;0.34483793
-0.016549407;-0.021256916;0.34483793
-0.018525692;-0.021256916;0.33693281
-0.016549407;-0.021256916;0.35274309
-0.018525692;-0.021256916;0.34483793
-0.016549407;-0.021256916;0.34483793
-0.014573122;-0.021256916;0.33693281
-0.016549407;-0.021256916;0.34483793
-0.016549407;-0.021256916;0.34483793
-0.016549407;-0.021256916;0.34483793
-0.016549407;-0.019280633;0.34483793
-0.014573122;-0.019280633;0.33693281
-0.014573122;-0.019280633;0.34483793
-0.016549407;-0.021256916;0.35274309
-0.014573122;-0.019280633;0.34483793
-0.014573122;-0.019280633;0.33693281
-0.014573122;-0.019280633;0.34483793
-0.012596838;-0.019280633;0.34483793
-0.012596838;-0.019280633;0.34483793
-0.012596838;-0.019280633;0.34483793
-0.012596838;-0.021256916;0.34483793
-0.012596838;-0.021256916;0.34483793
-0.012596838;-0.019280633;0.34483793
-0.012596838;-0.019280633;0.35274309
-0.010620553;-0.019280633;0.34483793
-0.010620553;-0.019280633;0.34483793
-0.010620553;-0.019280633;0.35274309
-0.010620553;-0.019280633;0.34483793
-0.010620553;-0.019280633;0.34483793
-0.010620553;-0.019280633;0.34483793
-0.0086442688;-0.019280633;0.34483793
-0.0086442688;-0.019280633;0.34483793
-0.010620553;-0.019280633;0.34483793
-0.0086442688;-0.019280633;0.34483793
-0.0086442688;-0.019280633;0.34483793
-0.0086442688;-0.017304348;0.34483793
-0.0086442688;-0.019280633;0.34483793
-0.0086442688;-0.019280633;0.34483793
-0.0066679842;-0.017304348;0.34483793
-0.0066679842;-0.019280633;0.34483793
-0.0066679842;-0.019280633;0.35274309
-0.0066679842;-0.019280633;0.34483793
-0.0066679842;-0.017304348;0.34483793
-0.0066679842;-0.017304348;0.34483793
-0.0066679842;-0.019280633;0.35274309
-0.0046916995;-0.017304348;0.34483793
-0.0046916995;-0.019280633;0.34483793
-0.0046916995;-0.017304348;0.34483793
-0.0046916995;-0.017304348;0.34483793
-0.0046916995;-0.019280633;0.34483793
-0.0046916995;-0.017304348;0.34483793
-0.0027154151;-0.017304348;0.34483793
-0.0027154151;-0.017304348;0.34483793
-0.0027154151;-0.019280633;0.34483793
-0.0027154151;-0.019280633;0.34483793
-0.0027154151;-0.019280633;0.34483793
-0.0027154151;-0.017304348;0.34483793
-0.0027154151;-0.017304348;0.33693281
-0.0027154151;-0.017304348;0.34483793
-0.0027154151;-0.017304348;0.34483793
-0.0027154151;-0.017304348;0.34483793
-0.00073913042;-0.017304348;0.34483793
-0.00073913042;-0.017304348;0.34483793
-0.00073913042;-0.019280633;0.34483793
-0.00073913042;-0.017304348;0.34483793
-0.00073913042;-0.017304348;0.34483793
0.0012371541;-0.017304348;0.34483793
-0.00073913042;-0.017304348;0.34483793
0.0012371541;-0.017304348;0.34483793
0.0032134387;-0.017304348;0.34483793
0.0032134387;-0.017304348;0.33693281
0.0032134387;-0.017304348;0.34483793
0.0012371541;-0.017304348;0.34483793
0.0032134387;-0.015328064;0.34483793
0.0032134387;-0.017304348;0.34483793
0.0051897233;-0.017304348;0.33693281
0.0032134387;-0.017304348;0.34483793
0.0051897233;-0.015328064;0.34483793
0.0051897233;-0.017304348;0.35274309
0.0051897233;-0.015328064;0.34483793
0.007166008;-0.015328064;0.34483793
0.0051897233;-0.015328064;0.34483793
0.007166008;-0.015328064;0.35274309
0.0051897233;-0.017304348;0.34483793
0.007166008;-0.015328064;0.34483793
0.007166008;-0.017304348;0.35274309
0.007166008;-0.015328064;0.34483793
0.007166008;-0.015328064;0.34483793
0.007166008;-0.013351778;0.35274309
0.0091422927;-0.015328064;0.34483793
0.0091422927;-0.013351778;0.34483793
0.0091422927;-0.013351778;0.34483793
0.0091422927;-0.015328064;0.34483793
0.0091422927;-0.013351778;0.34483793
0.011118577;-0.015328064;0.34483793
0.011118577;-0.015328064;0.34483793
0.011118577;-0.013351778;0.35274309
0.013094862;-0.015328064;0.34483793
0.013094862;-0.015328064;0.34483793
0.013094862;-0.013351778;0.34483793
0.013094862;-0.013351778;0.34483793
0.013094862;-0.013351778;0.34483793
0.013094862;-0.013351778;0.34483793
0.015071146;-0.015328064;0.35274309
0.015071146;-0.013351778;0.34483793
0.017047431;-0.013351778;0.34483793
0.017047431;-0.013351778;0.34483793
0.017047431;-0.013351778;0.34483793
0.017047431;-0.015328064;0.34483793
0.017047431;-0.015328064;0.34483793
0.017047431;-0.013351778;0.34483793
0.019023715;-0.013351778;0.34483793
0.019023715;-0.013351778;0.33693281
0.017047431;-0.013351778;0.34483793
0.017047431;-0.011375494;0.35274309
0.019023715;-0.013351778;0.34483793
0.019023715;-0.011375494;0.34483793
0.019023715;-0.013351778;0.34483793
0.019023715;-0.011375494;0.34483793
0.019023715;-0.013351778;0.35274309
0.021;-0.013351778;0.34483793
0.021;-0.011375494;0.34483793
0.021;-0.013351778;0.34483793
0.019023715;-0.011375494;0.34483793
0.022976285;-0.011375494;0.34483793
0.022976285;-0.013351778;0.34483793
0.022976285;-0.013351778;0.34483793
0.022976285;-0.013351778;0.34483793
0.022976285;-0.013351778;0.34483793
0.022976285;-0.013351778;0.34483793
0.022976285;-0.011375494;0.34483793
0.02495257;-0.011375494;0.34483793
0.02495257;-0.011375494;0.34483793
0.02495257;-0.011375494;0.34483793
0.02495257;-0.011375494;0.34483793
0.026928853;-0.011375494;0.34483793
0.026928853;-0.011375494;0.34483793
0.02495257;-0.011375494;0.34483793
0.026928853;-0.011375494;0.35274309
0.026928853;-0.011375494;0.34483793
0.026928853;-0.011375494;0.34483793
0.028905138;-0.011375494;0.35274309
0.028905138;-0.011375494;0.34483793
0.028905138;-0.011375494;0.34483793
0.028905138;-0.011375494;0.34483793
0.028905138;-0.011375494;0.34483793
0.028905138;-0.011375494;0.34483793
0.032857709;-0.0093992092;0.35274309
0.030881424;-0.011375494;0.34483793
0.032857709;-0.0093992092;0.34483793
0.030881424;-0.0093992092;0.34483793
0.032857709;-0.0093992092;0.34483793
0.032857709;-0.0093992092;0.34483793
0.032857709;-0.0093992092;0.34483793
0.032857709;-0.011375494;0.33693281
0.032857709;-0.0093992092;0.34483793
0.032857709;-0.011375494;0.34483793
0.034833994;-0.0093992092;0.34483793
0.034833994;-0.0093992092;0.34483793
0.034833994;-0.0093992092;0.34483793
0.034833994;-0.0093992092;0.34483793
0.034833994;-0.011375494;0.34483793
0.034833994;-0.0093992092;0.35274309
0.036810275;-0.007422925;0.34483793
0.036810275;-0.0093992092;0.34483793
0.036810275;-0.007422925;0.34483793
0.03878656;-0.0093992092;0.35274309
0.03878656;-0.0093992092;0.35274309
0.036810275;-0.0093992092;0.34483793
0.03878656;-0.007422925;0.34483793
0.040762845;-0.007422925;0.34483793
0.03878656;-0.0093992092;0.34483793
0.040762845;-0.0093992092;0.35274309
0.03878656;-0.007422925;0.33693281
0.040762845;-0.0093992092;0.33693281
0.03878656;-0.007422925;0.35274309
0.042739131;-0.007422925;0.34483793
0.040762845;-0.007422925;0.34483793
0.040762845;-0.007422925;0.34483793
0.040762845;-0.007422925;0.34483793
0.042739131;-0.007422925;0.34483793
0.044715416;-0.007422925;0.34483793
0.042739131;-0.007422925;0.34483793
0.042739131;-0.007422925;0.35274309
0.042739131;-0.007422925;0.34483793
0.044715416;-0.0054466403;0.34483793
0.042739131;-0.007422925;0.34483793
0.044715416;-0.007422925;0.34483793
0.044715416;-0.007422925;0.34483793
0.044715416;-0.007422925;0.34483793
0.046691701;-0.007422925;0.34483793
0.044715416;-0.0054466403;0.34483793
0.046691701;-0.0054466403;0.34483793
0.046691701;-0.0054466403;0.34483793
0.046691701;-0.007422925;0.34483793
0.048667986;-0.0054466403;0.34483793
0.044715416;-0.0054466403;0.34483793
0.048667986;-0.0054466403;0.34483793
0.046691701;-0.0054466403;0.34483793
0.048667986;-0.007422925;0.34483793
0.048667986;-0.0054466403;0.34483793
0.048667986;-0.0054466403;0.34483793
0.050644267;-0.0054466403;0.34483793
0.048667986;-0.0054466403;0.34483793
0.050644267;-0.0054466403;0.34483793
0.050644267;-0.0054466403;0.35274309
0.050644267;-0.0054466403;0.34483793
0.050644267;-0.0054466403;0.34483793
0.052620552;-0.0034703556;0.34483793
0.052620552;-0.0054466403;0.34483793
0.050644267;-0.0034703556;0.34483793
0.052620552;-0.0034703556;0.35274309
0.052620552;-0.0054466403;0.34483793
0.052620552;-0.0034703556;0.35274309
0.052620552;-0.0054466403;0.34483793
0.054596838;-0.0054466403;0.34483793
0.054596838;-0.0034703556;0.34483793
0.054596838;-0.0054466403;0.34483793
0.054596838;-0.0034703556;0.34483793
0.056573123;-0.0034703556;0.34483793
0.056573123;-0.0034703556;0.35274309
0.054596838;-0.0034703556;0.34483793
0.056573123;-0.0034703556;0.34483793
0.056573123;-0.0034703556;0.34483793
0.056573123;-0.0054466403;0.34483793
0.056573123;-0.0034703556;0.34483793
0.056573123;-0.0034703556;0.34483793
0.056573123;-0.0034703556;0.34483793
0.058549408;-0.0014940711;0.34483793
0.058549408;-0.0034703556;0.34483793
0.058549408;-0.0034703556;0.34483793
0.058549408;-0.0014940711;0.34483793
0.056573123;-0.0034703556;0.35274309
0.060525693;-0.0014940711;0.34483793
0.058549408;-0.0034703556;0.34483793
0.058549408;-0.0034703556;0.34483793
0.060525693;-0.0034703556;0.34483793
0.058549408;-0.0034703556;0.34483793
0.060525693;-0.0014940711;0.34483793
0.060525693;-0.0014940711;0.34483793
0.060525693;-0.0034703556;0.34483793
0.060525693;-0.0014940711;0.34483793
0.060525693;-0.0034703556;0.34483793
0.060525693;-0.0014940711;0.34483793
0.062501974;-0.0014940711;0.34483793
0.062501974;-0.0014940711;0.34483793
0.062501974;-0.0014940711;0.34483793
0.062501974;-0.0014940711;0.34483793
0.062501974;0.00048221345;0.34483793
0.062501974;-0.0014940711;0.33693281
0.062501974;-0.0014940711;0.34483793
0.064478263;-0.0014940711;0.34483793
0.062501974;-0.0014940711;0.34483793
0.064478263;0.00048221345;0.34483793
0.064478263;-0.0014940711;0.34483793
0.062501974;0.00048221345;0.34483793
0.064478263;0.00048221345;0.35274309
0.064478263;0.00048221345;0.34483793
0.064478263;0.00048221345;0.34483793
0.064478263;0.00048221345;0.34483793
0.064478263;-0.0014940711;0.34483793
0.066454545;-0.0014940711;0.34483793
0.064478263;-0.0014940711;0.34483793
0.066454545;-0.0014940711;0.34483793
0.066454545;0.00048221345;0.34483793
0.066454545;0.00048221345;0.34483793
0.066454545;0.00048221345;0.34483793
0.066454545;0.00048221345;0.34483793
0.066454545;0.00048221345;0.34483793
0.066454545;0.00048221345;0.34483793
0.068430834;0.00048221345;0.34483793
0.068430834;0.00048221345;0.34483793
0.066454545;0.0024584981;0.33693281
0.066454545;0.00048221345;0.34483793
0.068430834;0.0024584981;0.34483793
0.068430834;0.00048221345;0.34483793
0.068430834;0.00048221345;0.34483793
0.068430834;0.0024584981;0.34483793
0.068430834;0.00048221345;0.34483793
0.068430834;0.00048221345;0.34483793
0.068430834;0.0024584981;0.34483793
0.070407115;0.0024584981;0.34483793
0.070407115;0.00048221345;0.35274309
0.070407115;0.0024584981;0.34483793
0.070407115;0.0024584981;0.35274309
0.070407115;0.0024584981;0.35274309
0.070407115;0.0024584981;0.34483793
0.072383396;0.0024584981;0.34483793
0.070407115;0.0024584981;0.34483793
0.072383396;0.0044347825;0.34483793
0.072383396;0.0024584981;0.34483793
0.070407115;0.0024584981;0.34483793
0.072383396;0.0024584981;0.34483793
0.072383396;0.0024584981;0.35274309
0.072383396;0.0024584981;0.34483793
0.072383396;0.0044347825;0.34483793
0.072383396;0.0044347825;0.35274309
0.074359685;0.0024584981;0.34483793
0.072383396;0.0024584981;0.35274309
0.072383396;0.0044347825;0.34483793
0.074359685;0.0044347825;0.34483793
0.072383396;0.0044347825;0.34483793
0.072383396;0.0044347825;0.34483793
0.074359685;0.0044347825;0.34483793
0.072383396;0.0024584981;0.34483793
0.072383396;0.0044347825;0.33693281
0.074359685;0.0044347825;0.34483793
0.074359685;0.0044347825;0.34483793
0.074359685;0.0044347825;0.34483793
0.074359685;0.0044347825;0.34483793
0.074359685;0.0044347825;0.34483793
0.074359685;0.0044347825;0.34483793
0.074359685;0.0044347825;0.35274309
0.074359685;0.0044347825;0.34483793
0.074359685;0.0044347825;0.34483793
0.076335967;0.0064110672;0.34483793
0.074359685;0.0064110672;0.33693281
0.074359685;0.0064110672;0.34483793
0.074359685;0.0064110672;0.34483793
0.076335967;0.0064110672;0.35274309
0.074359685;0.0064110672;0.33693281
0.074359685;0.0064110672;0.34483793
0.074359685;0.0044347825;0.34483793
0.078312255;0.0064110672;0.34483793
0.074359685;0.0064110672;0.35274309
0.074359685;0.0064110672;0.34483793
0.074359685;0.0064110672;0.34483793
0.074359685;0.0083873514;0.34483793
0.076335967;0.0064110672;0.34483793
0.076335967;0.0064110672;0.34483793
0.074359685;0.0064110672;0.34483793
0.074359685;0.0083873514;0.34483793
0.076335967;0.0083873514;0.34483793
0.074359685;0.0083873514;0.34483793
0.076335967;0.0064110672;0.34483793
0.076335967;0.0083873514;0.34483793
0.074359685;0.0083873514;0.34483793
0.076335967;0.0083873514;0.34483793
0.076335967;0.0083873514;0.34483793
0.076335967;0.0083873514;0.34483793
0.076335967;0.0083873514;0.34483793
0.076335967;0.0083873514;0.34483793
0.076335967;0.0083873514;0.34483793
0.076335967;0.0083873514;0.34483793
0.076335967;0.010363637;0.35274309
0.076335967;0.010363637;0.34483793
0.076335967;0.010363637;0.34483793
0.076335967;0.0083873514;0.34483793
0.074359685;0.010363637;0.34483793
0.076335967;0.010363637;0.34483793
0.074359685;0.010363637;0.34483793
0.076335967;0.0083873514;0.34483793
0.076335967;0.010363637;0.33693281
0.076335967;0.010363637;0.34483793
0.076335967;0.010363637;0.34483793
0.076335967;0.010363637;0.34483793
0.076335967;0.010363637;0.34483793
0.076335967;0.010363637;0.34483793
0.076335967;0.0083873514;0.34483793
0.076335967;0.010363637;0.34483793
0.076335967;0.010363637;0.34483793
0.076335967;0.010363637;0.34483793
0.076335967;0.010363637;0.34483793
0.074359685;0.010363637;0.34483793
0.078312255;0.010363637;0.34483793
0.076335967;0.010363637;0.34483793
0.076335967;0.010363637;0.34483793
0.076335967;0.010363637;0.34483793
0.076335967;0.012339921;0.33693281
0.076335967;0.012339921;0.33693281
0.074359685;0.012339921;0.33693281
0.076335967;0.012339921;0.35274309
0.076335967;0.012339921;0.34483793
0.076335967;0.012339921;0.34483793
0.076335967;0.012339921;0.34483793
0.074359685;0.012339921;0.34483793
0.074359685;0.012339921;0.34483793
0.074359685;0.012339921;0.34483793
0.076335967;0.012339921;0.35274309
0.074359685;0.012339921;0.35274309
0.076335967;0.014316206;0.34483793
0.074359685;0.012339921;0.34483793
0.076335967;0.014316206;0.35274309
0.074359685;0.012339921;0.33693281
0.076335967;0.014316206;0.34483793
0.074359685;0.014316206;0.34483793
0.074359685;0.014316206;0.34483793
0.072383396;0.012339921;0.34483793
0.074359685;0.014316206;0.34483793
0.074359685;0.014316206;0.34483793
0.072383396;0.014316206;0.33693281
0.072383396;0.014316206;0.34483793
0.074359685;0.014316206;0.33693281
0.072383396;0.014316206;0.34483793
0.072383396;0.014316206;0.34483793
0.072383396;0.01629249;0.34483793
0.072383396;0.01629249;0.34483793
0.072383396;0.01629249;0.34483793
0.072383396;0.018268775;0.35274309
0.072383396;0.01629249;0.34483793
0.072383396;0.01629249;0.33693281
0.072383396;0.01629249;0.34483793
0.070407115;0.01629249;0.34483793
0.072383396;0.01629249;0.34483793
0.072383396;0.01629249;0.34483793
0.070407115;0.01629249;0.34483793
0.070407115;0.01629249;0.34483793
0.070407115;0.01629249;0.34483793
0.070407115;0.018268775;0.34483793
0.070407115;0.01629249;0.34483793
0.070407115;0.018268775;0.34483793
0.070407115;0.018268775;0.34483793
0.070407115;0.018268775;0.34483793
0.070407115;0.018268775;0.34483793
0.070407115;0.018268775;0.34483793
0.068430834;0.01629249;0.34483793
0.070407115;0.018268775;0.34483793
0.068430834;0.018268775;0.34483793
0.070407115;0.018268775;0.34483793
0.070407115;0.020245058;0.34483793
0.068430834;0.018268775;0.34483793
0.068430834;0.018268775;0.35274309
0.070407115;0.018268775;0.34483793
0.066454545;0.018268775;0.34483793
0.068430834;0.018268775;0.34483793
0.068430834;0.018268775;0.35274309
0.066454545;0.018268775;0.34483793
0.068430834;0.018268775;0.33693281
0.066454545;0.018268775;0.34483793
0.066454545;0.020245058;0.34483793
0.066454545;0.020245058;0.34483793
0.066454545;0.020245058;0.34483793
0.066454545;0.020245058;0.34483793
0.066454545;0.018268775;0.34483793
0.066454545;0.018268775;0.34483793
0.064478263;0.020245058;0.34483793
0.064478263;0.020245058;0.34483793
0.064478263;0.022221344;0.35274309
0.064478263;0.020245058;0.34483793
0.064478263;0.020245058;0.34483793
0.064478263;0.020245058;0.34483793
0.064478263;0.020245058;0.34483793
0.062501974;0.020245058;0.34483793
0.064478263;0.020245058;0.34483793
0.064478263;0.020245058;0.34483793
0.064478263;0.022221344;0.34483793
0.062501974;0.022221344;0.34483793
0.064478263;0.020245058;0.34483793
0.062501974;0.022221344;0.35274309
0.062501974;0.022221344;0.34483793
0.062501974;0.020245058;0.34483793
0.060525693;0.022221344;0.34483793
0.062501974;0.022221344;0.34483793
0.062501974;0.022221344;0.35274309
0.062501974;0.020245058;0.34483793
0.060525693;0.022221344;0.34483793
0.062501974;0.022221344;0.34483793
0.058549408;0.022221344;0.34483793
0.062501974;0.022221344;0.34483793
0.060525693;0.022221344;0.34483793
0.060525693;0.022221344;0.34483793
0.060525693;0.022221344;0.34483793
0.058549408;0.022221344;0.34483793
0.058549408;0.022221344;0.35274309
0.058549408;0.022221344;0.34483793
0.056573123;0.024197629;0.34483793
0.058549408;0.024197629;0.35274309
0.058549408;0.024197629;0.34483793
0.058549408;0.024197629;0.34483793
0.056573123;0.024197629;0.34483793
0.054596838;0.024197629;0.34483793
0.056573123;0.024197629;0.34483793
0.056573123;0.024197629;0.34483793
0.056573123;0.024197629;0.35274309
0.056573123;0.024197629;0.34483793
0.054596838;0.024197629;0.34483793
0.054596838;0.024197629;0.34483793
0.054596838;0.024197629;0.33693281
0.054596838;0.024197629;0.34483793
0.054596838;0.024197629;0.34483793
0.054596838;0.024197629;0.34483793
0.052620552;0.026173914;0.33693281
0.054596838;0.026173914;0.34483793
0.054596838;0.026173914;0.34483793
0.052620552;0.026173914;0.35274309
0.052620552;0.024197629;0.34483793
0.052620552;0.026173914;0.33693281
0.052620552;0.026173914;0.34483793
0.052620552;0.026173914;0.35274309
0.052620552;0.026173914;0.34483793
0.050644267;0.026173914;0.35274309
0.050644267;0.026173914;0.34483793
0.050644267;0.026173914;0.34483793
0.048667986;0.026173914;0.34483793
0.048667986;0.028150197;0.34483793
0.048667986;0.026173914;0.34483793
0.048667986;0.026173914;0.34483793
0.046691701;0.026173914;0.34483793
0.046691701;0.026173914;0.34483793
0.046691701;0.028150197;0.34483793
0.046691701;0.028150197;0.34483793
0.046691701;0.028150197;0.34483793
0.046691701;0.028150197;0.34483793
0.044715416;0.028150197;0.34483793
0.046691701;0.028150197;0.34483793
0.044715416;0.028150197;0.34483793
0.044715416;0.028150197;0.34483793
0.044715416;0.028150197;0.34483793
0.044715416;0.028150197;0.35274309
0.044715416;0.028150197;0.34483793
0.044715416;0.028150197;0.35274309
0.044715416;0.028150197;0.34483793
0.042739131;0.028150197;0.34483793
0.042739131;0.030126482;0.34483793
0.040762845;0.028150197;0.34483793
0.042739131;0.028150197;0.34483793
0.042739131;0.030126482;0.35274309
0.040762845;0.030126482;0.35274309
0.042739131;0.030126482;0.34483793
0.040762845;0.030126482;0.34483793
0.042739131;0.030126482;0.34483793
0.040762845;0.030126482;0.35274309
0.040762845;0.030126482;0.34483793
0.040762845;0.030126482;0.34483793
0.040762845;0.030126482;0.34483793
0.03878656;0.032102767;0.34483793
0.03878656;0.030126482;0.34483793
0.03878656;0.032102767;0.34483793
0.03878656;0.032102767;0.34483793
0.036810275;0.030126482;0.35274309
0.03878656;0.032102767;0.34483793
0.036810275;0.032102767;0.34483793
0.034833994;0.032102767;0.34483793
0.034833994;0.032102767;0.34483793
0.034833994;0.032102767;0.34483793
0.034833994;0.032102767;0.34483793
0.034833994;0.030126482;0.35274309
0.034833994;0.032102767;0.34483793
0.034833994;0.032102767;0.34483793
0.032857709;0.032102767;0.34483793
0.034833994;0.032102767;0.33693281
0.032857709;0.032102767;0.33693281
0.032857709;0.032102767;0.34483793
0.032857709;0.034079053;0.34483793
0.032857709;0.032102767;0.34483793
0.030881424;0.034079053;0.34483793
0.030881424;0.034079053;0.34483793
0.030881424;0.034079053;0.35274309
0.030881424;0.034079053;0.34483793
0.030881424;0.032102767;0.34483793
0.030881424;0.034079053;0.34483793
0.028905138;0.036055338;0.34483793
0.028905138;0.036055338;0.34483793
0.028905138;0.034079053;0.34483793
0.028905138;0.034079053;0.34483793
0.028905138;0.036055338;0.33693281
0.026928853;0.034079053;0.34483793
0.028905138;0.034079053;0.34483793
0.026928853;0.036055338;0.34483793
0.026928853;0.034079053;0.34483793
0.026928853;0.034079053;0.33693281
0.02495257;0.034079053;0.34483793
0.026928853;0.036055338;0.34483793
0.02495257;0.036055338;0.34483793
0.026928853;0.034079053;0.35274309
0.02495257;0.034079053;0.34483793
0.022976285;0.038031619;0.35274309
0.022976285;0.036055338;0.34483793
0.022976285;0.036055338;0.34483793
0.022976285;0.036055338;0.34483793
0.022976285;0.036055338;0.34483793
0.022976285;0.036055338;0.34483793
0.022976285;0.036055338;0.34483793
0.021;0.036055338;0.35274309
0.021;0.038031619;0.34483793
0.021;0.036055338;0.34483793
0.019023715;0.036055338;0.34483793
0.019023715;0.036055338;0.34483793
0.021;0.036055338;0.34483793
0.019023715;0.036055338;0.34483793
0.019023715;0.036055338;0.35274309
0.019023715;0.038031619;0.34483793
0.019023715;0.038031619;0.34483793
0.017047431;0.036055338;0.34483793
0.017047431;0.038031619;0.34483793
0.017047431;0.036055338;0.34483793
0.017047431;0.038031619;0.34483793
0.017047431;0.038031619;0.34483793
0.017047431;0.038031619;0.34483793
0.017047431;0.038031619;0.34483793
0.015071146;0.038031619;0.33693281
0.015071146;0.038031619;0.34483793
0.015071146;0.038031619;0.35274309
0.015071146;0.038031619;0.34483793
0.015071146;0.040007904;0.34483793
0.015071146;0.038031619;0.34483793
0.013094862;0.040007904;0.34483793
0.015071146;0.040007904;0.35274309
0.011118577;0.040007904;0.34483793
0.011118577;0.040007904;0.34483793
0.013094862;0.040007904;0.34483793
0.013094862;0.040007904;0.34483793
0.011118577;0.040007904;0.34483793
0.011118577;0.040007904;0.35274309
0.011118577;0.040007904;0.33693281
0.0091422927;0.040007904;0.34483793
0.0091422927;0.040007904;0.34483793
0.0091422927;0.040007904;0.34483793
0.0091422927;0.040007904;0.35274309
0.0091422927;0.040007904;0.34483793
0.007166008;0.040007904;0.34483793
0.007166008;0.041984189;0.34483793
0.007166008;0.041984189;0.34483793
0.007166008;0.040007904;0.34483793
0.0051897233;0.040007904;0.34483793
0.007166008;0.041984189;0.34483793
0.0051897233;0.041984189;0.34483793
0.0051897233;0.041984189;0.33693281
0.0051897233;0.041984189;0.34483793
0.0051897233;0.041984189;0.34483793
0.0032134387;0.041984189;0.34483793
0.0051897233;0.041984189;0.34483793
0.0032134387;0.041984189;0.34483793
0.0032134387;0.040007904;0.34483793
0.0032134387;0.041984189;0.34483793
0.0012371541;0.041984189;0.34483793
0.0012371541;0.041984189;0.34483793
0.0032134387;0.041984189;0.34483793
0.0012371541;0.041984189;0.34483793
-0.00073913042;0.043960474;0.34483793
0.0012371541;0.041984189;0.34483793
-0.00073913042;0.043960474;0.34483793
-0.00073913042;0.043960474;0.34483793
-0.00073913042;0.043960474;0.34483793
-0.00073913042;0.041984189;0.34483793
-0.00073913042;0.041984189;0.34483793
-0.00073913042;0.043960474;0.35274309
-0.0027154151;0.041984189;0.35274309
-0.0027154151;0.041984189;0.35274309
-0.0027154151;0.043960474;0.34483793
-0.0027154151;0.043960474;0.34483793
-0.0027154151;0.043960474;0.34483793
-0.0027154151;0.043960474;0.35274309
-0.0046916995;0.043960474;0.34483793
-0.0027154151;0.043960474;0.34483793
-0.0046916995;0.043960474;0.34483793
-0.0046916995;0.043960474;0.33693281
-0.0066679842;0.043960474;0.34483793
-0.0066679842;0.041984189;0.34483793
-0.0066679842;0.04593676;0.34483793
-0.0046916995;0.043960474;0.34483793
-0.0066679842;0.043960474;0.34483793
-0.0066679842;0.04593676;0.34483793
-0.0086442688;0.04593676;0.34483793
-0.0086442688;0.043960474;0.34483793
-0.0086442688;0.04593676;0.34483793
-0.0086442688;0.04593676;0.34483793
-0.0086442688;0.04593676;0.34483793
-0.0086442688;0.043960474;0.34483793
-0.010620553;0.04593676;0.34483793
-0.0086442688;0.04593676;0.34483793
-0.010620553;0.04593676;0.33693281
-0.010620553;0.04593676;0.34483793
-0.010620553;0.04593676;0.33693281
-0.010620553;0.04593676;0.34483793
-0.012596838;0.04593676;0.34483793
-0.010620553;0.047913045;0.35274309
-0.012596838;0.047913045;0.33693281
-0.012596838;0.04593676;0.35274309
-0.012596838;0.047913045;0.34483793
-0.010620553;0.04593676;0.34483793
-0.012596838;0.04593676;0.34483793
-0.012596838;0.047913045;0.33693281
-0.012596838;0.047913045;0.34483793
-0.014573122;0.047913045;0.35274309
-0.012596838;0.047913045;0.34483793
-0.014573122;0.047913045;0.34483793
-0.016549407;0.047913045;0.34483793
-0.014573122;0.047913045;0.34483793
-0.014573122;0.047913045;0.34483793
-0.014573122;0.047913045;0.34483793
-0.014573122;0.047913045;0.34483793
-0.014573122;0.047913045;0.34483793
-0.016549407;0.047913045;0.34483793
-0.016549407;0.047913045;0.35274309
-0.016549407;0.047913045;0.34483793
-0.016549407;0.047913045;0.34483793
-0.016549407;0.047913045;0.34483793
-0.018525692;0.047913045;0.34483793
-0.016549407;0.047913045;0.34483793
-0.016549407;0.047913045;0.34483793
-0.016549407;0.047913045;0.34483793
-0.018525692;0.047913045;0.34483793
-0.018525692;0.04988933;0.34483793
-0.018525692;0.047913045;0.34483793
-0.020501977;0.04988933;0.34483793
-0.020501977;0.04988933;0.34483793
-0.020501977;0.04988933;0.34483793
-0.018525692;0.04988933;0.34483793
-0.020501977;0.04988933;0.34483793
-0.018525692;0.04988933;0.34483793
-0.02247826;0.04988933;0.34483793
-0.020501977;0.04988933;0.34483793
-0.020501977;0.04988933;0.34483793
-0.020501977;0.04988933;0.34483793
-0.020501977;0.04988933;0.34483793
-0.02247826;0.04988933;0.34483793
-0.020501977;0.051865611;0.34483793
-0.020501977;0.04988933;0.34483793
-0.02247826;0.04988933;0.34483793
-0.02247826;0.04988933;0.34483793
-0.02247826;0.04988933;0.35274309
-0.02247826;0.051865611;0.34483793
-0.02247826;0.04988933;0.34483793
-0.02247826;0.051865611;0.34483793
-0.02247826;0.04988933;0.34483793
-0.024454545;0.051865611;0.34483793
-0.024454545;0.04988933;0.34483793
-0.024454545;0.051865611;0.34483793
-0.024454545;0.04988933;0.34483793
-0.024454545;0.051865611;0.34483793
-0.024454545;0.051865611;0.34483793
-0.024454545;0.051865611;0.34483793
-0.024454545;0.04988933;0.34483793
-0.024454545;0.051865611;0.35274309
-0.024454545;0.051865611;0.34483793
-0.024454545;0.051865611;0.34483793
-0.024454545;0.051865611;0.34483793
-0.024454545;0.051865611;0.34483793
-0.024454545;0.051865611;0.34483793
-0.024454545;0.051865611;0.34483793
-0.02643083;0.053841896;0.35274309
-0.02643083;0.053841896;0.35274309
-0.028407115;0.051865611;0.34483793
-0.02643083;0.051865611;0.34483793
-0.02643083;0.053841896;0.34483793
-0.02643083;0.053841896;0.34483793
-0.02643083;0.053841896;0.34483793
-0.02643083;0.053841896;0.34483793
-0.028407115;0.053841896;0.33693281
-0.028407115;0.051865611;0.33693281
-0.028407115;0.051865611;0.34483793
-0.02643083;0.053841896;0.34483793
-0.02643083;0.053841896;0.34483793
-0.028407115;0.053841896;0.34483793
-0.02643083;0.053841896;0.34483793
-0.028407115;0.053841896;0.34483793
-0.028407115;0.053841896;0.34483793
-0.028407115;0.053841896;0.35274309
-0.028407115;0.053841896;0.34483793
-0.028407115;0.053841896;0.34483793
-0.028407115;0.053841896;0.34483793
-0.028407115;0.055818181;0.34483793
-0.030383399;0.055818181;0.34483793
-0.028407115;0.051865611;0.34483793
-0.030383399;0.053841896;0.34483793
-0.028407115;0.053841896;0.34483793
-0.028407115;0.053841896;0.34483793
-0.030383399;0.053841896;0.35274309
-0.030383399;0.055818181;0.33693281
-0.028407115;0.053841896;0.34483793
-0.030383399;0.055818181;0.34483793
-0.030383399;0.053841896;0.34483793
-0.030383399;0.055818181;0.34483793
-0.028407115;0.055818181;0.34483793
-0.028407115;0.055818181;0.34483793
-0.030383399;0.055818181;0.34483793
-0.030383399;0.055818181;0.34483793
-0.028407115;0.055818181;0.34483793
-0.030383399;0.055818181;0.34483793
-0.030383399;0.055818181;0.35274309
-0.030383399;0.057794467;0.34483793
-0.032359682;0.055818181;0.34483793
-0.032359682;0.055818181;0.34483793
-0.032359682;0.057794467;0.34483793
-0.030383399;0.055818181;0.34483793
-0.030383399;0.055818181;0.34483793
-0.030383399;0.057794467;0.34483793
-0.030383399;0.057794467;0.34483793
-0.032359682;0.057794467;0.34483793
-0.030383399;0.057794467;0.34483793
-0.032359682;0.057794467;0.34483793
-0.030383399;0.057794467;0.34483793
-0.030383399;0.055818181;0.35274309
-0.030383399;0.057794467;0.34483793
-0.032359682;0.057794467;0.34483793
-0.030383399;0.055818181;0.34483793
-0.032359682;0.057794467;0.34483793
-0.030383399;0.057794467;0.34483793
-0.032359682;0.057794467;0.34483793
-0.032359682;0.057794467;0.34483793
-0.032359682;0.057794467;0.34483793
-0.030383399;0.057794467;0.34483793
-0.032359682;0.057794467;0.34483793
-0.032359682;0.059770752;0.34483793
-0.030383399;0.059770752;0.34483793
-0.030383399;0.057794467;0.34483793
-0.032359682;0.057794467;0.34483793
-0.030383399;0.057794467;0.34483793
-0.030383399;0.057794467;0.34483793
-0.032359682;0.057794467;0.34483793
-0.030383399;0.057794467;0.34483793
-0.030383399;0.057794467;0.33693281
-0.030383399;0.059770752;0.34483793
-0.030383399;0.057794467;0.34483793
-0.030383399;0.057794467;0.33693281
-0.030383399;0.057794467;0.34483793
-0.030383399;0.059770752;0.34483793
-0.030383399;0.059770752;0.34483793
-0.030383399;0.057794467;0.34483793
-0.028407115;0.059770752;0.34483793
-0.030383399;0.057794467;0.34483793
-0.030383399;0.059770752;0.34483793
-0.030383399;0.059770752;0.34483793
-0.030383399;0.059770752;0.34483793
-0.030383399;0.059770752;0.34483793
-0.030383399;0.059770752;0.34483793
-0.030383399;0.059770752;0.34483793
-0.030383399;0.057794467;0.34483793
-0.030383399;0.059770752;0.34483793
-0.030383399;0.059770752;0.34483793
-0.030383399;0.059770752;0.34483793
-0.028407115;0.059770752;0.34483793
-0.030383399;0.059770752;0.34483793
-0.028407115;0.059770752;0.34483793
-0.030383399;0.061747037;0.34483793
-0.028407115;0.059770752;0.34483793
-0.028407115;0.061747037;0.34483793
-0.028407115;0.061747037;0.34483793
-0.028407115;0.061747037;0.34483793
-0.028407115;0.061747037;0.34483793
-0.028407115;0.061747037;0.34483793
-0.028407115;0.061747037;0.34483793
-0.02643083;0.059770752;0.34483793
-0.028407115;0.059770752;0.34483793
-0.028407115;0.061747037;0.34483793
-0.02643083;0.061747037;0.33693281
-0.02643083;0.061747037;0.34483793
-0.02643083;0.061747037;0.34483793
-0.02643083;0.061747037;0.33693281
-0.02643083;0.061747037;0.34483793
-0.02643083;0.059770752;0.34483793
-0.02643083;0.061747037;0.34483793
-0.02643083;0.061747037;0.34483793
-0.02643083;0.059770752;0.34483793
-0.02643083;0.059770752;0.34483793
-0.024454545;0.061747037;0.34483793
-0.02643083;0.061747037;0.34483793
-0.024454545;0.061747037;0.35274309
-0.02643083;0.061747037;0.34483793
-0.02643083;0.061747037;0.34483793
-0.02643083;0.061747037;0.34483793
-0.024454545;0.061747037;0.34483793
-0.024454545;0.061747037;0.34483793
-0.024454545;0.061747037;0.34483793
-0.024454545;0.061747037;0.34483793
-0.024454545;0.061747037;0.34483793
-0.024454545;0.061747037;0.33693281
-0.024454545;0.059770752;0.34483793
-0.02247826;0.061747037;0.34483793
-0.024454545;0.061747037;0.35274309
-0.024454545;0.061747037;0.34483793
-0.02247826;0.061747037;0.34483793
-0.02247826;0.063723318;0.34483793
-0.024454545;0.061747037;0.34483793
-0.02247826;0.061747037;0.34483793
-0.02247826;0.061747037;0.34483793
-0.02247826;0.061747037;0.34483793
-0.02247826;0.063723318;0.34483793
-0.02247826;0.063723318;0.34483793
-0.02247826;0.063723318;0.34483793
-0.02247826;0.063723318;0.34483793
-0.02247826;0.063723318;0.34483793
-0.02247826;0.063723318;0.34483793
-0.02247826;0.063723318;0.34483793
-0.020501977;0.063723318;0.35274309
-0.02247826;0.063723318;0.35274309
-0.02247826;0.063723318;0.34483793
-0.020501977;0.063723318;0.34483793
-0.020501977;0.063723318;0.34483793
-0.020501977;0.063723318;0.34483793
-0.020501977;0.063723318;0.34483793
-0.020501977;0.065699607;0.33693281
-0.020501977;0.063723318;0.34483793
-0.020501977;0.063723318;0.34483793
-0.018525692;0.063723318;0.34483793
-0.018525692;0.065699607;0.34483793
-0.018525692;0.063723318;0.34483793
-0.016549407;0.065699607;0.34483793
-0.016549407;0.065699607;0.34483793
-0.016549407;0.063723318;0.34483793
-0.018525692;0.063723318;0.34483793
-0.016549407;0.063723318;0.34483793
-0.016549407;0.063723318;0.34483793
-0.016549407;0.065699607;0.34483793
-0.018525692;0.065699607;0.34483793
-0.014573122;0.063723318;0.34483793
-0.014573122;0.063723318;0.34483793
-0.016549407;0.063723318;0.35274309
-0.014573122;0.065699607;0.34483793
-0.014573122;0.065699607;0.34483793
-0.014573122;0.065699607;0.34483793
-0.014573122;0.063723318;0.34483793
-0.012596838;0.065699607;0.34483793
-0.014573122;0.065699607;0.34483793
-0.014573122;0.063723318;0.33693281
-0.014573122;0.065699607;0.34483793
-0.012596838;0.067675889;0.35274309
-0.012596838;0.065699607;0.34483793
-0.012596838;0.065699607;0.34483793
-0.010620553;0.063723318;0.34483793
-0.010620553;0.063723318;0.33693281
-0.010620553;0.063723318;0.34483793
-0.010620553;0.065699607;0.34483793
-0.010620553;0.065699607;0.34483793
-0.010620553;0.063723318;0.34483793
-0.010620553;0.063723318;0.34483793
-0.010620553;0.065699607;0.35274309
-0.0086442688;0.065699607;0.34483793
-0.010620553;0.067675889;0.34483793
-0.0086442688;0.067675889;0.34483793
-0.0086442688;0.065699607;0.33693281
-0.0086442688;0.065699607;0.34483793
-0.0066679842;0.065699607;0.35274309
-0.0086442688;0.065699607;0.34483793
-0.0086442688;0.065699607;0.34483793
-0.0086442688;0.065699607;0.34483793
-0.0066679842;0.065699607;0.34483793
-0.0066679842;0.065699607;0.33693281
-0.0086442688;0.065699607;0.34483793
-0.0066679842;0.067675889;0.34483793
-0.0066679842;0.067675889;0.34483793
-0.0066679842;0.065699607;0.34483793
-0.0046916995;0.065699607;0.34483793
-0.0066679842;0.067675889;0.34483793
-0.0046916995;0.067675889;0.34483793
-0.0046916995;0.065699607;0.34483793
-0.0046916995;0.065699607;0.33693281
-0.0046916995;0.065699607;0.34483793
-0.0027154151;0.067675889;0.34483793
-0.0027154151;0.067675889;0.34483793
-0.0027154151;0.067675889;0.34483793
-0.0027154151;0.065699607;0.34483793
-0.0027154151;0.067675889;0.34483793
-0.0027154151;0.065699607;0.34483793
-0.0027154151;0.067675889;0.34483793
-0.00073913042;0.067675889;0.34483793
-0.00073913042;0.067675889;0.33693281
-0.00073913042;0.067675889;0.34483793
-0.00073913042;0.067675889;0.34483793
-0.00073913042;0.067675889;0.34483793
0.0012371541;0.067675889;0.34483793
0.0012371541;0.067675889;0.34483793
0.0012371541;0.065699607;0.34483793
0.0012371541;0.067675889;0.34483793
0.0012371541;0.067675889;0.33693281
0.0012371541;0.067675889;0.34483793
0.0012371541;0.067675889;0.34483793
0.0032134387;0.067675889;0.34483793
0.0032134387;0.067675889;0.34483793
0.0051897233;0.067675889;0.35274309
0.0051897233;0.067675889;0.34483793
0.0051897233;0.067675889;0.33693281
0.0051897233;0.067675889;0.34483793
0.0051897233;0.067675889;0.34483793
0.007166008;0.067675889;0.34483793
0.0051897233;0.067675889;0.34483793
0.0051897233;0.067675889;0.34483793
0.007166008;0.067675889;0.34483793
0.007166008;0.067675889;0.34483793
0.007166008;0.067675889;0.34483793
0.0091422927;0.067675889;0.34483793
0.0091422927;0.067675889;0.34483793
0.0091422927;0.067675889;0.35274309
0.0091422927;0.067675889;0.34483793
0.0091422927;0.067675889;0.34483793
0.0091422927;0.067675889;0.34483793
0.0091422927;0.067675889;0.34483793
0.0091422927;0.067675889;0.34483793
0.013094862;0.067675889;0.34483793
0.011118577;0.069652177;0.34483793
0.011118577;0.067675889;0.34483793
0.011118577;0.069652177;0.34483793
0.011118577;0.067675889;0.34483793
0.011118577;0.067675889;0.34483793
0.011118577;0.067675889;0.34483793
0.015071146;0.069652177;0.34483793
0.015071146;0.067675889;0.34483793
0.015071146;0.069652177;0.34483793
0.015071146;0.067675889;0.35274309
0.015071146;0.067675889;0.34483793
0.017047431;0.067675889;0.34483793
0.015071146;0.067675889;0.34483793
0.017047431;0.067675889;0.34483793
0.017047431;0.067675889;0.34483793
0.017047431;0.067675889;0.34483793
0.017047431;0.069652177;0.34483793
0.017047431;0.067675889;0.33693281
0.017047431;0.067675889;0.34483793
0.017047431;0.069652177;0.34483793
0.017047431;0.069652177;0.34483793
0.019023715;0.067675889;0.34483793
0.019023715;0.067675889;0.34483793
0.019023715;0.067675889;0.34483793
0.021;0.069652177;0.34483793
0.019023715;0.067675889;0.34483793
0.021;0.067675889;0.34483793
0.021;0.067675889;0.34483793
0.021;0.067675889;0.34483793
0.021;0.069652177;0.34483793
0.022976285;0.069652177;0.34483793
0.021;0.069652177;0.34483793
0.022976285;0.067675889;0.34483793
0.022976285;0.067675889;0.34483793
0.021;0.067675889;0.34483793
0.022976285;0.067675889;0.34483793
0.022976285;0.067675889;0.34483793
0.02495257;0.067675889;0.34483793
0.026928853;0.067675889;0.34483793
0.02495257;0.067675889;0.34483793
0.026928853;0.067675889;0.34483793
0.02495257;0.069652177;0.34483793
0.026928853;0.067675889;0.35274309
0.02495257;0.067675889;0.34483793
0.028905138;0.069652177;0.34483793
0.026928853;0.067675889;0.34483793
0.028905138;0.069652177;0.34483793
0.028905138;0.067675889;0.34483793
0.028905138;0.069652177;0.34483793
0.028905138;0.069652177;0.34483793
0.030881424;0.069652177;0.34483793
0.030881424;0.069652177;0.34483793
0.028905138;0.067675889;0.34483793
0.030881424;0.067675889;0.34483793
0.030881424;0.069652177;0.34483793
0.030881424;0.069652177;0.34483793
0.030881424;0.069652177;0.34483793
0.030881424;0.069652177;0.34483793
0.032857709;0.067675889;0.35274309
0.032857709;0.069652177;0.34483793
0.032857709;0.069652177;0.35274309
0.032857709;0.067675889;0.34483793
0.032857709;0.069652177;0.34483793
0.034833994;0.069652177;0.34483793
0.036810275;0.069652177;0.35274309
0.036810275;0.069652177;0.34483793
0.034833994;0.069652177;0.34483793
0.036810275;0.069652177;0.34483793
0.036810275;0.069652177;0.34483793
0.03878656;0.069652177;0.34483793
0.034833994;0.069652177;0.34483793
0.036810275;0.067675889;0.33693281
0.036810275;0.069652177;0.34483793
0.03878656;0.069652177;0.34483793
0.03878656;0.067675889;0.34483793
0.03878656;0.069652177;0.34483793
0.03878656;0.067675889;0.34483793
0.040762845;0.069652177;0.34483793
0.040762845;0.069652177;0.34483793
0.040762845;0.069652177;0.34483793
0.040762845;0.069652177;0.34483793
0.040762845;0.069652177;0.34483793
0.040762845;0.069652177;0.34483793
0.040762845;0.069652177;0.34483793
0.042739131;0.069652177;0.34483793
0.042739131;0.067675889;0.34483793
0.042739131;0.069652177;0.34483793
0.044715416;0.069652177;0.33693281
0.044715416;0.069652177;0.34483793
0.042739131;0.069652177;0.34483793
0.044715416;0.069652177;0.34483793
0.044715416;0.067675889;0.33693281
0.044715416;0.069652177;0.34483793
0.046691701;0.069652177;0.33693281
0.044715416;0.069652177;0.34483793
0.046691701;0.069652177;0.34483793
0.046691701;0.069652177;0.35274309
0.048667986;0.069652177;0.34483793
0.046691701;0.069652177;0.34483793
0.046691701;0.069652177;0.34483793
0.046691701;0.069652177;0.34483793
0.048667986;0.069652177;0.34483793
0.048667986;0.069652177;0.34483793
0.048667986;0.067675889;0.35274309
0.050644267;0.069652177;0.34483793
0.048667986;0.069652177;0.34483793
0.048667986;0.069652177;0.34483793
0.050644267;0.069652177;0.34483793
0.050644267;0.069652177;0.34483793
0.048667986;0.071628459;0.35274309
0.052620552;0.067675889;0.35274309
0.052620552;0.069652177;0.34483793
0.052620552;0.069652177;0.34483793
0.052620552;0.067675889;0.34483793
0.052620552;0.069652177;0.34483793
0.054596838;0.069652177;0.34483793
0.054596838;0.069652177;0.34483793
0.054596838;0.069652177;0.34483793
0.052620552;0.069652177;0.34483793
0.054596838;0.069652177;0.34483793
0.054596838;0.069652177;0.35274309
0.054596838;0.067675889;0.34483793
0.054596838;0.069652177;0.34483793
0.056573123;0.067675889;0.34483793
0.054596838;0.069652177;0.35274309
0.054596838;0.069652177;0.34483793
0.056573123;0.067675889;0.34483793
0.056573123;0.067675889;0.34483793
0.056573123;0.067675889;0.34483793
0.056573123;0.069652177;0.34483793
0.056573123;0.067675889;0.34483793
0.058549408;0.069652177;0.34483793
0.056573123;0.069652177;0.33693281
0.060525693;0.069652177;0.34483793
0.058549408;0.067675889;0.34483793
0.058549408;0.069652177;0.34483793
0.058549408;0.067675889;0.34483793
0.058549408;0.069652177;0.34483793
0.060525693;0.067675889;0.34483793
0.058549408;0.069652177;0.35274309
0.060525693;0.067675889;0.34483793
0.060525693;0.069652177;0.34483793
0.060525693;0.069652177;0.35274309
0.060525693;0.069652177;0.34483793
0.062501974;0.069652177;0.34483793
0.060525693;0.067675889;0.35274309
0.062501974;0.067675889;0.34483793
0.062501974;0.067675889;0.34483793
0.062501974;0.067675889;0.34483793
0.062501974;0.067675889;0.35274309
0.062501974;0.067675889;0.34483793
0.062501974;0.067675889;0.34483793
0.064478263;0.069652177;0.34483793
0.062501974;0.067675889;0.34483793
0.062501974;0.067675889;0.34483793
0.064478263;0.067675889;0.34483793
0.064478263;0.067675889;0.34483793
0.066454545;0.067675889;0.34483793
0.066454545;0.067675889;0.34483793
0.064478263;0.067675889;0.34483793
0.066454545;0.067675889;0.34483793
0.066454545;0.067675889;0.34483793
0.064478263;0.067675889;0.34483793
0.064478263;0.067675889;0.34483793
0.064478263;0.067675889;0.34483793
0.066454545;0.067675889;0.34483793
0.066454545;0.067675889;0.35274309
0.066454545;0.067675889;0.34483793
0.066454545;0.067675889;0.34483793
0.066454545;0.067675889;0.34483793
0.066454545;0.067675889;0.34483793
0.068430834;0.067675889;0.35274309
0.066454545;0.067675889;0.34483793
0.068430834;0.067675889;0.34483793
0.068430834;0.067675889;0.34483793
0.068430834;0.067675889;0.33693281
0.070407115;0.067675889;0.34483793
0.068430834;0.069652177;0.34483793
0.068430834;0.067675889;0.34483793
0.070407115;0.067675889;0.34483793
0.068430834;0.067675889;0.34483793
0.070407115;0.069652177;0.34483793
0.070407115;0.067675889;0.35274309
0.070407115;0.069652177;0.34483793
0.070407115;0.067675889;0.34483793
0.070407115;0.067675889;0.34483793
0.070407115;0.069652177;0.35274309
0.070407115;0.069652177;0.34483793
0.070407115;0.067675889;0.35274309
0.070407115;0.067675889;0.33693281
0.070407115;0.067675889;0.34483793
0.072383396;0.067675889;0.33693281
0.072383396;0.067675889;0.34483793
0.070407115;0.067675889;0.34483793
0.070407115;0.067675889;0.34483793
0.072383396;0.067675889;0.34483793
0.072383396;0.067675889;0.34483793
0.072383396;0.067675889;0.34483793
0.072383396;0.067675889;0.35274309
0.072383396;0.067675889;0.34483793
0.072383396;0.067675889;0.34483793
0.072383396;0.067675889;0.34483793
0.072383396;0.067675889;0.34483793
0.074359685;0.067675889;0.34483793
0.074359685;0.067675889;0.34483793
0.074359685;0.067675889;0.34483793
0.074359685;0.067675889;0.34483793
0.072383396;0.067675889;0.34483793
0.074359685;0.067675889;0.34483793
0.072383396;0.067675889;0.35274309
0.074359685;0.065699607;0.34483793
0.074359685;0.067675889;0.34483793
0.074359685;0.067675889;0.34483793
0.074359685;0.067675889;0.34483793
0.074359685;0.065699607;0.34483793
0.074359685;0.067675889;0.35274309
0.074359685;0.067675889;0.34483793
0.074359685;0.067675889;0.34483793
0.074359685;0.067675889;0.34483793
0.076335967;0.065699607;0.34483793
0.074359685;0.065699607;0.34483793
0.074359685;0.065699607;0.34483793
0.074359685;0.065699607;0.34483793
0.074359685;0.067675889;0.34483793
0.076335967;0.065699607;0.34483793
0.076335967;0.067675889;0.34483793
0.076335967;0.067675889;0.34483793
0.076335967;0.067675889;0.34483793
0.076335967;0.067675889;0.34483793
0.076335967;0.065699607;0.34483793
0.076335967;0.067675889;0.34483793
0.074359685;0.067675889;0.34483793
0.076335967;0.067675889;0.34483793
0.076335967;0.065699607;0.34483793
0.078312255;0.065699607;0.34483793
0.076335967;0.067675889;0.34483793
0.076335967;0.065699607;0.35274309
0.076335967;0.065699607;0.34483793
0.074359685;0.065699607;0.34483793
0.076335967;0.067675889;0.34483793
0.074359685;0.065699607;0.34483793
0.076335967;0.067675889;0.34483793
0.076335967;0.065699607;0.34483793
0.076335967;0.067675889;0.35274309
0.076335967;0.065699607;0.34483793
0.076335967;0.065699607;0.34483793
0.076335967;0.065699607;0.34483793
0.076335967;0.063723318;0.34483793
0.076335967;0.065699607;0.34483793
0.076335967;0.063723318;0.34483793
0.076335967;0.065699607;0.34483793
0.076335967;0.065699607;0.34483793
0.076335967;0.065699607;0.34483793
0.076335967;0.063723318;0.34483793
0.078312255;0.065699607;0.34483793
0.078312255;0.065699607;0.35274309
0.074359685;0.065699607;0.34483793
0.076335967;0.065699607;0.34483793
0.074359685;0.063723318;0.34483793
0.076335967;0.065699607;0.33693281
0.076335967;0.065699607;0.34483793
0.074359685;0.063723318;0.34483793
0.076335967;0.063723318;0.34483793
0.078312255;0.063723318;0.34483793
0.076335967;0.065699607;0.34483793
0.074359685;0.065699607;0.34483793
0.076335967;0.065699607;0.34483793
0.076335967;0.063723318;0.34483793
0.076335967;0.063723318;0.34483793
0.074359685;0.063723318;0.34483793
0.074359685;0.065699607;0.34483793
0.076335967;0.063723318;0.34483793
0.074359685;0.063723318;0.35274309
0.076335967;0.063723318;0.34483793
0.074359685;0.063723318;0.34483793
0.076335967;0.063723318;0.33693281
0.074359685;0.063723318;0.34483793
0.074359685;0.065699607;0.34483793
0.072383396;0.063723318;0.33693281
0.074359685;0.063723318;0.34483793
0.076335967;0.065699607;0.35274309
0.074359685;0.063723318;0.34483793
0.074359685;0.061747037;0.34483793
0.074359685;0.063723318;0.33693281
0.072383396;0.063723318;0.33693281
0.074359685;0.063723318;0.34483793
0.072383396;0.063723318;0.34483793
0.074359685;0.063723318;0.34483793
0.072383396;0.063723318;0.34483793
0.072383396;0.061747037;0.35274309
0.074359685;0.063723318;0.34483793
0.074359685;0.063723318;0.34483793
0.072383396;0.063723318;0.34483793
0.072383396;0.063723318;0.34483793
0.072383396;0.063723318;0.33693281
0.074359685;0.063723318;0.34483793
0.072383396;0.061747037;0.34483793
0.070407115;0.061747037;0.35274309
0.070407115;0.061747037;0.34483793
0.072383396;0.063723318;0.34483793
0.072383396;0.063723318;0.35274309
0.070407115;0.061747037;0.34483793
0.072383396;0.061747037;0.34483793
0.070407115;0.063723318;0.34483793
0.070407115;0.061747037;0.34483793
0.070407115;0.061747037;0.34483793
0.070407115;0.061747037;0.34483793
0.070407115;0.061747037;0.34483793
0.070407115;0.061747037;0.34483793
0.070407115;0.063723318;0.34483793
0.070407115;0.059770752;0.34483793
0.070407115;0.061747037;0.34483793
0.070407115;0.061747037;0.34483793
0.068430834;0.061747037;0.34483793
0.068430834;0.061747037;0.34483793
0.070407115;0.061747037;0.34483793
0.068430834;0.063723318;0.34483793
0.068430834;0.061747037;0.34483793
0.070407115;0.059770752;0.34483793
0.070407115;0.061747037;0.34483793
0.068430834;0.061747037;0.34483793
0.068430834;0.061747037;0.34483793
0.068430834;0.061747037;0.34483793
0.068430834;0.061747037;0.34483793
0.066454545;0.061747037;0.34483793
0.068430834;0.061747037;0.34483793
0.068430834;0.061747037;0.34483793
0.066454545;0.061747037;0.34483793
0.066454545;0.061747037;0.34483793
0.066454545;0.061747037;0.34483793
0.066454545;0.059770752;0.34483793
0.066454545;0.059770752;0.34483793
0.066454545;0.059770752;0.34483793
0.066454545;0.059770752;0.35274309
0.066454545;0.059770752;0.34483793
0.064478263;0.059770752;0.34483793
0.064478263;0.059770752;0.34483793
0.064478263;0.059770752;0.34483793
0.064478263;0.059770752;0.34483793
0.064478263;0.059770752;0.34483793
0.064478263;0.059770752;0.34483793
0.064478263;0.059770752;0.34483793
0.064478263;0.061747037;0.34483793
0.064478263;0.059770752;0.34483793
0.064478263;0.059770752;0.34483793
0.062501974;0.059770752;0.33693281
0.062501974;0.059770752;0.34483793
0.062501974;0.059770752;0.34483793
0.062501974;0.059770752;0.34483793
0.062501974;0.059770752;0.34483793
0.062501974;0.059770752;0.34483793
0.062501974;0.059770752;0.34483793
0.062501974;0.059770752;0.35274309
0.062501974;0.059770752;0.35274309
0.062501974;0.059770752;0.34483793
0.060525693;0.059770752;0.34483793
0.060525693;0.059770752;0.34483793
0.060525693;0.057794467;0.34483793
0.060525693;0.057794467;0.34483793
0.060525693;0.059770752;0.34483793
0.058549408;0.057794467;0.34483793
0.058549408;0.059770752;0.34483793
0.060525693;0.057794467;0.34483793
0.056573123;0.057794467;0.34483793
0.058549408;0.057794467;0.34483793
0.056573123;0.057794467;0.34483793
0.060525693;0.059770752;0.34483793
0.056573123;0.059770752;0.34483793
0.056573123;0.057794467;0.34483793
0.056573123;0.057794467;0.34483793
0.056573123;0.057794467;0.34483793
0.054596838;0.057794467;0.34483793
0.054596838;0.057794467;0.34483793
0.056573123;0.057794467;0.34483793
0.054596838;0.057794467;0.34483793
0.056573123;0.057794467;0.34483793
0.054596838;0.057794467;0.34483793
0.054596838;0.057794467;0.34483793
0.054596838;0.057794467;0.34483793
0.054596838;0.057794467;0.34483793
0.052620552;0.057794467;0.34483793
0.052620552;0.057794467;0.34483793
0.054596838;0.055818181;0.34483793
0.052620552;0.057794467;0.34483793
0.054596838;0.055818181;0.34483793
0.052620552;0.055818181;0.35274309
0.050644267;0.055818181;0.34483793
0.052620552;0.057794467;0.34483793
0.050644267;0.055818181;0.35274309
0.048667986;0.055818181;0.34483793
0.048667986;0.055818181;0.34483793
0.050644267;0.055818181;0.34483793
0.048667986;0.055818181;0.34483793
0.048667986;0.055818181;0.34483793
0.048667986;0.055818181;0.34483793
0.048667986;0.057794467;0.33693281
0.048667986;0.057794467;0.34483793
0.046691701;0.055818181;0.34483793
0.046691701;0.055818181;0.34483793
0.048667986;0.055818181;0.34483793
0.046691701;0.057794467;0.35274309
0.046691701;0.055818181;0.34483793
0.046691701;0.055818181;0.34483793
0.044715416;0.053841896;0.34483793
0.044715416;0.053841896;0.34483793
0.044715416;0.055818181;0.34483793
0.044715416;0.055818181;0.34483793
0.044715416;0.055818181;0.34483793
0.044715416;0.053841896;0.34483793
0.044715416;0.053841896;0.34483793
0.042739131;0.055818181;0.34483793
0.042739131;0.055818181;0.33693281
0.042739131;0.055818181;0.34483793
0.042739131;0.053841896;0.34483793
0.042739131;0.053841896;0.34483793
0.040762845;0.053841896;0.34483793
0.040762845;0.053841896;0.34483793
0.040762845;0.053841896;0.34483793
0.03878656;0.053841896;0.34483793
0.040762845;0.053841896;0.34483793
0.03878656;0.053841896;0.34483793
0.03878656;0.053841896;0.34483793
0.040762845;0.053841896;0.34483793
0.03878656;0.051865611;0.34483793
0.036810275;0.053841896;0.34483793
0.03878656;0.053841896;0.35274309
0.03878656;0.051865611;0.34483793
0.036810275;0.053841896;0.33693281
0.036810275;0.053841896;0.34483793
0.036810275;0.051865611;0.34483793
0.034833994;0.051865611;0.34483793
0.034833994;0.051865611;0.34483793
0.034833994;0.053841896;0.34483793
0.034833994;0.053841896;0.34483793
0.032857709;0.051865611;0.34483793
0.034833994;0.051865611;0.34483793
0.032857709;0.051865611;0.34483793
0.032857709;0.051865611;0.34483793
0.032857709;0.051865611;0.34483793
0.032857709;0.051865611;0.34483793
0.032857709;0.051865611;0.34483793
0.030881424;0.051865611;0.34483793
0.030881424;0.04988933;0.34483793
0.030881424;0.04988933;0.34483793
0.030881424;0.04988933;0.34483793
0.030881424;0.051865611;0.34483793
0.028905138;0.04988933;0.35274309
0.030881424;0.04988933;0.34483793
0.028905138;0.051865611;0.35274309
0.028905138;0.047913045;0.35274309
0.028905138;0.04988933;0.34483793
0.026928853;0.051865611;0.34483793
0.028905138;0.04988933;0.34483793
0.028905138;0.04988933;0.35274309
0.028905138;0.04988933;0.35274309
0.026928853;0.04988933;0.34483793
0.026928853;0.04988933;0.34483793
0.02495257;0.04988933;0.34483793
0.02495257;0.04988933;0.34483793
0.02495257;0.04988933;0.34483793
0.02495257;0.04988933;0.34483793
0.022976285;0.04988933;0.34483793
0.022976285;0.04988933;0.34483793
0.022976285;0.047913045;0.34483793
0.02495257;0.047913045;0.35274309
0.022976285;0.04988933;0.35274309
0.022976285;0.04988933;0.35274309
0.022976285;0.04988933;0.34483793
0.021;0.047913045;0.34483793
0.021;0.04988933;0.34483793
0.021;0.047913045;0.35274309
0.019023715;0.047913045;0.34483793
0.021;0.047913045;0.35274309
0.019023715;0.047913045;0.34483793
0.019023715;0.04988933;0.34483793
0.019023715;0.047913045;0.34483793
0.019023715;0.047913045;0.34483793
0.019023715;0.047913045;0.34483793
0.019023715;0.047913045;0.34483793
0.017047431;0.047913045;0.34483793
0.019023715;0.047913045;0.34483793
0.017047431;0.047913045;0.35274309
0.015071146;0.047913045;0.34483793
0.015071146;0.047913045;0.34483793
0.015071146;0.047913045;0.34483793
0.017047431;0.047913045;0.34483793
0.017047431;0.04593676;0.34483793
0.015071146;0.047913045;0.34483793
0.015071146;0.04593676;0.34483793
0.015071146;0.047913045;0.34483793
0.013094862;0.047913045;0.34483793
0.013094862;0.04593676;0.34483793
0.013094862;0.04593676;0.34483793
0.013094862;0.047913045;0.34483793
0.013094862;0.047913045;0.34483793
0.011118577;0.04593676;0.35274309
0.011118577;0.04593676;0.34483793
0.011118577;0.043960474;0.34483793
0.011118577;0.047913045;0.34483793
0.0091422927;0.04593676;0.34483793
0.0091422927;0.04593676;0.34483793
0.0091422927;0.04593676;0.34483793
0.0091422927;0.04593676;0.33693281
0.007166008;0.04593676;0.34483793
0.0091422927;0.04593676;0.34483793
0.007166008;0.04593676;0.34483793
0.007166008;0.04593676;0.34483793
0.007166008;0.04593676;0.34483793
0.007166008;0.04593676;0.34483793
0.0051897233;0.04593676;0.34483793
0.007166008;0.04593676;0.34483793
0.007166008;0.043960474;0.35274309
0.0032134387;0.043960474;0.34483793
0.0051897233;0.043960474;0.34483793
0.0051897233;0.043960474;0.34483793
0.0051897233;0.043960474;0.34483793
0.0032134387;0.043960474;0.34483793
0.0051897233;0.043960474;0.35274309
0.0032134387;0.043960474;0.34483793
0.0012371541;0.043960474;0.34483793
0.0032134387;0.043960474;0.34483793
0.0012371541;0.043960474;0.34483793
0.0012371541;0.043960474;0.34483793
0.0012371541;0.041984189;0.34483793
0.0012371541;0.041984189;0.34483793
0.0012371541;0.043960474;0.34483793
-0.00073913042;0.043960474;0.34483793
0.0012371541;0.043960474;0.34483793
-0.00073913042;0.043960474;0.34483793
-0.00073913042;0.041984189;0.34483793
-0.00073913042;0.041984189;0.34483793
-0.00073913042;0.041984189;0.34483793
-0.0027154151;0.041984189;0.34483793
-0.0027154151;0.041984189;0.34483793
-0.0027154151;0.041984189;0.34483793
-0.0027154151;0.041984189;0.35274309
-0.0046916995;0.041984189;0.34483793
-0.0027154151;0.041984189;0.34483793
-0.0027154151;0.041984189;0.34483793
-0.0027154151;0.041984189;0.34483793
-0.0046916995;0.041984189;0.34483793
-0.0066679842;0.041984189;0.34483793
-0.0046916995;0.041984189;0.34483793
-0.0066679842;0.040007904;0.34483793
-0.0066679842;0.041984189;0.34483793
-0.0066679842;0.041984189;0.34483793
-0.0066679842;0.041984189;0.34483793
-0.0086442688;0.040007904;0.34483793
-0.0066679842;0.041984189;0.34483793
-0.0086442688;0.040007904;0.34483793
-0.0086442688;0.040007904;0.35274309
-0.0086442688;0.040007904;0.34483793
-0.0086442688;0.040007904;0.34483793
-0.010620553;0.040007904;0.34483793
-0.0086442688;0.040007904;0.34483793
-0.010620553;0.040007904;0.34483793
-0.010620553;0.040007904;0.34483793
-0.010620553;0.040007904;0.34483793
-0.010620553;0.041984189;0.34483793
-0.010620553;0.040007904;0.34483793
-0.010620553;0.040007904;0.34483793
-0.010620553;0.040007904;0.34483793
-0.010620553;0.040007904;0.34483793
-0.012596838;0.040007904;0.34483793
-0.012596838;0.040007904;0.34483793
-0.012596838;0.040007904;0.34483793
-0.010620553;0.040007904;0.35274309
-0.012596838;0.038031619;0.35274309
-0.012596838;0.040007904;0.34483793
-0.012596838;0.038031619;0.33693281
-0.012596838;0.038031619;0.34483793
-0.012596838;0.038031619;0.34483793
-0.012596838;0.038031619;0.34483793
-0.016549407;0.040007904;0.34483793
-0.016549407;0.040007904;0.34483793
-0.012596838;0.038031619;0.35274309
-0.016549407;0.038031619;0.34483793
-0.014573122;0.038031619;0.34483793
-0.016549407;0.038031619;0.34483793
-0.016549407;0.038031619;0.35274309
-0.014573122;0.038031619;0.35274309
-0.018525692;0.036055338;0.34483793
-0.016549407;0.038031619;0.35274309
-0.016549407;0.038031619;0.34483793
-0.018525692;0.038031619;0.34483793
-0.018525692;0.038031619;0.34483793
-0.018525692;0.036055338;0.34483793
-0.020501977;0.036055338;0.35274309
-0.020501977;0.038031619;0.34483793
-0.018525692;0.036055338;0.34483793
-0.018525692;0.036055338;0.34483793
-0.020501977;0.036055338;0.34483793
-0.018525692;0.036055338;0.34483793
-0.020501977;0.036055338;0.34483793
-0.020501977;0.036055338;0.34483793
-0.020501977;0.036055338;0.34483793
-0.02247826;0.038031619;0.34483793
-0.020501977;0.036055338;0.34483793
-0.02247826;0.036055338;0.33693281
-0.02247826;0.036055338;0.34483793
-0.02247826;0.034079053;0.35274309
-0.02247826;0.036055338;0.34483793
-0.02247826;0.036055338;0.34483793
-0.02247826;0.036055338;0.34483793
-0.02247826;0.034079053;0.34483793
-0.02247826;0.034079053;0.34483793
-0.02247826;0.036055338;0.34483793
-0.02247826;0.034079053;0.34483793
-0.02247826;0.034079053;0.34483793
-0.024454545;0.034079053;0.33693281
-0.02247826;0.034079053;0.34483793
-0.02247826;0.034079053;0.34483793
-0.024454545;0.034079053;0.34483793
-0.024454545;0.034079053;0.34483793
-0.024454545;0.034079053;0.34483793
-0.024454545;0.034079053;0.34483793
-0.024454545;0.034079053;0.34483793
-0.024454545;0.034079053;0.34483793
-0.024454545;0.032102767;0.34483793
-0.024454545;0.034079053;0.34483793
-0.024454545;0.034079053;0.34483793
-0.024454545;0.032102767;0.33693281
-0.024454545;0.032102767;0.34483793
-0.02643083;0.032102767;0.34483793
-0.024454545;0.032102767;0.34483793
-0.02643083;0.034079053;0.34483793
-0.02643083;0.032102767;0.34483793
-0.02643083;0.032102767;0.34483793
-0.024454545;0.032102767;0.34483793
-0.02643083;0.032102767;0.34483793
-0.02643083;0.032102767;0.34483793
-0.028407115;0.030126482;0.34483793
-0.028407115;0.032102767;0.34483793
-0.02643083;0.032102767;0.34483793
-0.028407115;0.032102767;0.34483793
-0.02643083;0.032102767;0.34483793
-0.02643083;0.032102767;0.34483793
-0.028407115;0.030126482;0.34483793
-0.028407115;0.030126482;0.34483793
-0.028407115;0.032102767;0.34483793
-0.028407115;0.032102767;0.34483793
-0.028407115;0.032102767;0.33693281
-0.028407115;0.030126482;0.34483793
-0.02643083;0.030126482;0.34483793
-0.028407115;0.030126482;0.34483793
-0.030383399;0.030126482;0.34483793
-0.030383399;0.030126482;0.34483793
-0.028407115;0.030126482;0.34483793
-0.028407115;0.032102767;0.34483793
-0.030383399;0.032102767;0.34483793
-0.030383399;0.030126482;0.34483793
-0.030383399;0.028150197;0.34483793
-0.030383399;0.030126482;0.34483793
-0.030383399;0.030126482;0.34483793
-0.030383399;0.030126482;0.34483793
-0.030383399;0.030126482;0.34483793
-0.030383399;0.030126482;0.34483793
-0.030383399;0.030126482;0.34483793
-0.030383399;0.028150197;0.34483793
-0.030383399;0.028150197;0.34483793
-0.030383399;0.028150197;0.34483793
-0.032359682;0.028150197;0.34483793
-0.032359682;0.030126482;0.34483793
-0.032359682;0.028150197;0.34483793
-0.030383399;0.028150197;0.34483793
-0.030383399;0.028150197;0.34483793
-0.030383399;0.026173914;0.34483793
-0.030383399;0.028150197;0.34483793
-0.030383399;0.026173914;0.34483793
-0.030383399;0.028150197;0.34483793
-0.030383399;0.026173914;0.34483793
-0.030383399;0.028150197;0.34483793
-0.030383399;0.026173914;0.34483793
-0.030383399;0.028150197;0.34483793
-0.030383399;0.026173914;0.34483793
-0.030383399;0.028150197;0.34483793
-0.030383399;0.026173914;0.34483793
-0.032359682;0.026173914;0.34483793
-0.032359682;0.026173914;0.34483793
-0.030383399;0.026173914;0.34483793
-0.030383399;0.026173914;0.34483793
-0.032359682;0.026173914;0.34483793
-0.032359682;0.024197629;0.34483793
-0.030383399;0.026173914;0.34483793
-0.032359682;0.026173914;0.34483793
-0.032359682;0.026173914;0.34483793
-0.030383399;0.026173914;0.34483793
-0.030383399;0.026173914;0.34483793
-0.032359682;0.024197629;0.34483793
-0.030383399;0.024197629;0.34483793
-0.030383399;0.024197629;0.34483793
-0.030383399;0.026173914;0.34483793
-0.030383399;0.024197629;0.34483793
-0.030383399;0.024197629;0.35274309
-0.032359682;0.026173914;0.34483793
-0.032359682;0.024197629;0.35274309
-0.030383399;0.024197629;0.34483793
-0.032359682;0.024197629;0.34483793
-0.030383399;0.024197629;0.34483793
-0.030383399;0.024197629;0.34483793
-0.032359682;0.022221344;0.34483793
-0.030383399;0.024197629;0.34483793
-0.030383399;0.022221344;0.34483793
-0.030383399;0.022221344;0.34483793
-0.030383399;0.022221344;0.33693281
-0.030383399;0.024197629;0.34483793
-0.032359682;0.022221344;0.34483793
-0.030383399;0.024197629;0.34483793
-0.030383399;0.022221344;0.34483793
-0.030383399;0.022221344;0.34483793
-0.030383399;0.022221344;0.34483793
-0.030383399;0.022221344;0.34483793
-0.030383399;0.022221344;0.34483793
-0.030383399;0.022221344;0.34483793
-0.030383399;0.022221344;0.34483793
-0.030383399;0.022221344;0.34483793
-0.030383399;0.022221344;0.33693281
-0.028407115;0.022221344;0.34483793
-0.028407115;0.022221344;0.34483793
-0.028407115;0.022221344;0.34483793
-0.028407115;0.022221344;0.34483793
-0.028407115;0.022221344;0.34483793
-0.028407115;0.020245058;0.35274309
-0.030383399;0.020245058;0.34483793
-0.028407115;0.022221344;0.34483793
-0.028407115;0.020245058;0.34483793
-0.02643083;0.020245058;0.35274309
-0.02643083;0.020245058;0.33693281
-0.02643083;0.020245058;0.34483793
-0.024454545;0.020245058;0.34483793
-0.02643083;0.020245058;0.34483793
-0.02643083;0.020245058;0.34483793
-0.02643083;0.020245058;0.34483793
-0.02643083;0.020245058;0.35274309
-0.02643083;0.020245058;0.34483793
-0.02643083;0.020245058;0.34483793
-0.02643083;0.018268775;0.34483793
-0.02643083;0.018268775;0.34483793
-0.024454545;0.018268775;0.34483793
-0.02643083;0.018268775;0.34483793
-0.02643083;0.018268775;0.34483793
-0.024454545;0.020245058;0.34483793
-0.02643083;0.018268775;0.34483793
-0.02643083;0.018268775;0.34483793
-0.02643083;0.018268775;0.34483793
-0.02643083;0.018268775;0.34483793
-0.024454545;0.018268775;0.34483793
-0.024454545;0.01629249;0.34483793
-0.024454545;0.01629249;0.34483793
-0.024454545;0.018268775;0.34483793
-0.024454545;0.018268775;0.34483793
-0.024454545;0.01629249;0.34483793
-0.024454545;0.018268775;0.34483793
-0.02247826;0.01629249;0.34483793
-0.02247826;0.01629249;0.34483793
-0.02247826;0.01629249;0.34483793
-0.02247826;0.01629249;0.34483793
-0.02247826;0.018268775;0.34483793
-0.02247826;0.018268775;0.34483793
-0.02247826;0.01629249;0.34483793
-0.02247826;0.01629249;0.34483793
-0.02247826;0.01629249;0.34483793
-0.02247826;0.014316206;0.33693281
-0.020501977;0.01629249;0.34483793
-0.020501977;0.01629249;0.34483793
-0.020501977;0.014316206;0.34483793
-0.020501977;0.01629249;0.34483793
-0.020501977;0.014316206;0.34483793
-0.020501977;0.01629249;0.34483793
-0.020501977;0.01629249;0.34483793
-0.020501977;0.014316206;0.34483793
-0.018525692;0.014316206;0.34483793
-0.018525692;0.014316206;0.35274309
-0.020501977;0.014316206;0.34483793
-0.020501977;0.014316206;0.34483793
-0.016549407;0.014316206;0.34483793
-0.018525692;0.014316206;0.34483793
-0.018525692;0.014316206;0.35274309
-0.018525692;0.014316206;0.35274309
-0.016549407;0.014316206;0.34483793
-0.016549407;0.012339921;0.34483793
-0.016549407;0.012339921;0.34483793
-0.018525692;0.014316206;0.34483793
-0.016549407;0.014316206;0.34483793
-0.016549407;0.014316206;0.34483793
-0.016549407;0.014316206;0.34483793
-0.016549407;0.012339921;0.34483793
-0.016549407;0.012339921;0.34483793
-0.016549407;0.010363637;0.35274309
-0.014573122;0.012339921;0.34483793
-0.014573122;0.012339921;0.33693281
-0.014573122;0.012339921;0.34483793
-0.014573122;0.012339921;0.34483793
-0.014573122;0.012339921;0.34483793
-0.012596838;0.012339921;0.34483793
-0.014573122;0.012339921;0.34483793
-0.012596838;0.012339921;0.34483793
-0.012596838;0.012339921;0.34483793
-0.012596838;0.012339921;0.34483793
-0.010620553;0.012339921;0.34483793
-0.012596838;0.012339921;0.35274309
-0.010620553;0.012339921;0.34483793
-0.010620553;0.010363637;0.34483793
-0.010620553;0.012339921;0.35274309
-0.010620553;0.012339921;0.34483793
-0.010620553;0.010363637;0.34483793
-0.010620553;0.010363637;0.34483793
-0.0086442688;0.010363637;0.34483793
-0.010620553;0.010363637;0.34483793
-0.0086442688;0.010363637;0.35274309
-0.0086442688;0.010363637;0.34483793
-0.0086442688;0.010363637;0.34483793
-0.0086442688;0.010363637;0.34483793
-0.0086442688;0.012339921;0.34483793
-0.0066679842;0.010363637;0.33693281
-0.0066679842;0.010363637;0.33693281
-0.0066679842;0.010363637;0.34483793
-0.0066679842;0.010363637;0.34483793
-0.0046916995;0.010363637;0.35274309
-0.0066679842;0.010363637;0.34483793
-0.0066679842;0.0083873514;0.34483793
-0.0066679842;0.010363637;0.34483793
-0.0046916995;0.010363637;0.34483793
-0.0046916995;0.0083873514;0.35274309
-0.0066679842;0.0083873514;0.34483793
-0.0046916995;0.0083873514;0.33693281
-0.0046916995;0.0083873514;0.34483793
-0.0027154151;0.0083873514;0.34483793
-0.0027154151;0.0083873514;0.34483793
-0.0046916995;0.0083873514;0.33693281
-0.0027154151;0.0083873514;0.34483793
-0.0027154151;0.0083873514;0.34483793
-0.00073913042;0.0083873514;0.34483793
-0.0027154151;0.0064110672;0.34483793
-0.00073913042;0.0083873514;0.34483793
-0.00073913042;0.0083873514;0.35274309
-0.00073913042;0.0064110672;0.34483793
-0.00073913042;0.0083873514;0.34483793
-0.00073913042;0.0064110672;0.34483793
0.0012371541;0.0064110672;0.34483793
0.0012371541;0.0064110672;0.34483793
0.0012371541;0.0064110672;0.33693281
0.0012371541;0.0064110672;0.34483793
0.0032134387;0.0064110672;0.34483793
0.0012371541;0.0064110672;0.34483793
0.0032134387;0.0064110672;0.34483793
0.0032134387;0.0083873514;0.34483793
0.0032134387;0.0064110672;0.33693281
0.0032134387;0.0064110672;0.35274309
0.0032134387;0.0064110672;0.35274309
0.0051897233;0.0064110672;0.35274309
0.0051897233;0.0064110672;0.34483793
0.0051897233;0.0064110672;0.34483793
0.0051897233;0.0064110672;0.34483793
0.007166008;0.0064110672;0.34483793
0.0051897233;0.0044347825;0.34483793
0.007166008;0.0064110672;0.33693281
0.007166008;0.0044347825;0.34483793
0.007166008;0.0044347825;0.33693281
0.007166008;0.0044347825;0.34483793
0.0091422927;0.0064110672;0.34483793
0.007166008;0.0024584981;0.34483793
0.0091422927;0.0044347825;0.34483793
0.0091422927;0.0044347825;0.34483793
0.0091422927;0.0044347825;0.34483793
0.0091422927;0.0024584981;0.34483793
0.011118577;0.0024584981;0.33693281
0.011118577;0.0044347825;0.34483793
0.013094862;0.0044347825;0.34483793
0.011118577;0.0024584981;0.34483793
0.011118577;0.0024584981;0.34483793
0.011118577;0.0044347825;0.34483793
0.011118577;0.0024584981;0.34483793
0.013094862;0.0024584981;0.34483793
0.013094862;0.0024584981;0.34483793
0.015071146;0.0024584981;0.34483793
0.015071146;0.0024584981;0.34483793
0.015071146;0.0024584981;0.34483793
0.017047431;0.0024584981;0.34483793
0.015071146;0.0024584981;0.34483793
0.017047431;0.0024584981;0.34483793
0.017047431;0.0024584981;0.34483793
0.017047431;0.0024584981;0.34483793
0.019023715;0.0024584981;0.34483793
0.019023715;0.00048221345;0.34483793
0.019023715;0.0024584981;0.34483793
0.017047431;0.00048221345;0.34483793
0.019023715;0.00048221345;0.34483793
0.019023715;0.00048221345;0.34483793
0.019023715;0.00048221345;0.34483793
0.019023715;0.00048221345;0.34483793
0.021;0.00048221345;0.33693281
0.021;0.00048221345;0.34483793
0.021;0.00048221345;0.34483793
0.021;0.00048221345;0.34483793
0.021;0.00048221345;0.34483793
0.022976285;0.00048221345;0.33693281
0.022976285;0.00048221345;0.33693281
0.022976285;0.00048221345;0.34483793
0.02495257;0.00048221345;0.34483793
0.022976285;0.00048221345;0.34483793
0.022976285;-0.0014940711;0.34483793
0.022976285;-0.0014940711;0.34483793
0.02495257;0.00048221345;0.34483793
0.02495257;0.00048221345;0.34483793
0.02495257;-0.0014940711;0.34483793
0.026928853;0.00048221345;0.34483793
0.026928853;-0.0014940711;0.34483793
0.026928853;-0.0014940711;0.34483793
0.028905138;-0.0014940711;0.34483793
0.026928853;-0.0014940711;0.34483793
0.028905138;-0.0014940711;0.34483793
0.026928853;-0.0014940711;0.34483793
0.028905138;-0.0014940711;0.34483793
0.030881424;-0.0014940711;0.34483793
0.028905138;-0.0014940711;0.34483793
0.028905138;-0.0014940711;0.34483793
0.028905138;-0.0014940711;0.34483793
0.030881424;-0.0014940711;0.34483793
0.030881424;-0.0014940711;0.35274309
0.030881424;-0.0014940711;0.34483793
0.032857709;-0.0014940711;0.34483793
0.030881424;-0.0034703556;0.34483793
0.032857709;-0.0034703556;0.34483793
0.032857709;-0.0034703556;0.34483793
0.032857709;-0.0014940711;0.34483793
0.034833994;-0.0034703556;0.34483793
0.034833994;-0.0034703556;0.34483793
0.034833994;-0.0034703556;0.34483793
0.034833994;-0.0034703556;0.34483793
0.034833994;-0.0034703556;0.34483793
0.034833994;-0.0034703556;0.34483793
0.036810275;-0.0034703556;0.34483793
0.036810275;-0.0034703556;0.34483793
0.034833994;-0.0034703556;0.34483793
0.036810275;-0.0034703556;0.34483793
0.036810275;-0.0034703556;0.34483793
0.03878656;-0.0034703556;0.33693281
0.040762845;-0.0034703556;0.34483793
0.036810275;-0.0034703556;0.33693281
0.03878656;-0.0034703556;0.33693281
0.03878656;-0.0034703556;0.34483793
0.040762845;-0.0034703556;0.34483793
0.040762845;-0.0054466403;0.34483793
0.040762845;-0.0054466403;0.35274309
0.040762845;-0.0034703556;0.34483793
0.040762845;-0.0054466403;0.33693281
0.040762845;-0.0034703556;0.34483793
0.042739131;-0.0054466403;0.34483793
0.040762845;-0.0054466403;0.34483793
0.042739131;-0.0054466403;0.34483793
0.042739131;-0.0054466403;0.34483793
0.042739131;-0.0054466403;0.34483793
0.042739131;-0.0054466403;0.34483793
0.042739131;-0.0054466403;0.34483793
0.042739131;-0.0054466403;0.34483793
0.044715416;-0.007422925;0.35274309
0.044715416;-0.0054466403;0.34483793
0.044715416;-0.0054466403;0.33693281
0.044715416;-0.0054466403;0.34483793
0.046691701;-0.0054466403;0.34483793
0.046691701;-0.0054466403;0.34483793
0.046691701;-0.007422925;0.34483793
0.046691701;-0.0054466403;0.34483793
0.048667986;-0.0054466403;0.34483793
0.048667986;-0.0054466403;0.33693281
0.048667986;-0.007422925;0.34483793
0.048667986;-0.007422925;0.34483793
0.050644267;-0.0054466403;0.34483793
0.048667986;-0.0054466403;0.34483793
0.048667986;-0.0054466403;0.34483793
0.050644267;-0.0054466403;0.34483793
0.050644267;-0.007422925;0.34483793
0.050644267;-0.007422925;0.34483793
0.050644267;-0.0054466403;0.34483793
0.050644267;-0.007422925;0.33693281
0.050644267;-0.007422925;0.34483793
0.052620552;-0.007422925;0.34483793
0.052620552;-0.007422925;0.34483793
0.052620552;-0.007422925;0.34483793
0.054596838;-0.007422925;0.35274309
0.054596838;-0.007422925;0.34483793
0.054596838;-0.007422925;0.34483793
0.054596838;-0.007422925;0.34483793
0.054596838;-0.007422925;0.34483793
0.054596838;-0.007422925;0.34483793
0.054596838;-0.007422925;0.34483793
0.054596838;-0.0093992092;0.34483793
0.054596838;-0.0093992092;0.34483793
0.054596838;-0.0093992092;0.34483793
0.056573123;-0.0093992092;0.34483793
0.056573123;-0.0093992092;0.33693281
0.056573123;-0.0093992092;0.34483793
0.058549408;-0.0093992092;0.34483793
0.056573123;-0.0093992092;0.34483793
0.058549408;-0.0093992092;0.34483793
0.056573123;-0.0093992092;0.34483793
0.058549408;-0.0093992092;0.34483793
0.056573123;-0.0093992092;0.34483793
0.058549408;-0.0093992092;0.34483793
0.058549408;-0.0093992092;0.34483793
0.060525693;-0.0093992092;0.34483793
0.060525693;-0.0093992092;0.34483793
0.058549408;-0.0093992092;0.34483793
0.058549408;-0.011375494;0.34483793
0.060525693;-0.0093992092;0.34483793
0.062501974;-0.0093992092;0.34483793
0.060525693;-0.011375494;0.34483793
0.060525693;-0.011375494;0.34483793
0.060525693;-0.0093992092;0.34483793
0.060525693;-0.0093992092;0.34483793
0.062501974;-0.0093992092;0.34483793
0.062501974;-0.0093992092;0.34483793
0.060525693;-0.0093992092;0.33693281
0.062501974;-0.011375494;0.34483793
0.062501974;-0.011375494;0.34483793
0.064478263;-0.0093992092;0.34483793
0.064478263;-0.011375494;0.35274309
0.064478263;-0.011375494;0.33693281
0.064478263;-0.011375494;0.33693281
0.064478263;-0.011375494;0.34483793
0.064478263;-0.011375494;0.34483793
0.064478263;-0.011375494;0.34483793
0.064478263;-0.011375494;0.34483793
0.064478263;-0.011375494;0.34483793
0.064478263;-0.011375494;0.34483793
0.066454545;-0.011375494;0.34483793
0.066454545;-0.013351778;0.34483793
0.064478263;-0.011375494;0.34483793
0.064478263;-0.011375494;0.34483793
0.068430834;-0.013351778;0.34483793
0.066454545;-0.011375494;0.34483793
0.066454545;-0.011375494;0.34483793
0.066454545;-0.011375494;0.34483793
0.066454545;-0.011375494;0.35274309
0.068430834;-0.013351778;0.34483793
0.068430834;-0.011375494;0.34483793
0.068430834;-0.011375494;0.34483793
0.068430834;-0.011375494;0.34483793
0.070407115;-0.013351778;0.34483793
0.068430834;-0.013351778;0.34483793
0.068430834;-0.013351778;0.34483793
0.068430834;-0.011375494;0.34483793
0.068430834;-0.013351778;0.34483793
0.068430834;-0.015328064;0.34483793
0.070407115;-0.015328064;0.34483793
0.070407115;-0.013351778;0.34483793
0.070407115;-0.013351778;0.34483793
0.070407115;-0.013351778;0.34483793
0.070407115;-0.013351778;0.35274309
0.070407115;-0.013351778;0.33693281
0.070407115;-0.015328064;0.34483793
0.072383396;-0.013351778;0.34483793
0.072383396;-0.013351778;0.34483793
0.072383396;-0.013351778;0.34483793
0.072383396;-0.015328064;0.35274309
0.070407115;-0.013351778;0.35274309
0.070407115;-0.013351778;0.34483793
0.072383396;-0.015328064;0.34483793
0.072383396;-0.013351778;0.34483793
0.072383396;-0.015328064;0.34483793
0.072383396;-0.015328064;0.34483793
0.072383396;-0.015328064;0.33693281
0.070407115;-0.015328064;0.34483793
0.072383396;-0.015328064;0.33693281
0.072383396;-0.015328064;0.34483793
0.074359685;-0.015328064;0.34483793
0.072383396;-0.013351778;0.34483793
0.072383396;-0.015328064;0.34483793
0.072383396;-0.015328064;0.34483793
0.074359685;-0.015328064;0.34483793
0.074359685;-0.015328064;0.35274309
0.072383396;-0.013351778;0.34483793
0.074359685;-0.015328064;0.34483793
0.074359685;-0.015328064;0.34483793
0.074359685;-0.015328064;0.34483793
0.074359685;-0.015328064;0.34483793
0.074359685;-0.015328064;0.34483793
0.072383396;-0.017304348;0.33693281
0.074359685;-0.015328064;0.34483793
0.074359685;-0.015328064;0.34483793
0.074359685;-0.015328064;0.34483793
0.074359685;-0.015328064;0.34483793
0.074359685;-0.015328064;0.34483793
0.076335967;-0.015328064;0.34483793
0.076335967;-0.015328064;0.34483793
0.076335967;-0.017304348;0.34483793
0.076335967;-0.017304348;0.34483793
0.074359685;-0.017304348;0.34483793
0.076335967;-0.017304348;0.34483793
0.074359685;-0.015328064;0.34483793
0.076335967;-0.017304348;0.34483793
0.076335967;-0.017304348;0.34483793
0.076335967;-0.017304348;0.34483793
0.074359685;-0.017304348;0.34483793
0.078312255;-0.017304348;0.34483793
0.076335967;-0.017304348;0.34483793
0.076335967;-0.017304348;0.34483793
0.078312255;-0.017304348;0.33693281
0.076335967;-0.019280633;0.34483793
0.076335967;-0.017304348;0.34483793
0.076335967;-0.019280633;0.34483793
0.076335967;-0.017304348;0.35274309
0.076335967;-0.017304348;0.34483793
0.076335967;-0.017304348;0.34483793
0.076335967;-0.019280633;0.34483793
0.076335967;-0.017304348;0.34483793
0.076335967;-0.017304348;0.34483793
0.076335967;-0.019280633;0.34483793
0.076335967;-0.017304348;0.34483793
0.076335967;-0.017304348;0.34483793
0.076335967;-0.017304348;0.34483793
0.076335967;-0.017304348;0.35274309
0.076335967;-0.019280633;0.34483793
0.076335967;-0.019280633;0.34483793
0.076335967;-0.017304348;0.34483793
0.076335967;-0.017304348;0.34483793
0.076335967;-0.019280633;0.34483793
0.076335967;-0.017304348;0.34483793
0.076335967;-0.017304348;0.34483793
0.076335967;-0.019280633;0.34483793
0.076335967;-0.019280633;0.33693281
0.076335967;-0.019280633;0.34483793
0.076335967;-0.019280633;0.34483793
0.076335967;-0.019280633;0.34483793
0.076335967;-0.019280633;0.33693281
0.076335967;-0.019280633;0.34483793
0.076335967;-0.019280633;0.34483793
0.076335967;-0.019280633;0.34483793
0.074359685;-0.019280633;0.34483793
0.076335967;-0.019280633;0.34483793
0.076335967;-0.017304348;0.35274309
0.074359685;-0.019280633;0.34483793
0.074359685;-0.019280633;0.34483793
0.074359685;-0.019280633;0.34483793
0.076335967;-0.019280633;0.33693281
0.074359685;-0.019280633;0.34483793
0.074359685;-0.019280633;0.34483793
0.074359685;-0.019280633;0.34483793
0.072383396;-0.021256916;0.34483793
0.072383396;-0.021256916;0.34483793
0.074359685;-0.019280633;0.34483793
0.074359685;-0.021256916;0.35274309
0.074359685;-0.021256916;0.34483793
0.074359685;-0.019280633;0.34483793
0.074359685;-0.021256916;0.34483793
0.074359685;-0.019280633;0.34483793
0.072383396;-0.019280633;0.34483793
0.072383396;-0.021256916;0.34483793
0.072383396;-0.019280633;0.34483793
0.074359685;-0.019280633;0.33693281
0.074359685;-0.019280633;0.34483793
0.072383396;-0.019280633;0.34483793
0.072383396;-0.019280633;0.34483793
0.072383396;-0.019280633;0.34483793
0.072383396;-0.019280633;0.34483793
0.072383396;-0.021256916;0.34483793
0.072383396;-0.021256916;0.34483793
0.072383396;-0.021256916;0.35274309
0.072383396;-0.021256916;0.34483793
0.070407115;-0.019280633;0.34483793
0.070407115;-0.021256916;0.34483793
0.072383396;-0.021256916;0.34483793
0.070407115;-0.021256916;0.34483793
0.072383396;-0.021256916;0.34483793
0.070407115;-0.019280633;0.34483793
0.072383396;-0.021256916;0.34483793
0.070407115;-0.021256916;0.34483793
0.070407115;-0.021256916;0.34483793
0.072383396;-0.021256916;0.34483793
0.070407115;-0.021256916;0.34483793
0.070407115;-0.021256916;0.34483793
0.070407115;-0.021256916;0.34483793
0.070407115;-0.021256916;0.34483793
0.070407115;-0.023233201;0.34483793
0.070407115;-0.021256916;0.34483793
0.070407115;-0.021256916;0.34483793
0.070407115;-0.021256916;0.34483793
0.070407115;-0.021256916;0.34483793
0.068430834;-0.021256916;0.33693281
0.068430834;-0.023233201;0.34483793
0.068430834;-0.021256916;0.34483793
0.070407115;-0.021256916;0.34483793
0.068430834;-0.021256916;0.34483793
0.066454545;-0.021256916;0.34483793
0.066454545;-0.023233201;0.34483793
0.068430834;-0.021256916;0.34483793
0.066454545;-0.021256916;0.34483793
0.066454545;-0.021256916;0.34483793
0.066454545;-0.021256916;0.34483793
0.066454545;-0.023233201;0.34483793
0.066454545;-0.021256916;0.34483793
0.064478263;-0.023233201;0.35274309
0.066454545;-0.023233201;0.33693281
0.064478263;-0.023233201;0.33693281
0.064478263;-0.023233201;0.33693281
0.064478263;-0.023233201;0.34483793
0.066454545;-0.023233201;0.34483793
0.064478263;-0.023233201;0.34483793
0.064478263;-0.023233201;0.34483793
0.064478263;-0.023233201;0.34483793
0.062501974;-0.023233201;0.34483793
0.064478263;-0.023233201;0.34483793
0.062501974;-0.023233201;0.34483793
0.064478263;-0.023233201;0.34483793
0.062501974;-0.023233201;0.34483793
0.062501974;-0.023233201;0.34483793
0.062501974;-0.023233201;0.34483793
0.062501974;-0.021256916;0.34483793
0.062501974;-0.025209486;0.34483793
0.062501974;-0.023233201;0.34483793
0.062501974;-0.023233201;0.34483793
0.062501974;-0.021256916;0.34483793
0.062501974;-0.023233201;0.35274309
0.060525693;-0.023233201;0.34483793
0.062501974;-0.023233201;0.34483793
0.060525693;-0.023233201;0.34483793
0.060525693;-0.023233201;0.34483793
0.058549408;-0.023233201;0.34483793
0.060525693;-0.023233201;0.34483793
0.058549408;-0.023233201;0.34483793
0.058549408;-0.023233201;0.34483793
0.058549408;-0.025209486;0.34483793
0.058549408;-0.023233201;0.34483793
0.058549408;-0.023233201;0.34483793
0.058549408;-0.023233201;0.34483793
0.056573123;-0.021256916;0.34483793
0.056573123;-0.023233201;0.34483793
0.056573123;-0.023233201;0.34483793
0.056573123;-0.023233201;0.34483793
0.054596838;-0.021256916;0.34483793
0.054596838;-0.023233201;0.34483793
0.054596838;-0.023233201;0.33693281
0.054596838;-0.023233201;0.34483793
0.054596838;-0.023233201;0.34483793
0.054596838;-0.023233201;0.34483793
0.054596838;-0.023233201;0.34483793
0.052620552;-0.023233201;0.34483793
0.054596838;-0.023233201;0.35274309
0.054596838;-0.023233201;0.34483793
0.052620552;-0.023233201;0.34483793
0.052620552;-0.025209486;0.34483793
0.050644267;-0.025209486;0.35274309
0.052620552;-0.025209486;0.34483793
0.050644267;-0.023233201;0.34483793
0.050644267;-0.025209486;0.34483793
0.050644267;-0.025209486;0.34483793
0.050644267;-0.025209486;0.34483793
0.048667986;-0.023233201;0.34483793
0.048667986;-0.025209486;0.34483793
0.048667986;-0.023233201;0.33693281
0.048667986;-0.023233201;0.35274309
0.050644267;-0.023233201;0.34483793
0.048667986;-0.025209486;0.34483793
0.048667986;-0.023233201;0.34483793
0.048667986;-0.025209486;0.34483793
0.048667986;-0.025209486;0.34483793
0.046691701;-0.025209486;0.34483793
0.046691701;-0.023233201;0.34483793
0.046691701;-0.025209486;0.34483793
0.046691701;-0.025209486;0.34483793
0.046691701;-0.025209486;0.34483793
0.046691701;-0.025209486;0.34483793
0.044715416;-0.025209486;0.34483793
0.044715416;-0.023233201;0.34483793
0.044715416;-0.025209486;0.34483793
0.044715416;-0.025209486;0.34483793
0.042739131;-0.023233201;0.34483793
0.042739131;-0.023233201;0.34483793
0.042739131;-0.025209486;0.34483793
0.042739131;-0.025209486;0.34483793
0.044715416;-0.025209486;0.34483793
0.042739131;-0.025209486;0.34483793
0.040762845;-0.023233201;0.34483793
0.042739131;-0.025209486;0.34483793
0.040762845;-0.023233201;0.34483793
0.040762845;-0.025209486;0.33693281
0.03878656;-0.025209486;0.34483793
0.03878656;-0.025209486;0.34483793
0.040762845;-0.025209486;0.34483793
0.03878656;-0.025209486;0.34483793
0.03878656;-0.025209486;0.34483793
0.040762845;-0.023233201;0.34483793
0.036810275;-0.025209486;0.34483793
0.036810275;-0.025209486;0.34483793
0.03878656;-0.025209486;0.34483793
0.034833994;-0.025209486;0.33693281
0.036810275;-0.023233201;0.34483793
0.034833994;-0.025209486;0.34483793
0.036810275;-0.025209486;0.34483793
0.034833994;-0.025209486;0.34483793
0.034833994;-0.025209486;0.34483793
0.034833994;-0.027185772;0.34483793
0.032857709;-0.025209486;0.34483793
0.032857709;-0.025209486;0.34483793
0.032857709;-0.025209486;0.34483793
0.034833994;-0.023233201;0.34483793
0.032857709;-0.025209486;0.34483793
0.032857709;-0.025209486;0.34483793
0.030881424;-0.025209486;0.34483793
0.030881424;-0.025209486;0.34483793
0.030881424;-0.025209486;0.34483793
0.030881424;-0.025209486;0.35274309
0.030881424;-0.025209486;0.34483793
0.030881424;-0.023233201;0.34483793
0.030881424;-0.023233201;0.34483793
0.028905138;-0.025209486;0.34483793
0.028905138;-0.025209486;0.34483793
0.028905138;-0.025209486;0.34483793
0.028905138;-0.023233201;0.34483793
0.026928853;-0.025209486;0.33693281
0.026928853;-0.025209486;0.34483793
0.026928853;-0.027185772;0.34483793
0.026928853;-0.025209486;0.34483793
0.026928853;-0.025209486;0.34483793
0.026928853;-0.025209486;0.34483793
0.02495257;-0.027185772;0.34483793
0.02495257;-0.025209486;0.34483793
0.022976285;-0.025209486;0.34483793
0.02495257;-0.025209486;0.34483793
0.022976285;-0.025209486;0.34483793
0.022976285;-0.025209486;0.34483793
0.022976285;-0.025209486;0.34483793
0.022976285;-0.025209486;0.35274309
0.022976285;-0.025209486;0.34483793
0.021;-0.025209486;0.34483793
0.022976285;-0.025209486;0.33693281
0.021;-0.027185772;0.34483793
0.021;-0.025209486;0.35274309
0.019023715;-0.025209486;0.34483793
0.021;-0.025209486;0.34483793
0.019023715;-0.025209486;0.34483793
0.019023715;-0.025209486;0.34483793
0.017047431;-0.025209486;0.34483793
0.019023715;-0.025209486;0.34483793
0.017047431;-0.025209486;0.34483793
0.017047431;-0.027185772;0.34483793
0.017047431;-0.025209486;0.34483793
0.017047431;-0.025209486;0.34483793
0.017047431;-0.025209486;0.34483793
0.015071146;-0.025209486;0.34483793
0.017047431;-0.025209486;0.34483793
0.015071146;-0.025209486;0.35274309
0.015071146;-0.025209486;0.34483793
0.015071146;-0.025209486;0.33693281
0.015071146;-0.025209486;0.34483793
0.015071146;-0.025209486;0.34483793
0.015071146;-0.025209486;0.34483793
0.013094862;-0.025209486;0.34483793
0.013094862;-0.025209486;0.34483793
0.013094862;-0.025209486;0.34483793
0.011118577;-0.025209486;0.34483793
0.011118577;-0.025209486;0.34483793
0.0091422927;-0.025209486;0.34483793
0.011118577;-0.027185772;0.34483793
0.011118577;-0.025209486;0.34483793
0.0091422927;-0.025209486;0.34483793
0.0091422927;-0.025209486;0.34483793
0.0091422927;-0.027185772;0.34483793
0.0091422927;-0.025209486;0.35274309
0.0091422927;-0.025209486;0.34483793
0.0091422927;-0.025209486;0.35274309
0.007166008;-0.025209486;0.34483793
0.0091422927;-0.025209486;0.34483793
0.007166008;-0.025209486;0.34483793
0.007166008;-0.025209486;0.35274309
0.007166008;-0.027185772;0.34483793
0.007166008;-0.025209486;0.34483793
0.0051897233;-0.027185772;0.33693281
0.0051897233;-0.027185772;0.35274309
0.0032134387;-0.025209486;0.34483793
0.0051897233;-0.025209486;0.34483793
0.0032134387;-0.025209486;0.34483793
0.0032134387;-0.025209486;0.34483793
0.0032134387;-0.027185772;0.34483793
0.0012371541;-0.025209486;0.34483793
0.0012371541;-0.025209486;0.34483793
0.0012371541;-0.025209486;0.34483793
0.0012371541;-0.027185772;0.35274309
0.0012371541;-0.025209486;0.34483793
-0.00073913042;-0.025209486;0.34483793
0.0012371541;-0.025209486;0.34483793
-0.00073913042;-0.025209486;0.34483793
-0.00073913042;-0.023233201;0.34483793
-0.00073913042;-0.025209486;0.34483793
-0.00073913042;-0.025209486;0.34483793
-0.00073913042;-0.025209486;0.34483793
-0.0027154151;-0.025209486;0.34483793
-0.0027154151;-0.025209486;0.34483793
-0.0027154151;-0.025209486;0.34483793
-0.0027154151;-0.025209486;0.34483793
-0.0027154151;-0.027185772;0.34483793
-0.0027154151;-0.025209486;0.34483793
-0.0027154151;-0.025209486;0.34483793
-0.0046916995;-0.023233201;0.34483793
-0.0046916995;-0.025209486;0.33693281
-0.0046916995;-0.025209486;0.34483793
-0.0046916995;-0.025209486;0.34483793
-0.0066679842;-0.025209486;0.34483793
-0.0066679842;-0.025209486;0.34483793
-0.0046916995;-0.023233201;0.33693281
-0.0066679842;-0.025209486;0.34483793
-0.0066679842;-0.025209486;0.34483793
-0.0066679842;-0.025209486;0.34483793
-0.0086442688;-0.025209486;0.34483793
-0.0086442688;-0.025209486;0.34483793
-0.0086442688;-0.025209486;0.34483793
-0.0086442688;-0.023233201;0.34483793
-0.010620553;-0.025209486;0.34483793
-0.0086442688;-0.025209486;0.34483793
-0.0086442688;-0.025209486;0.34483793
-0.010620553;-0.025209486;0.34483793
-0.010620553;-0.025209486;0.34483793
-0.010620553;-0.025209486;0.34483793
-0.010620553;-0.023233201;0.34483793
-0.010620553;-0.025209486;0.34483793
-0.010620553;-0.023233201;0.34483793
-0.012596838;-0.025209486;0.34483793
-0.010620553;-0.025209486;0.34483793
-0.014573122;-0.025209486;0.33693281
-0.012596838;-0.025209486;0.34483793
-0.012596838;-0.023233201;0.34483793
-0.012596838;-0.025209486;0.34483793
-0.012596838;-0.023233201;0.33693281
-0.012596838;-0.023233201;0.34483793
-0.014573122;-0.023233201;0.34483793
-0.012596838;-0.025209486;0.34483793
-0.014573122;-0.023233201;0.34483793
-0.014573122;-0.025209486;0.34483793
-0.014573122;-0.023233201;0.34483793
-0.014573122;-0.023233201;0.33693281
-0.016549407;-0.023233201;0.34483793
-0.016549407;-0.025209486;0.34483793
-0.016549407;-0.025209486;0.34483793
-0.016549407;-0.023233201;0.34483793
-0.016549407;-0.025209486;0.34483793
-0.018525692;-0.023233201;0.34483793
-0.018525692;-0.025209486;0.33693281
-0.016549407;-0.023233201;0.34483793
-0.016549407;-0.025209486;0.34483793
-0.016549407;-0.023233201;0.33693281
-0.018525692;-0.025209486;0.34483793
-0.018525692;-0.023233201;0.34483793
-0.018525692;-0.023233201;0.34483793
-0.020501977;-0.023233201;0.34483793
-0.018525692;-0.023233201;0.34483793
-0.020501977;-0.025209486;0.34483793
-0.020501977;-0.023233201;0.34483793
-0.020501977;-0.023233201;0.34483793
-0.020501977;-0.023233201;0.34483793
-0.020501977;-0.023233201;0.34483793
-0.020501977;-0.025209486;0.34483793
-0.020501977;-0.023233201;0.34483793
-0.020501977;-0.025209486;0.34483793
-0.020501977;-0.025209486;0.34483793
-0.02247826;-0.023233201;0.34483793
-0.02247826;-0.025209486;0.34483793
-0.02247826;-0.023233201;0.34483793
-0.02247826;-0.023233201;0.34483793
-0.02247826;-0.023233201;0.34483793
-0.02247826;-0.023233201;0.34483793
-0.02247826;-0.025209486;0.34483793
-0.02247826;-0.021256916;0.34483793
-0.024454545;-0.023233201;0.34483793
-0.024454545;-0.023233201;0.34483793
-0.02247826;-0.021256916;0.34483793
-0.024454545;-0.023233201;0.34483793
-0.024454545;-0.023233201;0.34483793
-0.024454545;-0.023233201;0.33693281
-0.024454545;-0.023233201;0.34483793
-0.02643083;-0.023233201;0.34483793
-0.024454545;-0.021256916;0.34483793
-0.024454545;-0.023233201;0.34483793
-0.02643083;-0.023233201;0.34483793
-0.024454545;-0.023233201;0.34483793
-0.024454545;-0.023233201;0.34483793
-0.02643083;-0.021256916;0.35274309
-0.02643083;-0.021256916;0.34483793
-0.028407115;-0.023233201;0.34483793
-0.02643083;-0.023233201;0.35274309
-0.02643083;-0.021256916;0.34483793
-0.02643083;-0.021256916;0.34483793
-0.02643083;-0.023233201;0.34483793
-0.028407115;-0.023233201;0.34483793
-0.028407115;-0.023233201;0.34483793
-0.02643083;-0.021256916;0.34483793
-0.02643083;-0.021256916;0.34483793
-0.028407115;-0.021256916;0.34483793
-0.02643083;-0.021256916;0.34483793
-0.028407115;-0.023233201;0.34483793
-0.030383399;-0.021256916;0.34483793
-0.028407115;-0.021256916;0.34483793
-0.028407115;-0.021256916;0.34483793
-0.028407115;-0.023233201;0.34483793
-0.030383399;-0.021256916;0.34483793
-0.028407115;-0.021256916;0.34483793
-0.028407115;-0.021256916;0.34483793
-0.028407115;-0.021256916;0.35274309
-0.030383399;-0.021256916;0.34483793
-0.028407115;-0.021256916;0.34483793
-0.028407115;-0.021256916;0.34483793
-0.030383399;-0.021256916;0.34483793
-0.030383399;-0.021256916;0.34483793
-0.030383399;-0.021256916;0.34483793
-0.030383399;-0.021256916;0.34483793
-0.030383399;-0.019280633;0.34483793
-0.030383399;-0.021256916;0.34483793
-0.030383399;-0.021256916;0.34483793
-0.028407115;-0.021256916;0.34483793
-0.030383399;-0.021256916;0.33693281
-0.030383399;-0.021256916;0.34483793
-0.030383399;-0.021256916;0.34483793
-0.030383399;-0.021256916;0.34483793
-0.032359682;-0.021256916;0.35274309
-0.030383399;-0.021256916;0.34483793
-0.030383399;-0.021256916;0.34483793
-0.032359682;-0.021256916;0.34483793
-0.030383399;-0.021256916;0.34483793
-0.030383399;-0.021256916;0.34483793
-0.030383399;-0.021256916;0.34483793
-0.030383399;-0.021256916;0.34483793
-0.030383399;-0.021256916;0.34483793
-0.032359682;-0.021256916;0.35274309
-0.030383399;-0.021256916;0.34483793
-0.030383399;-0.019280633;0.34483793
-0.032359682;-0.019280633;0.34483793
-0.030383399;-0.019280633;0.34483793
-0.032359682;-0.021256916;0.34483793
-0.032359682;-0.019280633;0.34483793
-0.030383399;-0.021256916;0.34483793
-0.030383399;-0.021256916;0.34483793
-0.030383399;-0.019280633;0.34483793
-0.032359682;-0.019280633;0.34483793
-0.032359682;-0.021256916;0.34483793
-0.030383399;-0.019280633;0.34483793
-0.030383399;-0.019280633;0.34483793
-0.032359682;-0.021256916;0.33693281
-0.030383399;-0.019280633;0.34483793
-0.030383399;-0.021256916;0.34483793
-0.030383399;-0.019280633;0.35274309
-0.032359682;-0.019280633;0.33693281
-0.030383399;-0.021256916;0.34483793
-0.030383399;-0.019280633;0.35274309
-0.030383399;-0.019280633;0.33693281
-0.030383399;-0.019280633;0.34483793
-0.030383399;-0.019280633;0.34483793
-0.030383399;-0.019280633;0.34483793
-0.032359682;-0.019280633;0.34483793
-0.030383399;-0.019280633;0.34483793
-0.030383399;-0.019280633;0.35274309
-0.030383399;-0.019280633;0.34483793
-0.030383399;-0.019280633;0.33693281
-0.030383399;-0.017304348;0.34483793
-0.030383399;-0.017304348;0.33693281
-0.030383399;-0.019280633;0.33693281
-0.030383399;-0.019280633;0.34483793
-0.030383399;-0.019280633;0.34483793
-0.030383399;-0.019280633;0.34483793
-0.030383399;-0.019280633;0.34483793
-0.030383399;-0.019280633;0.34483793
-0.030383399;-0.019280633;0.34483793
-0.030383399;-0.017304348;0.34483793
-0.030383399;-0.019280633;0.34483793
-0.030383399;-0.017304348;0.34483793
-0.030383399;-0.019280633;0.34483793
-0.030383399;-0.019280633;0.34483793
-0.030383399;-0.017304348;0.35274309
-0.030383399;-0.017304348;0.34483793
-0.030383399;-0.017304348;0.34483793
-0.030383399;-0.017304348;0.34483793
-0.028407115;-0.019280633;0.34483793
-0.028407115;-0.017304348;0.34483793
-0.028407115;-0.017304348;0.34483793
-0.028407115;-0.017304348;0.34483793
-0.028407115;-0.017304348;0.34483793
-0.028407115;-0.017304348;0.35274309
-0.028407115;-0.017304348;0.34483793
-0.02643083;-0.017304348;0.35274309
-0.02643083;-0.019280633;0.34483793
-0.028407115;-0.017304348;0.34483793
-0.02643083;-0.017304348;0.34483793
-0.02643083;-0.017304348;0.34483793
-0.02643083;-0.017304348;0.34483793
-0.02643083;-0.017304348;0.34483793
-0.028407115;-0.017304348;0.34483793
-0.02643083;-0.017304348;0.34483793
-0.02643083;-0.015328064;0.34483793
-0.02643083;-0.017304348;0.33693281
-0.02643083;-0.017304348;0.34483793
-0.02643083;-0.015328064;0.34483793
-0.02643083;-0.017304348;0.34483793
-0.02643083;-0.015328064;0.34483793
-0.02643083;-0.015328064;0.34483793
-0.024454545;-0.017304348;0.34483793
-0.02643083;-0.017304348;0.34483793
-0.02643083;-0.017304348;0.34483793
-0.02643083;-0.017304348;0.34483793
-0.024454545;-0.017304348;0.33693281
-0.02643083;-0.015328064;0.34483793
-0.024454545;-0.015328064;0.34483793
-0.024454545;-0.015328064;0.34483793
-0.02247826;-0.015328064;0.34483793
-0.024454545;-0.015328064;0.34483793
-0.024454545;-0.015328064;0.34483793
-0.024454545;-0.015328064;0.34483793
-0.02247826;-0.015328064;0.34483793
-0.02247826;-0.015328064;0.34483793
-0.02247826;-0.015328064;0.34483793
-0.02247826;-0.015328064;0.34483793
-0.02247826;-0.015328064;0.34483793
-0.02247826;-0.015328064;0.34483793
-0.02247826;-0.015328064;0.34483793
-0.020501977;-0.015328064;0.34483793
-0.02247826;-0.015328064;0.35274309
-0.02247826;-0.013351778;0.34483793
-0.02247826;-0.017304348;0.33693281
-0.020501977;-0.015328064;0.34483793
-0.020501977;-0.013351778;0.34483793
-0.020501977;-0.015328064;0.34483793
-0.020501977;-0.013351778;0.34483793
-0.020501977;-0.013351778;0.34483793
-0.020501977;-0.013351778;0.34483793
-0.018525692;-0.015328064;0.34483793
-0.018525692;-0.013351778;0.34483793
-0.018525692;-0.013351778;0.34483793
-0.018525692;-0.013351778;0.34483793
-0.018525692;-0.013351778;0.34483793
-0.018525692;-0.013351778;0.34483793
-0.016549407;-0.013351778;0.33693281
-0.018525692;-0.013351778;0.34483793
-0.016549407;-0.013351778;0.34483793
-0.016549407;-0.013351778;0.34483793
-0.018525692;-0.013351778;0.34483793
-0.016549407;-0.013351778;0.34483793
-0.016549407;-0.013351778;0.34483793
-0.016549407;-0.011375494;0.34483793
-0.016549407;-0.013351778;0.34483793
-0.016549407;-0.013351778;0.34483793
-0.016549407;-0.013351778;0.34483793
-0.014573122;-0.011375494;0.34483793
-0.014573122;-0.011375494;0.34483793
-0.014573122;-0.011375494;0.34483793
-0.014573122;-0.011375494;0.34483793
-0.012596838;-0.011375494;0.34483793
-0.012596838;-0.011375494;0.34483793
-0.014573122;-0.013351778;0.34483793
-0.012596838;-0.013351778;0.34483793
-0.014573122;-0.011375494;0.33693281
-0.012596838;-0.011375494;0.34483793
-0.012596838;-0.013351778;0.34483793
-0.012596838;-0.011375494;0.34483793
-0.010620553;-0.011375494;0.34483793
-0.010620553;-0.011375494;0.34483793
-0.0086442688;-0.011375494;0.34483793
-0.010620553;-0.011375494;0.34483793
-0.010620553;-0.011375494;0.34483793
-0.010620553;-0.011375494;0.34483793
-0.0086442688;-0.0093992092;0.34483793
-0.010620553;-0.011375494;0.33693281
-0.010620553;-0.011375494;0.35274309
-0.0086442688;-0.011375494;0.34483793
-0.0086442688;-0.011375494;0.34483793
-0.0066679842;-0.0093992092;0.34483793
-0.0066679842;-0.0093992092;0.34483793
-0.0066679842;-0.011375494;0.34483793
-0.0066679842;-0.011375494;0.35274309
-0.0066679842;-0.011375494;0.34483793
-0.0086442688;-0.0093992092;0.34483793
-0.0066679842;-0.0093992092;0.35274309
-0.0066679842;-0.0093992092;0.34483793
-0.0066679842;-0.0093992092;0.34483793
-0.0066679842;-0.0093992092;0.33693281
-0.0046916995;-0.0093992092;0.34483793
-0.0046916995;-0.0093992092;0.34483793
-0.0027154151;-0.0093992092;0.34483793
-0.0046916995;-0.0093992092;0.34483793
-0.0046916995;-0.0093992092;0.34483793
-0.0046916995;-0.0093992092;0.34483793
-0.0027154151;-0.0093992092;0.34483793
-0.0027154151;-0.0093992092;0.33693281
-0.0027154151;-0.0093992092;0.34483793
-0.0027154151;-0.0093992092;0.34483793
-0.0027154151;-0.0093992092;0.33693281
-0.00073913042;-0.0093992092;0.34483793
-0.00073913042;-0.0093992092;0.34483793
-0.00073913042;-0.0093992092;0.34483793
0.0012371541;-0.0093992092;0.34483793
0.0012371541;-0.007422925;0.34483793
-0.00073913042;-0.007422925;0.34483793
-0.00073913042;-0.0093992092;0.34483793
0.0012371541;-0.007422925;0.34483793
-0.00073913042;-0.007422925;0.34483793
0.0012371541;-0.007422925;0.34483793
0.0012371541;-0.007422925;0.34483793
0.0012371541;-0.007422925;0.35274309
0.0012371541;-0.0093992092;0.34483793
0.0032134387;-0.0093992092;0.34483793
0.0032134387;-0.007422925;0.34483793
0.0051897233;-0.007422925;0.34483793
0.0032134387;-0.007422925;0.33693281
0.0051897233;-0.007422925;0.34483793
0.0051897233;-0.0054466403;0.34483793
0.0051897233;-0.007422925;0.34483793
0.0051897233;-0.007422925;0.34483793
0.007166008;-0.007422925;0.33693281
0.0051897233;-0.0054466403;0.34483793
0.007166008;-0.0054466403;0.34483793
0.007166008;-0.007422925;0.34483793
0.0091422927;-0.007422925;0.34483793
0.007166008;-0.0054466403;0.33693281
0.0091422927;-0.0054466403;0.34483793
0.0091422927;-0.007422925;0.34483793
0.0091422927;-0.0054466403;0.34483793
0.0091422927;-0.0054466403;0.34483793
0.011118577;-0.0054466403;0.34483793
0.011118577;-0.0054466403;0.34483793
0.011118577;-0.0054466403;0.34483793
0.011118577;-0.0054466403;0.34483793
0.013094862;-0.0054466403;0.34483793
0.011118577;-0.0054466403;0.34483793
0.013094862;-0.0054466403;0.34483793
0.011118577;-0.0054466403;0.34483793
0.013094862;-0.0054466403;0.34483793
0.013094862;-0.0054466403;0.33693281
0.015071146;-0.0054466403;0.34483793
0.017047431;-0.0054466403;0.34483793
0.017047431;-0.0054466403;0.33693281
0.015071146;-0.0054466403;0.34483793
0.017047431;-0.0054466403;0.34483793
0.017047431;-0.0054466403;0.34483793
0.017047431;-0.0054466403;0.34483793
0.017047431;-0.0054466403;0.33693281
0.017047431;-0.0034703556;0.34483793
0.017047431;-0.0034703556;0.35274309
0.017047431;-0.0054466403;0.34483793
0.019023715;-0.0034703556;0.34483793
0.017047431;-0.0034703556;0.34483793
0.019023715;-0.0034703556;0.34483793
0.019023715;-0.0034703556;0.34483793
0.019023715;-0.0034703556;0.34483793
0.019023715;-0.0034703556;0.33693281
0.021;-0.0034703556;0.34483793
0.021;-0.0034703556;0.34483793
0.021;-0.0034703556;0.34483793
0.022976285;-0.0034703556;0.34483793
0.021;-0.0034703556;0.34483793
0.022976285;-0.0034703556;0.33693281
0.022976285;-0.0034703556;0.34483793
0.022976285;-0.0034703556;0.34483793
0.022976285;-0.0034703556;0.33693281
0.022976285;-0.0034703556;0.33693281
0.022976285;-0.0034703556;0.34483793
0.022976285;-0.0034703556;0.33693281
0.02495257;-0.0034703556;0.34483793
0.026928853;-0.0034703556;0.34483793
0.02495257;-0.0034703556;0.34483793
0.022976285;-0.0034703556;0.34483793
0.026928853;-0.0014940711;0.34483793
0.026928853;-0.0014940711;0.34483793
0.026928853;-0.0014940711;0.34483793
0.026928853;-0.0014940711;0.34483793
0.026928853;-0.0014940711;0.34483793
0.028905138;-0.0034703556;0.34483793
0.028905138;-0.0014940711;0.34483793
0.030881424;-0.0014940711;0.35274309
0.028905138;-0.0014940711;0.34483793
0.030881424;-0.0014940711;0.34483793
0.030881424;-0.0014940711;0.34483793
0.030881424;-0.0014940711;0.34483793
0.032857709;-0.0014940711;0.34483793
0.030881424;-0.0014940711;0.34483793
0.030881424;-0.0014940711;0.34483793
0.032857709;-0.0014940711;0.34483793
0.032857709;-0.0014940711;0.34483793
0.032857709;-0.0014940711;0.33693281
0.034833994;0.00048221345;0.34483793
0.032857709;-0.0014940711;0.34483793
0.034833994;-0.0014940711;0.34483793
0.034833994;0.00048221345;0.34483793
0.034833994;0.00048221345;0.34483793
0.034833994;-0.0014940711;0.34483793
0.034833994;0.00048221345;0.35274309
0.036810275;0.00048221345;0.34483793
0.036810275;-0.0014940711;0.33693281
0.03878656;-0.0014940711;0.34483793
0.03878656;0.00048221345;0.34483793
0.036810275;0.0024584981;0.34483793
0.03878656;0.00048221345;0.34483793
0.03878656;0.00048221345;0.34483793
0.03878656;0.00048221345;0.33693281
0.040762845;0.00048221345;0.34483793
0.040762845;0.00048221345;0.33693281
0.040762845;0.0024584981;0.33693281
0.040762845;0.0024584981;0.34483793
0.042739131;0.0024584981;0.34483793
0.042739131;0.0024584981;0.34483793
0.042739131;0.00048221345;0.34483793
0.040762845;0.00048221345;0.34483793
0.042739131;0.0024584981;0.34483793
0.042739131;0.0024584981;0.34483793
0.044715416;0.0024584981;0.34483793
0.044715416;0.0024584981;0.34483793
0.042739131;0.0024584981;0.34483793
0.044715416;0.0024584981;0.34483793
0.044715416;0.0024584981;0.34483793
0.046691701;0.0024584981;0.34483793
0.048667986;0.0024584981;0.34483793
0.046691701;0.0024584981;0.35274309
0.046691701;0.0024584981;0.35274309
0.046691701;0.0024584981;0.34483793
0.046691701;0.0024584981;0.34483793
0.046691701;0.0024584981;0.34483793
0.048667986;0.0024584981;0.34483793
0.048667986;0.0024584981;0.34483793
0.048667986;0.0024584981;0.34483793
0.048667986;0.0024584981;0.34483793
0.048667986;0.0044347825;0.34483793
0.048667986;0.0044347825;0.34483793
0.050644267;0.0044347825;0.34483793
0.048667986;0.0024584981;0.34483793
0.050644267;0.0044347825;0.34483793
0.050644267;0.0044347825;0.34483793
0.050644267;0.0044347825;0.34483793
0.052620552;0.0044347825;0.34483793
0.052620552;0.0044347825;0.34483793
0.054596838;0.0044347825;0.34483793
0.052620552;0.0044347825;0.34483793
0.052620552;0.0064110672;0.33693281
0.052620552;0.0044347825;0.33693281
0.054596838;0.0044347825;0.34483793
0.054596838;0.0044347825;0.34483793
0.054596838;0.0064110672;0.34483793
0.054596838;0.0064110672;0.34483793
0.054596838;0.0044347825;0.34483793
0.054596838;0.0064110672;0.34483793
0.054596838;0.0064110672;0.34483793
0.056573123;0.0064110672;0.34483793
0.056573123;0.0064110672;0.34483793
0.056573123;0.0064110672;0.35274309
0.056573123;0.0064110672;0.35274309
0.058549408;0.0064110672;0.35274309
0.056573123;0.0064110672;0.34483793
0.056573123;0.0064110672;0.34483793
0.058549408;0.0064110672;0.34483793
0.056573123;0.0064110672;0.34483793
0.058549408;0.0064110672;0.34483793
0.058549408;0.0064110672;0.34483793
0.058549408;0.0064110672;0.34483793
0.058549408;0.0083873514;0.33693281
0.060525693;0.0083873514;0.34483793
0.060525693;0.0064110672;0.34483793
0.060525693;0.0083873514;0.34483793
0.060525693;0.0083873514;0.34483793
0.060525693;0.0064110672;0.34483793
0.062501974;0.0083873514;0.34483793
0.060525693;0.0083873514;0.34483793
0.062501974;0.0083873514;0.34483793
0.060525693;0.0083873514;0.34483793
0.062501974;0.0083873514;0.34483793
0.062501974;0.0083873514;0.34483793
0.062501974;0.0083873514;0.34483793
0.064478263;0.0083873514;0.34483793
0.062501974;0.010363637;0.34483793
0.062501974;0.0083873514;0.34483793
0.064478263;0.010363637;0.34483793
0.066454545;0.0083873514;0.34483793
0.064478263;0.010363637;0.34483793
0.064478263;0.0083873514;0.34483793
0.064478263;0.0083873514;0.34483793
0.066454545;0.010363637;0.34483793
0.064478263;0.0083873514;0.34483793
0.066454545;0.010363637;0.35274309
0.066454545;0.010363637;0.34483793
0.064478263;0.010363637;0.34483793
0.064478263;0.010363637;0.34483793
0.064478263;0.010363637;0.34483793
0.066454545;0.010363637;0.34483793
0.066454545;0.010363637;0.33693281
0.066454545;0.010363637;0.34483793
0.066454545;0.010363637;0.34483793
0.066454545;0.012339921;0.34483793
0.068430834;0.010363637;0.34483793
0.068430834;0.010363637;0.34483793
0.068430834;0.010363637;0.34483793
0.068430834;0.010363637;0.33693281
0.066454545;0.010363637;0.34483793
0.068430834;0.012339921;0.34483793
0.068430834;0.012339921;0.34483793
0.068430834;0.012339921;0.34483793
0.070407115;0.010363637;0.34483793
0.068430834;0.012339921;0.34483793
0.070407115;0.012339921;0.34483793
0.068430834;0.012339921;0.34483793
0.070407115;0.012339921;0.33693281
0.070407115;0.012339921;0.34483793
0.072383396;0.012339921;0.33693281
0.070407115;0.012339921;0.33693281
0.070407115;0.012339921;0.34483793
0.072383396;0.012339921;0.34483793
0.070407115;0.014316206;0.34483793
0.072383396;0.012339921;0.34483793
0.072383396;0.012339921;0.34483793
0.070407115;0.014316206;0.34483793
0.070407115;0.012339921;0.34483793
0.072383396;0.012339921;0.35274309
0.072383396;0.014316206;0.34483793
0.072383396;0.014316206;0.33693281
0.072383396;0.014316206;0.34483793
0.072383396;0.014316206;0.34483793
0.072383396;0.012339921;0.34483793
0.074359685;0.01629249;0.34483793
0.074359685;0.014316206;0.34483793
0.074359685;0.014316206;0.33693281
0.072383396;0.014316206;0.34483793
0.074359685;0.01629249;0.34483793
0.074359685;0.01629249;0.34483793
0.074359685;0.014316206;0.34483793
0.072383396;0.01629249;0.34483793
0.074359685;0.01629249;0.34483793
0.074359685;0.01629249;0.34483793
0.074359685;0.01629249;0.34483793
0.074359685;0.01629249;0.34483793
0.074359685;0.01629249;0.34483793
0.074359685;0.01629249;0.35274309
0.074359685;0.01629249;0.34483793
0.074359685;0.01629249;0.34483793
0.074359685;0.01629249;0.34483793
0.076335967;0.018268775;0.34483793
0.074359685;0.01629249;0.34483793
0.074359685;0.01629249;0.34483793
0.074359685;0.01629249;0.34483793
0.074359685;0.018268775;0.34483793
0.076335967;0.01629249;0.34483793
0.076335967;0.01629249;0.34483793
0.076335967;0.01629249;0.34483793
0.074359685;0.018268775;0.35274309
0.074359685;0.018268775;0.34483793
0.076335967;0.018268775;0.34483793
0.076335967;0.01629249;0.34483793
0.074359685;0.018268775;0.34483793
0.076335967;0.018268775;0.34483793
0.076335967;0.018268775;0.34483793
0.076335967;0.020245058;0.34483793
0.076335967;0.018268775;0.33693281
0.076335967;0.018268775;0.34483793
0.076335967;0.020245058;0.33693281
0.076335967;0.018268775;0.34483793
0.078312255;0.018268775;0.34483793
0.076335967;0.018268775;0.34483793
0.076335967;0.020245058;0.34483793
0.076335967;0.018268775;0.34483793
0.076335967;0.020245058;0.34483793
0.076335967;0.018268775;0.34483793
0.076335967;0.020245058;0.35274309
0.076335967;0.020245058;0.33693281
0.076335967;0.020245058;0.34483793
0.078312255;0.020245058;0.34483793
0.076335967;0.020245058;0.34483793
0.076335967;0.020245058;0.34483793
0.076335967;0.020245058;0.34483793
0.076335967;0.020245058;0.34483793
0.076335967;0.020245058;0.34483793
0.076335967;0.022221344;0.34483793
0.076335967;0.022221344;0.34483793
0.074359685;0.022221344;0.34483793
0.076335967;0.020245058;0.34483793
0.076335967;0.020245058;0.35274309
0.076335967;0.022221344;0.34483793
0.076335967;0.020245058;0.34483793
0.076335967;0.022221344;0.34483793
0.076335967;0.022221344;0.34483793
0.076335967;0.022221344;0.34483793
0.076335967;0.022221344;0.34483793
0.076335967;0.022221344;0.34483793
0.074359685;0.022221344;0.34483793
0.076335967;0.022221344;0.34483793
0.074359685;0.022221344;0.34483793
0.076335967;0.022221344;0.34483793
0.076335967;0.022221344;0.34483793
0.076335967;0.024197629;0.34483793
0.074359685;0.022221344;0.34483793
0.076335967;0.024197629;0.34483793
0.074359685;0.024197629;0.34483793
0.076335967;0.024197629;0.34483793
0.076335967;0.022221344;0.34483793
0.074359685;0.022221344;0.34483793
0.074359685;0.024197629;0.34483793
0.074359685;0.024197629;0.33693281
0.074359685;0.024197629;0.34483793
0.074359685;0.024197629;0.34483793
0.074359685;0.024197629;0.34483793
0.074359685;0.024197629;0.34483793
0.074359685;0.024197629;0.34483793
0.074359685;0.024197629;0.34483793
0.074359685;0.024197629;0.34483793
0.074359685;0.024197629;0.34483793
0.072383396;0.026173914;0.34483793
0.074359685;0.026173914;0.33693281
0.074359685;0.024197629;0.34483793
0.072383396;0.026173914;0.34483793
0.072383396;0.026173914;0.34483793
0.072383396;0.026173914;0.35274309
0.074359685;0.026173914;0.34483793
0.072383396;0.026173914;0.34483793
0.072383396;0.026173914;0.34483793
0.072383396;0.026173914;0.34483793
0.072383396;0.026173914;0.34483793
0.070407115;0.026173914;0.34483793
0.072383396;0.026173914;0.34483793
0.070407115;0.026173914;0.34483793
0.072383396;0.028150197;0.34483793
0.070407115;0.026173914;0.34483793
0.072383396;0.026173914;0.34483793
0.070407115;0.028150197;0.34483793
0.070407115;0.028150197;0.34483793
0.070407115;0.028150197;0.34483793
0.070407115;0.028150197;0.34483793
0.070407115;0.026173914;0.34483793
0.068430834;0.028150197;0.34483793
0.070407115;0.028150197;0.34483793
0.070407115;0.026173914;0.34483793
0.070407115;0.028150197;0.34483793
0.068430834;0.028150197;0.34483793
0.068430834;0.028150197;0.34483793
0.068430834;0.028150197;0.34483793
0.068430834;0.028150197;0.35274309
0.068430834;0.028150197;0.34483793
0.068430834;0.028150197;0.35274309
0.068430834;0.028150197;0.33693281
0.068430834;0.030126482;0.34483793
0.066454545;0.028150197;0.34483793
0.068430834;0.028150197;0.34483793
0.066454545;0.028150197;0.34483793
0.066454545;0.030126482;0.34483793
0.068430834;0.028150197;0.34483793
0.066454545;0.030126482;0.34483793
0.066454545;0.030126482;0.34483793
0.066454545;0.030126482;0.34483793
0.066454545;0.030126482;0.34483793
0.064478263;0.030126482;0.33693281
0.064478263;0.030126482;0.34483793
0.064478263;0.030126482;0.34483793
0.064478263;0.030126482;0.34483793
0.064478263;0.030126482;0.34483793
0.064478263;0.030126482;0.34483793
0.064478263;0.032102767;0.34483793
0.062501974;0.030126482;0.34483793
0.062501974;0.030126482;0.33693281
0.064478263;0.032102767;0.34483793
0.062501974;0.030126482;0.34483793
0.062501974;0.032102767;0.34483793
0.062501974;0.032102767;0.34483793
0.062501974;0.032102767;0.34483793
0.060525693;0.030126482;0.34483793
0.062501974;0.032102767;0.34483793
0.060525693;0.032102767;0.34483793
0.060525693;0.032102767;0.34483793
0.060525693;0.032102767;0.35274309
0.060525693;0.032102767;0.34483793
0.060525693;0.032102767;0.34483793
0.060525693;0.032102767;0.34483793
0.060525693;0.032102767;0.35274309
0.058549408;0.032102767;0.34483793
0.058549408;0.034079053;0.34483793
0.058549408;0.034079053;0.35274309
0.058549408;0.034079053;0.33693281
0.058549408;0.032102767;0.34483793
0.056573123;0.032102767;0.34483793
0.058549408;0.034079053;0.34483793
0.058549408;0.034079053;0.34483793
0.056573123;0.034079053;0.34483793
0.056573123;0.034079053;0.34483793
0.056573123;0.034079053;0.34483793
0.054596838;0.034079053;0.34483793
0.056573123;0.034079053;0.34483793
0.054596838;0.034079053;0.34483793
0.054596838;0.034079053;0.34483793
0.054596838;0.036055338;0.35274309
0.054596838;0.034079053;0.34483793
0.052620552;0.034079053;0.34483793
0.054596838;0.034079053;0.34483793
0.054596838;0.036055338;0.35274309
0.052620552;0.036055338;0.34483793
0.052620552;0.034079053;0.34483793
0.052620552;0.036055338;0.34483793
0.052620552;0.036055338;0.34483793
0.052620552;0.036055338;0.34483793
0.052620552;0.036055338;0.33693281
0.052620552;0.036055338;0.34483793
0.048667986;0.036055338;0.34483793
0.050644267;0.036055338;0.34483793
0.052620552;0.036055338;0.33693281
0.048667986;0.036055338;0.34483793
0.048667986;0.036055338;0.34483793
0.050644267;0.038031619;0.34483793
0.048667986;0.036055338;0.34483793
0.048667986;0.038031619;0.33693281
0.046691701;0.038031619;0.33693281
0.048667986;0.036055338;0.34483793
0.046691701;0.036055338;0.34483793
0.046691701;0.038031619;0.34483793
0.046691701;0.038031619;0.34483793
0.044715416;0.038031619;0.34483793
0.044715416;0.036055338;0.34483793
0.044715416;0.038031619;0.34483793
0.044715416;0.038031619;0.34483793
0.044715416;0.038031619;0.34483793
0.044715416;0.038031619;0.34483793
0.042739131;0.038031619;0.34483793
0.044715416;0.038031619;0.34483793
0.042739131;0.038031619;0.34483793
0.042739131;0.040007904;0.34483793
0.042739131;0.040007904;0.34483793
0.042739131;0.038031619;0.34483793
0.040762845;0.040007904;0.34483793
0.042739131;0.040007904;0.34483793
0.040762845;0.040007904;0.34483793
0.040762845;0.038031619;0.34483793
0.03878656;0.040007904;0.34483793
0.03878656;0.040007904;0.34483793
0.040762845;0.040007904;0.34483793
0.03878656;0.038031619;0.34483793
0.03878656;0.038031619;0.34483793
0.03878656;0.040007904;0.34483793
0.036810275;0.038031619;0.34483793
0.03878656;0.040007904;0.34483793
0.036810275;0.040007904;0.34483793
0.03878656;0.040007904;0.34483793
0.036810275;0.040007904;0.34483793
0.036810275;0.040007904;0.34483793
0.034833994;0.040007904;0.34483793
0.034833994;0.041984189;0.35274309
0.034833994;0.040007904;0.34483793
0.034833994;0.041984189;0.34483793
0.032857709;0.041984189;0.34483793
0.032857709;0.041984189;0.34483793
0.032857709;0.041984189;0.34483793
0.032857709;0.041984189;0.34483793
0.032857709;0.041984189;0.34483793
0.030881424;0.040007904;0.34483793
0.030881424;0.041984189;0.34483793
0.030881424;0.041984189;0.34483793
0.030881424;0.043960474;0.34483793
0.030881424;0.041984189;0.34483793
0.030881424;0.040007904;0.34483793
0.028905138;0.041984189;0.34483793
0.030881424;0.040007904;0.34483793
0.028905138;0.041984189;0.34483793
0.028905138;0.041984189;0.34483793
0.028905138;0.041984189;0.34483793
0.026928853;0.041984189;0.34483793
0.026928853;0.041984189;0.34483793
0.026928853;0.041984189;0.34483793
0.026928853;0.041984189;0.34483793
0.026928853;0.041984189;0.34483793
0.026928853;0.041984189;0.34483793
0.026928853;0.041984189;0.34483793
0.022976285;0.043960474;0.35274309
0.02495257;0.041984189;0.34483793
0.02495257;0.043960474;0.34483793
0.02495257;0.041984189;0.34483793
0.022976285;0.043960474;0.33693281
0.022976285;0.043960474;0.34483793
0.022976285;0.043960474;0.34483793
0.021;0.041984189;0.35274309
0.022976285;0.043960474;0.34483793
0.021;0.043960474;0.34483793
0.021;0.043960474;0.34483793
0.021;0.043960474;0.35274309
0.021;0.04593676;0.34483793
0.019023715;0.043960474;0.34483793
0.019023715;0.043960474;0.34483793
0.019023715;0.043960474;0.33693281
0.019023715;0.04593676;0.35274309
0.019023715;0.04593676;0.34483793
0.019023715;0.043960474;0.33693281
0.019023715;0.04593676;0.34483793
0.017047431;0.04593676;0.34483793
0.017047431;0.043960474;0.33693281
0.017047431;0.04593676;0.34483793
0.017047431;0.043960474;0.34483793
0.015071146;0.04593676;0.34483793
0.015071146;0.04593676;0.34483793
0.013094862;0.04593676;0.34483793
0.015071146;0.04593676;0.34483793
0.015071146;0.04593676;0.34483793
0.015071146;0.04593676;0.34483793
0.013094862;0.047913045;0.34483793
0.013094862;0.04593676;0.34483793
0.011118577;0.04593676;0.34483793
0.013094862;0.047913045;0.34483793
0.0091422927;0.04593676;0.34483793
0.011118577;0.047913045;0.34483793
0.011118577;0.047913045;0.34483793
0.011118577;0.047913045;0.34483793
0.011118577;0.047913045;0.34483793
0.0091422927;0.047913045;0.33693281
0.0091422927;0.047913045;0.34483793
0.0091422927;0.047913045;0.34483793
0.0091422927;0.047913045;0.34483793
0.007166008;0.047913045;0.34483793
0.007166008;0.04988933;0.34483793
0.0091422927;0.047913045;0.34483793
0.007166008;0.047913045;0.34483793
0.007166008;0.047913045;0.34483793
0.0051897233;0.047913045;0.33693281
0.0051897233;0.047913045;0.34483793
0.0051897233;0.047913045;0.34483793
0.0051897233;0.047913045;0.34483793
0.0051897233;0.047913045;0.34483793
0.0032134387;0.04988933;0.34483793
0.0051897233;0.04988933;0.34483793
0.0032134387;0.04988933;0.34483793
0.0012371541;0.04988933;0.34483793
0.0012371541;0.04988933;0.34483793
0.0032134387;0.04988933;0.34483793
0.0012371541;0.04988933;0.34483793
0.0012371541;0.047913045;0.34483793
0.0012371541;0.04988933;0.34483793
-0.00073913042;0.04988933;0.35274309
0.0012371541;0.04988933;0.34483793
-0.00073913042;0.04988933;0.34483793
-0.00073913042;0.04988933;0.34483793
-0.00073913042;0.04988933;0.34483793
-0.00073913042;0.047913045;0.34483793
-0.0027154151;0.047913045;0.34483793
-0.0027154151;0.04988933;0.34483793
-0.0046916995;0.04988933;0.34483793
-0.0027154151;0.04988933;0.34483793
-0.0027154151;0.04988933;0.34483793
-0.0027154151;0.04988933;0.34483793
-0.0046916995;0.051865611;0.34483793
-0.0046916995;0.051865611;0.34483793
-0.0046916995;0.051865611;0.35274309
-0.0066679842;0.051865611;0.34483793
-0.0046916995;0.04988933;0.34483793
-0.0046916995;0.051865611;0.34483793
-0.0046916995;0.051865611;0.34483793
-0.0066679842;0.051865611;0.34483793
-0.0066679842;0.051865611;0.34483793
-0.0066679842;0.051865611;0.34483793
-0.0066679842;0.051865611;0.34483793
-0.0046916995;0.051865611;0.34483793
-0.0086442688;0.051865611;0.34483793
-0.0086442688;0.051865611;0.34483793
-0.0086442688;0.051865611;0.34483793
-0.0086442688;0.051865611;0.34483793
-0.010620553;0.051865611;0.34483793
-0.0086442688;0.053841896;0.34483793
-0.010620553;0.053841896;0.34483793
-0.010620553;0.051865611;0.33693281
-0.010620553;0.051865611;0.34483793
-0.010620553;0.051865611;0.33693281
-0.010620553;0.053841896;0.34483793
-0.010620553;0.051865611;0.34483793
-0.012596838;0.053841896;0.33693281
-0.012596838;0.051865611;0.34483793
-0.012596838;0.053841896;0.34483793
-0.012596838;0.053841896;0.34483793
-0.012596838;0.051865611;0.34483793
-0.012596838;0.053841896;0.35274309
-0.012596838;0.053841896;0.34483793
-0.012596838;0.053841896;0.34483793
-0.014573122;0.053841896;0.34483793
-0.014573122;0.053841896;0.34483793
-0.014573122;0.053841896;0.33693281
-0.014573122;0.053841896;0.34483793
-0.014573122;0.053841896;0.35274309
-0.016549407;0.053841896;0.34483793
-0.016549407;0.053841896;0.34483793
-0.016549407;0.053841896;0.34483793
-0.016549407;0.053841896;0.34483793
-0.016549407;0.053841896;0.34483793
-0.016549407;0.053841896;0.34483793
-0.018525692;0.053841896;0.34483793
-0.016549407;0.053841896;0.34483793
-0.016549407;0.051865611;0.34483793
-0.018525692;0.055818181;0.34483793
-0.018525692;0.053841896;0.33693281
-0.020501977;0.055818181;0.34483793
-0.018525692;0.053841896;0.34483793
-0.018525692;0.053841896;0.34483793
-0.020501977;0.053841896;0.35274309
-0.020501977;0.055818181;0.35274309
-0.018525692;0.053841896;0.34483793
-0.020501977;0.055818181;0.34483793
-0.018525692;0.055818181;0.34483793
-0.018525692;0.055818181;0.34483793
-0.020501977;0.055818181;0.34483793
-0.02247826;0.055818181;0.34483793
-0.020501977;0.055818181;0.34483793
-0.020501977;0.057794467;0.34483793
-0.020501977;0.055818181;0.34483793
-0.02247826;0.055818181;0.34483793
-0.02247826;0.057794467;0.34483793
-0.02247826;0.055818181;0.34483793
-0.02247826;0.055818181;0.34483793
-0.02247826;0.055818181;0.34483793
-0.02247826;0.055818181;0.34483793
-0.02247826;0.057794467;0.34483793
-0.02247826;0.055818181;0.34483793
-0.02247826;0.055818181;0.34483793
-0.02247826;0.055818181;0.34483793
-0.024454545;0.055818181;0.34483793
-0.024454545;0.055818181;0.33693281
-0.024454545;0.057794467;0.34483793
-0.024454545;0.055818181;0.34483793
-0.02247826;0.057794467;0.33693281
-0.024454545;0.057794467;0.34483793
-0.02643083;0.057794467;0.34483793
-0.024454545;0.057794467;0.34483793
-0.02643083;0.059770752;0.34483793
-0.02643083;0.057794467;0.34483793
-0.024454545;0.057794467;0.35274309
-0.02643083;0.057794467;0.34483793
-0.02643083;0.057794467;0.34483793
-0.02643083;0.057794467;0.34483793
-0.02643083;0.057794467;0.34483793
-0.02643083;0.057794467;0.34483793
-0.02643083;0.057794467;0.34483793
-0.02643083;0.057794467;0.34483793
-0.028407115;0.057794467;0.34483793
-0.028407115;0.057794467;0.34483793
-0.028407115;0.057794467;0.34483793
-0.028407115;0.059770752;0.34483793
-0.028407115;0.057794467;0.35274309
-0.02643083;0.059770752;0.34483793
-0.030383399;0.059770752;0.34483793
-0.028407115;0.057794467;0.34483793
-0.028407115;0.057794467;0.34483793
-0.028407115;0.057794467;0.34483793
-0.028407115;0.059770752;0.34483793
-0.028407115;0.059770752;0.35274309
-0.02643083;0.059770752;0.34483793
-0.028407115;0.057794467;0.34483793
-0.028407115;0.059770752;0.34483793
-0.028407115;0.059770752;0.35274309
-0.030383399;0.057794467;0.34483793
-0.028407115;0.059770752;0.34483793
-0.030383399;0.059770752;0.35274309
-0.030383399;0.061747037;0.34483793
-0.030383399;0.059770752;0.34483793
-0.030383399;0.059770752;0.34483793
-0.028407115;0.059770752;0.34483793
-0.028407115;0.059770752;0.34483793
-0.030383399;0.059770752;0.34483793
-0.030383399;0.059770752;0.34483793
-0.030383399;0.059770752;0.34483793
-0.030383399;0.059770752;0.34483793
-0.030383399;0.059770752;0.34483793
-0.030383399;0.059770752;0.34483793
-0.030383399;0.059770752;0.34483793
-0.030383399;0.059770752;0.34483793
-0.030383399;0.059770752;0.34483793
-0.030383399;0.059770752;0.34483793
-0.030383399;0.061747037;0.34483793
-0.030383399;0.061747037;0.34483793
-0.030383399;0.061747037;0.34483793
-0.030383399;0.061747037;0.34483793
-0.030383399;0.061747037;0.34483793
-0.032359682;0.059770752;0.34483793
-0.032359682;0.061747037;0.34483793
-0.030383399;0.059770752;0.34483793
-0.032359682;0.061747037;0.34483793
-0.032359682;0.061747037;0.34483793
-0.030383399;0.061747037;0.34483793
-0.030383399;0.061747037;0.34483793
-0.030383399;0.061747037;0.34483793
-0.030383399;0.061747037;0.34483793
-0.032359682;0.061747037;0.34483793
-0.030383399;0.061747037;0.35274309
-0.030383399;0.061747037;0.34483793
-0.032359682;0.061747037;0.34483793
-0.032359682;0.061747037;0.34483793
-0.032359682;0.061747037;0.34483793
-0.032359682;0.061747037;0.34483793
-0.030383399;0.061747037;0.34483793
-0.030383399;0.061747037;0.34483793
-0.030383399;0.061747037;0.34483793
-0.032359682;0.061747037;0.34483793
-0.030383399;0.061747037;0.34483793
-0.030383399;0.061747037;0.34483793
-0.032359682;0.061747037;0.35274309
-0.030383399;0.061747037;0.34483793
-0.032359682;0.061747037;0.34483793
-0.030383399;0.063723318;0.35274309
-0.030383399;0.061747037;0.34483793
-0.030383399;0.061747037;0.34483793
-0.030383399;0.061747037;0.34483793
-0.030383399;0.063723318;0.34483793
-0.032359682;0.061747037;0.34483793
-0.032359682;0.063723318;0.34483793
-0.030383399;0.063723318;0.34483793
-0.030383399;0.061747037;0.34483793
-0.030383399;0.063723318;0.33693281
-0.030383399;0.063723318;0.34483793
-0.030383399;0.063723318;0.34483793
-0.030383399;0.063723318;0.34483793
-0.030383399;0.063723318;0.34483793
-0.030383399;0.063723318;0.34483793
-0.030383399;0.063723318;0.34483793
-0.030383399;0.063723318;0.34483793
-0.030383399;0.065699607;0.34483793
-0.028407115;0.063723318;0.34483793
-0.030383399;0.063723318;0.33693281
-0.028407115;0.065699607;0.34483793
-0.028407115;0.065699607;0.34483793
-0.028407115;0.063723318;0.34483793
-0.028407115;0.063723318;0.34483793
-0.028407115;0.063723318;0.33693281
-0.028407115;0.065699607;0.34483793
-0.02643083;0.063723318;0.34483793
-0.028407115;0.063723318;0.35274309
-0.02643083;0.065699607;0.34483793
-0.02643083;0.063723318;0.34483793
-0.02643083;0.067675889;0.34483793
-0.028407115;0.063723318;0.34483793
-0.02643083;0.063723318;0.34483793
-0.024454545;0.065699607;0.34483793
-0.028407115;0.063723318;0.34483793
-0.028407115;0.063723318;0.34483793
-0.02643083;0.065699607;0.34483793
-0.02643083;0.065699607;0.34483793
-0.02643083;0.063723318;0.34483793
-0.024454545;0.065699607;0.34483793
-0.028407115;0.065699607;0.35274309
-0.02643083;0.065699607;0.35274309
-0.024454545;0.065699607;0.34483793
-0.024454545;0.065699607;0.34483793
-0.02643083;0.065699607;0.35274309
-0.02643083;0.063723318;0.34483793
-0.024454545;0.065699607;0.34483793
-0.024454545;0.063723318;0.34483793
-0.024454545;0.065699607;0.34483793
-0.024454545;0.065699607;0.34483793
-0.02247826;0.065699607;0.35274309
-0.024454545;0.063723318;0.34483793
-0.024454545;0.065699607;0.34483793
-0.024454545;0.065699607;0.34483793
-0.02247826;0.065699607;0.33693281
-0.02247826;0.067675889;0.34483793
-0.02247826;0.065699607;0.34483793
-0.024454545;0.065699607;0.34483793
-0.02247826;0.067675889;0.34483793
-0.02247826;0.065699607;0.34483793
-0.02247826;0.065699607;0.34483793
-0.02247826;0.065699607;0.35274309
-0.02247826;0.067675889;0.34483793
-0.02247826;0.067675889;0.34483793
-0.020501977;0.065699607;0.34483793
-0.020501977;0.067675889;0.34483793
-0.02247826;0.065699607;0.34483793
-0.020501977;0.067675889;0.34483793
-0.020501977;0.065699607;0.34483793
-0.020501977;0.067675889;0.34483793
-0.02247826;0.067675889;0.34483793
-0.018525692;0.065699607;0.34483793
-0.018525692;0.065699607;0.34483793
-0.018525692;0.067675889;0.34483793
-0.018525692;0.067675889;0.34483793
-0.018525692;0.067675889;0.34483793
-0.018525692;0.067675889;0.34483793
-0.018525692;0.067675889;0.34483793
-0.018525692;0.065699607;0.34483793
-0.018525692;0.067675889;0.35274309
-0.018525692;0.065699607;0.34483793
-0.016549407;0.067675889;0.34483793
-0.018525692;0.067675889;0.34483793
-0.016549407;0.067675889;0.34483793
-0.016549407;0.067675889;0.34483793
-0.014573122;0.067675889;0.34483793
-0.016549407;0.067675889;0.33693281
-0.016549407;0.067675889;0.34483793
-0.014573122;0.067675889;0.34483793
-0.014573122;0.067675889;0.34483793
-0.014573122;0.067675889;0.34483793
-0.014573122;0.069652177;0.34483793
-0.012596838;0.067675889;0.34483793
-0.014573122;0.067675889;0.34483793
-0.012596838;0.067675889;0.34483793
-0.012596838;0.067675889;0.34483793
-0.012596838;0.067675889;0.34483793
-0.012596838;0.067675889;0.34483793
-0.012596838;0.067675889;0.34483793
-0.012596838;0.067675889;0.34483793
-0.010620553;0.067675889;0.35274309
-0.010620553;0.067675889;0.34483793
-0.010620553;0.067675889;0.34483793
-0.010620553;0.067675889;0.34483793
-0.010620553;0.067675889;0.34483793
-0.0086442688;0.067675889;0.34483793
-0.010620553;0.067675889;0.34483793
-0.010620553;0.067675889;0.34483793
-0.0086442688;0.067675889;0.34483793
-0.0086442688;0.067675889;0.35274309
-0.0086442688;0.067675889;0.34483793
-0.0086442688;0.067675889;0.34483793
-0.0086442688;0.067675889;0.34483793
-0.0066679842;0.067675889;0.34483793
-0.0066679842;0.069652177;0.34483793
-0.0066679842;0.067675889;0.34483793
-0.0086442688;0.067675889;0.34483793
-0.0066679842;0.067675889;0.33693281
-0.0066679842;0.067675889;0.34483793
-0.0066679842;0.067675889;0.34483793
-0.0066679842;0.067675889;0.34483793
-0.0046916995;0.069652177;0.34483793
-0.0046916995;0.067675889;0.34483793
-0.0046916995;0.067675889;0.34483793
-0.0027154151;0.069652177;0.35274309
-0.0027154151;0.067675889;0.35274309
-0.0046916995;0.067675889;0.34483793
-0.0027154151;0.069652177;0.33693281
-0.0027154151;0.069652177;0.34483793
-0.0027154151;0.067675889;0.34483793
-0.0027154151;0.067675889;0.33693281
-0.00073913042;0.067675889;0.34483793
-0.0027154151;0.067675889;0.34483793
-0.00073913042;0.067675889;0.34483793
-0.00073913042;0.067675889;0.34483793
-0.00073913042;0.067675889;0.34483793
0.0012371541;0.067675889;0.33693281
-0.00073913042;0.067675889;0.34483793
0.0012371541;0.067675889;0.33693281
0.0012371541;0.067675889;0.34483793
0.0012371541;0.067675889;0.34483793
0.0012371541;0.069652177;0.34483793
0.0012371541;0.069652177;0.34483793
0.0032134387;0.069652177;0.34483793
0.0032134387;0.067675889;0.35274309
0.0051897233;0.069652177;0.34483793
0.0051897233;0.067675889;0.34483793
0.0051897233;0.067675889;0.34483793
0.0051897233;0.069652177;0.33693281
0.0051897233;0.067675889;0.34483793
0.0051897233;0.067675889;0.34483793
0.0051897233;0.067675889;0.34483793
0.0051897233;0.067675889;0.34483793
0.007166008;0.069652177;0.34483793
0.007166008;0.067675889;0.33693281
0.007166008;0.069652177;0.34483793
0.0091422927;0.069652177;0.34483793
0.0091422927;0.069652177;0.34483793
0.007166008;0.067675889;0.34483793
0.011118577;0.067675889;0.34483793
0.0091422927;0.069652177;0.34483793
0.0091422927;0.069652177;0.34483793
0.0091422927;0.069652177;0.34483793
0.011118577;0.069652177;0.34483793
0.0091422927;0.067675889;0.34483793
0.013094862;0.069652177;0.34483793
0.011118577;0.069652177;0.33693281
0.011118577;0.069652177;0.34483793
0.013094862;0.069652177;0.34483793
0.013094862;0.069652177;0.34483793
0.013094862;0.069652177;0.34483793
0.013094862;0.069652177;0.34483793
0.015071146;0.069652177;0.33693281
0.015071146;0.069652177;0.34483793
0.015071146;0.069652177;0.34483793
0.015071146;0.069652177;0.34483793
0.015071146;0.069652177;0.34483793
0.019023715;0.069652177;0.33693281
0.017047431;0.069652177;0.34483793
0.017047431;0.067675889;0.35274309
0.017047431;0.069652177;0.34483793
0.019023715;0.067675889;0.34483793
0.017047431;0.069652177;0.35274309
0.019023715;0.069652177;0.34483793
0.019023715;0.069652177;0.34483793
0.019023715;0.069652177;0.34483793
0.021;0.069652177;0.34483793
0.019023715;0.069652177;0.34483793
0.021;0.069652177;0.34483793
0.021;0.067675889;0.33693281
0.021;0.069652177;0.33693281
0.021;0.069652177;0.34483793
0.022976285;0.069652177;0.34483793
0.022976285;0.069652177;0.34483793
0.022976285;0.069652177;0.34483793
0.02495257;0.069652177;0.34483793
0.021;0.069652177;0.34483793
0.022976285;0.069652177;0.34483793
0.02495257;0.069652177;0.34483793
0.02495257;0.069652177;0.34483793
0.02495257;0.069652177;0.34483793
0.02495257;0.069652177;0.34483793
0.02495257;0.069652177;0.34483793
0.028905138;0.067675889;0.34483793
0.026928853;0.069652177;0.34483793
0.028905138;0.069652177;0.34483793
0.026928853;0.069652177;0.34483793
0.028905138;0.071628459;0.34483793
0.030881424;0.069652177;0.34483793
0.028905138;0.069652177;0.34483793
0.030881424;0.069652177;0.34483793
0.030881424;0.069652177;0.34483793
0.030881424;0.069652177;0.34483793
0.032857709;0.069652177;0.34483793
0.030881424;0.069652177;0.34483793
0.030881424;0.069652177;0.34483793
0.032857709;0.069652177;0.34483793
0.032857709;0.069652177;0.34483793
0.032857709;0.069652177;0.34483793
0.032857709;0.069652177;0.33693281
0.034833994;0.069652177;0.34483793
0.032857709;0.067675889;0.34483793
0.034833994;0.069652177;0.34483793
0.036810275;0.069652177;0.34483793
0.036810275;0.069652177;0.34483793
0.034833994;0.069652177;0.34483793
0.034833994;0.069652177;0.34483793
0.036810275;0.069652177;0.35274309
0.036810275;0.069652177;0.34483793
0.036810275;0.067675889;0.34483793
0.034833994;0.069652177;0.34483793
0.03878656;0.069652177;0.34483793
0.036810275;0.069652177;0.34483793
0.03878656;0.069652177;0.34483793
0.03878656;0.067675889;0.34483793
0.03878656;0.067675889;0.34483793
0.042739131;0.067675889;0.35274309
0.040762845;0.067675889;0.34483793
0.042739131;0.069652177;0.34483793
0.040762845;0.069652177;0.34483793
0.040762845;0.069652177;0.34483793
0.042739131;0.067675889;0.34483793
0.042739131;0.069652177;0.34483793
0.040762845;0.069652177;0.34483793
0.040762845;0.069652177;0.34483793
0.042739131;0.069652177;0.34483793
0.044715416;0.067675889;0.34483793
0.044715416;0.069652177;0.34483793
0.044715416;0.069652177;0.34483793
0.044715416;0.067675889;0.34483793
0.044715416;0.067675889;0.34483793
0.046691701;0.067675889;0.34483793
0.044715416;0.067675889;0.34483793
0.046691701;0.067675889;0.34483793
0.046691701;0.069652177;0.34483793
0.048667986;0.069652177;0.34483793
0.046691701;0.069652177;0.34483793
0.046691701;0.069652177;0.34483793
0.048667986;0.069652177;0.34483793
0.048667986;0.067675889;0.34483793
0.048667986;0.069652177;0.34483793
0.048667986;0.067675889;0.34483793
0.048667986;0.067675889;0.34483793
0.048667986;0.069652177;0.34483793
0.048667986;0.069652177;0.34483793
0.050644267;0.069652177;0.34483793
0.052620552;0.067675889;0.34483793
0.050644267;0.069652177;0.34483793
0.052620552;0.069652177;0.34483793
0.052620552;0.069652177;0.34483793
0.052620552;0.069652177;0.34483793
0.052620552;0.067675889;0.34483793
0.052620552;0.069652177;0.34483793
0.052620552;0.067675889;0.34483793
0.054596838;0.069652177;0.34483793
0.054596838;0.067675889;0.34483793
0.054596838;0.067675889;0.34483793
0.056573123;0.067675889;0.34483793
0.054596838;0.069652177;0.34483793
0.052620552;0.067675889;0.34483793
0.056573123;0.067675889;0.34483793
0.056573123;0.069652177;0.34483793
0.056573123;0.067675889;0.34483793
0.056573123;0.067675889;0.34483793
0.056573123;0.067675889;0.34483793
0.056573123;0.067675889;0.34483793
0.056573123;0.067675889;0.34483793
0.056573123;0.067675889;0.34483793
0.058549408;0.067675889;0.34483793
0.058549408;0.067675889;0.34483793
0.056573123;0.067675889;0.34483793
0.058549408;0.067675889;0.34483793
0.058549408;0.067675889;0.33693281
0.058549408;0.067675889;0.34483793
0.060525693;0.067675889;0.33693281
0.058549408;0.069652177;0.34483793
0.058549408;0.067675889;0.34483793
0.058549408;0.069652177;0.34483793
0.060525693;0.067675889;0.34483793
0.060525693;0.067675889;0.34483793
0.060525693;0.067675889;0.34483793
0.062501974;0.067675889;0.34483793
0.060525693;0.067675889;0.34483793
0.062501974;0.067675889;0.34483793
0.062501974;0.067675889;0.34483793
0.062501974;0.067675889;0.34483793
0.062501974;0.067675889;0.34483793
0.062501974;0.067675889;0.33693281
0.064478263;0.067675889;0.35274309
0.064478263;0.067675889;0.33693281
0.064478263;0.065699607;0.34483793
0.064478263;0.069652177;0.34483793
0.064478263;0.067675889;0.34483793
0.064478263;0.067675889;0.35274309
0.064478263;0.067675889;0.34483793
0.066454545;0.067675889;0.33693281
0.066454545;0.067675889;0.34483793
0.064478263;0.067675889;0.34483793
0.064478263;0.067675889;0.34483793
0.066454545;0.067675889;0.33693281
0.068430834;0.067675889;0.34483793
0.066454545;0.067675889;0.34483793
0.068430834;0.067675889;0.34483793
0.068430834;0.069652177;0.34483793
0.068430834;0.067675889;0.34483793
0.068430834;0.067675889;0.33693281
0.068430834;0.067675889;0.34483793
0.068430834;0.067675889;0.33693281
0.068430834;0.067675889;0.34483793
0.068430834;0.067675889;0.34483793
0.068430834;0.067675889;0.34483793
0.070407115;0.065699607;0.34483793
0.068430834;0.067675889;0.34483793
0.070407115;0.067675889;0.33693281
0.068430834;0.067675889;0.34483793
0.070407115;0.067675889;0.34483793
0.070407115;0.065699607;0.34483793
0.070407115;0.065699607;0.33693281
0.070407115;0.065699607;0.34483793
0.070407115;0.067675889;0.34483793
0.070407115;0.065699607;0.34483793
0.070407115;0.067675889;0.33693281
0.072383396;0.065699607;0.33693281
0.070407115;0.067675889;0.34483793
0.070407115;0.067675889;0.34483793
0.070407115;0.067675889;0.33693281
0.072383396;0.067675889;0.34483793
0.072383396;0.067675889;0.34483793
0.074359685;0.065699607;0.33693281
0.074359685;0.067675889;0.34483793
0.072383396;0.067675889;0.34483793
0.074359685;0.065699607;0.34483793
0.072383396;0.065699607;0.34483793
0.072383396;0.065699607;0.34483793
0.074359685;0.065699607;0.34483793
0.072383396;0.065699607;0.34483793
0.074359685;0.065699607;0.34483793
0.074359685;0.065699607;0.34483793
0.072383396;0.065699607;0.34483793
0.072383396;0.065699607;0.34483793
0.072383396;0.065699607;0.33693281
0.076335967;0.063723318;0.34483793
0.074359685;0.065699607;0.34483793
0.074359685;0.065699607;0.34483793
0.076335967;0.065699607;0.34483793
0.076335967;0.065699607;0.34483793
0.074359685;0.065699607;0.34483793
0.074359685;0.065699607;0.34483793
0.074359685;0.065699607;0.34483793
0.076335967;0.065699607;0.34483793
0.076335967;0.063723318;0.35274309
0.076335967;0.061747037;0.34483793
0.076335967;0.063723318;0.34483793
0.074359685;0.065699607;0.34483793
0.076335967;0.063723318;0.34483793
0.074359685;0.063723318;0.34483793
0.076335967;0.065699607;0.34483793
0.076335967;0.063723318;0.34483793
0.076335967;0.063723318;0.34483793
0.076335967;0.065699607;0.34483793
0.076335967;0.065699607;0.34483793
0.076335967;0.065699607;0.33693281
0.076335967;0.065699607;0.34483793
0.076335967;0.063723318;0.34483793
0.076335967;0.065699607;0.34483793
0.076335967;0.065699607;0.34483793
0.076335967;0.065699607;0.34483793
0.076335967;0.065699607;0.34483793
0.076335967;0.063723318;0.34483793
0.076335967;0.063723318;0.33693281
0.076335967;0.063723318;0.34483793
0.076335967;0.063723318;0.34483793
0.076335967;0.065699607;0.34483793
0.076335967;0.063723318;0.34483793
0.076335967;0.063723318;0.34483793
0.076335967;0.065699607;0.34483793
0.078312255;0.063723318;0.33693281
0.076335967;0.063723318;0.34483793
0.076335967;0.063723318;0.34483793
0.076335967;0.063723318;0.34483793
0.076335967;0.063723318;0.34483793
0.076335967;0.063723318;0.34483793
0.078312255;0.063723318;0.34483793
0.076335967;0.063723318;0.34483793
0.076335967;0.063723318;0.34483793
0.076335967;0.063723318;0.34483793
0.076335967;0.065699607;0.34483793
0.076335967;0.063723318;0.34483793
0.076335967;0.063723318;0.34483793
0.076335967;0.063723318;0.34483793
0.076335967;0.063723318;0.34483793
0.076335967;0.063723318;0.34483793
0.076335967;0.063723318;0.34483793
0.076335967;0.063723318;0.33693281
0.076335967;0.063723318;0.34483793
0.076335967;0.063723318;0.34483793
0.074359685;0.063723318;0.34483793
0.076335967;0.061747037;0.34483793
0.074359685;0.063723318;0.35274309
0.076335967;0.061747037;0.34483793
0.076335967;0.061747037;0.34483793
0.074359685;0.061747037;0.34483793
0.074359685;0.063723318;0.34483793
0.074359685;0.061747037;0.33693281
0.074359685;0.061747037;0.34483793
0.074359685;0.061747037;0.34483793
0.074359685;0.061747037;0.34483793
0.074359685;0.061747037;0.34483793
0.074359685;0.061747037;0.34483793
0.074359685;0.061747037;0.34483793
0.072383396;0.061747037;0.34483793
0.074359685;0.061747037;0.34483793
0.072383396;0.061747037;0.34483793
0.074359685;0.061747037;0.34483793
0.072383396;0.061747037;0.34483793
0.072383396;0.059770752;0.33693281
0.074359685;0.061747037;0.34483793
0.070407115;0.061747037;0.34483793
0.072383396;0.061747037;0.34483793
0.074359685;0.061747037;0.33693281
0.072383396;0.061747037;0.33693281
0.072383396;0.061747037;0.34483793
0.072383396;0.059770752;0.34483793
0.072383396;0.061747037;0.34483793
0.072383396;0.059770752;0.34483793
0.072383396;0.061747037;0.34483793
0.072383396;0.061747037;0.35274309
0.072383396;0.059770752;0.34483793
0.072383396;0.061747037;0.34483793
0.072383396;0.059770752;0.34483793
0.072383396;0.061747037;0.34483793
0.072383396;0.059770752;0.34483793
0.070407115;0.059770752;0.34483793
0.072383396;0.061747037;0.33693281
0.070407115;0.059770752;0.34483793
0.070407115;0.059770752;0.34483793
0.072383396;0.059770752;0.34483793
0.070407115;0.059770752;0.34483793
0.070407115;0.059770752;0.34483793
0.070407115;0.059770752;0.34483793
0.070407115;0.059770752;0.34483793
0.070407115;0.059770752;0.34483793
0.070407115;0.059770752;0.34483793
0.070407115;0.059770752;0.34483793
0.068430834;0.059770752;0.34483793
0.068430834;0.059770752;0.34483793
0.068430834;0.059770752;0.34483793
0.068430834;0.057794467;0.34483793
0.068430834;0.059770752;0.34483793
0.068430834;0.059770752;0.34483793
0.066454545;0.059770752;0.34483793
0.068430834;0.059770752;0.34483793
0.068430834;0.057794467;0.34483793
0.068430834;0.059770752;0.34483793
0.066454545;0.057794467;0.34483793
0.066454545;0.059770752;0.34483793
0.066454545;0.059770752;0.34483793
0.066454545;0.057794467;0.34483793
0.066454545;0.057794467;0.34483793
0.066454545;0.057794467;0.34483793
0.066454545;0.057794467;0.34483793
0.064478263;0.059770752;0.34483793
0.064478263;0.059770752;0.34483793
0.064478263;0.057794467;0.34483793
0.064478263;0.057794467;0.34483793
0.064478263;0.059770752;0.34483793
0.066454545;0.057794467;0.34483793
0.062501974;0.057794467;0.33693281
0.064478263;0.057794467;0.34483793
0.064478263;0.057794467;0.34483793
0.062501974;0.057794467;0.34483793
0.062501974;0.057794467;0.34483793
0.064478263;0.057794467;0.35274309
0.060525693;0.057794467;0.33693281
0.062501974;0.057794467;0.33693281
0.062501974;0.057794467;0.34483793
0.060525693;0.057794467;0.34483793
0.060525693;0.055818181;0.34483793
0.060525693;0.055818181;0.34483793
0.060525693;0.055818181;0.34483793
0.060525693;0.055818181;0.34483793
0.060525693;0.055818181;0.34483793
0.060525693;0.055818181;0.33693281
0.058549408;0.055818181;0.34483793
0.060525693;0.055818181;0.34483793
0.058549408;0.055818181;0.34483793
0.060525693;0.057794467;0.34483793
0.056573123;0.055818181;0.34483793
0.058549408;0.055818181;0.34483793
0.058549408;0.055818181;0.34483793
0.056573123;0.057794467;0.34483793
0.054596838;0.055818181;0.34483793
0.056573123;0.055818181;0.34483793
0.056573123;0.055818181;0.34483793
0.056573123;0.055818181;0.33693281
0.056573123;0.057794467;0.34483793
0.054596838;0.055818181;0.34483793
0.054596838;0.055818181;0.34483793
0.054596838;0.055818181;0.35274309
0.054596838;0.055818181;0.33693281
0.054596838;0.055818181;0.34483793
0.054596838;0.055818181;0.34483793
0.054596838;0.055818181;0.34483793
0.052620552;0.055818181;0.33693281
0.052620552;0.053841896;0.34483793
0.052620552;0.053841896;0.34483793
0.050644267;0.053841896;0.34483793
0.050644267;0.053841896;0.34483793
0.052620552;0.053841896;0.34483793
0.050644267;0.053841896;0.34483793
0.050644267;0.051865611;0.34483793
0.050644267;0.053841896;0.34483793
0.048667986;0.053841896;0.34483793
0.050644267;0.053841896;0.34483793
0.048667986;0.053841896;0.34483793
0.046691701;0.053841896;0.35274309
0.048667986;0.053841896;0.34483793
0.048667986;0.051865611;0.34483793
0.046691701;0.053841896;0.34483793
0.048667986;0.053841896;0.34483793
0.046691701;0.053841896;0.34483793
0.046691701;0.051865611;0.34483793
0.044715416;0.053841896;0.33693281
0.046691701;0.051865611;0.34483793
0.044715416;0.051865611;0.34483793
0.046691701;0.051865611;0.34483793
0.044715416;0.051865611;0.34483793
0.044715416;0.051865611;0.34483793
0.044715416;0.053841896;0.34483793
0.044715416;0.051865611;0.34483793
0.042739131;0.051865611;0.34483793
0.042739131;0.051865611;0.34483793
0.042739131;0.051865611;0.34483793
0.040762845;0.051865611;0.33693281
0.040762845;0.051865611;0.34483793
0.042739131;0.051865611;0.34483793
0.040762845;0.051865611;0.34483793
0.040762845;0.051865611;0.34483793
0.03878656;0.04988933;0.34483793
0.040762845;0.051865611;0.34483793
0.040762845;0.04988933;0.34483793
0.03878656;0.04988933;0.34483793
0.03878656;0.051865611;0.35274309
0.03878656;0.04988933;0.34483793
0.036810275;0.04988933;0.34483793
0.036810275;0.04988933;0.34483793
0.036810275;0.04988933;0.34483793
0.036810275;0.04988933;0.34483793
0.036810275;0.04988933;0.34483793
0.034833994;0.04988933;0.33693281
0.034833994;0.04988933;0.33693281
0.034833994;0.04988933;0.34483793
0.034833994;0.04988933;0.34483793
0.034833994;0.04988933;0.34483793
0.034833994;0.04988933;0.34483793
0.032857709;0.047913045;0.33693281
0.032857709;0.04988933;0.34483793
0.032857709;0.047913045;0.34483793
0.032857709;0.04988933;0.34483793
0.030881424;0.047913045;0.34483793
0.032857709;0.047913045;0.34483793
0.030881424;0.047913045;0.34483793
0.030881424;0.04988933;0.34483793
0.030881424;0.047913045;0.34483793
0.030881424;0.047913045;0.34483793
0.028905138;0.047913045;0.34483793
0.028905138;0.047913045;0.34483793
0.030881424;0.047913045;0.34483793
0.028905138;0.047913045;0.34483793
0.026928853;0.047913045;0.34483793
0.026928853;0.047913045;0.34483793
0.026928853;0.047913045;0.34483793
0.026928853;0.047913045;0.34483793
0.02495257;0.04988933;0.34483793
0.026928853;0.047913045;0.34483793
0.02495257;0.047913045;0.34483793
0.02495257;0.047913045;0.34483793
0.02495257;0.047913045;0.33693281
0.022976285;0.047913045;0.34483793
0.02495257;0.047913045;0.34483793
0.022976285;0.047913045;0.34483793
0.022976285;0.047913045;0.34483793
0.021;0.047913045;0.34483793
0.022976285;0.04593676;0.34483793
0.021;0.047913045;0.34483793
0.021;0.04593676;0.33693281
0.021;0.047913045;0.34483793
0.021;0.047913045;0.34483793
0.021;0.047913045;0.34483793
0.021;0.047913045;0.34483793
0.021;0.047913045;0.34483793
0.019023715;0.04593676;0.34483793
0.019023715;0.04593676;0.34483793
0.017047431;0.04593676;0.34483793
0.017047431;0.04593676;0.34483793
0.017047431;0.04593676;0.34483793
0.017047431;0.04593676;0.34483793
0.017047431;0.047913045;0.34483793
0.017047431;0.04593676;0.34483793
0.015071146;0.04593676;0.34483793
0.015071146;0.043960474;0.33693281
0.015071146;0.043960474;0.34483793
0.015071146;0.04593676;0.34483793
0.015071146;0.043960474;0.34483793
0.015071146;0.04593676;0.33693281
0.013094862;0.04593676;0.35274309
0.013094862;0.043960474;0.34483793
0.013094862;0.041984189;0.34483793
0.013094862;0.04593676;0.35274309
0.011118577;0.04593676;0.35274309
0.011118577;0.043960474;0.34483793
0.0091422927;0.04593676;0.35274309
0.0091422927;0.04593676;0.34483793
0.011118577;0.043960474;0.34483793
0.0091422927;0.043960474;0.34483793
0.0091422927;0.043960474;0.34483793
0.0091422927;0.043960474;0.34483793
0.0091422927;0.043960474;0.34483793
0.007166008;0.041984189;0.33693281
0.007166008;0.043960474;0.34483793
0.007166008;0.043960474;0.34483793
0.007166008;0.041984189;0.34483793
0.0051897233;0.043960474;0.33693281
0.007166008;0.043960474;0.34483793
0.0051897233;0.041984189;0.34483793
0.0051897233;0.043960474;0.34483793
0.0051897233;0.041984189;0.34483793
0.0032134387;0.041984189;0.34483793
0.0032134387;0.041984189;0.34483793
0.0032134387;0.041984189;0.34483793
0.0051897233;0.041984189;0.34483793
0.0032134387;0.041984189;0.34483793
0.0012371541;0.041984189;0.34483793
0.0012371541;0.041984189;0.34483793
0.0012371541;0.041984189;0.34483793
0.0012371541;0.040007904;0.34483793
-0.00073913042;0.041984189;0.34483793
-0.00073913042;0.041984189;0.34483793
-0.00073913042;0.040007904;0.34483793
0.0012371541;0.041984189;0.34483793
-0.00073913042;0.040007904;0.34483793
-0.0027154151;0.040007904;0.34483793
-0.00073913042;0.041984189;0.34483793
-0.00073913042;0.041984189;0.34483793
-0.0027154151;0.040007904;0.34483793
-0.0027154151;0.041984189;0.34483793
-0.0027154151;0.040007904;0.34483793
-0.0027154151;0.040007904;0.34483793
-0.0046916995;0.041984189;0.34483793
-0.0046916995;0.040007904;0.34483793
-0.0046916995;0.041984189;0.34483793
-0.0027154151;0.040007904;0.34483793
-0.0046916995;0.040007904;0.34483793
-0.0066679842;0.040007904;0.34483793
-0.0066679842;0.040007904;0.34483793
-0.0086442688;0.040007904;0.34483793
-0.0066679842;0.040007904;0.34483793
-0.0066679842;0.040007904;0.34483793
-0.0066679842;0.038031619;0.34483793
-0.0086442688;0.040007904;0.34483793
-0.0086442688;0.040007904;0.33693281
-0.010620553;0.038031619;0.34483793
-0.0086442688;0.040007904;0.34483793
-0.0086442688;0.040007904;0.34483793
-0.0086442688;0.040007904;0.34483793
-0.010620553;0.038031619;0.34483793
-0.0086442688;0.038031619;0.34483793
-0.010620553;0.038031619;0.34483793
-0.010620553;0.038031619;0.34483793
-0.010620553;0.038031619;0.34483793
-0.010620553;0.040007904;0.34483793
-0.012596838;0.038031619;0.34483793
-0.010620553;0.038031619;0.34483793
-0.010620553;0.038031619;0.34483793
-0.010620553;0.038031619;0.33693281
-0.012596838;0.038031619;0.34483793
-0.012596838;0.038031619;0.34483793
-0.014573122;0.038031619;0.34483793
-0.014573122;0.038031619;0.34483793
-0.014573122;0.038031619;0.34483793
-0.014573122;0.036055338;0.33693281
-0.014573122;0.036055338;0.34483793
-0.014573122;0.036055338;0.34483793
-0.016549407;0.036055338;0.34483793
-0.016549407;0.036055338;0.35274309
-0.016549407;0.038031619;0.34483793
-0.014573122;0.036055338;0.34483793
-0.016549407;0.036055338;0.34483793
-0.016549407;0.036055338;0.34483793
-0.016549407;0.036055338;0.34483793
-0.016549407;0.036055338;0.34483793
-0.018525692;0.036055338;0.34483793
-0.016549407;0.036055338;0.34483793
-0.016549407;0.036055338;0.34483793
-0.018525692;0.036055338;0.34483793
-0.016549407;0.036055338;0.34483793
-0.018525692;0.036055338;0.34483793
-0.018525692;0.034079053;0.34483793
-0.020501977;0.036055338;0.35274309
-0.020501977;0.036055338;0.34483793
-0.018525692;0.034079053;0.34483793
-0.018525692;0.034079053;0.34483793
-0.018525692;0.036055338;0.34483793
-0.020501977;0.034079053;0.34483793
-0.02247826;0.034079053;0.34483793
-0.020501977;0.034079053;0.34483793
-0.020501977;0.034079053;0.34483793
-0.018525692;0.034079053;0.34483793
-0.020501977;0.034079053;0.34483793
-0.02247826;0.034079053;0.34483793
-0.020501977;0.034079053;0.34483793
-0.02247826;0.034079053;0.34483793
-0.02247826;0.034079053;0.34483793
-0.02247826;0.032102767;0.34483793
-0.02247826;0.034079053;0.33693281
-0.02247826;0.034079053;0.34483793
-0.02247826;0.034079053;0.34483793
-0.02247826;0.032102767;0.34483793
-0.024454545;0.032102767;0.34483793
-0.024454545;0.034079053;0.34483793
-0.024454545;0.032102767;0.34483793
-0.024454545;0.034079053;0.34483793
-0.024454545;0.032102767;0.34483793
-0.024454545;0.032102767;0.34483793
-0.024454545;0.032102767;0.34483793
-0.024454545;0.032102767;0.35274309
-0.02643083;0.032102767;0.34483793
-0.028407115;0.032102767;0.34483793
-0.024454545;0.032102767;0.34483793
-0.02643083;0.032102767;0.34483793
-0.02643083;0.032102767;0.33693281
-0.02643083;0.032102767;0.34483793
-0.02643083;0.030126482;0.34483793
-0.024454545;0.032102767;0.34483793
-0.024454545;0.030126482;0.34483793
-0.02643083;0.030126482;0.34483793
-0.02643083;0.030126482;0.34483793
-0.02643083;0.030126482;0.34483793
-0.028407115;0.030126482;0.34483793
-0.028407115;0.030126482;0.34483793
-0.02643083;0.030126482;0.34483793
-0.028407115;0.030126482;0.34483793
-0.028407115;0.030126482;0.34483793
-0.028407115;0.030126482;0.34483793
-0.02643083;0.030126482;0.34483793
-0.030383399;0.030126482;0.34483793
-0.028407115;0.028150197;0.34483793
-0.028407115;0.028150197;0.34483793
-0.028407115;0.030126482;0.34483793
-0.028407115;0.030126482;0.34483793
-0.028407115;0.030126482;0.34483793
-0.030383399;0.030126482;0.34483793
-0.028407115;0.030126482;0.34483793
-0.028407115;0.028150197;0.34483793
-0.028407115;0.030126482;0.33693281
-0.030383399;0.028150197;0.34483793
-0.030383399;0.028150197;0.34483793
-0.028407115;0.028150197;0.34483793
-0.028407115;0.030126482;0.34483793
-0.030383399;0.028150197;0.34483793
-0.030383399;0.028150197;0.34483793
-0.030383399;0.026173914;0.34483793
-0.030383399;0.030126482;0.33693281
-0.030383399;0.028150197;0.34483793
-0.032359682;0.026173914;0.34483793
-0.030383399;0.026173914;0.34483793
-0.030383399;0.028150197;0.34483793
-0.030383399;0.026173914;0.34483793
-0.030383399;0.026173914;0.34483793
-0.030383399;0.026173914;0.34483793
-0.030383399;0.026173914;0.34483793
-0.030383399;0.026173914;0.34483793
-0.032359682;0.026173914;0.34483793
-0.032359682;0.026173914;0.34483793
-0.030383399;0.026173914;0.34483793
-0.030383399;0.026173914;0.33693281
-0.032359682;0.026173914;0.34483793
-0.030383399;0.026173914;0.34483793
-0.030383399;0.026173914;0.34483793
-0.030383399;0.026173914;0.34483793
-0.032359682;0.026173914;0.34483793
-0.032359682;0.026173914;0.34483793
-0.030383399;0.024197629;0.34483793
-0.032359682;0.026173914;0.34483793
-0.030383399;0.024197629;0.34483793
-0.032359682;0.024197629;0.34483793
-0.030383399;0.026173914;0.34483793
-0.030383399;0.026173914;0.34483793
-0.032359682;0.024197629;0.34483793
-0.030383399;0.026173914;0.34483793
-0.030383399;0.024197629;0.34483793
-0.032359682;0.024197629;0.34483793
-0.030383399;0.024197629;0.34483793
-0.032359682;0.024197629;0.33693281
-0.030383399;0.026173914;0.34483793
-0.032359682;0.024197629;0.35274309
-0.030383399;0.022221344;0.34483793
-0.032359682;0.024197629;0.33693281
-0.030383399;0.024197629;0.34483793
-0.032359682;0.024197629;0.34483793
-0.030383399;0.024197629;0.34483793
-0.030383399;0.022221344;0.34483793
-0.030383399;0.024197629;0.34483793
-0.030383399;0.024197629;0.34483793
-0.032359682;0.024197629;0.34483793
-0.032359682;0.024197629;0.34483793
-0.030383399;0.022221344;0.34483793
-0.030383399;0.022221344;0.34483793
-0.030383399;0.022221344;0.34483793
-0.028407115;0.022221344;0.34483793
-0.028407115;0.022221344;0.34483793
-0.030383399;0.022221344;0.34483793
-0.030383399;0.020245058;0.34483793
-0.032359682;0.022221344;0.34483793
-0.030383399;0.022221344;0.34483793
-0.030383399;0.022221344;0.33693281
-0.028407115;0.022221344;0.34483793
-0.030383399;0.020245058;0.34483793
-0.030383399;0.020245058;0.34483793
-0.028407115;0.022221344;0.34483793
-0.028407115;0.020245058;0.34483793
-0.030383399;0.020245058;0.33693281
-0.028407115;0.020245058;0.34483793
-0.028407115;0.020245058;0.34483793
-0.028407115;0.020245058;0.34483793
-0.028407115;0.020245058;0.34483793
-0.028407115;0.020245058;0.34483793
-0.02643083;0.018268775;0.34483793
-0.028407115;0.020245058;0.34483793
-0.028407115;0.018268775;0.34483793
-0.02643083;0.020245058;0.34483793
-0.028407115;0.018268775;0.34483793
-0.028407115;0.018268775;0.35274309
-0.028407115;0.018268775;0.34483793
-0.02643083;0.018268775;0.34483793
-0.024454545;0.020245058;0.34483793
-0.02643083;0.018268775;0.34483793
-0.02643083;0.018268775;0.33693281
-0.02643083;0.018268775;0.34483793
-0.02643083;0.018268775;0.34483793
-0.024454545;0.018268775;0.34483793
-0.024454545;0.018268775;0.34483793
-0.024454545;0.018268775;0.34483793
-0.024454545;0.018268775;0.33693281
-0.02643083;0.018268775;0.34483793
-0.02643083;0.018268775;0.34483793
-0.024454545;0.01629249;0.34483793
-0.024454545;0.01629249;0.34483793
-0.024454545;0.01629249;0.34483793
-0.024454545;0.01629249;0.34483793
-0.024454545;0.018268775;0.34483793
-0.024454545;0.018268775;0.33693281
-0.02247826;0.01629249;0.34483793
-0.02247826;0.01629249;0.34483793
-0.02247826;0.01629249;0.34483793
-0.02247826;0.01629249;0.33693281
-0.02247826;0.01629249;0.34483793
-0.02247826;0.01629249;0.34483793
-0.02247826;0.01629249;0.34483793
-0.02247826;0.01629249;0.34483793
-0.02247826;0.01629249;0.34483793
-0.02247826;0.01629249;0.35274309
-0.02247826;0.01629249;0.34483793
-0.02247826;0.01629249;0.34483793
-0.020501977;0.014316206;0.34483793
-0.02247826;0.014316206;0.34483793
-0.020501977;0.014316206;0.34483793
-0.02247826;0.01629249;0.33693281
-0.020501977;0.014316206;0.34483793
-0.020501977;0.014316206;0.34483793
-0.020501977;0.01629249;0.34483793
-0.018525692;0.014316206;0.34483793
-0.018525692;0.014316206;0.34483793
-0.018525692;0.014316206;0.33693281
-0.018525692;0.014316206;0.34483793
-0.018525692;0.014316206;0.34483793
-0.018525692;0.014316206;0.34483793
-0.016549407;0.014316206;0.34483793
-0.016549407;0.012339921;0.34483793
-0.016549407;0.012339921;0.33693281
-0.016549407;0.012339921;0.34483793
-0.016549407;0.012339921;0.34483793
-0.016549407;0.012339921;0.34483793
-0.016549407;0.012339921;0.34483793
-0.016549407;0.012339921;0.34483793
-0.014573122;0.012339921;0.34483793
-0.016549407;0.012339921;0.34483793
-0.014573122;0.012339921;0.34483793
-0.014573122;0.012339921;0.34483793
-0.014573122;0.012339921;0.35274309
-0.014573122;0.010363637;0.33693281
-0.014573122;0.010363637;0.34483793
-0.012596838;0.010363637;0.34483793
-0.012596838;0.010363637;0.34483793
-0.012596838;0.010363637;0.35274309
-0.014573122;0.012339921;0.34483793
-0.010620553;0.012339921;0.34483793
-0.012596838;0.012339921;0.34483793
-0.010620553;0.010363637;0.34483793
-0.012596838;0.010363637;0.34483793
-0.010620553;0.012339921;0.34483793
-0.010620553;0.010363637;0.34483793
-0.010620553;0.010363637;0.34483793
-0.010620553;0.010363637;0.34483793
-0.0086442688;0.010363637;0.33693281
-0.0086442688;0.010363637;0.34483793
-0.0086442688;0.012339921;0.34483793
-0.0086442688;0.010363637;0.34483793
-0.0086442688;0.010363637;0.34483793
-0.0086442688;0.010363637;0.34483793
-0.0086442688;0.010363637;0.34483793
-0.0066679842;0.0083873514;0.34483793
-0.0086442688;0.010363637;0.34483793
-0.0066679842;0.010363637;0.34483793
-0.0066679842;0.010363637;0.34483793
-0.0066679842;0.0083873514;0.34483793
-0.0066679842;0.0083873514;0.34483793
-0.0046916995;0.0083873514;0.34483793
-0.0046916995;0.0083873514;0.34483793
-0.0046916995;0.0083873514;0.34483793
-0.0046916995;0.0083873514;0.34483793
-0.0046916995;0.0083873514;0.34483793
-0.0046916995;0.0083873514;0.34483793
-0.0027154151;0.0083873514;0.34483793
-0.0027154151;0.0064110672;0.34483793
-0.0027154151;0.0083873514;0.34483793
-0.0027154151;0.0064110672;0.34483793
-0.0027154151;0.0083873514;0.34483793
-0.0027154151;0.0083873514;0.34483793
-0.00073913042;0.0083873514;0.34483793
-0.00073913042;0.0064110672;0.34483793
-0.00073913042;0.0064110672;0.34483793
-0.00073913042;0.0083873514;0.34483793
-0.00073913042;0.0064110672;0.34483793
-0.00073913042;0.0064110672;0.34483793
-0.00073913042;0.0083873514;0.33693281
0.0012371541;0.0083873514;0.34483793
0.0012371541;0.0083873514;0.34483793
0.0012371541;0.0064110672;0.34483793
0.0032134387;0.0064110672;0.34483793
0.0032134387;0.0064110672;0.34483793
0.0032134387;0.0064110672;0.34483793
0.0032134387;0.0064110672;0.34483793
0.0032134387;0.0044347825;0.34483793
0.0032134387;0.0064110672;0.34483793
0.0032134387;0.0044347825;0.34483793
0.0051897233;0.0044347825;0.34483793
0.0051897233;0.0064110672;0.33693281
0.0051897233;0.0064110672;0.34483793
0.007166008;0.0044347825;0.33693281
0.007166008;0.0044347825;0.33693281
0.007166008;0.0064110672;0.33693281
0.0091422927;0.0064110672;0.34483793
0.007166008;0.0044347825;0.34483793
0.0091422927;0.0044347825;0.34483793
0.007166008;0.0044347825;0.34483793
0.0091422927;0.0044347825;0.34483793
0.0091422927;0.0044347825;0.34483793
0.0091422927;0.0044347825;0.34483793
0.0091422927;0.0044347825;0.34483793
0.011118577;0.0044347825;0.35274309
0.011118577;0.0024584981;0.34483793
0.011118577;0.0044347825;0.33693281
0.011118577;0.0024584981;0.34483793
0.013094862;0.0024584981;0.34483793
0.013094862;0.00048221345;0.34483793
0.013094862;0.0024584981;0.34483793
0.013094862;0.0024584981;0.34483793
0.015071146;0.0024584981;0.34483793
0.017047431;0.0044347825;0.34483793
0.015071146;0.0024584981;0.34483793
0.015071146;0.0044347825;0.34483793
0.015071146;0.0024584981;0.34483793
0.017047431;0.0044347825;0.34483793
0.017047431;0.0024584981;0.33693281
0.017047431;0.0024584981;0.34483793
0.017047431;0.0024584981;0.34483793
0.019023715;0.0024584981;0.34483793
0.017047431;0.0024584981;0.34483793
0.019023715;0.00048221345;0.34483793
0.019023715;0.0024584981;0.34483793
0.019023715;0.0024584981;0.34483793
0.019023715;0.0024584981;0.34483793
0.019023715;0.00048221345;0.33693281
0.019023715;0.00048221345;0.34483793
0.021;0.00048221345;0.34483793
0.022976285;0.00048221345;0.35274309
0.021;0.00048221345;0.34483793
0.019023715;0.00048221345;0.34483793
0.022976285;0.00048221345;0.34483793
0.022976285;0.00048221345;0.34483793
0.022976285;0.00048221345;0.34483793
0.021;0.00048221345;0.34483793
0.02495257;0.00048221345;0.34483793
0.022976285;0.00048221345;0.34483793
0.02495257;0.00048221345;0.34483793
0.026928853;-0.0014940711;0.34483793
0.02495257;-0.0014940711;0.34483793
0.02495257;-0.0014940711;0.35274309
0.026928853;0.00048221345;0.34483793
0.026928853;0.00048221345;0.34483793
0.026928853;0.00048221345;0.34483793
0.026928853;0.00048221345;0.34483793
0.028905138;-0.0014940711;0.34483793
0.028905138;-0.0014940711;0.34483793
0.028905138;-0.0014940711;0.34483793
0.028905138;-0.0014940711;0.35274309
0.030881424;-0.0034703556;0.34483793
0.028905138;-0.0014940711;0.34483793
0.028905138;-0.0014940711;0.34483793
0.030881424;-0.0014940711;0.34483793
0.030881424;-0.0014940711;0.34483793
0.032857709;-0.0014940711;0.34483793
0.032857709;-0.0014940711;0.34483793
0.032857709;-0.0014940711;0.34483793
0.032857709;-0.0014940711;0.34483793
0.032857709;-0.0014940711;0.34483793
0.034833994;-0.0014940711;0.34483793
0.032857709;-0.0034703556;0.33693281
0.034833994;-0.0014940711;0.34483793
0.032857709;-0.0034703556;0.34483793
0.034833994;-0.0034703556;0.34483793
0.034833994;-0.0014940711;0.34483793
0.034833994;-0.0014940711;0.35274309
0.034833994;-0.0034703556;0.34483793
0.036810275;-0.0034703556;0.34483793
0.036810275;-0.0034703556;0.34483793
0.036810275;-0.0034703556;0.34483793
0.036810275;-0.0034703556;0.35274309
0.03878656;-0.0034703556;0.34483793
0.040762845;-0.0034703556;0.34483793
0.040762845;-0.0054466403;0.34483793
0.03878656;-0.0034703556;0.34483793
0.040762845;-0.0034703556;0.34483793
0.040762845;-0.0034703556;0.34483793
0.042739131;-0.0054466403;0.34483793
0.040762845;-0.0054466403;0.34483793
0.042739131;-0.0034703556;0.34483793
0.042739131;-0.0054466403;0.34483793
0.044715416;-0.0054466403;0.33693281
0.044715416;-0.0034703556;0.33693281
0.042739131;-0.0054466403;0.34483793
0.042739131;-0.0034703556;0.34483793
0.044715416;-0.0054466403;0.34483793
0.044715416;-0.0054466403;0.34483793
0.042739131;-0.0054466403;0.34483793
0.042739131;-0.0054466403;0.34483793
0.046691701;-0.0054466403;0.34483793
0.046691701;-0.0054466403;0.35274309
0.046691701;-0.0054466403;0.34483793
0.046691701;-0.0054466403;0.34483793
0.046691701;-0.0054466403;0.34483793
0.046691701;-0.0054466403;0.35274309
0.046691701;-0.0054466403;0.34483793
0.048667986;-0.0054466403;0.34483793
0.048667986;-0.0054466403;0.35274309
0.048667986;-0.0054466403;0.34483793
0.050644267;-0.0054466403;0.34483793
0.048667986;-0.0054466403;0.34483793
0.048667986;-0.0054466403;0.34483793
0.050644267;-0.0054466403;0.34483793
0.050644267;-0.007422925;0.34483793
0.050644267;-0.0054466403;0.34483793
0.052620552;-0.0054466403;0.34483793
0.052620552;-0.007422925;0.33693281
0.052620552;-0.007422925;0.34483793
0.054596838;-0.007422925;0.34483793
0.052620552;-0.007422925;0.34483793
0.052620552;-0.0054466403;0.34483793
0.052620552;-0.007422925;0.34483793
0.052620552;-0.007422925;0.34483793
0.054596838;-0.0054466403;0.34483793
0.054596838;-0.007422925;0.34483793
0.054596838;-0.0054466403;0.34483793
0.054596838;-0.007422925;0.34483793
0.054596838;-0.007422925;0.34483793
0.054596838;-0.007422925;0.34483793
0.056573123;-0.0093992092;0.33693281
0.056573123;-0.007422925;0.34483793
0.056573123;-0.0093992092;0.34483793
0.056573123;-0.007422925;0.34483793
0.058549408;-0.007422925;0.35274309
0.056573123;-0.007422925;0.34483793
0.058549408;-0.0093992092;0.34483793
0.058549408;-0.0093992092;0.34483793
0.058549408;-0.0093992092;0.33693281
0.058549408;-0.007422925;0.34483793
0.058549408;-0.0093992092;0.34483793
0.060525693;-0.0093992092;0.34483793
0.058549408;-0.007422925;0.34483793
0.058549408;-0.0093992092;0.34483793
0.058549408;-0.007422925;0.34483793
0.058549408;-0.0093992092;0.34483793
0.060525693;-0.0093992092;0.34483793
0.060525693;-0.0093992092;0.34483793
0.062501974;-0.0093992092;0.33693281
0.062501974;-0.0093992092;0.34483793
0.062501974;-0.0093992092;0.34483793
0.060525693;-0.011375494;0.34483793
0.062501974;-0.011375494;0.33693281
0.062501974;-0.0093992092;0.34483793
0.064478263;-0.011375494;0.34483793
0.062501974;-0.0093992092;0.34483793
0.062501974;-0.011375494;0.34483793
0.064478263;-0.0093992092;0.34483793
0.064478263;-0.0093992092;0.34483793
0.064478263;-0.0093992092;0.35274309
0.064478263;-0.0093992092;0.34483793
0.064478263;-0.0093992092;0.34483793
0.064478263;-0.011375494;0.34483793
0.064478263;-0.0093992092;0.33693281
0.066454545;-0.011375494;0.33693281
0.066454545;-0.011375494;0.33693281
0.064478263;-0.0093992092;0.33693281
0.066454545;-0.011375494;0.34483793
0.066454545;-0.0093992092;0.34483793
0.066454545;-0.011375494;0.34483793
0.068430834;-0.011375494;0.34483793
0.066454545;-0.011375494;0.34483793
0.066454545;-0.011375494;0.34483793
0.066454545;-0.011375494;0.34483793
0.068430834;-0.011375494;0.34483793
0.068430834;-0.011375494;0.34483793
0.068430834;-0.011375494;0.33693281
0.068430834;-0.011375494;0.34483793
0.068430834;-0.011375494;0.34483793
0.068430834;-0.011375494;0.34483793
0.070407115;-0.011375494;0.33693281
0.068430834;-0.011375494;0.34483793
0.070407115;-0.011375494;0.34483793
0.070407115;-0.011375494;0.34483793
0.072383396;-0.013351778;0.34483793
0.070407115;-0.013351778;0.34483793
0.072383396;-0.011375494;0.34483793
0.070407115;-0.013351778;0.34483793
0.070407115;-0.013351778;0.34483793
0.070407115;-0.011375494;0.34483793
0.070407115;-0.013351778;0.33693281
0.072383396;-0.013351778;0.35274309
0.072383396;-0.013351778;0.34483793
0.070407115;-0.013351778;0.34483793
0.074359685;-0.013351778;0.33693281
0.074359685;-0.013351778;0.34483793
0.072383396;-0.013351778;0.34483793
0.072383396;-0.013351778;0.34483793
0.072383396;-0.013351778;0.33693281
0.074359685;-0.013351778;0.34483793
0.074359685;-0.015328064;0.33693281
0.074359685;-0.015328064;0.34483793
0.072383396;-0.015328064;0.34483793
0.074359685;-0.015328064;0.35274309
0.072383396;-0.013351778;0.33693281
0.072383396;-0.013351778;0.34483793
0.072383396;-0.013351778;0.34483793
0.074359685;-0.015328064;0.34483793
0.074359685;-0.015328064;0.34483793
0.074359685;-0.015328064;0.33693281
0.074359685;-0.013351778;0.34483793
0.074359685;-0.013351778;0.34483793
0.074359685;-0.015328064;0.34483793
0.072383396;-0.015328064;0.34483793
0.076335967;-0.015328064;0.33693281
0.074359685;-0.015328064;0.34483793
0.074359685;-0.015328064;0.34483793
0.074359685;-0.015328064;0.34483793
0.074359685;-0.015328064;0.34483793
0.074359685;-0.015328064;0.34483793
0.074359685;-0.015328064;0.34483793
0.074359685;-0.013351778;0.34483793
0.076335967;-0.015328064;0.34483793
0.076335967;-0.015328064;0.34483793
0.076335967;-0.015328064;0.34483793
0.076335967;-0.017304348;0.33693281
0.076335967;-0.015328064;0.34483793
0.074359685;-0.015328064;0.34483793
0.074359685;-0.017304348;0.34483793
0.076335967;-0.015328064;0.34483793
0.076335967;-0.015328064;0.34483793
0.074359685;-0.015328064;0.34483793
0.076335967;-0.015328064;0.34483793
0.076335967;-0.015328064;0.34483793
0.076335967;-0.017304348;0.34483793
0.076335967;-0.017304348;0.34483793
0.076335967;-0.017304348;0.34483793
0.074359685;-0.017304348;0.34483793
0.076335967;-0.017304348;0.34483793
0.076335967;-0.017304348;0.34483793
0.076335967;-0.017304348;0.34483793
0.076335967;-0.017304348;0.34483793
0.076335967;-0.015328064;0.34483793
0.076335967;-0.017304348;0.33693281
0.076335967;-0.017304348;0.34483793
0.076335967;-0.017304348;0.34483793
0.076335967;-0.017304348;0.34483793
0.076335967;-0.017304348;0.34483793
0.076335967;-0.017304348;0.34483793
0.078312255;-0.017304348;0.34483793
0.076335967;-0.017304348;0.33693281
0.076335967;-0.017304348;0.34483793
0.076335967;-0.017304348;0.34483793
0.076335967;-0.019280633;0.34483793
0.076335967;-0.017304348;0.34483793
0.076335967;-0.017304348;0.34483793
0.076335967;-0.019280633;0.34483793
0.076335967;-0.017304348;0.33693281
0.076335967;-0.017304348;0.34483793
0.074359685;-0.017304348;0.34483793
0.074359685;-0.017304348;0.34483793
0.076335967;-0.017304348;0.34483793
0.074359685;-0.017304348;0.34483793
0.074359685;-0.017304348;0.34483793
0.076335967;-0.017304348;0.34483793
0.074359685;-0.017304348;0.34483793
0.076335967;-0.017304348;0.34483793
0.074359685;-0.017304348;0.34483793
0.074359685;-0.017304348;0.34483793
0.074359685;-0.017304348;0.33693281
0.074359685;-0.019280633;0.34483793
0.076335967;-0.019280633;0.34483793
0.074359685;-0.019280633;0.34483793
0.074359685;-0.019280633;0.34483793
0.074359685;-0.019280633;0.34483793
0.074359685;-0.019280633;0.34483793
0.074359685;-0.019280633;0.34483793
0.074359685;-0.019280633;0.34483793
0.072383396;-0.017304348;0.34483793
0.074359685;-0.017304348;0.34483793
0.074359685;-0.019280633;0.34483793
0.072383396;-0.019280633;0.34483793
0.072383396;-0.019280633;0.34483793
0.074359685;-0.019280633;0.34483793
0.074359685;-0.019280633;0.34483793
0.072383396;-0.019280633;0.34483793
0.072383396;-0.019280633;0.34483793
0.072383396;-0.019280633;0.34483793
0.072383396;-0.021256916;0.33693281
0.072383396;-0.021256916;0.33693281
0.072383396;-0.021256916;0.34483793
0.072383396;-0.019280633;0.34483793
0.072383396;-0.021256916;0.34483793
0.072383396;-0.021256916;0.33693281
0.070407115;-0.021256916;0.34483793
0.070407115;-0.019280633;0.34483793
0.072383396;-0.019280633;0.34483793
0.072383396;-0.021256916;0.35274309
0.072383396;-0.019280633;0.34483793
0.072383396;-0.021256916;0.34483793
0.070407115;-0.021256916;0.34483793
0.070407115;-0.021256916;0.33693281
0.070407115;-0.021256916;0.34483793
0.070407115;-0.021256916;0.34483793
0.070407115;-0.019280633;0.34483793
0.070407115;-0.021256916;0.34483793
0.068430834;-0.019280633;0.34483793
0.068430834;-0.021256916;0.34483793
0.068430834;-0.021256916;0.34483793
0.070407115;-0.021256916;0.34483793
0.068430834;-0.019280633;0.34483793
0.066454545;-0.021256916;0.34483793
0.068430834;-0.021256916;0.34483793
0.068430834;-0.021256916;0.34483793
0.068430834;-0.021256916;0.33693281
0.068430834;-0.023233201;0.34483793
0.066454545;-0.021256916;0.35274309
0.068430834;-0.021256916;0.34483793
0.066454545;-0.023233201;0.34483793
0.066454545;-0.021256916;0.34483793
0.066454545;-0.021256916;0.34483793
0.068430834;-0.021256916;0.34483793
0.066454545;-0.021256916;0.34483793
0.064478263;-0.021256916;0.34483793
0.066454545;-0.021256916;0.34483793
0.066454545;-0.021256916;0.34483793
0.066454545;-0.021256916;0.34483793
0.064478263;-0.021256916;0.34483793
0.064478263;-0.021256916;0.33693281
0.064478263;-0.021256916;0.33693281
0.062501974;-0.021256916;0.34483793
0.062501974;-0.023233201;0.34483793
0.064478263;-0.023233201;0.34483793
0.064478263;-0.021256916;0.34483793
0.062501974;-0.021256916;0.33693281
0.064478263;-0.021256916;0.33693281
0.062501974;-0.021256916;0.34483793
0.062501974;-0.023233201;0.34483793
0.062501974;-0.023233201;0.34483793
0.062501974;-0.023233201;0.34483793
0.062501974;-0.023233201;0.33693281
0.060525693;-0.023233201;0.34483793
0.060525693;-0.023233201;0.34483793
0.060525693;-0.021256916;0.34483793
0.062501974;-0.025209486;0.34483793
0.058549408;-0.023233201;0.34483793
0.058549408;-0.023233201;0.34483793
0.060525693;-0.023233201;0.34483793
0.058549408;-0.023233201;0.34483793
0.058549408;-0.021256916;0.34483793
0.056573123;-0.021256916;0.34483793
0.058549408;-0.023233201;0.34483793
0.056573123;-0.023233201;0.34483793
0.056573123;-0.021256916;0.34483793
0.056573123;-0.023233201;0.34483793
0.056573123;-0.023233201;0.34483793
0.056573123;-0.023233201;0.34483793
0.056573123;-0.023233201;0.33693281
0.054596838;-0.023233201;0.34483793
0.054596838;-0.023233201;0.34483793
0.054596838;-0.023233201;0.34483793
0.054596838;-0.021256916;0.33693281
0.054596838;-0.023233201;0.34483793
0.054596838;-0.023233201;0.34483793
0.054596838;-0.025209486;0.34483793
0.052620552;-0.023233201;0.34483793
0.052620552;-0.023233201;0.34483793
0.052620552;-0.023233201;0.33693281
0.052620552;-0.023233201;0.35274309
0.052620552;-0.023233201;0.34483793
0.052620552;-0.023233201;0.34483793
0.050644267;-0.023233201;0.34483793
0.050644267;-0.023233201;0.34483793
0.050644267;-0.023233201;0.34483793
0.050644267;-0.021256916;0.35274309
0.050644267;-0.023233201;0.34483793
0.050644267;-0.023233201;0.34483793
0.048667986;-0.025209486;0.34483793
0.046691701;-0.025209486;0.34483793
0.048667986;-0.023233201;0.35274309
0.046691701;-0.023233201;0.34483793
0.046691701;-0.023233201;0.34483793
0.044715416;-0.023233201;0.34483793
0.046691701;-0.025209486;0.34483793
0.044715416;-0.025209486;0.34483793
0.044715416;-0.025209486;0.34483793
0.044715416;-0.023233201;0.34483793
0.046691701;-0.025209486;0.34483793
0.044715416;-0.025209486;0.34483793
0.044715416;-0.023233201;0.34483793
0.044715416;-0.025209486;0.34483793
0.042739131;-0.023233201;0.34483793
0.042739131;-0.025209486;0.33693281
0.042739131;-0.025209486;0.34483793
0.042739131;-0.025209486;0.33693281
0.042739131;-0.025209486;0.34483793
0.042739131;-0.025209486;0.34483793
0.040762845;-0.025209486;0.33693281
0.042739131;-0.025209486;0.34483793
0.040762845;-0.023233201;0.34483793
0.03878656;-0.025209486;0.34483793
0.040762845;-0.023233201;0.34483793
0.03878656;-0.023233201;0.33693281
0.03878656;-0.025209486;0.33693281
0.03878656;-0.025209486;0.33693281
0.03878656;-0.025209486;0.34483793
0.036810275;-0.025209486;0.34483793
0.036810275;-0.025209486;0.34483793
0.036810275;-0.025209486;0.34483793
0.036810275;-0.025209486;0.34483793
0.036810275;-0.025209486;0.33693281
0.036810275;-0.025209486;0.34483793
0.034833994;-0.023233201;0.34483793
0.034833994;-0.025209486;0.34483793
0.034833994;-0.025209486;0.34483793
0.034833994;-0.023233201;0.34483793
0.034833994;-0.023233201;0.34483793
0.032857709;-0.025209486;0.34483793
0.034833994;-0.025209486;0.34483793
0.032857709;-0.025209486;0.34483793
0.032857709;-0.025209486;0.34483793
0.030881424;-0.025209486;0.34483793
0.030881424;-0.023233201;0.34483793
0.030881424;-0.025209486;0.34483793
0.030881424;-0.025209486;0.34483793
0.028905138;-0.025209486;0.34483793
0.030881424;-0.025209486;0.34483793
0.030881424;-0.025209486;0.34483793
0.028905138;-0.025209486;0.34483793
0.028905138;-0.025209486;0.35274309
0.026928853;-0.025209486;0.34483793
0.026928853;-0.025209486;0.34483793
0.028905138;-0.025209486;0.34483793
0.026928853;-0.025209486;0.34483793
0.026928853;-0.025209486;0.34483793
0.026928853;-0.025209486;0.34483793
0.02495257;-0.025209486;0.33693281
0.02495257;-0.023233201;0.34483793
0.026928853;-0.025209486;0.35274309
0.02495257;-0.023233201;0.35274309
0.02495257;-0.025209486;0.34483793
0.022976285;-0.023233201;0.33693281
0.022976285;-0.023233201;0.33693281
0.022976285;-0.025209486;0.34483793
0.022976285;-0.025209486;0.34483793
0.021;-0.025209486;0.33693281
0.021;-0.025209486;0.34483793
0.022976285;-0.025209486;0.34483793
0.021;-0.025209486;0.33693281
0.021;-0.027185772;0.34483793
0.021;-0.025209486;0.34483793
0.019023715;-0.025209486;0.34483793
0.019023715;-0.025209486;0.34483793
0.021;-0.025209486;0.34483793
0.019023715;-0.025209486;0.34483793
0.019023715;-0.025209486;0.34483793
0.019023715;-0.025209486;0.34483793
0.017047431;-0.025209486;0.34483793
0.017047431;-0.025209486;0.33693281
0.017047431;-0.025209486;0.34483793
0.017047431;-0.025209486;0.34483793
0.015071146;-0.025209486;0.34483793
0.015071146;-0.025209486;0.33693281
0.015071146;-0.027185772;0.34483793
0.015071146;-0.027185772;0.34483793
0.015071146;-0.025209486;0.34483793
0.013094862;-0.025209486;0.34483793
0.013094862;-0.025209486;0.34483793
0.013094862;-0.025209486;0.33693281
0.013094862;-0.027185772;0.34483793
0.011118577;-0.025209486;0.34483793
0.013094862;-0.025209486;0.34483793
0.011118577;-0.025209486;0.34483793
0.011118577;-0.025209486;0.34483793
0.011118577;-0.025209486;0.33693281
0.011118577;-0.027185772;0.34483793
0.011118577;-0.025209486;0.35274309
0.0091422927;-0.025209486;0.35274309
0.0091422927;-0.027185772;0.34483793
0.007166008;-0.025209486;0.34483793
0.0091422927;-0.025209486;0.34483793
0.0091422927;-0.025209486;0.34483793
0.007166008;-0.027185772;0.34483793
0.0091422927;-0.025209486;0.34483793
0.007166008;-0.025209486;0.34483793
0.007166008;-0.025209486;0.34483793
0.0051897233;-0.025209486;0.34483793
0.0032134387;-0.025209486;0.34483793
0.0051897233;-0.025209486;0.34483793
0.0032134387;-0.025209486;0.34483793
0.0032134387;-0.025209486;0.35274309
0.0051897233;-0.025209486;0.34483793
0.0012371541;-0.025209486;0.34483793
0.0012371541;-0.025209486;0.33693281
0.0012371541;-0.025209486;0.34483793
0.0012371541;-0.025209486;0.34483793
0.0012371541;-0.025209486;0.34483793
0.0012371541;-0.025209486;0.34483793
-0.00073913042;-0.025209486;0.34483793
-0.00073913042;-0.027185772;0.34483793
-0.00073913042;-0.025209486;0.34483793
-0.00073913042;-0.025209486;0.34483793
-0.00073913042;-0.027185772;0.34483793
-0.00073913042;-0.025209486;0.34483793
-0.00073913042;-0.025209486;0.34483793
-0.0027154151;-0.025209486;0.34483793
-0.0027154151;-0.025209486;0.34483793
-0.0027154151;-0.025209486;0.33693281
-0.0027154151;-0.025209486;0.34483793
-0.0046916995;-0.025209486;0.34483793
-0.0046916995;-0.027185772;0.34483793
-0.0027154151;-0.025209486;0.34483793
-0.0046916995;-0.025209486;0.34483793
-0.0066679842;-0.027185772;0.34483793
-0.0046916995;-0.025209486;0.34483793
-0.0066679842;-0.025209486;0.34483793
-0.0066679842;-0.025209486;0.34483793
-0.0066679842;-0.027185772;0.34483793
-0.0066679842;-0.025209486;0.34483793
-0.0066679842;-0.025209486;0.34483793
-0.0086442688;-0.025209486;0.34483793
-0.0086442688;-0.025209486;0.34483793
-0.0086442688;-0.027185772;0.34483793
-0.0086442688;-0.025209486;0.34483793
-0.010620553;-0.025209486;0.34483793
-0.0086442688;-0.027185772;0.35274309
-0.0086442688;-0.025209486;0.34483793
-0.0086442688;-0.025209486;0.34483793
-0.010620553;-0.025209486;0.34483793
-0.010620553;-0.025209486;0.34483793
-0.010620553;-0.027185772;0.34483793
-0.012596838;-0.025209486;0.34483793
-0.012596838;-0.025209486;0.34483793
-0.010620553;-0.025209486;0.34483793
-0.012596838;-0.025209486;0.34483793
-0.012596838;-0.025209486;0.34483793
-0.012596838;-0.025209486;0.34483793
-0.012596838;-0.025209486;0.34483793
-0.012596838;-0.025209486;0.34483793
-0.014573122;-0.025209486;0.34483793
-0.014573122;-0.027185772;0.34483793
-0.012596838;-0.025209486;0.34483793
-0.012596838;-0.025209486;0.34483793
-0.014573122;-0.025209486;0.33693281
-0.014573122;-0.025209486;0.34483793
-0.014573122;-0.025209486;0.34483793
-0.014573122;-0.025209486;0.34483793
-0.016549407;-0.027185772;0.34483793
-0.014573122;-0.025209486;0.34483793
-0.016549407;-0.025209486;0.34483793
-0.016549407;-0.025209486;0.34483793
-0.018525692;-0.025209486;0.34483793
-0.016549407;-0.027185772;0.34483793
-0.016549407;-0.025209486;0.34483793
-0.018525692;-0.023233201;0.34483793
-0.016549407;-0.023233201;0.34483793
-0.018525692;-0.025209486;0.33693281
-0.018525692;-0.025209486;0.34483793
-0.018525692;-0.025209486;0.34483793
-0.018525692;-0.025209486;0.35274309
-0.020501977;-0.025209486;0.34483793
-0.018525692;-0.023233201;0.34483793
-0.020501977;-0.023233201;0.34483793
-0.020501977;-0.025209486;0.34483793
-0.018525692;-0.023233201;0.34483793
-0.020501977;-0.025209486;0.34483793
-0.020501977;-0.025209486;0.34483793
-0.020501977;-0.025209486;0.34483793
-0.020501977;-0.025209486;0.34483793
-0.02247826;-0.025209486;0.34483793
-0.02247826;-0.025209486;0.34483793
-0.02247826;-0.023233201;0.34483793
-0.02247826;-0.025209486;0.34483793
-0.02247826;-0.023233201;0.34483793
-0.02247826;-0.023233201;0.34483793
-0.02247826;-0.025209486;0.34483793
-0.024454545;-0.023233201;0.34483793
-0.02247826;-0.025209486;0.34483793
-0.024454545;-0.023233201;0.34483793
-0.024454545;-0.025209486;0.34483793
-0.024454545;-0.025209486;0.34483793
-0.024454545;-0.023233201;0.34483793
-0.024454545;-0.023233201;0.34483793
-0.024454545;-0.023233201;0.34483793
-0.024454545;-0.023233201;0.34483793
-0.024454545;-0.023233201;0.34483793
-0.02643083;-0.025209486;0.34483793
-0.02643083;-0.025209486;0.33693281
-0.024454545;-0.025209486;0.34483793
-0.02643083;-0.025209486;0.34483793
-0.02643083;-0.025209486;0.34483793
-0.02643083;-0.023233201;0.34483793
-0.02643083;-0.023233201;0.34483793
-0.024454545;-0.023233201;0.33693281
-0.02643083;-0.023233201;0.35274309
-0.028407115;-0.023233201;0.34483793
-0.028407115;-0.023233201;0.34483793
-0.02643083;-0.023233201;0.34483793
-0.02643083;-0.023233201;0.34483793
-0.02643083;-0.025209486;0.34483793
-0.028407115;-0.023233201;0.34483793
-0.028407115;-0.025209486;0.34483793
-0.028407115;-0.023233201;0.34483793
-0.028407115;-0.023233201;0.34483793
-0.028407115;-0.023233201;0.34483793
-0.028407115;-0.023233201;0.34483793
-0.028407115;-0.025209486;0.34483793
-0.028407115;-0.023233201;0.34483793
-0.030383399;-0.023233201;0.34483793
-0.028407115;-0.023233201;0.34483793
-0.028407115;-0.023233201;0.34483793
-0.030383399;-0.021256916;0.34483793
-0.030383399;-0.023233201;0.33693281
-0.030383399;-0.023233201;0.34483793
-0.028407115;-0.023233201;0.34483793
-0.028407115;-0.023233201;0.34483793
-0.030383399;-0.023233201;0.34483793
-0.030383399;-0.023233201;0.34483793
-0.030383399;-0.023233201;0.34483793
-0.028407115;-0.023233201;0.34483793
-0.030383399;-0.023233201;0.34483793
-0.030383399;-0.023233201;0.34483793
-0.030383399;-0.023233201;0.34483793
-0.030383399;-0.023233201;0.34483793
-0.032359682;-0.023233201;0.34483793
-0.030383399;-0.023233201;0.34483793
-0.030383399;-0.025209486;0.34483793
-0.030383399;-0.023233201;0.34483793
-0.030383399;-0.023233201;0.34483793
-0.030383399;-0.023233201;0.34483793
-0.030383399;-0.023233201;0.34483793
-0.032359682;-0.023233201;0.34483793
-0.032359682;-0.021256916;0.34483793
-0.030383399;-0.023233201;0.34483793
-0.030383399;-0.023233201;0.34483793
-0.032359682;-0.023233201;0.33693281
-0.030383399;-0.023233201;0.34483793
-0.032359682;-0.023233201;0.34483793
-0.032359682;-0.021256916;0.33693281
-0.032359682;-0.023233201;0.33693281
-0.030383399;-0.021256916;0.34483793
-0.032359682;-0.021256916;0.33693281
-0.030383399;-0.019280633;0.34483793
-0.030383399;-0.023233201;0.34483793
-0.030383399;-0.023233201;0.34483793
-0.030383399;-0.021256916;0.34483793
-0.032359682;-0.021256916;0.34483793
-0.030383399;-0.021256916;0.33693281
-0.030383399;-0.021256916;0.34483793
-0.032359682;-0.021256916;0.34483793
-0.032359682;-0.021256916;0.35274309
-0.032359682;-0.023233201;0.34483793
-0.030383399;-0.021256916;0.34483793
-0.030383399;-0.021256916;0.34483793
-0.030383399;-0.021256916;0.34483793
-0.032359682;-0.021256916;0.35274309
-0.030383399;-0.021256916;0.34483793
-0.032359682;-0.021256916;0.35274309
-0.030383399;-0.021256916;0.34483793
-0.030383399;-0.021256916;0.34483793
-0.030383399;-0.021256916;0.34483793
-0.030383399;-0.021256916;0.35274309
-0.030383399;-0.021256916;0.35274309
-0.030383399;-0.021256916;0.34483793
-0.032359682;-0.021256916;0.34483793
-0.030383399;-0.021256916;0.34483793
-0.030383399;-0.021256916;0.34483793
-0.030383399;-0.021256916;0.34483793
-0.030383399;-0.021256916;0.34483793
-0.030383399;-0.021256916;0.34483793
-0.030383399;-0.019280633;0.34483793
-0.030383399;-0.021256916;0.34483793
-0.028407115;-0.019280633;0.34483793
-0.030383399;-0.019280633;0.34483793
-0.028407115;-0.021256916;0.34483793
-0.030383399;-0.021256916;0.34483793
-0.028407115;-0.021256916;0.34483793
-0.028407115;-0.021256916;0.34483793
-0.028407115;-0.021256916;0.34483793
-0.030383399;-0.019280633;0.34483793
-0.028407115;-0.019280633;0.34483793
-0.028407115;-0.021256916;0.33693281
-0.028407115;-0.021256916;0.34483793
-0.028407115;-0.019280633;0.34483793
-0.02643083;-0.021256916;0.34483793
-0.028407115;-0.019280633;0.34483793
-0.02643083;-0.019280633;0.34483793
-0.02643083;-0.019280633;0.34483793
-0.028407115;-0.021256916;0.34483793
-0.02643083;-0.021256916;0.34483793
-0.02643083;-0.019280633;0.34483793
-0.02643083;-0.019280633;0.35274309
-0.02643083;-0.019280633;0.34483793
-0.028407115;-0.019280633;0.34483793
-0.02643083;-0.019280633;0.34483793
-0.02643083;-0.019280633;0.34483793
-0.02643083;-0.019280633;0.34483793
-0.02643083;-0.019280633;0.33693281
-0.02643083;-0.019280633;0.34483793
-0.02643083;-0.019280633;0.34483793
-0.02643083;-0.019280633;0.34483793
-0.024454545;-0.019280633;0.34483793
-0.024454545;-0.019280633;0.34483793
-0.02643083;-0.019280633;0.33693281
-0.024454545;-0.019280633;0.34483793
-0.024454545;-0.019280633;0.34483793
-0.024454545;-0.019280633;0.34483793
-0.024454545;-0.019280633;0.34483793
-0.024454545;-0.019280633;0.34483793
-0.024454545;-0.019280633;0.34483793
-0.024454545;-0.019280633;0.34483793
-0.024454545;-0.017304348;0.34483793
-0.02247826;-0.017304348;0.34483793
-0.02247826;-0.017304348;0.34483793
-0.02247826;-0.019280633;0.34483793
-0.024454545;-0.017304348;0.34483793
-0.02247826;-0.019280633;0.34483793
-0.02247826;-0.017304348;0.34483793
-0.02247826;-0.017304348;0.34483793
-0.02247826;-0.017304348;0.34483793
-0.02247826;-0.017304348;0.34483793
-0.02247826;-0.019280633;0.34483793
-0.020501977;-0.019280633;0.34483793
-0.020501977;-0.017304348;0.34483793
-0.020501977;-0.017304348;0.34483793
-0.020501977;-0.017304348;0.34483793
-0.020501977;-0.019280633;0.34483793
-0.020501977;-0.017304348;0.33693281
-0.020501977;-0.017304348;0.34483793
-0.020501977;-0.017304348;0.34483793
-0.018525692;-0.017304348;0.34483793
-0.018525692;-0.017304348;0.34483793
-0.016549407;-0.017304348;0.34483793
-0.018525692;-0.017304348;0.32902768
-0.018525692;-0.017304348;0.34483793
-0.018525692;-0.017304348;0.34483793
-0.016549407;-0.017304348;0.34483793
-0.016549407;-0.017304348;0.33693281
-0.016549407;-0.017304348;0.34483793
-0.016549407;-0.017304348;0.34483793
-0.016549407;-0.019280633;0.34483793
-0.014573122;-0.017304348;0.34483793
-0.014573122;-0.017304348;0.34483793
-0.016549407;-0.015328064;0.34483793
-0.012596838;-0.015328064;0.34483793
-0.014573122;-0.017304348;0.33693281
-0.012596838;-0.017304348;0.33693281
-0.014573122;-0.017304348;0.34483793
-0.012596838;-0.015328064;0.34483793
-0.014573122;-0.015328064;0.34483793
-0.012596838;-0.015328064;0.34483793
-0.012596838;-0.017304348;0.33693281
-0.012596838;-0.015328064;0.34483793
-0.012596838;-0.015328064;0.34483793
-0.010620553;-0.017304348;0.34483793
-0.012596838;-0.015328064;0.34483793
-0.010620553;-0.015328064;0.34483793
-0.010620553;-0.017304348;0.34483793
-0.010620553;-0.015328064;0.35274309
-0.010620553;-0.013351778;0.34483793
-0.010620553;-0.013351778;0.33693281
-0.010620553;-0.013351778;0.34483793
-0.0086442688;-0.015328064;0.34483793
-0.0086442688;-0.017304348;0.34483793
-0.0066679842;-0.015328064;0.34483793
-0.0086442688;-0.013351778;0.34483793
-0.0086442688;-0.015328064;0.34483793
-0.0086442688;-0.013351778;0.34483793
-0.0086442688;-0.013351778;0.34483793
-0.0066679842;-0.015328064;0.34483793
-0.0066679842;-0.015328064;0.35274309
-0.0066679842;-0.013351778;0.34483793
-0.0086442688;-0.013351778;0.34483793
-0.0046916995;-0.013351778;0.34483793
-0.0046916995;-0.013351778;0.34483793
-0.0046916995;-0.013351778;0.34483793
-0.0066679842;-0.013351778;0.34483793
-0.0046916995;-0.013351778;0.34483793
-0.0046916995;-0.013351778;0.33693281
-0.0027154151;-0.013351778;0.34483793
-0.0027154151;-0.013351778;0.34483793
-0.0046916995;-0.011375494;0.34483793
-0.0027154151;-0.013351778;0.34483793
-0.0027154151;-0.013351778;0.34483793
-0.0027154151;-0.013351778;0.34483793
-0.0027154151;-0.013351778;0.34483793
-0.00073913042;-0.011375494;0.34483793
-0.00073913042;-0.013351778;0.34483793
-0.00073913042;-0.011375494;0.34483793
-0.00073913042;-0.011375494;0.34483793
-0.00073913042;-0.011375494;0.34483793
-0.00073913042;-0.011375494;0.34483793
0.0012371541;-0.011375494;0.34483793
0.0012371541;-0.013351778;0.34483793
0.0032134387;-0.013351778;0.34483793
0.0032134387;-0.011375494;0.34483793
0.0032134387;-0.011375494;0.34483793
0.0032134387;-0.013351778;0.34483793
0.0051897233;-0.011375494;0.34483793
0.0032134387;-0.011375494;0.34483793
0.0051897233;-0.011375494;0.34483793
0.0051897233;-0.011375494;0.34483793
0.0051897233;-0.013351778;0.34483793
0.007166008;-0.011375494;0.34483793
0.007166008;-0.013351778;0.33693281
0.007166008;-0.011375494;0.34483793
0.007166008;-0.0093992092;0.34483793
0.0091422927;-0.011375494;0.34483793
0.007166008;-0.0093992092;0.34483793
0.0091422927;-0.011375494;0.34483793
0.0091422927;-0.0093992092;0.34483793
0.011118577;-0.0093992092;0.35274309
0.0091422927;-0.0093992092;0.33693281
0.011118577;-0.011375494;0.34483793
0.011118577;-0.011375494;0.34483793
0.0091422927;-0.011375494;0.34483793
0.011118577;-0.0093992092;0.34483793
0.011118577;-0.0093992092;0.33693281
0.013094862;-0.011375494;0.34483793
0.013094862;-0.011375494;0.34483793
0.013094862;-0.011375494;0.34483793
0.013094862;-0.0093992092;0.34483793
0.013094862;-0.0093992092;0.34483793
0.015071146;-0.0093992092;0.34483793
0.015071146;-0.0093992092;0.33693281
0.017047431;-0.0093992092;0.33693281
0.015071146;-0.0093992092;0.35274309
0.015071146;-0.0093992092;0.34483793
0.017047431;-0.0093992092;0.34483793
0.017047431;-0.0093992092;0.34483793
0.017047431;-0.0093992092;0.34483793
0.015071146;-0.007422925;0.34483793
0.017047431;-0.0093992092;0.34483793
0.019023715;-0.0093992092;0.34483793
0.017047431;-0.0093992092;0.34483793
0.017047431;-0.007422925;0.34483793
0.019023715;-0.007422925;0.34483793
0.019023715;-0.0093992092;0.34483793
0.021;-0.0093992092;0.35274309
0.021;-0.007422925;0.34483793
0.022976285;-0.0093992092;0.34483793
0.021;-0.0093992092;0.34483793
0.021;-0.007422925;0.34483793
0.021;-0.007422925;0.34483793
0.022976285;-0.007422925;0.34483793
0.021;-0.007422925;0.34483793
0.022976285;-0.007422925;0.34483793
0.022976285;-0.0093992092;0.34483793
0.022976285;-0.007422925;0.34483793
0.02495257;-0.007422925;0.34483793
0.02495257;-0.007422925;0.34483793
0.02495257;-0.007422925;0.34483793
0.02495257;-0.0054466403;0.33693281
0.026928853;-0.007422925;0.34483793
0.026928853;-0.007422925;0.34483793
0.026928853;-0.007422925;0.34483793
0.028905138;-0.007422925;0.34483793
0.028905138;-0.007422925;0.34483793
0.028905138;-0.007422925;0.33693281
0.030881424;-0.0054466403;0.34483793
0.028905138;-0.0054466403;0.34483793
0.030881424;-0.0054466403;0.35274309
0.030881424;-0.0054466403;0.34483793
0.032857709;-0.0054466403;0.34483793
0.030881424;-0.007422925;0.34483793
0.032857709;-0.0054466403;0.34483793
0.032857709;-0.0054466403;0.35274309
0.032857709;-0.0054466403;0.34483793
0.032857709;-0.0054466403;0.34483793
0.034833994;-0.0054466403;0.34483793
0.032857709;-0.0054466403;0.34483793
0.034833994;-0.0054466403;0.34483793
0.034833994;-0.0054466403;0.34483793
0.034833994;-0.0054466403;0.34483793
0.036810275;-0.0054466403;0.33693281
0.034833994;-0.0054466403;0.34483793
0.034833994;-0.0054466403;0.34483793
0.036810275;-0.0034703556;0.34483793
0.034833994;-0.0054466403;0.34483793
0.036810275;-0.0034703556;0.34483793
0.03878656;-0.0034703556;0.34483793
0.03878656;-0.0054466403;0.34483793
0.03878656;-0.0054466403;0.34483793
0.040762845;-0.0034703556;0.34483793
0.03878656;-0.0054466403;0.34483793
0.03878656;-0.0054466403;0.34483793
0.040762845;-0.0034703556;0.34483793
0.040762845;-0.0034703556;0.34483793
0.040762845;-0.0034703556;0.34483793
0.040762845;-0.0034703556;0.34483793
0.042739131;-0.0034703556;0.34483793
0.042739131;-0.0034703556;0.34483793
0.042739131;-0.0034703556;0.34483793
0.042739131;-0.0034703556;0.34483793
0.042739131;-0.0034703556;0.33693281
0.044715416;-0.0034703556;0.34483793
0.044715416;-0.0034703556;0.34483793
0.042739131;-0.0034703556;0.34483793
0.042739131;-0.0034703556;0.33693281
0.044715416;-0.0034703556;0.34483793
0.046691701;-0.0034703556;0.34483793
0.046691701;-0.0034703556;0.33693281
0.046691701;-0.0034703556;0.34483793
0.046691701;-0.0014940711;0.33693281
0.046691701;-0.0034703556;0.33693281
0.048667986;-0.0034703556;0.34483793
0.046691701;-0.0034703556;0.34483793
0.048667986;-0.0014940711;0.34483793
0.048667986;-0.0034703556;0.34483793
0.048667986;-0.0034703556;0.34483793
0.048667986;-0.0034703556;0.34483793
0.048667986;-0.0014940711;0.33693281
0.052620552;-0.0014940711;0.34483793
0.050644267;-0.0014940711;0.34483793
0.050644267;-0.0014940711;0.34483793
0.052620552;-0.0014940711;0.34483793
0.052620552;-0.0014940711;0.34483793
0.052620552;-0.0014940711;0.34483793
0.052620552;-0.0014940711;0.34483793
0.052620552;-0.0034703556;0.34483793
0.052620552;0.00048221345;0.34483793
0.052620552;-0.0014940711;0.34483793
0.052620552;-0.0014940711;0.34483793
0.052620552;-0.0014940711;0.34483793
0.054596838;-0.0014940711;0.34483793
0.054596838;0.00048221345;0.33693281
0.054596838;-0.0034703556;0.34483793
0.054596838;-0.0014940711;0.34483793
0.054596838;0.00048221345;0.34483793
0.054596838;0.00048221345;0.34483793
0.054596838;0.00048221345;0.33693281
0.054596838;-0.0014940711;0.34483793
0.056573123;0.00048221345;0.34483793
0.056573123;0.0024584981;0.34483793
0.058549408;0.00048221345;0.34483793
0.056573123;0.00048221345;0.34483793
0.058549408;0.0024584981;0.34483793
0.058549408;0.00048221345;0.34483793
0.058549408;0.0024584981;0.33693281
0.058549408;0.00048221345;0.34483793
0.060525693;0.0024584981;0.34483793
0.058549408;0.0024584981;0.34483793
0.058549408;0.00048221345;0.34483793
0.060525693;0.0024584981;0.34483793
0.060525693;0.0024584981;0.34483793
0.060525693;0.0024584981;0.33693281
0.060525693;0.0024584981;0.34483793
0.062501974;0.00048221345;0.34483793
0.062501974;0.0024584981;0.35274309
0.060525693;0.0024584981;0.34483793
0.064478263;0.0024584981;0.34483793
0.062501974;0.0024584981;0.35274309
0.062501974;0.0024584981;0.34483793
0.062501974;0.00048221345;0.34483793
0.064478263;0.0024584981;0.34483793
0.064478263;0.0024584981;0.34483793
0.062501974;0.0024584981;0.34483793
0.064478263;0.0024584981;0.34483793
0.064478263;0.0024584981;0.34483793
0.062501974;0.0024584981;0.34483793
0.064478263;0.0024584981;0.33693281
0.066454545;0.0024584981;0.34483793
0.064478263;0.0024584981;0.34483793
0.066454545;0.0024584981;0.35274309
0.064478263;0.0044347825;0.34483793
0.066454545;0.0044347825;0.33693281
0.066454545;0.0044347825;0.34483793
0.068430834;0.0024584981;0.34483793
0.068430834;0.0044347825;0.34483793
0.066454545;0.0044347825;0.34483793
0.068430834;0.0044347825;0.34483793
0.068430834;0.0044347825;0.34483793
0.068430834;0.0044347825;0.34483793
0.068430834;0.0044347825;0.35274309
0.068430834;0.0044347825;0.33693281
0.068430834;0.0064110672;0.34483793
0.070407115;0.0044347825;0.34483793
0.068430834;0.0044347825;0.35274309
0.068430834;0.0044347825;0.34483793
0.070407115;0.0064110672;0.34483793
0.068430834;0.0044347825;0.34483793
0.070407115;0.0064110672;0.34483793
0.070407115;0.0064110672;0.34483793
0.070407115;0.0064110672;0.34483793
0.070407115;0.0064110672;0.35274309
0.070407115;0.0064110672;0.34483793
0.070407115;0.0064110672;0.33693281
0.070407115;0.0064110672;0.34483793
0.070407115;0.0064110672;0.34483793
0.070407115;0.0064110672;0.34483793
0.070407115;0.0064110672;0.34483793
0.072383396;0.0064110672;0.34483793
0.072383396;0.0064110672;0.34483793
0.072383396;0.0064110672;0.34483793
0.072383396;0.0064110672;0.34483793
0.074359685;0.0083873514;0.34483793
0.072383396;0.0083873514;0.34483793
0.072383396;0.0064110672;0.34483793
0.074359685;0.0083873514;0.34483793
0.072383396;0.0064110672;0.34483793
0.072383396;0.0083873514;0.34483793
0.074359685;0.0083873514;0.33693281
0.072383396;0.0083873514;0.34483793
0.074359685;0.0083873514;0.34483793
0.074359685;0.0083873514;0.34483793
0.074359685;0.0083873514;0.34483793
0.076335967;0.0083873514;0.34483793
0.074359685;0.0083873514;0.34483793
0.074359685;0.010363637;0.34483793
0.074359685;0.0083873514;0.34483793
0.076335967;0.0083873514;0.34483793
0.074359685;0.0083873514;0.34483793
0.076335967;0.0083873514;0.33693281
0.074359685;0.0083873514;0.34483793
0.076335967;0.010363637;0.34483793
0.076335967;0.010363637;0.34483793
0.074359685;0.010363637;0.33693281
0.076335967;0.0083873514;0.34483793
0.076335967;0.010363637;0.34483793
0.074359685;0.0083873514;0.34483793
0.076335967;0.010363637;0.34483793
0.074359685;0.010363637;0.33693281
0.076335967;0.0083873514;0.34483793
0.074359685;0.010363637;0.33693281
0.076335967;0.010363637;0.34483793
0.076335967;0.010363637;0.34483793
0.074359685;0.010363637;0.34483793
0.076335967;0.010363637;0.34483793
0.076335967;0.010363637;0.34483793
0.076335967;0.010363637;0.34483793
0.076335967;0.012339921;0.34483793
0.076335967;0.010363637;0.34483793
0.076335967;0.010363637;0.34483793
0.076335967;0.010363637;0.34483793
0.076335967;0.010363637;0.34483793
0.076335967;0.012339921;0.34483793
0.074359685;0.012339921;0.34483793
0.076335967;0.012339921;0.34483793
0.076335967;0.012339921;0.34483793
0.076335967;0.010363637;0.34483793
0.076335967;0.012339921;0.33693281
0.076335967;0.012339921;0.34483793
0.078312255;0.012339921;0.34483793
0.076335967;0.012339921;0.34483793
0.076335967;0.012339921;0.34483793
0.076335967;0.012339921;0.34483793
0.076335967;0.012339921;0.34483793
0.076335967;0.012339921;0.33693281
0.076335967;0.012339921;0.34483793
0.076335967;0.012339921;0.34483793
0.076335967;0.014316206;0.33693281
0.076335967;0.014316206;0.34483793
0.076335967;0.012339921;0.34483793
0.074359685;0.012339921;0.34483793
0.076335967;0.014316206;0.34483793
0.078312255;0.014316206;0.34483793
0.076335967;0.012339921;0.33693281
0.076335967;0.014316206;0.33693281
0.078312255;0.014316206;0.34483793
0.074359685;0.014316206;0.34483793
0.074359685;0.014316206;0.34483793
0.074359685;0.014316206;0.34483793
0.076335967;0.014316206;0.34483793
0.076335967;0.01629249;0.34483793
0.076335967;0.014316206;0.34483793
0.074359685;0.01629249;0.33693281
0.074359685;0.014316206;0.34483793
0.074359685;0.01629249;0.33693281
0.076335967;0.014316206;0.34483793
0.074359685;0.01629249;0.34483793
0.074359685;0.01629249;0.34483793
0.074359685;0.01629249;0.34483793
0.074359685;0.01629249;0.34483793
0.076335967;0.01629249;0.34483793
0.076335967;0.014316206;0.34483793
0.074359685;0.018268775;0.34483793
0.074359685;0.01629249;0.34483793
0.074359685;0.01629249;0.34483793
0.072383396;0.01629249;0.34483793
0.072383396;0.018268775;0.34483793
0.072383396;0.01629249;0.35274309
0.074359685;0.018268775;0.34483793
0.072383396;0.018268775;0.34483793
0.072383396;0.018268775;0.34483793
0.072383396;0.018268775;0.34483793
0.072383396;0.018268775;0.33693281
0.072383396;0.018268775;0.34483793
0.072383396;0.018268775;0.34483793
0.072383396;0.018268775;0.34483793
0.070407115;0.018268775;0.34483793
0.072383396;0.018268775;0.34483793
0.072383396;0.018268775;0.34483793
0.072383396;0.018268775;0.34483793
0.072383396;0.018268775;0.34483793
0.074359685;0.018268775;0.34483793
0.072383396;0.020245058;0.34483793
0.070407115;0.018268775;0.34483793
0.070407115;0.018268775;0.34483793
0.070407115;0.018268775;0.34483793
0.072383396;0.020245058;0.34483793
0.070407115;0.018268775;0.34483793
0.070407115;0.020245058;0.33693281
0.068430834;0.020245058;0.34483793
0.070407115;0.020245058;0.34483793
0.070407115;0.020245058;0.34483793
0.068430834;0.018268775;0.34483793
0.068430834;0.020245058;0.34483793
0.070407115;0.018268775;0.33693281
0.068430834;0.018268775;0.34483793
0.066454545;0.022221344;0.33693281
0.068430834;0.022221344;0.35274309
0.068430834;0.022221344;0.34483793
0.068430834;0.022221344;0.34483793
0.068430834;0.020245058;0.34483793
0.066454545;0.022221344;0.34483793
0.068430834;0.022221344;0.34483793
0.066454545;0.022221344;0.34483793
0.066454545;0.020245058;0.34483793
0.066454545;0.022221344;0.34483793
0.064478263;0.022221344;0.34483793
0.066454545;0.024197629;0.34483793
0.066454545;0.022221344;0.34483793
0.064478263;0.022221344;0.34483793
0.064478263;0.022221344;0.34483793
0.066454545;0.020245058;0.34483793
0.064478263;0.022221344;0.34483793
0.064478263;0.022221344;0.34483793
0.064478263;0.022221344;0.34483793
0.064478263;0.022221344;0.34483793
0.062501974;0.022221344;0.34483793
0.062501974;0.024197629;0.34483793
0.064478263;0.024197629;0.34483793
0.062501974;0.022221344;0.33693281
0.062501974;0.024197629;0.33693281
0.062501974;0.024197629;0.34483793
0.062501974;0.022221344;0.34483793
0.062501974;0.024197629;0.34483793
0.060525693;0.024197629;0.33693281
0.062501974;0.024197629;0.34483793
0.060525693;0.024197629;0.34483793
0.060525693;0.024197629;0.34483793
0.058549408;0.024197629;0.34483793
0.058549408;0.024197629;0.34483793
0.060525693;0.024197629;0.34483793
0.058549408;0.024197629;0.34483793
0.058549408;0.024197629;0.33693281
0.058549408;0.024197629;0.34483793
0.058549408;0.026173914;0.34483793
0.058549408;0.024197629;0.34483793
0.056573123;0.026173914;0.34483793
0.056573123;0.026173914;0.34483793
0.056573123;0.026173914;0.33693281
0.054596838;0.026173914;0.34483793
0.054596838;0.024197629;0.34483793
0.054596838;0.026173914;0.34483793
0.054596838;0.026173914;0.34483793
0.054596838;0.024197629;0.34483793
0.054596838;0.026173914;0.34483793
0.054596838;0.026173914;0.33693281
0.054596838;0.028150197;0.34483793
0.054596838;0.026173914;0.34483793
0.054596838;0.026173914;0.33693281
0.052620552;0.026173914;0.34483793
0.052620552;0.026173914;0.33693281
0.052620552;0.026173914;0.34483793
0.052620552;0.028150197;0.34483793
0.052620552;0.026173914;0.33693281
0.050644267;0.028150197;0.34483793
0.050644267;0.028150197;0.34483793
0.050644267;0.026173914;0.34483793
0.052620552;0.028150197;0.33693281
0.048667986;0.028150197;0.34483793
0.048667986;0.028150197;0.34483793
0.048667986;0.028150197;0.34483793
0.048667986;0.030126482;0.34483793
0.048667986;0.028150197;0.34483793
0.046691701;0.028150197;0.34483793
0.048667986;0.030126482;0.34483793
0.046691701;0.028150197;0.33693281
0.046691701;0.028150197;0.34483793
0.046691701;0.028150197;0.33693281
0.044715416;0.030126482;0.34483793
0.044715416;0.030126482;0.34483793
0.046691701;0.028150197;0.34483793
0.044715416;0.028150197;0.34483793
0.044715416;0.030126482;0.33693281
0.044715416;0.030126482;0.34483793
0.042739131;0.030126482;0.34483793
0.044715416;0.030126482;0.34483793
0.042739131;0.030126482;0.33693281
0.042739131;0.030126482;0.34483793
0.040762845;0.030126482;0.34483793
0.040762845;0.030126482;0.33693281
0.040762845;0.030126482;0.34483793
0.040762845;0.030126482;0.34483793
0.040762845;0.030126482;0.35274309
0.040762845;0.030126482;0.33693281
0.03878656;0.030126482;0.33693281
0.03878656;0.030126482;0.34483793
0.03878656;0.030126482;0.34483793
0.03878656;0.032102767;0.34483793
0.03878656;0.030126482;0.34483793
0.036810275;0.032102767;0.34483793
0.034833994;0.032102767;0.34483793
0.036810275;0.034079053;0.33693281
0.036810275;0.034079053;0.34483793
0.034833994;0.032102767;0.34483793
0.034833994;0.032102767;0.34483793
0.034833994;0.032102767;0.34483793
0.034833994;0.032102767;0.34483793
0.034833994;0.032102767;0.34483793
0.034833994;0.032102767;0.33693281
0.032857709;0.032102767;0.34483793
0.032857709;0.034079053;0.34483793
0.032857709;0.032102767;0.34483793
0.032857709;0.034079053;0.34483793
0.030881424;0.034079053;0.34483793
0.030881424;0.034079053;0.34483793
0.030881424;0.034079053;0.34483793
0.030881424;0.034079053;0.34483793
0.030881424;0.034079053;0.34483793
0.028905138;0.034079053;0.34483793
0.028905138;0.034079053;0.34483793
0.030881424;0.034079053;0.34483793
0.028905138;0.036055338;0.34483793
0.026928853;0.036055338;0.34483793
0.028905138;0.036055338;0.34483793
0.026928853;0.036055338;0.35274309
0.026928853;0.034079053;0.34483793
0.026928853;0.034079053;0.33693281
0.02495257;0.036055338;0.33693281
0.02495257;0.034079053;0.34483793
0.02495257;0.034079053;0.34483793
0.02495257;0.036055338;0.34483793
0.022976285;0.034079053;0.34483793
0.02495257;0.036055338;0.33693281
0.022976285;0.036055338;0.34483793
0.022976285;0.036055338;0.34483793
0.021;0.036055338;0.34483793
0.021;0.036055338;0.34483793
0.021;0.036055338;0.34483793
0.021;0.036055338;0.34483793
0.021;0.036055338;0.34483793
0.019023715;0.036055338;0.34483793
0.019023715;0.036055338;0.33693281
0.021;0.038031619;0.34483793
0.021;0.038031619;0.34483793
0.019023715;0.036055338;0.34483793
0.021;0.036055338;0.34483793
0.019023715;0.038031619;0.34483793
0.019023715;0.038031619;0.34483793
0.017047431;0.038031619;0.34483793
0.017047431;0.036055338;0.34483793
0.017047431;0.038031619;0.33693281
0.019023715;0.038031619;0.34483793
0.017047431;0.036055338;0.34483793
0.017047431;0.038031619;0.34483793
0.017047431;0.038031619;0.34483793
0.017047431;0.036055338;0.34483793
0.015071146;0.038031619;0.34483793
0.015071146;0.038031619;0.34483793
0.013094862;0.038031619;0.34483793
0.013094862;0.040007904;0.34483793
0.013094862;0.038031619;0.34483793
0.011118577;0.038031619;0.34483793
0.011118577;0.038031619;0.34483793
0.011118577;0.040007904;0.34483793
0.011118577;0.038031619;0.34483793
0.0091422927;0.038031619;0.34483793
0.011118577;0.038031619;0.33693281
0.0091422927;0.040007904;0.33693281
0.0091422927;0.040007904;0.34483793
0.0091422927;0.040007904;0.34483793
0.0091422927;0.040007904;0.34483793
0.0091422927;0.040007904;0.34483793
0.007166008;0.040007904;0.34483793
0.007166008;0.040007904;0.33693281
0.007166008;0.040007904;0.34483793
0.007166008;0.040007904;0.34483793
0.0051897233;0.041984189;0.34483793
0.0051897233;0.040007904;0.34483793
0.0051897233;0.040007904;0.34483793
0.0051897233;0.040007904;0.34483793
0.0051897233;0.040007904;0.34483793
0.0051897233;0.040007904;0.34483793
0.0032134387;0.041984189;0.34483793
0.0032134387;0.041984189;0.34483793
0.0032134387;0.041984189;0.34483793
0.0032134387;0.041984189;0.34483793
0.0032134387;0.041984189;0.34483793
0.0032134387;0.041984189;0.34483793
-0.00073913042;0.041984189;0.34483793
0.0012371541;0.041984189;0.34483793
0.0012371541;0.041984189;0.34483793
-0.00073913042;0.041984189;0.34483793
-0.00073913042;0.041984189;0.34483793
-0.00073913042;0.041984189;0.34483793
-0.0027154151;0.041984189;0.34483793
-0.0027154151;0.041984189;0.34483793
-0.0027154151;0.041984189;0.33693281
-0.0027154151;0.041984189;0.34483793
-0.0027154151;0.043960474;0.34483793
-0.0046916995;0.043960474;0.34483793
-0.0046916995;0.041984189;0.34483793
-0.0066679842;0.041984189;0.34483793
-0.0046916995;0.041984189;0.34483793
-0.0046916995;0.041984189;0.33693281
-0.0066679842;0.043960474;0.34483793
-0.0066679842;0.041984189;0.34483793
-0.0066679842;0.043960474;0.34483793
-0.0066679842;0.041984189;0.34483793
-0.0066679842;0.043960474;0.34483793
-0.0066679842;0.041984189;0.34483793
-0.0086442688;0.043960474;0.34483793
-0.0086442688;0.043960474;0.34483793
-0.010620553;0.043960474;0.34483793
-0.0086442688;0.043960474;0.33693281
-0.0086442688;0.043960474;0.34483793
-0.010620553;0.043960474;0.34483793
-0.010620553;0.04593676;0.34483793
-0.010620553;0.043960474;0.34483793
-0.010620553;0.043960474;0.34483793
-0.010620553;0.043960474;0.34483793
-0.012596838;0.04593676;0.34483793
-0.010620553;0.043960474;0.34483793
-0.012596838;0.043960474;0.34483793
-0.012596838;0.04593676;0.34483793
-0.012596838;0.04593676;0.34483793
-0.012596838;0.04593676;0.34483793
-0.012596838;0.04593676;0.34483793
-0.012596838;0.043960474;0.34483793
-0.012596838;0.04593676;0.34483793
-0.014573122;0.04593676;0.34483793
-0.014573122;0.047913045;0.33693281
-0.012596838;0.04593676;0.34483793
-0.014573122;0.04593676;0.34483793
-0.014573122;0.04593676;0.34483793
-0.014573122;0.047913045;0.34483793
-0.014573122;0.04593676;0.34483793
-0.014573122;0.047913045;0.34483793
-0.016549407;0.04593676;0.34483793
-0.014573122;0.047913045;0.34483793
-0.018525692;0.047913045;0.34483793
-0.016549407;0.047913045;0.34483793
-0.016549407;0.047913045;0.34483793
-0.018525692;0.047913045;0.34483793
-0.018525692;0.04593676;0.34483793
-0.018525692;0.047913045;0.34483793
-0.018525692;0.04988933;0.34483793
-0.020501977;0.047913045;0.34483793
-0.018525692;0.047913045;0.34483793
-0.018525692;0.047913045;0.34483793
-0.020501977;0.047913045;0.33693281
-0.018525692;0.047913045;0.34483793
-0.020501977;0.04988933;0.33693281
-0.020501977;0.047913045;0.34483793
-0.020501977;0.04988933;0.34483793
-0.020501977;0.047913045;0.34483793
-0.020501977;0.04988933;0.34483793
-0.02247826;0.04988933;0.34483793
-0.02247826;0.047913045;0.34483793
-0.02247826;0.047913045;0.34483793
-0.02247826;0.047913045;0.35274309
-0.02247826;0.04988933;0.34483793
-0.024454545;0.04988933;0.34483793
-0.02247826;0.04988933;0.34483793
-0.024454545;0.04988933;0.34483793
-0.02247826;0.04988933;0.33693281
-0.02247826;0.04988933;0.33693281
-0.024454545;0.04988933;0.34483793
-0.024454545;0.04988933;0.34483793
-0.02247826;0.04988933;0.34483793
-0.024454545;0.04988933;0.34483793
-0.024454545;0.04988933;0.34483793
-0.024454545;0.04988933;0.33693281
-0.024454545;0.051865611;0.34483793
-0.024454545;0.04988933;0.34483793
-0.024454545;0.051865611;0.34483793
-0.024454545;0.051865611;0.34483793
-0.02643083;0.04988933;0.34483793
-0.02643083;0.051865611;0.34483793
-0.02643083;0.051865611;0.33693281
-0.02643083;0.04988933;0.35274309
-0.024454545;0.051865611;0.33693281
-0.024454545;0.051865611;0.34483793
-0.02643083;0.04988933;0.34483793
-0.02643083;0.051865611;0.34483793
-0.028407115;0.051865611;0.34483793
-0.02643083;0.051865611;0.34483793
-0.02643083;0.04988933;0.34483793
-0.02643083;0.051865611;0.34483793
-0.028407115;0.051865611;0.34483793
-0.028407115;0.051865611;0.33693281
-0.028407115;0.051865611;0.34483793
-0.030383399;0.051865611;0.34483793
-0.028407115;0.051865611;0.34483793
-0.028407115;0.051865611;0.34483793
-0.02643083;0.051865611;0.34483793
-0.030383399;0.053841896;0.34483793
-0.028407115;0.051865611;0.34483793
-0.028407115;0.053841896;0.34483793
-0.030383399;0.051865611;0.34483793
-0.028407115;0.051865611;0.34483793
-0.030383399;0.051865611;0.34483793
-0.028407115;0.051865611;0.34483793
-0.030383399;0.051865611;0.33693281
-0.030383399;0.051865611;0.34483793
-0.030383399;0.051865611;0.34483793
-0.030383399;0.053841896;0.34483793
-0.030383399;0.051865611;0.34483793
-0.030383399;0.053841896;0.34483793
-0.030383399;0.053841896;0.34483793
-0.032359682;0.053841896;0.34483793
-0.030383399;0.051865611;0.34483793
-0.032359682;0.053841896;0.34483793
-0.030383399;0.053841896;0.34483793
-0.030383399;0.053841896;0.34483793
-0.030383399;0.053841896;0.34483793
-0.030383399;0.053841896;0.34483793
-0.032359682;0.055818181;0.34483793
-0.030383399;0.055818181;0.34483793
-0.032359682;0.055818181;0.33693281
-0.030383399;0.053841896;0.34483793
-0.032359682;0.053841896;0.34483793
-0.030383399;0.055818181;0.34483793
-0.032359682;0.053841896;0.35274309
-0.032359682;0.055818181;0.34483793
-0.030383399;0.055818181;0.34483793
-0.030383399;0.055818181;0.34483793
-0.032359682;0.053841896;0.34483793
-0.030383399;0.055818181;0.34483793
-0.032359682;0.055818181;0.34483793
-0.032359682;0.055818181;0.34483793
-0.032359682;0.053841896;0.35274309
-0.030383399;0.055818181;0.34483793
-0.032359682;0.053841896;0.35274309
-0.030383399;0.055818181;0.34483793
-0.030383399;0.057794467;0.35274309
-0.032359682;0.057794467;0.34483793
-0.030383399;0.055818181;0.33693281
-0.030383399;0.055818181;0.34483793
-0.030383399;0.055818181;0.34483793
-0.030383399;0.055818181;0.33693281
-0.032359682;0.055818181;0.34483793
-0.032359682;0.055818181;0.34483793
-0.032359682;0.057794467;0.33693281
-0.032359682;0.055818181;0.34483793
-0.030383399;0.057794467;0.34483793
-0.032359682;0.057794467;0.34483793
-0.030383399;0.055818181;0.34483793
-0.030383399;0.057794467;0.34483793
-0.030383399;0.057794467;0.34483793
-0.030383399;0.057794467;0.34483793
-0.030383399;0.057794467;0.34483793
-0.030383399;0.057794467;0.34483793
-0.030383399;0.057794467;0.34483793
-0.030383399;0.059770752;0.34483793
-0.030383399;0.057794467;0.35274309
-0.030383399;0.057794467;0.34483793
-0.030383399;0.057794467;0.34483793
-0.030383399;0.057794467;0.34483793
-0.030383399;0.057794467;0.34483793
-0.030383399;0.057794467;0.33693281
-0.030383399;0.057794467;0.34483793
-0.028407115;0.057794467;0.34483793
-0.030383399;0.057794467;0.34483793
-0.028407115;0.059770752;0.34483793
-0.028407115;0.059770752;0.34483793
-0.028407115;0.059770752;0.34483793
-0.030383399;0.059770752;0.34483793
-0.030383399;0.059770752;0.34483793
-0.030383399;0.057794467;0.34483793
-0.028407115;0.059770752;0.34483793
-0.028407115;0.057794467;0.34483793
-0.028407115;0.057794467;0.34483793
-0.028407115;0.059770752;0.34483793
-0.028407115;0.059770752;0.33693281
-0.02643083;0.059770752;0.34483793
-0.02643083;0.059770752;0.34483793
-0.028407115;0.059770752;0.34483793
-0.02643083;0.059770752;0.34483793
-0.02643083;0.059770752;0.34483793
-0.02643083;0.059770752;0.34483793
-0.02643083;0.059770752;0.33693281
-0.02643083;0.059770752;0.34483793
-0.02643083;0.059770752;0.34483793
-0.02643083;0.059770752;0.33693281
-0.02643083;0.059770752;0.34483793
-0.02643083;0.059770752;0.34483793
-0.02643083;0.061747037;0.34483793
-0.02643083;0.059770752;0.34483793
-0.024454545;0.059770752;0.34483793
-0.024454545;0.059770752;0.34483793
-0.024454545;0.061747037;0.34483793
-0.024454545;0.059770752;0.34483793
-0.024454545;0.061747037;0.34483793
-0.024454545;0.061747037;0.34483793
-0.024454545;0.061747037;0.34483793
-0.024454545;0.059770752;0.34483793
-0.02247826;0.061747037;0.34483793
-0.02247826;0.061747037;0.34483793
-0.02247826;0.061747037;0.34483793
-0.02247826;0.061747037;0.34483793
-0.02247826;0.061747037;0.34483793
-0.02247826;0.061747037;0.34483793
-0.02247826;0.059770752;0.34483793
-0.02247826;0.061747037;0.34483793
-0.020501977;0.059770752;0.33693281
-0.020501977;0.061747037;0.33693281
-0.02247826;0.061747037;0.33693281
-0.020501977;0.061747037;0.34483793
-0.020501977;0.061747037;0.34483793
-0.020501977;0.061747037;0.34483793
-0.020501977;0.061747037;0.34483793
-0.020501977;0.061747037;0.34483793
-0.020501977;0.061747037;0.34483793
-0.020501977;0.061747037;0.34483793
-0.020501977;0.061747037;0.34483793
-0.020501977;0.061747037;0.34483793
-0.018525692;0.061747037;0.34483793
-0.020501977;0.061747037;0.34483793
-0.020501977;0.061747037;0.34483793
-0.018525692;0.061747037;0.34483793
-0.018525692;0.061747037;0.34483793
-0.016549407;0.063723318;0.34483793
-0.016549407;0.061747037;0.34483793
-0.016549407;0.061747037;0.34483793
-0.016549407;0.061747037;0.34483793
-0.016549407;0.061747037;0.34483793
-0.018525692;0.061747037;0.33693281
-0.014573122;0.061747037;0.34483793
-0.016549407;0.063723318;0.34483793
-0.014573122;0.063723318;0.34483793
-0.014573122;0.063723318;0.34483793
-0.014573122;0.063723318;0.34483793
-0.014573122;0.061747037;0.34483793
-0.014573122;0.063723318;0.34483793
-0.014573122;0.063723318;0.34483793
-0.012596838;0.061747037;0.35274309
-0.012596838;0.063723318;0.34483793
-0.012596838;0.063723318;0.34483793
-0.010620553;0.063723318;0.34483793
-0.012596838;0.063723318;0.34483793
-0.010620553;0.063723318;0.33693281
-0.010620553;0.063723318;0.34483793
-0.012596838;0.063723318;0.34483793
-0.010620553;0.063723318;0.34483793
-0.010620553;0.063723318;0.34483793
-0.010620553;0.063723318;0.33693281
-0.010620553;0.061747037;0.34483793
-0.010620553;0.065699607;0.34483793
-0.010620553;0.061747037;0.34483793
-0.0086442688;0.063723318;0.35274309
-0.0086442688;0.063723318;0.34483793
-0.0086442688;0.065699607;0.34483793
-0.0066679842;0.063723318;0.34483793
-0.0066679842;0.063723318;0.34483793
-0.0086442688;0.063723318;0.34483793
-0.0086442688;0.065699607;0.34483793
-0.0046916995;0.065699607;0.34483793
-0.0066679842;0.063723318;0.34483793
-0.0066679842;0.063723318;0.34483793
-0.0066679842;0.063723318;0.34483793
-0.0046916995;0.065699607;0.34483793
-0.0046916995;0.065699607;0.33693281
-0.0046916995;0.065699607;0.33693281
-0.0046916995;0.065699607;0.34483793
-0.0027154151;0.063723318;0.34483793
-0.0027154151;0.065699607;0.34483793
-0.0027154151;0.065699607;0.34483793
-0.0027154151;0.063723318;0.33693281
-0.0027154151;0.063723318;0.33693281
-0.00073913042;0.063723318;0.33693281
-0.0027154151;0.065699607;0.34483793
-0.00073913042;0.065699607;0.34483793
-0.00073913042;0.065699607;0.34483793
-0.00073913042;0.065699607;0.34483793
0.0012371541;0.065699607;0.34483793
-0.00073913042;0.065699607;0.34483793
0.0012371541;0.063723318;0.33693281
-0.00073913042;0.063723318;0.34483793
0.0012371541;0.067675889;0.34483793
0.0012371541;0.063723318;0.34483793
0.0012371541;0.065699607;0.34483793
0.0012371541;0.065699607;0.34483793
0.0032134387;0.063723318;0.35274309
0.0051897233;0.065699607;0.34483793
0.0051897233;0.063723318;0.34483793
0.0051897233;0.065699607;0.33693281
0.0051897233;0.065699607;0.34483793
0.0051897233;0.065699607;0.35274309
0.0051897233;0.065699607;0.34483793
0.007166008;0.065699607;0.34483793
0.007166008;0.065699607;0.34483793
0.007166008;0.067675889;0.34483793
0.0091422927;0.067675889;0.34483793
0.0091422927;0.067675889;0.34483793
0.007166008;0.067675889;0.34483793
0.0091422927;0.065699607;0.34483793
0.0091422927;0.067675889;0.34483793
0.0091422927;0.065699607;0.34483793
0.0091422927;0.067675889;0.34483793
0.011118577;0.067675889;0.34483793
0.011118577;0.067675889;0.34483793
0.011118577;0.065699607;0.33693281
0.013094862;0.065699607;0.34483793
0.011118577;0.065699607;0.34483793
0.011118577;0.065699607;0.34483793
0.013094862;0.067675889;0.34483793
0.013094862;0.067675889;0.34483793
0.013094862;0.065699607;0.34483793
0.015071146;0.067675889;0.34483793
0.015071146;0.065699607;0.34483793
0.015071146;0.065699607;0.34483793
0.015071146;0.065699607;0.34483793
0.015071146;0.067675889;0.34483793
0.015071146;0.065699607;0.34483793
0.017047431;0.065699607;0.34483793
0.017047431;0.067675889;0.34483793
0.017047431;0.067675889;0.34483793
0.017047431;0.067675889;0.34483793
0.019023715;0.067675889;0.34483793
0.017047431;0.065699607;0.34483793
0.019023715;0.067675889;0.34483793
0.021;0.067675889;0.33693281
0.019023715;0.067675889;0.34483793
0.021;0.067675889;0.34483793
0.022976285;0.067675889;0.34483793
0.021;0.067675889;0.34483793
0.022976285;0.067675889;0.34483793
0.022976285;0.067675889;0.34483793
0.021;0.065699607;0.34483793
0.021;0.067675889;0.33693281
0.02495257;0.067675889;0.34483793
0.022976285;0.067675889;0.33693281
0.022976285;0.067675889;0.33693281
0.02495257;0.067675889;0.33693281
0.022976285;0.067675889;0.34483793
0.02495257;0.067675889;0.34483793
0.02495257;0.065699607;0.34483793
0.026928853;0.067675889;0.33693281
0.02495257;0.069652177;0.34483793
0.028905138;0.067675889;0.34483793
0.026928853;0.069652177;0.34483793
0.028905138;0.069652177;0.34483793
0.028905138;0.067675889;0.34483793
0.028905138;0.067675889;0.34483793
0.028905138;0.067675889;0.33693281
0.030881424;0.067675889;0.34483793
0.030881424;0.067675889;0.34483793
0.030881424;0.067675889;0.34483793
0.030881424;0.067675889;0.34483793
0.030881424;0.067675889;0.34483793
0.032857709;0.067675889;0.34483793
0.030881424;0.069652177;0.34483793
0.032857709;0.067675889;0.34483793
0.030881424;0.067675889;0.34483793
0.032857709;0.067675889;0.34483793
0.034833994;0.067675889;0.34483793
0.034833994;0.067675889;0.34483793
0.034833994;0.067675889;0.33693281
0.034833994;0.067675889;0.34483793
0.036810275;0.067675889;0.34483793
0.034833994;0.067675889;0.34483793
0.036810275;0.067675889;0.34483793
0.034833994;0.067675889;0.34483793
0.036810275;0.067675889;0.34483793
0.03878656;0.067675889;0.35274309
0.03878656;0.069652177;0.34483793
0.03878656;0.067675889;0.34483793
0.03878656;0.067675889;0.33693281
0.040762845;0.069652177;0.34483793
0.03878656;0.067675889;0.34483793
0.040762845;0.067675889;0.34483793
0.040762845;0.067675889;0.34483793
0.040762845;0.067675889;0.34483793
0.040762845;0.067675889;0.34483793
0.042739131;0.069652177;0.34483793
0.042739131;0.067675889;0.34483793
0.042739131;0.067675889;0.34483793
0.042739131;0.067675889;0.34483793
0.042739131;0.067675889;0.33693281
0.042739131;0.069652177;0.33693281
0.044715416;0.067675889;0.34483793
0.044715416;0.067675889;0.33693281
0.044715416;0.067675889;0.33693281
0.046691701;0.067675889;0.34483793
0.046691701;0.067675889;0.33693281
0.046691701;0.067675889;0.33693281
0.046691701;0.067675889;0.33693281
0.046691701;0.067675889;0.34483793
0.046691701;0.067675889;0.34483793
0.048667986;0.069652177;0.34483793
0.046691701;0.067675889;0.34483793
0.046691701;0.069652177;0.34483793
0.050644267;0.069652177;0.34483793
0.048667986;0.069652177;0.34483793
0.048667986;0.069652177;0.34483793
0.050644267;0.069652177;0.34483793
0.050644267;0.069652177;0.34483793
0.050644267;0.069652177;0.34483793
0.050644267;0.069652177;0.34483793
0.052620552;0.067675889;0.34483793
0.052620552;0.069652177;0.34483793
0.052620552;0.069652177;0.34483793
0.052620552;0.067675889;0.34483793
0.054596838;0.069652177;0.34483793
0.052620552;0.069652177;0.34483793
0.054596838;0.069652177;0.33693281
0.052620552;0.067675889;0.34483793
0.054596838;0.069652177;0.34483793
0.054596838;0.069652177;0.34483793
0.054596838;0.069652177;0.34483793
0.054596838;0.069652177;0.34483793
0.056573123;0.069652177;0.34483793
0.054596838;0.069652177;0.34483793
0.054596838;0.069652177;0.34483793
0.054596838;0.069652177;0.34483793
0.056573123;0.069652177;0.34483793
0.056573123;0.069652177;0.34483793
0.058549408;0.069652177;0.33693281
0.056573123;0.069652177;0.34483793
0.058549408;0.069652177;0.34483793
0.058549408;0.069652177;0.33693281
0.058549408;0.069652177;0.34483793
0.058549408;0.069652177;0.35274309
0.058549408;0.067675889;0.34483793
0.058549408;0.069652177;0.34483793
0.060525693;0.069652177;0.34483793
0.060525693;0.069652177;0.34483793
0.058549408;0.069652177;0.34483793
0.060525693;0.069652177;0.34483793
0.060525693;0.069652177;0.34483793
0.060525693;0.069652177;0.33693281
0.062501974;0.067675889;0.34483793
0.062501974;0.069652177;0.34483793
0.062501974;0.069652177;0.34483793
0.062501974;0.069652177;0.34483793
0.064478263;0.069652177;0.35274309
0.062501974;0.067675889;0.33693281
0.064478263;0.069652177;0.34483793
0.064478263;0.069652177;0.34483793
0.064478263;0.069652177;0.35274309
0.064478263;0.067675889;0.34483793
0.064478263;0.069652177;0.34483793
0.064478263;0.069652177;0.34483793
0.064478263;0.069652177;0.34483793
0.066454545;0.069652177;0.34483793
0.064478263;0.069652177;0.34483793
0.066454545;0.067675889;0.35274309
0.064478263;0.069652177;0.35274309
0.066454545;0.069652177;0.35274309
0.066454545;0.069652177;0.33693281
0.066454545;0.069652177;0.34483793
0.066454545;0.067675889;0.34483793
0.068430834;0.067675889;0.34483793
0.068430834;0.069652177;0.34483793
0.068430834;0.069652177;0.34483793
0.068430834;0.069652177;0.33693281
0.068430834;0.069652177;0.34483793
0.068430834;0.069652177;0.34483793
0.066454545;0.069652177;0.34483793
0.068430834;0.069652177;0.34483793
0.068430834;0.069652177;0.34483793
0.070407115;0.069652177;0.34483793
0.070407115;0.069652177;0.34483793
0.068430834;0.069652177;0.34483793
0.068430834;0.069652177;0.34483793
0.070407115;0.069652177;0.35274309
0.070407115;0.069652177;0.34483793
0.070407115;0.069652177;0.35274309
0.070407115;0.069652177;0.34483793
0.070407115;0.069652177;0.34483793
0.070407115;0.069652177;0.34483793
0.072383396;0.069652177;0.34483793
0.070407115;0.069652177;0.34483793
0.072383396;0.067675889;0.34483793
0.074359685;0.069652177;0.33693281
0.070407115;0.069652177;0.34483793
0.072383396;0.069652177;0.34483793
0.072383396;0.067675889;0.34483793
0.072383396;0.069652177;0.34483793
0.074359685;0.067675889;0.34483793
0.072383396;0.067675889;0.34483793
0.072383396;0.069652177;0.35274309
0.074359685;0.067675889;0.33693281
0.072383396;0.069652177;0.34483793
0.074359685;0.069652177;0.34483793
0.074359685;0.069652177;0.33693281
0.074359685;0.069652177;0.33693281
0.072383396;0.067675889;0.34483793
0.074359685;0.067675889;0.34483793
0.074359685;0.069652177;0.34483793
0.074359685;0.067675889;0.34483793
0.074359685;0.069652177;0.34483793
0.074359685;0.069652177;0.33693281
0.074359685;0.069652177;0.34483793
0.074359685;0.067675889;0.34483793
0.074359685;0.069652177;0.34483793
0.076335967;0.069652177;0.34483793
0.074359685;0.069652177;0.34483793
0.076335967;0.067675889;0.34483793
0.076335967;0.067675889;0.34483793
0.076335967;0.067675889;0.34483793
0.076335967;0.067675889;0.33693281
0.076335967;0.067675889;0.34483793
0.076335967;0.067675889;0.34483793
0.076335967;0.069652177;0.34483793
0.076335967;0.069652177;0.34483793
0.076335967;0.067675889;0.33693281
0.076335967;0.067675889;0.34483793
0.078312255;0.067675889;0.34483793
0.074359685;0.067675889;0.34483793
0.076335967;0.067675889;0.34483793
0.076335967;0.067675889;0.34483793
0.076335967;0.067675889;0.34483793
0.076335967;0.069652177;0.34483793
0.078312255;0.067675889;0.34483793
0.076335967;0.069652177;0.34483793
0.076335967;0.067675889;0.34483793
0.076335967;0.067675889;0.34483793
0.076335967;0.069652177;0.34483793
0.076335967;0.067675889;0.34483793
0.076335967;0.067675889;0.34483793
0.076335967;0.067675889;0.34483793
0.076335967;0.067675889;0.35274309
0.076335967;0.067675889;0.33693281
0.076335967;0.067675889;0.34483793
0.078312255;0.067675889;0.34483793
0.078312255;0.067675889;0.34483793
0.076335967;0.067675889;0.34483793
0.078312255;0.067675889;0.34483793
0.078312255;0.067675889;0.34483793
0.078312255;0.067675889;0.34483793
0.076335967;0.067675889;0.34483793
0.078312255;0.067675889;0.34483793
0.076335967;0.067675889;0.34483793
0.076335967;0.067675889;0.34483793
0.076335967;0.067675889;0.33693281
0.076335967;0.069652177;0.34483793
0.076335967;0.067675889;0.34483793
0.076335967;0.067675889;0.34483793
0.076335967;0.067675889;0.34483793
0.076335967;0.067675889;0.34483793
0.076335967;0.067675889;0.34483793
0.078312255;0.067675889;0.34483793
0.074359685;0.067675889;0.35274309
0.076335967;0.067675889;0.33693281
0.074359685;0.067675889;0.34483793
0.074359685;0.067675889;0.34483793
0.076335967;0.067675889;0.34483793
0.076335967;0.067675889;0.34483793
0.074359685;0.067675889;0.34483793
0.074359685;0.067675889;0.34483793
0.074359685;0.067675889;0.34483793
0.076335967;0.067675889;0.34483793
0.074359685;0.067675889;0.33693281
0.074359685;0.067675889;0.34483793
0.074359685;0.065699607;0.34483793
0.074359685;0.067675889;0.34483793
0.072383396;0.067675889;0.34483793
0.074359685;0.067675889;0.34483793
0.072383396;0.067675889;0.34483793
0.074359685;0.067675889;0.35274309
0.074359685;0.067675889;0.34483793
0.072383396;0.067675889;0.33693281
0.072383396;0.067675889;0.34483793
0.072383396;0.065699607;0.34483793
0.072383396;0.067675889;0.33693281
0.072383396;0.067675889;0.34483793
0.072383396;0.067675889;0.34483793
0.072383396;0.065699607;0.34483793
0.072383396;0.067675889;0.33693281
0.072383396;0.067675889;0.33693281
0.070407115;0.067675889;0.34483793
0.072383396;0.067675889;0.34483793
0.072383396;0.067675889;0.34483793
0.070407115;0.065699607;0.34483793
0.072383396;0.065699607;0.34483793
0.070407115;0.065699607;0.34483793
0.070407115;0.065699607;0.34483793
0.070407115;0.065699607;0.34483793
0.072383396;0.067675889;0.34483793
0.070407115;0.065699607;0.34483793
0.068430834;0.065699607;0.34483793
0.070407115;0.065699607;0.34483793
0.068430834;0.067675889;0.34483793
0.066454545;0.067675889;0.34483793
0.068430834;0.065699607;0.34483793
0.068430834;0.065699607;0.34483793
0.068430834;0.067675889;0.33693281
0.068430834;0.063723318;0.34483793
0.068430834;0.065699607;0.34483793
0.070407115;0.065699607;0.34483793
0.068430834;0.065699607;0.34483793
0.068430834;0.065699607;0.34483793
0.066454545;0.065699607;0.34483793
0.066454545;0.065699607;0.34483793
0.066454545;0.063723318;0.34483793
0.066454545;0.067675889;0.34483793
0.066454545;0.065699607;0.34483793
0.066454545;0.065699607;0.34483793
0.066454545;0.065699607;0.34483793
0.064478263;0.063723318;0.34483793
0.064478263;0.065699607;0.34483793
0.064478263;0.065699607;0.34483793
0.064478263;0.065699607;0.34483793
0.064478263;0.065699607;0.34483793
0.064478263;0.065699607;0.34483793
0.064478263;0.065699607;0.34483793
0.064478263;0.063723318;0.34483793
0.062501974;0.065699607;0.34483793
0.062501974;0.065699607;0.34483793
0.062501974;0.065699607;0.33693281
0.062501974;0.065699607;0.33693281
0.064478263;0.065699607;0.34483793
0.062501974;0.063723318;0.34483793
0.062501974;0.063723318;0.34483793
0.062501974;0.065699607;0.34483793
0.062501974;0.063723318;0.33693281
0.060525693;0.065699607;0.33693281
0.060525693;0.065699607;0.33693281
0.058549408;0.063723318;0.34483793
0.060525693;0.063723318;0.34483793
0.060525693;0.063723318;0.34483793
0.060525693;0.065699607;0.34483793
0.058549408;0.063723318;0.34483793
0.058549408;0.063723318;0.34483793
0.058549408;0.063723318;0.34483793
0.058549408;0.063723318;0.33693281
0.056573123;0.063723318;0.35274309
0.058549408;0.063723318;0.33693281
0.056573123;0.063723318;0.34483793
0.056573123;0.063723318;0.34483793
0.056573123;0.063723318;0.34483793
0.056573123;0.065699607;0.34483793
0.054596838;0.063723318;0.34483793
0.054596838;0.061747037;0.34483793
0.054596838;0.061747037;0.34483793
0.054596838;0.063723318;0.33693281
0.054596838;0.063723318;0.34483793
0.054596838;0.063723318;0.34483793
0.054596838;0.061747037;0.34483793
0.054596838;0.061747037;0.34483793
0.054596838;0.063723318;0.34483793
0.052620552;0.063723318;0.34483793
0.052620552;0.061747037;0.34483793
0.052620552;0.063723318;0.34483793
0.052620552;0.061747037;0.34483793
0.050644267;0.063723318;0.33693281
0.050644267;0.061747037;0.34483793
0.050644267;0.061747037;0.34483793
0.048667986;0.061747037;0.34483793
0.050644267;0.061747037;0.34483793
0.048667986;0.061747037;0.33693281
0.048667986;0.063723318;0.34483793
0.048667986;0.061747037;0.34483793
0.048667986;0.061747037;0.34483793
0.048667986;0.061747037;0.33693281
0.048667986;0.061747037;0.33693281
0.046691701;0.061747037;0.33693281
0.046691701;0.061747037;0.34483793
0.046691701;0.061747037;0.34483793
0.046691701;0.061747037;0.34483793
0.046691701;0.061747037;0.34483793
0.044715416;0.061747037;0.33693281
0.044715416;0.061747037;0.34483793
0.042739131;0.061747037;0.34483793
0.044715416;0.061747037;0.33693281
0.042739131;0.061747037;0.34483793
0.042739131;0.059770752;0.34483793
0.042739131;0.061747037;0.34483793
0.042739131;0.061747037;0.34483793
0.042739131;0.059770752;0.34483793
0.040762845;0.059770752;0.33693281
0.040762845;0.059770752;0.33693281
0.03878656;0.059770752;0.33693281
0.040762845;0.061747037;0.34483793
0.03878656;0.061747037;0.33693281
0.03878656;0.061747037;0.34483793
0.03878656;0.061747037;0.33693281
0.040762845;0.061747037;0.33693281
0.03878656;0.061747037;0.34483793
0.03878656;0.061747037;0.34483793
0.036810275;0.059770752;0.33693281
0.036810275;0.061747037;0.34483793
0.036810275;0.059770752;0.34483793
0.036810275;0.059770752;0.34483793
0.036810275;0.059770752;0.34483793
0.034833994;0.059770752;0.34483793
0.034833994;0.059770752;0.34483793
0.032857709;0.059770752;0.34483793
0.032857709;0.057794467;0.33693281
0.032857709;0.059770752;0.34483793
0.034833994;0.059770752;0.34483793
0.032857709;0.059770752;0.33693281
0.030881424;0.059770752;0.34483793
0.030881424;0.059770752;0.34483793
0.030881424;0.059770752;0.34483793
0.030881424;0.059770752;0.34483793
0.030881424;0.057794467;0.34483793
0.028905138;0.059770752;0.34483793
0.030881424;0.059770752;0.33693281
0.028905138;0.059770752;0.34483793
0.030881424;0.057794467;0.34483793
0.028905138;0.057794467;0.34483793
0.028905138;0.059770752;0.34483793
0.026928853;0.057794467;0.34483793
0.026928853;0.059770752;0.33693281
0.028905138;0.059770752;0.34483793
0.026928853;0.057794467;0.34483793
0.026928853;0.057794467;0.34483793
0.02495257;0.057794467;0.34483793
0.02495257;0.057794467;0.34483793
0.02495257;0.057794467;0.34483793
0.022976285;0.057794467;0.34483793
0.022976285;0.057794467;0.34483793
0.022976285;0.057794467;0.34483793
0.022976285;0.057794467;0.34483793
0.022976285;0.057794467;0.34483793
0.022976285;0.057794467;0.34483793
0.022976285;0.057794467;0.34483793
0.022976285;0.057794467;0.34483793
0.021;0.057794467;0.34483793
0.019023715;0.057794467;0.34483793
0.021;0.057794467;0.34483793
0.021;0.057794467;0.34483793
0.019023715;0.057794467;0.34483793
0.019023715;0.057794467;0.34483793
0.019023715;0.057794467;0.34483793
0.019023715;0.055818181;0.34483793
0.019023715;0.055818181;0.33693281
0.017047431;0.055818181;0.33693281
0.017047431;0.055818181;0.34483793
0.017047431;0.055818181;0.34483793
0.015071146;0.057794467;0.34483793
0.017047431;0.055818181;0.34483793
0.015071146;0.055818181;0.34483793
0.015071146;0.055818181;0.34483793
0.015071146;0.055818181;0.34483793
0.015071146;0.055818181;0.34483793
0.015071146;0.055818181;0.34483793
0.011118577;0.055818181;0.34483793
0.011118577;0.055818181;0.34483793
0.013094862;0.055818181;0.34483793
0.011118577;0.055818181;0.34483793
0.011118577;0.055818181;0.34483793
0.011118577;0.055818181;0.33693281
0.011118577;0.055818181;0.33693281
0.0091422927;0.055818181;0.34483793
0.0091422927;0.055818181;0.34483793
0.011118577;0.053841896;0.34483793
0.0091422927;0.053841896;0.34483793
0.0091422927;0.055818181;0.34483793
0.007166008;0.053841896;0.34483793
0.007166008;0.053841896;0.34483793
0.007166008;0.053841896;0.34483793
0.007166008;0.055818181;0.34483793
0.007166008;0.053841896;0.34483793
0.0051897233;0.053841896;0.34483793
0.007166008;0.053841896;0.34483793
0.0051897233;0.053841896;0.34483793
0.0032134387;0.053841896;0.34483793
0.0051897233;0.053841896;0.34483793
0.0032134387;0.053841896;0.34483793
0.0051897233;0.053841896;0.33693281
0.0032134387;0.053841896;0.34483793
0.0032134387;0.053841896;0.34483793
-0.00073913042;0.053841896;0.34483793
0.0032134387;0.053841896;0.34483793
-0.00073913042;0.053841896;0.34483793
-0.00073913042;0.051865611;0.33693281
0.0012371541;0.053841896;0.34483793
-0.00073913042;0.053841896;0.34483793
-0.0027154151;0.051865611;0.34483793
-0.0027154151;0.053841896;0.33693281
-0.00073913042;0.051865611;0.34483793
-0.00073913042;0.051865611;0.34483793
-0.0046916995;0.051865611;0.34483793
-0.0046916995;0.051865611;0.34483793
-0.0027154151;0.053841896;0.34483793
-0.0027154151;0.051865611;0.34483793
-0.0027154151;0.051865611;0.34483793
-0.0027154151;0.051865611;0.33693281
-0.0046916995;0.051865611;0.33693281
-0.0046916995;0.051865611;0.34483793
-0.0066679842;0.051865611;0.34483793
-0.0066679842;0.051865611;0.34483793
-0.0066679842;0.051865611;0.34483793
-0.0066679842;0.051865611;0.34483793
-0.0066679842;0.051865611;0.33693281
-0.0066679842;0.051865611;0.34483793
-0.0066679842;0.051865611;0.33693281
-0.0086442688;0.04988933;0.34483793
-0.0086442688;0.051865611;0.34483793
-0.0086442688;0.04988933;0.34483793
-0.0086442688;0.04988933;0.34483793
-0.010620553;0.04988933;0.34483793
-0.0086442688;0.04988933;0.34483793
-0.010620553;0.04988933;0.34483793
-0.010620553;0.04988933;0.34483793
-0.010620553;0.04988933;0.34483793
-0.012596838;0.04988933;0.34483793
-0.010620553;0.04988933;0.33693281
-0.010620553;0.04988933;0.34483793
-0.010620553;0.04988933;0.34483793
-0.012596838;0.04988933;0.34483793
-0.012596838;0.04988933;0.33693281
-0.012596838;0.04988933;0.34483793
-0.012596838;0.047913045;0.34483793
-0.012596838;0.047913045;0.35274309
-0.014573122;0.04988933;0.34483793
-0.012596838;0.04988933;0.34483793
-0.014573122;0.047913045;0.34483793
-0.014573122;0.04988933;0.34483793
-0.014573122;0.047913045;0.34483793
-0.014573122;0.04988933;0.34483793
-0.014573122;0.047913045;0.33693281
-0.014573122;0.047913045;0.34483793
-0.016549407;0.047913045;0.34483793
-0.016549407;0.047913045;0.33693281
-0.016549407;0.047913045;0.33693281
-0.016549407;0.047913045;0.34483793
-0.016549407;0.047913045;0.34483793
-0.016549407;0.047913045;0.34483793
-0.018525692;0.047913045;0.33693281
-0.018525692;0.047913045;0.34483793
-0.018525692;0.047913045;0.34483793
-0.020501977;0.047913045;0.34483793
-0.020501977;0.04593676;0.34483793
-0.018525692;0.047913045;0.34483793
-0.018525692;0.047913045;0.34483793
-0.020501977;0.047913045;0.34483793
-0.018525692;0.04593676;0.34483793
-0.020501977;0.047913045;0.34483793
-0.020501977;0.047913045;0.34483793
-0.020501977;0.047913045;0.34483793
-0.02247826;0.047913045;0.34483793
-0.020501977;0.047913045;0.33693281
-0.020501977;0.04593676;0.34483793
-0.02247826;0.047913045;0.34483793
-0.020501977;0.04593676;0.34483793
-0.02247826;0.047913045;0.34483793
-0.02247826;0.047913045;0.34483793
-0.02247826;0.04593676;0.34483793
-0.02247826;0.04593676;0.34483793
-0.02247826;0.04593676;0.33693281
-0.02247826;0.047913045;0.34483793
-0.02247826;0.04593676;0.34483793
-0.024454545;0.04593676;0.34483793
-0.024454545;0.047913045;0.34483793
-0.024454545;0.04593676;0.34483793
-0.024454545;0.04593676;0.34483793
-0.024454545;0.04593676;0.34483793
-0.02643083;0.04593676;0.34483793
-0.024454545;0.04593676;0.34483793
-0.024454545;0.04593676;0.34483793
-0.024454545;0.04593676;0.34483793
-0.02643083;0.04593676;0.34483793
-0.02643083;0.043960474;0.34483793
-0.02643083;0.043960474;0.34483793
-0.02643083;0.043960474;0.34483793
-0.02643083;0.04593676;0.34483793
-0.02643083;0.043960474;0.34483793
-0.028407115;0.043960474;0.34483793
-0.028407115;0.043960474;0.34483793
-0.028407115;0.043960474;0.33693281
-0.02643083;0.043960474;0.34483793
-0.028407115;0.041984189;0.34483793
-0.030383399;0.043960474;0.34483793
-0.02643083;0.043960474;0.34483793
-0.028407115;0.043960474;0.33693281
-0.028407115;0.041984189;0.34483793
-0.028407115;0.043960474;0.34483793
-0.028407115;0.041984189;0.33693281
-0.030383399;0.043960474;0.34483793
-0.028407115;0.041984189;0.34483793
-0.030383399;0.043960474;0.34483793
-0.030383399;0.043960474;0.34483793
-0.030383399;0.041984189;0.34483793
-0.030383399;0.041984189;0.34483793
-0.028407115;0.041984189;0.34483793
-0.030383399;0.041984189;0.34483793
-0.030383399;0.041984189;0.34483793
-0.030383399;0.041984189;0.34483793
-0.030383399;0.041984189;0.34483793
-0.028407115;0.041984189;0.34483793
-0.028407115;0.040007904;0.34483793
-0.030383399;0.041984189;0.34483793
-0.030383399;0.041984189;0.34483793
-0.032359682;0.041984189;0.34483793
-0.030383399;0.040007904;0.34483793
-0.030383399;0.040007904;0.34483793
-0.030383399;0.041984189;0.33693281
-0.030383399;0.041984189;0.35274309
-0.030383399;0.041984189;0.34483793
-0.030383399;0.040007904;0.33693281
-0.030383399;0.040007904;0.34483793
-0.032359682;0.040007904;0.34483793
-0.030383399;0.041984189;0.33693281
-0.032359682;0.041984189;0.34483793
-0.032359682;0.041984189;0.34483793
-0.030383399;0.041984189;0.34483793
-0.032359682;0.041984189;0.34483793
-0.032359682;0.040007904;0.34483793
-0.030383399;0.040007904;0.34483793
-0.030383399;0.040007904;0.33693281
-0.030383399;0.040007904;0.34483793
-0.032359682;0.040007904;0.33693281
-0.030383399;0.040007904;0.33693281
-0.032359682;0.040007904;0.34483793
-0.032359682;0.038031619;0.34483793
-0.030383399;0.038031619;0.34483793
-0.032359682;0.038031619;0.34483793
-0.032359682;0.040007904;0.34483793
-0.030383399;0.038031619;0.34483793
-0.030383399;0.040007904;0.34483793
-0.030383399;0.038031619;0.34483793
-0.030383399;0.038031619;0.33693281
-0.030383399;0.038031619;0.33693281
-0.032359682;0.038031619;0.34483793
-0.030383399;0.038031619;0.33693281
-0.032359682;0.038031619;0.34483793
-0.030383399;0.038031619;0.34483793
-0.032359682;0.038031619;0.34483793
-0.030383399;0.038031619;0.34483793
-0.032359682;0.038031619;0.34483793
-0.030383399;0.038031619;0.34483793
-0.030383399;0.038031619;0.34483793
-0.030383399;0.036055338;0.34483793
-0.030383399;0.038031619;0.33693281
-0.030383399;0.036055338;0.34483793
-0.030383399;0.038031619;0.34483793
-0.030383399;0.036055338;0.34483793
-0.030383399;0.036055338;0.34483793
-0.030383399;0.036055338;0.34483793
-0.030383399;0.036055338;0.33693281
-0.030383399;0.038031619;0.34483793
-0.030383399;0.038031619;0.34483793
-0.028407115;0.036055338;0.34483793
-0.030383399;0.036055338;0.34483793
-0.028407115;0.036055338;0.34483793
-0.030383399;0.036055338;0.34483793
-0.030383399;0.036055338;0.34483793
-0.028407115;0.036055338;0.33693281
-0.030383399;0.036055338;0.34483793
-0.028407115;0.036055338;0.33693281
-0.028407115;0.036055338;0.34483793
-0.028407115;0.034079053;0.34483793
-0.028407115;0.034079053;0.34483793
-0.028407115;0.036055338;0.34483793
-0.028407115;0.034079053;0.33693281
-0.028407115;0.036055338;0.35274309
-0.02643083;0.034079053;0.34483793
-0.02643083;0.036055338;0.34483793
-0.028407115;0.036055338;0.34483793
-0.028407115;0.036055338;0.34483793
-0.028407115;0.034079053;0.34483793
-0.02643083;0.034079053;0.34483793
-0.02643083;0.034079053;0.34483793
-0.02643083;0.034079053;0.34483793
-0.02643083;0.034079053;0.34483793
-0.02643083;0.034079053;0.33693281
-0.02643083;0.034079053;0.34483793
-0.024454545;0.034079053;0.34483793
-0.02643083;0.034079053;0.34483793
-0.02643083;0.032102767;0.33693281
-0.024454545;0.034079053;0.34483793
-0.02643083;0.032102767;0.34483793
-0.024454545;0.034079053;0.34483793
-0.024454545;0.034079053;0.34483793
-0.024454545;0.032102767;0.34483793
-0.024454545;0.032102767;0.34483793
-0.024454545;0.034079053;0.33693281
-0.024454545;0.032102767;0.34483793
-0.02247826;0.032102767;0.34483793
-0.02247826;0.032102767;0.34483793
-0.024454545;0.034079053;0.34483793
-0.02247826;0.034079053;0.34483793
-0.02247826;0.034079053;0.33693281
-0.02247826;0.032102767;0.34483793
-0.02247826;0.032102767;0.34483793
-0.02247826;0.032102767;0.34483793
-0.020501977;0.032102767;0.34483793
-0.02247826;0.032102767;0.34483793
-0.02247826;0.032102767;0.34483793
-0.020501977;0.032102767;0.34483793
-0.020501977;0.030126482;0.34483793
-0.020501977;0.030126482;0.34483793
-0.018525692;0.030126482;0.34483793
-0.02247826;0.030126482;0.34483793
-0.018525692;0.030126482;0.33693281
-0.020501977;0.030126482;0.33693281
-0.018525692;0.030126482;0.33693281
-0.020501977;0.028150197;0.34483793
-0.018525692;0.030126482;0.33693281
-0.018525692;0.030126482;0.34483793
-0.018525692;0.030126482;0.34483793
-0.018525692;0.030126482;0.34483793
-0.018525692;0.030126482;0.34483793
-0.018525692;0.030126482;0.34483793
-0.016549407;0.030126482;0.33693281
-0.016549407;0.028150197;0.34483793
-0.016549407;0.030126482;0.34483793
-0.016549407;0.028150197;0.35274309
-0.014573122;0.028150197;0.34483793
-0.016549407;0.028150197;0.34483793
-0.016549407;0.028150197;0.34483793
-0.014573122;0.028150197;0.34483793
-0.014573122;0.028150197;0.34483793
-0.014573122;0.028150197;0.34483793
-0.014573122;0.028150197;0.34483793
-0.014573122;0.028150197;0.34483793
-0.014573122;0.028150197;0.34483793
-0.012596838;0.028150197;0.34483793
-0.014573122;0.028150197;0.33693281
-0.012596838;0.028150197;0.34483793
-0.012596838;0.028150197;0.34483793
-0.012596838;0.028150197;0.34483793
-0.010620553;0.026173914;0.34483793
-0.010620553;0.026173914;0.34483793
-0.010620553;0.026173914;0.34483793
-0.010620553;0.026173914;0.35274309
-0.0086442688;0.026173914;0.33693281
-0.010620553;0.026173914;0.34483793
-0.010620553;0.026173914;0.34483793
-0.010620553;0.026173914;0.34483793
-0.0086442688;0.026173914;0.34483793
-0.0086442688;0.026173914;0.33693281
-0.0086442688;0.024197629;0.34483793
-0.0086442688;0.026173914;0.33693281
-0.0086442688;0.026173914;0.34483793
-0.0066679842;0.024197629;0.34483793
-0.0086442688;0.026173914;0.34483793
-0.0066679842;0.026173914;0.34483793
-0.0066679842;0.026173914;0.34483793
-0.0066679842;0.026173914;0.34483793
-0.0066679842;0.024197629;0.34483793
-0.0046916995;0.024197629;0.34483793
-0.0066679842;0.024197629;0.33693281
-0.0046916995;0.024197629;0.34483793
-0.0027154151;0.024197629;0.34483793
-0.0046916995;0.024197629;0.34483793
-0.0027154151;0.024197629;0.34483793
-0.0046916995;0.026173914;0.34483793
-0.0027154151;0.024197629;0.34483793
-0.0027154151;0.024197629;0.34483793
-0.0027154151;0.024197629;0.34483793
-0.0027154151;0.024197629;0.34483793
-0.00073913042;0.024197629;0.34483793
-0.0027154151;0.024197629;0.34483793
-0.00073913042;0.022221344;0.34483793
-0.00073913042;0.024197629;0.34483793
0.0012371541;0.022221344;0.34483793
-0.00073913042;0.022221344;0.34483793
0.0012371541;0.022221344;0.34483793
0.0012371541;0.022221344;0.34483793
0.0012371541;0.022221344;0.33693281
0.0012371541;0.022221344;0.34483793
0.0032134387;0.022221344;0.34483793
0.0032134387;0.022221344;0.34483793
0.0032134387;0.022221344;0.34483793
0.0051897233;0.022221344;0.33693281
0.0051897233;0.022221344;0.34483793
0.0032134387;0.022221344;0.35274309
0.0051897233;0.022221344;0.34483793
0.0051897233;0.022221344;0.34483793
0.007166008;0.020245058;0.33693281
0.0051897233;0.020245058;0.34483793
0.0091422927;0.020245058;0.34483793
0.007166008;0.020245058;0.33693281
0.007166008;0.022221344;0.34483793
0.007166008;0.020245058;0.34483793
0.0091422927;0.020245058;0.34483793
0.0091422927;0.020245058;0.34483793
0.0091422927;0.020245058;0.34483793
0.011118577;0.022221344;0.34483793
0.0091422927;0.020245058;0.34483793
0.011118577;0.018268775;0.34483793
0.011118577;0.020245058;0.34483793
0.013094862;0.020245058;0.34483793
0.013094862;0.020245058;0.34483793
0.015071146;0.018268775;0.33693281
0.013094862;0.020245058;0.33693281
0.013094862;0.020245058;0.34483793
0.015071146;0.018268775;0.34483793
0.015071146;0.018268775;0.33693281
0.015071146;0.020245058;0.34483793
0.015071146;0.020245058;0.35274309
0.017047431;0.018268775;0.34483793
0.017047431;0.018268775;0.34483793
0.017047431;0.018268775;0.34483793
0.017047431;0.018268775;0.34483793
0.017047431;0.018268775;0.34483793
0.019023715;0.018268775;0.34483793
0.019023715;0.018268775;0.34483793
0.019023715;0.020245058;0.34483793
0.019023715;0.01629249;0.34483793
0.017047431;0.018268775;0.34483793
0.019023715;0.018268775;0.34483793
0.021;0.01629249;0.34483793
0.022976285;0.01629249;0.34483793
0.021;0.01629249;0.34483793
0.022976285;0.01629249;0.34483793
0.022976285;0.01629249;0.34483793
0.022976285;0.018268775;0.34483793
0.022976285;0.01629249;0.34483793
0.022976285;0.01629249;0.34483793
0.022976285;0.01629249;0.34483793
0.02495257;0.01629249;0.34483793
0.022976285;0.01629249;0.34483793
0.02495257;0.01629249;0.34483793
0.02495257;0.01629249;0.34483793
0.026928853;0.01629249;0.33693281
0.026928853;0.01629249;0.34483793
0.026928853;0.01629249;0.34483793
0.026928853;0.01629249;0.34483793
0.026928853;0.014316206;0.34483793
0.026928853;0.012339921;0.34483793
0.028905138;0.014316206;0.34483793
0.030881424;0.01629249;0.34483793
0.028905138;0.014316206;0.33693281
0.028905138;0.014316206;0.34483793
0.030881424;0.014316206;0.34483793
0.028905138;0.014316206;0.34483793
0.030881424;0.014316206;0.34483793
0.028905138;0.014316206;0.33693281
0.032857709;0.014316206;0.34483793
0.032857709;0.014316206;0.35274309
0.032857709;0.014316206;0.34483793
0.032857709;0.014316206;0.34483793
0.032857709;0.014316206;0.34483793
0.034833994;0.012339921;0.33693281
0.034833994;0.012339921;0.34483793
0.034833994;0.012339921;0.33693281
0.034833994;0.014316206;0.34483793
0.034833994;0.012339921;0.35274309
0.036810275;0.014316206;0.34483793
0.034833994;0.012339921;0.34483793
0.034833994;0.012339921;0.34483793
0.036810275;0.012339921;0.34483793
0.036810275;0.010363637;0.34483793
0.03878656;0.012339921;0.34483793
0.03878656;0.010363637;0.34483793
0.040762845;0.010363637;0.35274309
0.040762845;0.012339921;0.33693281
0.040762845;0.010363637;0.34483793
0.040762845;0.012339921;0.34483793
0.040762845;0.010363637;0.34483793
0.040762845;0.010363637;0.34483793
0.042739131;0.010363637;0.33693281
0.040762845;0.012339921;0.34483793
0.042739131;0.010363637;0.34483793
0.042739131;0.010363637;0.34483793
0.042739131;0.010363637;0.34483793
0.044715416;0.010363637;0.33693281
0.042739131;0.010363637;0.34483793
0.044715416;0.010363637;0.34483793
0.044715416;0.010363637;0.34483793
0.044715416;0.010363637;0.34483793
0.046691701;0.010363637;0.34483793
0.046691701;0.010363637;0.34483793
0.046691701;0.010363637;0.34483793
0.046691701;0.0083873514;0.34483793
0.048667986;0.010363637;0.34483793
0.046691701;0.0083873514;0.34483793
0.048667986;0.0083873514;0.34483793
0.048667986;0.0083873514;0.34483793
0.048667986;0.0083873514;0.34483793
0.048667986;0.0083873514;0.34483793
0.048667986;0.0083873514;0.34483793
0.052620552;0.0083873514;0.33693281
0.052620552;0.0083873514;0.34483793
0.050644267;0.010363637;0.34483793
0.052620552;0.0083873514;0.34483793
0.050644267;0.0083873514;0.34483793
0.052620552;0.0083873514;0.34483793
0.050644267;0.0083873514;0.34483793
0.052620552;0.0083873514;0.35274309
0.052620552;0.0083873514;0.34483793
0.052620552;0.0064110672;0.34483793
0.054596838;0.0083873514;0.35274309
0.054596838;0.0083873514;0.33693281
0.052620552;0.0083873514;0.34483793
0.054596838;0.0064110672;0.34483793
0.054596838;0.0083873514;0.33693281
0.054596838;0.0064110672;0.34483793
0.056573123;0.0064110672;0.34483793
0.056573123;0.0064110672;0.34483793
0.056573123;0.0064110672;0.33693281
0.056573123;0.0064110672;0.34483793
0.058549408;0.0064110672;0.34483793
0.056573123;0.0064110672;0.34483793
0.056573123;0.0064110672;0.34483793
0.056573123;0.0044347825;0.34483793
0.060525693;0.0064110672;0.34483793
0.058549408;0.0064110672;0.34483793
0.058549408;0.0044347825;0.34483793
0.058549408;0.0064110672;0.34483793
0.060525693;0.0044347825;0.34483793
0.058549408;0.0044347825;0.34483793
0.060525693;0.0044347825;0.34483793
0.060525693;0.0064110672;0.34483793
0.060525693;0.0044347825;0.34483793
0.058549408;0.0064110672;0.34483793
0.060525693;0.0044347825;0.34483793
0.060525693;0.0024584981;0.34483793
0.062501974;0.0044347825;0.34483793
0.062501974;0.0044347825;0.34483793
0.062501974;0.0044347825;0.34483793
0.064478263;0.0044347825;0.34483793
0.062501974;0.0044347825;0.33693281
0.064478263;0.0044347825;0.34483793
0.064478263;0.0044347825;0.34483793
0.064478263;0.0024584981;0.34483793
0.064478263;0.0024584981;0.34483793
0.064478263;0.0044347825;0.34483793
0.064478263;0.0044347825;0.34483793
0.064478263;0.0044347825;0.34483793
0.064478263;0.0044347825;0.34483793
0.066454545;0.0024584981;0.34483793
0.064478263;0.0024584981;0.34483793
0.066454545;0.0024584981;0.34483793
0.064478263;0.0024584981;0.34483793
0.066454545;0.0024584981;0.34483793
0.066454545;0.0024584981;0.34483793
0.066454545;0.0024584981;0.34483793
0.066454545;0.0024584981;0.34483793
0.066454545;0.0024584981;0.34483793
0.068430834;0.00048221345;0.34483793
0.068430834;0.00048221345;0.34483793
0.068430834;0.0024584981;0.34483793
0.068430834;0.00048221345;0.34483793
0.068430834;0.0024584981;0.34483793
0.070407115;0.00048221345;0.33693281
0.068430834;0.0024584981;0.34483793
0.070407115;0.00048221345;0.33693281
0.070407115;0.0024584981;0.33693281
0.070407115;0.00048221345;0.35274309
0.070407115;0.00048221345;0.34483793
0.070407115;0.00048221345;0.34483793
0.070407115;0.00048221345;0.34483793
0.072383396;0.00048221345;0.35274309
0.070407115;-0.0014940711;0.34483793
0.070407115;0.00048221345;0.34483793
0.070407115;0.00048221345;0.34483793
0.070407115;-0.0014940711;0.34483793
0.072383396;-0.0014940711;0.34483793
0.072383396;0.00048221345;0.34483793
0.072383396;0.00048221345;0.34483793
0.072383396;-0.0014940711;0.34483793
0.072383396;0.00048221345;0.34483793
0.074359685;-0.0014940711;0.34483793
0.074359685;-0.0014940711;0.34483793
0.072383396;-0.0014940711;0.34483793
0.072383396;0.00048221345;0.34483793
0.074359685;-0.0014940711;0.34483793
0.072383396;-0.0014940711;0.34483793
0.074359685;-0.0014940711;0.34483793
0.074359685;0.00048221345;0.34483793
0.074359685;-0.0014940711;0.35274309
0.074359685;-0.0014940711;0.34483793
0.072383396;0.00048221345;0.34483793
0.074359685;-0.0014940711;0.34483793
0.074359685;-0.0014940711;0.34483793
0.074359685;-0.0014940711;0.34483793
0.074359685;-0.0014940711;0.34483793
0.074359685;-0.0014940711;0.34483793
0.074359685;-0.0034703556;0.34483793
0.074359685;-0.0034703556;0.35274309
0.076335967;-0.0034703556;0.33693281
0.076335967;-0.0034703556;0.33693281
0.076335967;-0.0034703556;0.34483793
0.076335967;-0.0034703556;0.34483793
0.078312255;-0.0014940711;0.34483793
0.076335967;-0.0014940711;0.34483793
0.074359685;-0.0034703556;0.34483793
0.076335967;-0.0034703556;0.34483793
0.076335967;-0.0034703556;0.33693281
0.076335967;-0.0034703556;0.34483793
0.076335967;-0.0034703556;0.33693281
0.076335967;-0.0034703556;0.34483793
0.076335967;-0.0014940711;0.34483793
0.078312255;-0.0034703556;0.34483793
0.074359685;-0.0034703556;0.34483793
0.076335967;-0.0054466403;0.34483793
0.074359685;-0.0034703556;0.34483793
0.076335967;-0.0034703556;0.34483793
0.076335967;-0.0034703556;0.34483793
0.076335967;-0.0034703556;0.33693281
0.076335967;-0.0034703556;0.34483793
0.076335967;-0.0034703556;0.34483793
0.076335967;-0.0034703556;0.34483793
0.078312255;-0.0034703556;0.34483793
0.076335967;-0.0054466403;0.34483793
0.076335967;-0.0054466403;0.34483793
0.076335967;-0.0054466403;0.34483793
0.078312255;-0.0054466403;0.33693281
0.078312255;-0.0054466403;0.34483793
0.076335967;-0.0054466403;0.34483793
0.076335967;-0.0054466403;0.33693281
0.078312255;-0.0054466403;0.34483793
0.074359685;-0.0054466403;0.34483793
0.074359685;-0.0054466403;0.34483793
0.076335967;-0.0054466403;0.34483793
0.078312255;-0.0054466403;0.35274309
0.076335967;-0.0054466403;0.34483793
0.074359685;-0.0054466403;0.34483793
0.076335967;-0.0054466403;0.34483793
0.076335967;-0.0054466403;0.34483793
0.076335967;-0.0054466403;0.34483793
0.076335967;-0.0054466403;0.34483793
0.076335967;-0.007422925;0.34483793
0.076335967;-0.0054466403;0.33693281
0.078312255;-0.0054466403;0.34483793
0.076335967;-0.0054466403;0.34483793
0.076335967;-0.0054466403;0.33693281
0.076335967;-0.0054466403;0.34483793
0.076335967;-0.007422925;0.34483793
0.074359685;-0.007422925;0.34483793
0.076335967;-0.007422925;0.34483793
0.074359685;-0.007422925;0.34483793
0.074359685;-0.0054466403;0.34483793
0.076335967;-0.007422925;0.33693281
0.074359685;-0.007422925;0.34483793
0.074359685;-0.007422925;0.34483793
0.074359685;-0.007422925;0.34483793
0.074359685;-0.007422925;0.34483793
0.074359685;-0.007422925;0.33693281
0.074359685;-0.0093992092;0.34483793
0.074359685;-0.007422925;0.34483793
0.072383396;-0.007422925;0.34483793
0.072383396;-0.007422925;0.34483793
0.072383396;-0.0093992092;0.34483793
0.072383396;-0.0093992092;0.33693281
0.072383396;-0.007422925;0.34483793
0.072383396;-0.007422925;0.34483793
0.072383396;-0.0093992092;0.34483793
0.072383396;-0.0093992092;0.33693281
0.072383396;-0.0093992092;0.34483793
0.072383396;-0.007422925;0.34483793
0.072383396;-0.0093992092;0.34483793
0.072383396;-0.0093992092;0.34483793
0.072383396;-0.0093992092;0.34483793
0.072383396;-0.0093992092;0.34483793
0.068430834;-0.0093992092;0.34483793
0.072383396;-0.0093992092;0.34483793
0.070407115;-0.0093992092;0.34483793
0.072383396;-0.0093992092;0.33693281
0.070407115;-0.0093992092;0.34483793
0.070407115;-0.0093992092;0.34483793
0.070407115;-0.0093992092;0.34483793
0.070407115;-0.011375494;0.35274309
0.070407115;-0.0093992092;0.34483793
0.070407115;-0.0093992092;0.34483793
0.070407115;-0.0093992092;0.34483793
0.068430834;-0.011375494;0.34483793
0.068430834;-0.011375494;0.34483793
0.068430834;-0.0093992092;0.33693281
0.070407115;-0.011375494;0.34483793
0.068430834;-0.011375494;0.34483793
0.068430834;-0.011375494;0.34483793
0.070407115;-0.011375494;0.33693281
0.068430834;-0.0093992092;0.34483793
0.066454545;-0.011375494;0.34483793
0.066454545;-0.011375494;0.34483793
0.068430834;-0.0093992092;0.34483793
0.066454545;-0.011375494;0.34483793
0.066454545;-0.011375494;0.34483793
0.066454545;-0.011375494;0.34483793
0.064478263;-0.0093992092;0.34483793
0.066454545;-0.011375494;0.34483793
0.064478263;-0.011375494;0.34483793
0.066454545;-0.011375494;0.34483793
0.066454545;-0.011375494;0.34483793
0.064478263;-0.011375494;0.34483793
0.064478263;-0.013351778;0.34483793
0.064478263;-0.011375494;0.34483793
0.062501974;-0.0093992092;0.34483793
0.064478263;-0.011375494;0.33693281
0.062501974;-0.013351778;0.34483793
0.062501974;-0.011375494;0.34483793
0.064478263;-0.011375494;0.34483793
0.062501974;-0.013351778;0.34483793
0.062501974;-0.013351778;0.34483793
0.062501974;-0.011375494;0.34483793
0.062501974;-0.013351778;0.34483793
0.062501974;-0.013351778;0.34483793
0.060525693;-0.011375494;0.34483793
0.062501974;-0.013351778;0.34483793
0.060525693;-0.013351778;0.34483793
0.060525693;-0.013351778;0.34483793
0.058549408;-0.013351778;0.34483793
0.058549408;-0.013351778;0.34483793
0.060525693;-0.011375494;0.34483793
0.060525693;-0.013351778;0.34483793
0.056573123;-0.013351778;0.34483793
0.058549408;-0.013351778;0.35274309
0.058549408;-0.013351778;0.35274309
0.058549408;-0.013351778;0.34483793
0.056573123;-0.013351778;0.34483793
0.056573123;-0.015328064;0.33693281
0.056573123;-0.013351778;0.33693281
0.056573123;-0.013351778;0.34483793
0.054596838;-0.013351778;0.34483793
0.054596838;-0.013351778;0.33693281
0.054596838;-0.013351778;0.34483793
0.054596838;-0.013351778;0.35274309
0.054596838;-0.015328064;0.35274309
0.054596838;-0.015328064;0.34483793
0.052620552;-0.013351778;0.34483793
0.052620552;-0.015328064;0.34483793
0.054596838;-0.015328064;0.33693281
0.052620552;-0.015328064;0.34483793
0.052620552;-0.013351778;0.34483793
0.054596838;-0.013351778;0.34483793
0.052620552;-0.015328064;0.34483793
0.050644267;-0.015328064;0.34483793
0.052620552;-0.015328064;0.34483793
0.052620552;-0.015328064;0.34483793
0.050644267;-0.015328064;0.34483793
0.052620552;-0.015328064;0.34483793
0.048667986;-0.015328064;0.34483793
0.050644267;-0.015328064;0.34483793
0.048667986;-0.015328064;0.34483793
0.048667986;-0.017304348;0.34483793
0.046691701;-0.015328064;0.34483793
0.046691701;-0.015328064;0.34483793
0.046691701;-0.015328064;0.34483793
0.046691701;-0.015328064;0.34483793
0.046691701;-0.015328064;0.34483793
0.046691701;-0.017304348;0.34483793
0.046691701;-0.017304348;0.33693281
0.044715416;-0.015328064;0.34483793
0.044715416;-0.017304348;0.34483793
0.044715416;-0.015328064;0.34483793
0.044715416;-0.015328064;0.34483793
0.042739131;-0.017304348;0.34483793
0.042739131;-0.017304348;0.34483793
0.042739131;-0.017304348;0.34483793
0.042739131;-0.017304348;0.34483793
0.040762845;-0.017304348;0.34483793
0.040762845;-0.017304348;0.34483793
0.042739131;-0.017304348;0.34483793
0.040762845;-0.017304348;0.34483793
0.042739131;-0.017304348;0.34483793
0.040762845;-0.017304348;0.34483793
0.040762845;-0.017304348;0.34483793
0.03878656;-0.017304348;0.34483793
0.03878656;-0.019280633;0.34483793
0.040762845;-0.017304348;0.35274309
0.03878656;-0.019280633;0.34483793
0.03878656;-0.017304348;0.35274309
0.036810275;-0.017304348;0.34483793
0.036810275;-0.017304348;0.34483793
0.036810275;-0.017304348;0.34483793
0.034833994;-0.017304348;0.33693281
0.034833994;-0.017304348;0.34483793
0.034833994;-0.017304348;0.34483793
0.034833994;-0.019280633;0.34483793
0.032857709;-0.017304348;0.34483793
0.032857709;-0.017304348;0.34483793
0.032857709;-0.019280633;0.34483793
0.032857709;-0.017304348;0.35274309
0.032857709;-0.019280633;0.34483793
0.032857709;-0.017304348;0.34483793
0.032857709;-0.019280633;0.34483793
0.030881424;-0.017304348;0.34483793
0.030881424;-0.019280633;0.34483793
0.030881424;-0.019280633;0.34483793
0.030881424;-0.019280633;0.34483793
0.030881424;-0.019280633;0.34483793
0.028905138;-0.019280633;0.34483793
0.028905138;-0.019280633;0.34483793
0.030881424;-0.019280633;0.34483793
0.026928853;-0.019280633;0.34483793
0.026928853;-0.019280633;0.34483793
0.026928853;-0.019280633;0.34483793
0.026928853;-0.019280633;0.34483793
0.02495257;-0.019280633;0.34483793
0.02495257;-0.019280633;0.34483793
0.02495257;-0.019280633;0.34483793
0.02495257;-0.021256916;0.34483793
0.022976285;-0.019280633;0.34483793
0.02495257;-0.019280633;0.34483793
0.022976285;-0.019280633;0.34483793
0.022976285;-0.019280633;0.34483793
0.022976285;-0.019280633;0.34483793
0.022976285;-0.021256916;0.34483793
0.021;-0.019280633;0.34483793
0.022976285;-0.021256916;0.34483793
0.021;-0.019280633;0.34483793
0.021;-0.019280633;0.34483793
0.019023715;-0.019280633;0.34483793
0.021;-0.019280633;0.34483793
0.019023715;-0.021256916;0.34483793
0.019023715;-0.021256916;0.34483793
0.019023715;-0.021256916;0.34483793
0.017047431;-0.019280633;0.33693281
0.017047431;-0.019280633;0.34483793
0.017047431;-0.021256916;0.34483793
0.017047431;-0.019280633;0.34483793
0.015071146;-0.021256916;0.34483793
0.017047431;-0.021256916;0.35274309
0.015071146;-0.021256916;0.34483793
0.015071146;-0.021256916;0.34483793
0.017047431;-0.021256916;0.34483793
0.013094862;-0.019280633;0.34483793
0.015071146;-0.019280633;0.34483793
0.015071146;-0.021256916;0.34483793
0.015071146;-0.021256916;0.34483793
0.013094862;-0.021256916;0.34483793
0.011118577;-0.023233201;0.34483793
0.011118577;-0.021256916;0.34483793
0.011118577;-0.021256916;0.33693281
0.0091422927;-0.021256916;0.33693281
0.0091422927;-0.021256916;0.34483793
0.011118577;-0.021256916;0.34483793
0.0091422927;-0.021256916;0.34483793
0.0091422927;-0.021256916;0.34483793
0.0091422927;-0.021256916;0.34483793
0.0091422927;-0.021256916;0.33693281
0.007166008;-0.021256916;0.34483793
0.0091422927;-0.021256916;0.34483793
0.007166008;-0.021256916;0.33693281
0.0051897233;-0.023233201;0.34483793
0.0051897233;-0.021256916;0.34483793
0.007166008;-0.019280633;0.34483793
0.0051897233;-0.021256916;0.34483793
0.0051897233;-0.021256916;0.34483793
0.0051897233;-0.021256916;0.34483793
0.0051897233;-0.021256916;0.34483793
0.0032134387;-0.021256916;0.34483793
0.0012371541;-0.021256916;0.34483793
0.0012371541;-0.021256916;0.33693281
0.0032134387;-0.021256916;0.33693281
0.0032134387;-0.021256916;0.34483793
-0.00073913042;-0.021256916;0.34483793
0.0012371541;-0.023233201;0.34483793
-0.00073913042;-0.023233201;0.34483793
0.0012371541;-0.021256916;0.33693281
-0.0027154151;-0.023233201;0.34483793
-0.00073913042;-0.023233201;0.34483793
-0.00073913042;-0.021256916;0.34483793
-0.0027154151;-0.023233201;0.34483793
-0.0027154151;-0.023233201;0.34483793
-0.0046916995;-0.023233201;0.33693281
-0.0027154151;-0.023233201;0.34483793
-0.0027154151;-0.021256916;0.34483793
-0.0027154151;-0.021256916;0.34483793
-0.0027154151;-0.023233201;0.34483793
-0.0046916995;-0.023233201;0.34483793
-0.0066679842;-0.023233201;0.34483793
-0.0046916995;-0.023233201;0.34483793
-0.0066679842;-0.023233201;0.34483793
-0.0066679842;-0.023233201;0.35274309
-0.0066679842;-0.023233201;0.34483793
-0.0066679842;-0.023233201;0.34483793
-0.0086442688;-0.023233201;0.34483793
-0.0066679842;-0.021256916;0.34483793
-0.0086442688;-0.023233201;0.34483793
-0.0086442688;-0.023233201;0.34483793
-0.010620553;-0.023233201;0.34483793
-0.0086442688;-0.023233201;0.34483793
-0.010620553;-0.025209486;0.34483793
-0.0086442688;-0.023233201;0.33693281
-0.010620553;-0.023233201;0.34483793
-0.010620553;-0.023233201;0.34483793
-0.010620553;-0.021256916;0.34483793
-0.010620553;-0.021256916;0.34483793
-0.010620553;-0.025209486;0.34483793
-0.012596838;-0.023233201;0.34483793
-0.012596838;-0.023233201;0.34483793
-0.012596838;-0.023233201;0.34483793
-0.012596838;-0.021256916;0.34483793
-0.012596838;-0.023233201;0.34483793
-0.014573122;-0.021256916;0.33693281
-0.012596838;-0.023233201;0.34483793
-0.014573122;-0.023233201;0.34483793
-0.014573122;-0.023233201;0.33693281
-0.014573122;-0.023233201;0.34483793
-0.012596838;-0.023233201;0.34483793
-0.014573122;-0.023233201;0.34483793
-0.014573122;-0.025209486;0.34483793
-0.016549407;-0.023233201;0.34483793
-0.016549407;-0.023233201;0.34483793
-0.016549407;-0.023233201;0.34483793
-0.016549407;-0.025209486;0.34483793
-0.016549407;-0.025209486;0.34483793
-0.016549407;-0.023233201;0.34483793
-0.018525692;-0.025209486;0.34483793
-0.016549407;-0.025209486;0.33693281
-0.016549407;-0.025209486;0.34483793
-0.018525692;-0.023233201;0.33693281
-0.020501977;-0.023233201;0.34483793
-0.020501977;-0.025209486;0.34483793
-0.018525692;-0.023233201;0.34483793
-0.020501977;-0.025209486;0.33693281
-0.020501977;-0.023233201;0.33693281
-0.020501977;-0.025209486;0.34483793
-0.020501977;-0.025209486;0.34483793
-0.020501977;-0.023233201;0.34483793
-0.020501977;-0.025209486;0.34483793
-0.02247826;-0.025209486;0.34483793
-0.020501977;-0.025209486;0.34483793
-0.02247826;-0.025209486;0.34483793
-0.02247826;-0.025209486;0.34483793
-0.02247826;-0.025209486;0.34483793
-0.02247826;-0.025209486;0.34483793
-0.024454545;-0.023233201;0.34483793
-0.02247826;-0.025209486;0.34483793
-0.02247826;-0.025209486;0.34483793
-0.024454545;-0.025209486;0.34483793
-0.02247826;-0.027185772;0.34483793
-0.02247826;-0.023233201;0.33693281
-0.024454545;-0.025209486;0.34483793
-0.024454545;-0.025209486;0.33693281
-0.024454545;-0.025209486;0.34483793
-0.024454545;-0.025209486;0.34483793
-0.02643083;-0.025209486;0.34483793
-0.02643083;-0.025209486;0.34483793
-0.024454545;-0.025209486;0.35274309
-0.02643083;-0.025209486;0.33693281
-0.02643083;-0.025209486;0.34483793
-0.02643083;-0.023233201;0.34483793
-0.02643083;-0.025209486;0.34483793
-0.02643083;-0.023233201;0.34483793
-0.02643083;-0.023233201;0.34483793
-0.028407115;-0.025209486;0.35274309
-0.028407115;-0.025209486;0.34483793
-0.028407115;-0.023233201;0.34483793
-0.028407115;-0.025209486;0.34483793
-0.028407115;-0.025209486;0.34483793
-0.028407115;-0.025209486;0.34483793
-0.028407115;-0.025209486;0.34483793
-0.028407115;-0.027185772;0.34483793
-0.028407115;-0.025209486;0.33693281
-0.030383399;-0.025209486;0.34483793
-0.028407115;-0.027185772;0.34483793
-0.028407115;-0.025209486;0.34483793
-0.030383399;-0.027185772;0.34483793
-0.028407115;-0.023233201;0.34483793
-0.030383399;-0.025209486;0.34483793
-0.028407115;-0.023233201;0.34483793
-0.030383399;-0.023233201;0.34483793
-0.028407115;-0.025209486;0.34483793
-0.030383399;-0.027185772;0.34483793
-0.028407115;-0.027185772;0.34483793
-0.030383399;-0.025209486;0.34483793
-0.030383399;-0.025209486;0.34483793
-0.030383399;-0.025209486;0.34483793
-0.030383399;-0.025209486;0.34483793
-0.030383399;-0.023233201;0.33693281
-0.030383399;-0.027185772;0.34483793
-0.030383399;-0.025209486;0.34483793
-0.032359682;-0.025209486;0.34483793
-0.032359682;-0.027185772;0.34483793
-0.030383399;-0.025209486;0.34483793
-0.030383399;-0.025209486;0.34483793
-0.030383399;-0.025209486;0.34483793
-0.030383399;-0.025209486;0.34483793
-0.030383399;-0.025209486;0.34483793
-0.032359682;-0.025209486;0.34483793
-0.032359682;-0.025209486;0.34483793
-0.032359682;-0.025209486;0.34483793
-0.030383399;-0.025209486;0.34483793
-0.030383399;-0.025209486;0.34483793
-0.032359682;-0.025209486;0.34483793
-0.032359682;-0.025209486;0.34483793
-0.032359682;-0.025209486;0.34483793
-0.030383399;-0.025209486;0.34483793
-0.032359682;-0.027185772;0.34483793
-0.032359682;-0.025209486;0.34483793
-0.032359682;-0.025209486;0.34483793
-0.032359682;-0.025209486;0.33693281
-0.032359682;-0.025209486;0.34483793
-0.030383399;-0.025209486;0.34483793
-0.032359682;-0.025209486;0.34483793
-0.032359682;-0.025209486;0.33693281
-0.030383399;-0.025209486;0.34483793
-0.030383399;-0.025209486;0.33693281
-0.030383399;-0.025209486;0.34483793
-0.030383399;-0.025209486;0.34483793
-0.032359682;-0.025209486;0.34483793
-0.032359682;-0.025209486;0.34483793
-0.032359682;-0.025209486;0.34483793
-0.032359682;-0.025209486;0.33693281
-0.032359682;-0.025209486;0.34483793
-0.032359682;-0.025209486;0.34483793
-0.030383399;-0.025209486;0.34483793
-0.032359682;-0.025209486;0.34483793
-0.030383399;-0.025209486;0.34483793
-0.032359682;-0.025209486;0.34483793
-0.032359682;-0.025209486;0.34483793
-0.030383399;-0.025209486;0.34483793
-0.030383399;-0.025209486;0.34483793
-0.030383399;-0.025209486;0.34483793
-0.030383399;-0.025209486;0.34483793
-0.030383399;-0.025209486;0.34483793
-0.030383399;-0.025209486;0.33693281
-0.030383399;-0.025209486;0.34483793
-0.030383399;-0.027185772;0.34483793
-0.028407115;-0.025209486;0.34483793
-0.030383399;-0.025209486;0.34483793
-0.030383399;-0.025209486;0.34483793
-0.030383399;-0.025209486;0.34483793
-0.028407115;-0.027185772;0.34483793
-0.030383399;-0.025209486;0.34483793
-0.028407115;-0.025209486;0.33693281
-0.030383399;-0.025209486;0.33693281
-0.028407115;-0.027185772;0.35274309
-0.028407115;-0.025209486;0.34483793
-0.028407115;-0.027185772;0.34483793
-0.02643083;-0.025209486;0.34483793
-0.02643083;-0.027185772;0.34483793
-0.02643083;-0.027185772;0.34483793
-0.02643083;-0.025209486;0.34483793
-0.02643083;-0.025209486;0.34483793
-0.030383399;-0.025209486;0.34483793
-0.02643083;-0.025209486;0.34483793
-0.02643083;-0.025209486;0.34483793
-0.028407115;-0.027185772;0.34483793
-0.02643083;-0.025209486;0.34483793
-0.028407115;-0.025209486;0.34483793
-0.02643083;-0.025209486;0.34483793
-0.028407115;-0.025209486;0.34483793
-0.02643083;-0.025209486;0.34483793
-0.028407115;-0.025209486;0.34483793
-0.02643083;-0.025209486;0.34483793
-0.02643083;-0.025209486;0.34483793
-0.024454545;-0.025209486;0.34483793
-0.02643083;-0.025209486;0.34483793
-0.02643083;-0.025209486;0.34483793
-0.024454545;-0.025209486;0.34483793
-0.024454545;-0.025209486;0.34483793
-0.024454545;-0.025209486;0.33693281
-0.024454545;-0.025209486;0.34483793
-0.024454545;-0.025209486;0.34483793
-0.02247826;-0.025209486;0.34483793
-0.02247826;-0.025209486;0.34483793
-0.02247826;-0.025209486;0.34483793
-0.02247826;-0.025209486;0.34483793
-0.024454545;-0.025209486;0.34483793
-0.02247826;-0.025209486;0.34483793
-0.024454545;-0.025209486;0.33693281
-0.02247826;-0.025209486;0.34483793
-0.02247826;-0.025209486;0.34483793
-0.02247826;-0.025209486;0.33693281
-0.02247826;-0.025209486;0.33693281
-0.02247826;-0.025209486;0.34483793
-0.02247826;-0.025209486;0.34483793
-0.020501977;-0.025209486;0.33693281
-0.02247826;-0.025209486;0.34483793
-0.020501977;-0.023233201;0.34483793
-0.018525692;-0.025209486;0.34483793
-0.020501977;-0.023233201;0.34483793
-0.020501977;-0.025209486;0.34483793
-0.020501977;-0.025209486;0.34483793
-0.018525692;-0.025209486;0.34483793
-0.020501977;-0.025209486;0.34483793
-0.018525692;-0.025209486;0.34483793
-0.018525692;-0.025209486;0.34483793
-0.018525692;-0.025209486;0.34483793
-0.016549407;-0.025209486;0.34483793
-0.018525692;-0.023233201;0.33693281
-0.016549407;-0.025209486;0.34483793
-0.016549407;-0.025209486;0.34483793
-0.016549407;-0.025209486;0.34483793
-0.014573122;-0.023233201;0.34483793
-0.014573122;-0.025209486;0.34483793
-0.014573122;-0.025209486;0.34483793
-0.016549407;-0.023233201;0.33693281
-0.014573122;-0.025209486;0.33693281
-0.014573122;-0.025209486;0.34483793
-0.014573122;-0.025209486;0.34483793
-0.014573122;-0.025209486;0.34483793
-0.012596838;-0.023233201;0.34483793
-0.012596838;-0.025209486;0.34483793
-0.012596838;-0.025209486;0.34483793
-0.010620553;-0.025209486;0.34483793
-0.010620553;-0.025209486;0.34483793
-0.012596838;-0.023233201;0.34483793
-0.012596838;-0.025209486;0.34483793
-0.012596838;-0.023233201;0.34483793
-0.010620553;-0.025209486;0.34483793
-0.010620553;-0.023233201;0.34483793
-0.010620553;-0.025209486;0.35274309
-0.010620553;-0.025209486;0.34483793
-0.010620553;-0.023233201;0.34483793
-0.0086442688;-0.025209486;0.34483793
-0.0086442688;-0.025209486;0.34483793
-0.0086442688;-0.025209486;0.34483793
-0.0086442688;-0.023233201;0.34483793
-0.0086442688;-0.023233201;0.35274309
-0.0066679842;-0.023233201;0.34483793
-0.0066679842;-0.023233201;0.34483793
-0.0066679842;-0.025209486;0.33693281
-0.0066679842;-0.025209486;0.34483793
-0.0066679842;-0.023233201;0.33693281
-0.0066679842;-0.025209486;0.33693281
-0.0046916995;-0.023233201;0.34483793
-0.0046916995;-0.023233201;0.34483793
-0.0027154151;-0.025209486;0.34483793
-0.0046916995;-0.023233201;0.35274309
-0.0046916995;-0.023233201;0.34483793
-0.0046916995;-0.023233201;0.34483793
-0.0027154151;-0.023233201;0.34483793
-0.0027154151;-0.025209486;0.34483793
-0.00073913042;-0.023233201;0.33693281
-0.0027154151;-0.023233201;0.34483793
-0.00073913042;-0.023233201;0.34483793
-0.00073913042;-0.023233201;0.34483793
-0.00073913042;-0.023233201;0.34483793
-0.00073913042;-0.023233201;0.34483793
-0.00073913042;-0.023233201;0.34483793
-0.00073913042;-0.023233201;0.33693281
0.0012371541;-0.023233201;0.34483793
-0.00073913042;-0.023233201;0.34483793
0.0012371541;-0.023233201;0.34483793
0.0012371541;-0.023233201;0.34483793
0.0012371541;-0.023233201;0.33693281
0.0012371541;-0.023233201;0.34483793
0.0032134387;-0.023233201;0.34483793
0.0051897233;-0.023233201;0.34483793
0.0051897233;-0.023233201;0.34483793
0.0051897233;-0.023233201;0.34483793
0.0051897233;-0.023233201;0.33693281
0.0051897233;-0.021256916;0.34483793
0.007166008;-0.021256916;0.34483793
0.007166008;-0.021256916;0.34483793
0.007166008;-0.023233201;0.34483793
0.007166008;-0.023233201;0.34483793
0.007166008;-0.021256916;0.34483793
0.007166008;-0.023233201;0.34483793
0.0091422927;-0.021256916;0.34483793
0.007166008;-0.021256916;0.34483793
0.0091422927;-0.021256916;0.34483793
0.0091422927;-0.021256916;0.34483793
0.0091422927;-0.021256916;0.34483793
0.011118577;-0.021256916;0.34483793
0.011118577;-0.023233201;0.34483793
0.011118577;-0.021256916;0.34483793
0.011118577;-0.021256916;0.34483793
0.011118577;-0.023233201;0.34483793
0.013094862;-0.021256916;0.34483793
0.013094862;-0.021256916;0.35274309
0.015071146;-0.021256916;0.34483793
0.015071146;-0.021256916;0.35274309
0.015071146;-0.021256916;0.34483793
0.013094862;-0.023233201;0.34483793
0.015071146;-0.023233201;0.35274309
0.017047431;-0.021256916;0.34483793
0.017047431;-0.023233201;0.34483793
0.015071146;-0.021256916;0.33693281
0.017047431;-0.021256916;0.34483793
0.019023715;-0.023233201;0.34483793
0.017047431;-0.021256916;0.34483793
0.019023715;-0.021256916;0.34483793
0.019023715;-0.021256916;0.34483793
0.019023715;-0.021256916;0.34483793
0.019023715;-0.021256916;0.34483793
0.019023715;-0.023233201;0.34483793
0.019023715;-0.021256916;0.35274309
0.021;-0.021256916;0.34483793
0.021;-0.021256916;0.34483793
0.021;-0.021256916;0.34483793
0.021;-0.021256916;0.34483793
0.021;-0.021256916;0.34483793
0.022976285;-0.021256916;0.34483793
0.022976285;-0.021256916;0.34483793
0.022976285;-0.019280633;0.34483793
0.022976285;-0.021256916;0.34483793
0.02495257;-0.021256916;0.34483793
0.022976285;-0.021256916;0.34483793
0.026928853;-0.021256916;0.34483793
0.02495257;-0.021256916;0.34483793
0.026928853;-0.021256916;0.34483793
0.026928853;-0.019280633;0.34483793
0.026928853;-0.019280633;0.34483793
0.026928853;-0.019280633;0.34483793
0.028905138;-0.019280633;0.34483793
0.026928853;-0.019280633;0.34483793
0.028905138;-0.019280633;0.34483793
0.030881424;-0.019280633;0.34483793
0.028905138;-0.019280633;0.34483793
0.030881424;-0.019280633;0.34483793
0.030881424;-0.019280633;0.34483793
0.030881424;-0.019280633;0.34483793
0.032857709;-0.019280633;0.34483793
0.032857709;-0.019280633;0.34483793
0.032857709;-0.019280633;0.34483793
0.032857709;-0.019280633;0.34483793
0.034833994;-0.019280633;0.34483793
0.032857709;-0.019280633;0.34483793
0.034833994;-0.019280633;0.34483793
0.034833994;-0.019280633;0.34483793
0.036810275;-0.019280633;0.34483793
0.036810275;-0.019280633;0.33693281
0.034833994;-0.019280633;0.34483793
0.034833994;-0.019280633;0.34483793
0.036810275;-0.017304348;0.34483793
0.03878656;-0.019280633;0.34483793
0.03878656;-0.019280633;0.33693281
0.03878656;-0.019280633;0.34483793
0.03878656;-0.019280633;0.33693281
0.03878656;-0.019280633;0.34483793
0.040762845;-0.019280633;0.34483793
0.040762845;-0.019280633;0.34483793
0.040762845;-0.019280633;0.34483793
0.040762845;-0.019280633;0.34483793
0.040762845;-0.017304348;0.34483793
0.042739131;-0.017304348;0.34483793
0.040762845;-0.019280633;0.34483793
0.040762845;-0.019280633;0.33693281
0.044715416;-0.017304348;0.34483793
0.044715416;-0.017304348;0.33693281
0.044715416;-0.019280633;0.34483793
0.044715416;-0.017304348;0.34483793
0.042739131;-0.017304348;0.33693281
0.044715416;-0.017304348;0.34483793
0.044715416;-0.017304348;0.34483793
0.046691701;-0.019280633;0.33693281
0.044715416;-0.017304348;0.33693281
0.046691701;-0.019280633;0.34483793
0.046691701;-0.017304348;0.34483793
0.048667986;-0.017304348;0.34483793
0.048667986;-0.017304348;0.34483793
0.048667986;-0.017304348;0.34483793
0.048667986;-0.017304348;0.33693281
0.048667986;-0.017304348;0.34483793
0.048667986;-0.017304348;0.34483793
0.050644267;-0.017304348;0.34483793
0.050644267;-0.017304348;0.34483793
0.050644267;-0.017304348;0.34483793
0.050644267;-0.017304348;0.34483793
0.050644267;-0.017304348;0.34483793
0.052620552;-0.015328064;0.33693281
0.052620552;-0.015328064;0.34483793
0.052620552;-0.015328064;0.34483793
0.054596838;-0.015328064;0.34483793
0.052620552;-0.017304348;0.34483793
0.052620552;-0.017304348;0.34483793
0.052620552;-0.017304348;0.34483793
0.054596838;-0.017304348;0.34483793
0.054596838;-0.015328064;0.34483793
0.054596838;-0.017304348;0.34483793
0.054596838;-0.015328064;0.34483793
0.056573123;-0.015328064;0.33693281
0.056573123;-0.015328064;0.34483793
0.056573123;-0.015328064;0.34483793
0.056573123;-0.017304348;0.34483793
0.056573123;-0.015328064;0.34483793
0.058549408;-0.015328064;0.33693281
0.058549408;-0.015328064;0.33693281
0.058549408;-0.015328064;0.34483793
0.056573123;-0.015328064;0.35274309
0.058549408;-0.013351778;0.34483793
0.058549408;-0.015328064;0.34483793
0.058549408;-0.013351778;0.34483793
0.060525693;-0.013351778;0.34483793
0.060525693;-0.015328064;0.34483793
0.058549408;-0.013351778;0.34483793
0.062501974;-0.015328064;0.34483793
0.060525693;-0.015328064;0.34483793
0.060525693;-0.013351778;0.34483793
0.062501974;-0.013351778;0.33693281
0.062501974;-0.015328064;0.34483793
0.062501974;-0.015328064;0.34483793
0.062501974;-0.013351778;0.34483793
0.062501974;-0.015328064;0.34483793
0.062501974;-0.015328064;0.34483793
0.062501974;-0.015328064;0.34483793
0.062501974;-0.013351778;0.34483793
0.064478263;-0.013351778;0.34483793
0.062501974;-0.013351778;0.34483793
0.064478263;-0.013351778;0.34483793
0.066454545;-0.013351778;0.34483793
0.064478263;-0.013351778;0.34483793
0.064478263;-0.013351778;0.34483793
0.064478263;-0.013351778;0.34483793
0.066454545;-0.013351778;0.34483793
0.066454545;-0.013351778;0.34483793
0.066454545;-0.013351778;0.34483793
0.066454545;-0.013351778;0.34483793
0.066454545;-0.011375494;0.34483793
0.066454545;-0.013351778;0.33693281
0.066454545;-0.013351778;0.34483793
0.068430834;-0.011375494;0.34483793
0.068430834;-0.013351778;0.34483793
0.066454545;-0.011375494;0.34483793
0.068430834;-0.013351778;0.34483793
0.068430834;-0.011375494;0.34483793
0.068430834;-0.013351778;0.35274309
0.070407115;-0.013351778;0.34483793
0.068430834;-0.013351778;0.34483793
0.070407115;-0.011375494;0.34483793
0.070407115;-0.011375494;0.34483793
0.070407115;-0.013351778;0.34483793
0.070407115;-0.011375494;0.34483793
0.070407115;-0.011375494;0.34483793
0.070407115;-0.013351778;0.34483793
0.072383396;-0.013351778;0.34483793
0.070407115;-0.011375494;0.34483793
0.072383396;-0.011375494;0.34483793
0.072383396;-0.011375494;0.34483793
0.070407115;-0.011375494;0.34483793
0.070407115;-0.011375494;0.34483793
0.072383396;-0.011375494;0.34483793
0.074359685;-0.011375494;0.34483793
0.072383396;-0.011375494;0.34483793
0.072383396;-0.011375494;0.33693281
0.072383396;-0.011375494;0.34483793
0.072383396;-0.011375494;0.34483793
0.072383396;-0.011375494;0.34483793
0.074359685;-0.011375494;0.34483793
0.074359685;-0.011375494;0.33693281
0.072383396;-0.011375494;0.33693281
0.074359685;-0.0093992092;0.34483793
0.074359685;-0.011375494;0.34483793
0.074359685;-0.0093992092;0.34483793
0.072383396;-0.0093992092;0.34483793
0.074359685;-0.0093992092;0.34483793
0.074359685;-0.0093992092;0.34483793
0.074359685;-0.0093992092;0.34483793
0.074359685;-0.0093992092;0.34483793
0.074359685;-0.0093992092;0.34483793
0.074359685;-0.0093992092;0.34483793
0.074359685;-0.0093992092;0.33693281
0.074359685;-0.0093992092;0.33693281
0.076335967;-0.0093992092;0.33693281
0.076335967;-0.007422925;0.34483793
0.074359685;-0.0093992092;0.34483793
0.078312255;-0.0093992092;0.34483793
0.076335967;-0.0093992092;0.34483793
0.076335967;-0.007422925;0.33693281
0.076335967;-0.007422925;0.33693281
0.076335967;-0.007422925;0.33693281
0.076335967;-0.007422925;0.33693281
0.074359685;-0.0093992092;0.34483793
0.074359685;-0.0093992092;0.34483793
0.076335967;-0.0093992092;0.34483793
0.076335967;-0.007422925;0.34483793
0.076335967;-0.0093992092;0.34483793
0.076335967;-0.007422925;0.34483793
0.076335967;-0.007422925;0.34483793
0.076335967;-0.007422925;0.34483793
0.076335967;-0.007422925;0.34483793
0.076335967;-0.007422925;0.34483793
0.076335967;-0.007422925;0.34483793
0.076335967;-0.007422925;0.34483793
0.076335967;-0.007422925;0.33693281
0.076335967;-0.0054466403;0.33693281
0.076335967;-0.007422925;0.34483793
0.076335967;-0.007422925;0.34483793
0.078312255;-0.007422925;0.34483793
0.076335967;-0.0054466403;0.34483793
0.076335967;-0.0054466403;0.35274309
0.076335967;-0.0054466403;0.34483793
0.076335967;-0.0054466403;0.34483793
0.076335967;-0.0054466403;0.34483793
0.076335967;-0.007422925;0.34483793
0.076335967;-0.0054466403;0.34483793
0.076335967;-0.0054466403;0.34483793
0.076335967;-0.007422925;0.34483793
0.076335967;-0.0054466403;0.33693281
0.076335967;-0.0054466403;0.34483793
0.076335967;-0.0054466403;0.33693281
0.076335967;-0.0054466403;0.34483793
0.076335967;-0.0054466403;0.35274309
0.076335967;-0.0054466403;0.34483793
0.076335967;-0.0054466403;0.33693281
0.076335967;-0.0034703556;0.34483793
0.076335967;-0.0054466403;0.34483793
0.076335967;-0.0054466403;0.34483793
0.076335967;-0.0054466403;0.34483793
0.076335967;-0.0054466403;0.34483793
0.074359685;-0.0054466403;0.35274309
0.076335967;-0.0054466403;0.34483793
0.076335967;-0.0034703556;0.34483793
0.076335967;-0.0034703556;0.33693281
0.076335967;-0.0034703556;0.34483793
0.074359685;-0.0054466403;0.34483793
0.074359685;-0.0034703556;0.35274309
0.074359685;-0.0054466403;0.33693281
0.074359685;-0.0054466403;0.34483793
0.074359685;-0.0034703556;0.34483793
0.074359685;-0.0034703556;0.34483793
0.074359685;-0.0034703556;0.34483793
0.074359685;-0.0054466403;0.35274309
0.072383396;-0.0034703556;0.34483793
0.072383396;-0.0034703556;0.34483793
0.072383396;-0.0034703556;0.34483793
0.074359685;-0.0014940711;0.34483793
0.072383396;-0.0034703556;0.34483793
0.072383396;-0.0034703556;0.34483793
0.074359685;-0.0034703556;0.33693281
0.072383396;-0.0034703556;0.34483793
0.072383396;-0.0034703556;0.34483793
0.072383396;-0.0034703556;0.34483793
0.072383396;-0.0034703556;0.34483793
0.072383396;-0.0034703556;0.33693281
0.072383396;-0.0034703556;0.34483793
0.070407115;-0.0034703556;0.34483793
0.072383396;-0.0034703556;0.33693281
0.070407115;-0.0034703556;0.34483793
0.072383396;-0.0014940711;0.34483793
0.070407115;-0.0034703556;0.34483793
0.070407115;-0.0014940711;0.34483793
0.072383396;-0.0034703556;0.34483793
0.072383396;-0.0034703556;0.33693281
0.070407115;-0.0034703556;0.34483793
0.070407115;-0.0014940711;0.34483793
0.070407115;-0.0014940711;0.34483793
0.068430834;-0.0014940711;0.34483793
0.068430834;-0.0014940711;0.34483793
0.070407115;-0.0014940711;0.34483793
0.068430834;-0.0014940711;0.34483793
0.068430834;-0.0014940711;0.34483793
0.068430834;-0.0014940711;0.34483793
0.068430834;-0.0014940711;0.34483793
0.068430834;-0.0014940711;0.34483793
0.066454545;-0.0014940711;0.34483793
0.066454545;-0.0014940711;0.34483793
0.068430834;0.00048221345;0.34483793
0.068430834;0.00048221345;0.34483793
0.066454545;0.00048221345;0.34483793
0.066454545;0.00048221345;0.34483793
0.066454545;0.00048221345;0.34483793
0.066454545;0.00048221345;0.33693281
0.066454545;-0.0014940711;0.34483793
0.066454545;0.00048221345;0.34483793
0.066454545;0.00048221345;0.34483793
0.066454545;0.00048221345;0.34483793
0.066454545;0.00048221345;0.34483793
0.064478263;0.00048221345;0.34483793
0.064478263;0.00048221345;0.34483793
0.064478263;0.00048221345;0.34483793
0.062501974;0.00048221345;0.33693281
0.064478263;0.00048221345;0.34483793
0.062501974;0.00048221345;0.34483793
0.062501974;0.00048221345;0.34483793
0.062501974;0.00048221345;0.34483793
0.062501974;0.0024584981;0.34483793
0.062501974;0.0024584981;0.34483793
0.062501974;0.00048221345;0.33693281
0.060525693;0.0024584981;0.34483793
0.060525693;0.0024584981;0.34483793
0.060525693;0.00048221345;0.34483793
0.060525693;0.0024584981;0.35274309
0.060525693;0.0024584981;0.34483793
0.060525693;0.0024584981;0.34483793
0.060525693;0.0024584981;0.34483793
0.058549408;0.0024584981;0.34483793
0.058549408;0.0024584981;0.34483793
0.058549408;0.0024584981;0.34483793
0.058549408;0.0024584981;0.34483793
0.056573123;0.0024584981;0.34483793
0.056573123;0.0024584981;0.34483793
0.056573123;0.0024584981;0.34483793
0.056573123;0.0024584981;0.34483793
0.054596838;0.0024584981;0.33693281
0.056573123;0.0024584981;0.34483793
0.054596838;0.0044347825;0.34483793
0.054596838;0.0044347825;0.34483793
0.054596838;0.0024584981;0.34483793
0.054596838;0.0024584981;0.34483793
0.054596838;0.0024584981;0.34483793
0.054596838;0.0044347825;0.34483793
0.052620552;0.0044347825;0.34483793
0.054596838;0.0044347825;0.34483793
0.052620552;0.0044347825;0.34483793
0.052620552;0.0044347825;0.34483793
0.052620552;0.0024584981;0.34483793
0.052620552;0.0064110672;0.33693281
0.050644267;0.0044347825;0.35274309
0.050644267;0.0044347825;0.33693281
0.050644267;0.0044347825;0.34483793
0.048667986;0.0044347825;0.34483793
0.048667986;0.0044347825;0.34483793
0.048667986;0.0064110672;0.34483793
0.048667986;0.0044347825;0.34483793
0.048667986;0.0064110672;0.34483793
0.048667986;0.0064110672;0.34483793
0.046691701;0.0044347825;0.34483793
0.046691701;0.0064110672;0.34483793
0.046691701;0.0083873514;0.34483793
0.044715416;0.0064110672;0.34483793
0.046691701;0.0064110672;0.33693281
0.046691701;0.0044347825;0.34483793
0.044715416;0.0064110672;0.34483793
0.046691701;0.0083873514;0.34483793
0.044715416;0.0064110672;0.34483793
0.042739131;0.0083873514;0.33693281
0.044715416;0.0064110672;0.34483793
0.042739131;0.0083873514;0.34483793
0.042739131;0.0064110672;0.33693281
0.042739131;0.0083873514;0.34483793
0.040762845;0.0083873514;0.34483793
0.042739131;0.0064110672;0.34483793
0.040762845;0.0083873514;0.33693281
0.040762845;0.0064110672;0.34483793
0.040762845;0.0083873514;0.34483793
0.040762845;0.0083873514;0.34483793
0.03878656;0.0083873514;0.34483793
0.040762845;0.0083873514;0.33693281
0.040762845;0.0083873514;0.34483793
0.03878656;0.0083873514;0.34483793
0.03878656;0.0083873514;0.34483793
0.03878656;0.0083873514;0.34483793
0.03878656;0.0083873514;0.35274309
0.03878656;0.010363637;0.33693281
0.034833994;0.0083873514;0.33693281
0.036810275;0.0083873514;0.33693281
0.036810275;0.010363637;0.34483793
0.034833994;0.010363637;0.34483793
0.034833994;0.0083873514;0.34483793
0.034833994;0.010363637;0.33693281
0.032857709;0.010363637;0.34483793
0.032857709;0.010363637;0.34483793
0.032857709;0.010363637;0.34483793
0.030881424;0.010363637;0.34483793
0.032857709;0.010363637;0.34483793
0.032857709;0.010363637;0.34483793
0.030881424;0.010363637;0.33693281
0.030881424;0.010363637;0.34483793
0.030881424;0.010363637;0.34483793
0.030881424;0.010363637;0.34483793
0.028905138;0.010363637;0.34483793
0.030881424;0.010363637;0.34483793
0.028905138;0.010363637;0.34483793
0.026928853;0.010363637;0.34483793
0.028905138;0.012339921;0.34483793
0.028905138;0.010363637;0.34483793
0.026928853;0.010363637;0.34483793
0.026928853;0.012339921;0.34483793
0.026928853;0.012339921;0.33693281
0.02495257;0.012339921;0.34483793
0.022976285;0.012339921;0.34483793
0.02495257;0.012339921;0.34483793
0.02495257;0.012339921;0.34483793
0.02495257;0.012339921;0.34483793
0.022976285;0.012339921;0.34483793
0.02495257;0.012339921;0.34483793
0.021;0.012339921;0.34483793
0.021;0.012339921;0.34483793
0.022976285;0.012339921;0.34483793
0.021;0.012339921;0.34483793
0.021;0.012339921;0.34483793
0.021;0.012339921;0.33693281
0.021;0.012339921;0.34483793
0.019023715;0.014316206;0.34483793
0.017047431;0.014316206;0.33693281
0.017047431;0.012339921;0.34483793
0.017047431;0.014316206;0.34483793
0.019023715;0.014316206;0.34483793
0.017047431;0.012339921;0.33693281
0.017047431;0.014316206;0.33693281
0.017047431;0.014316206;0.34483793
0.015071146;0.014316206;0.34483793
0.015071146;0.014316206;0.34483793
0.015071146;0.012339921;0.34483793
0.015071146;0.014316206;0.34483793
0.017047431;0.014316206;0.34483793
0.015071146;0.01629249;0.34483793
0.015071146;0.014316206;0.34483793
0.013094862;0.01629249;0.34483793
0.013094862;0.01629249;0.34483793
0.013094862;0.01629249;0.33693281
0.013094862;0.01629249;0.34483793
0.011118577;0.01629249;0.34483793
0.011118577;0.01629249;0.34483793
0.011118577;0.01629249;0.34483793
0.0091422927;0.01629249;0.34483793
0.011118577;0.01629249;0.34483793
0.0091422927;0.01629249;0.34483793
0.0091422927;0.01629249;0.34483793
0.0091422927;0.01629249;0.34483793
0.0091422927;0.01629249;0.33693281
0.007166008;0.01629249;0.33693281
0.0051897233;0.01629249;0.33693281
0.0051897233;0.018268775;0.33693281
0.0051897233;0.018268775;0.34483793
0.0051897233;0.018268775;0.34483793
0.0032134387;0.018268775;0.34483793
0.0051897233;0.018268775;0.34483793
0.0051897233;0.018268775;0.34483793
0.0051897233;0.018268775;0.34483793
0.0032134387;0.018268775;0.34483793
0.0032134387;0.018268775;0.34483793
0.0012371541;0.018268775;0.34483793
0.0012371541;0.018268775;0.34483793
0.0012371541;0.018268775;0.34483793
0.0012371541;0.020245058;0.34483793
0.0012371541;0.018268775;0.34483793
-0.00073913042;0.018268775;0.33693281
-0.00073913042;0.018268775;0.34483793
-0.00073913042;0.018268775;0.34483793
-0.0027154151;0.018268775;0.34483793
-0.0027154151;0.020245058;0.34483793
-0.0027154151;0.020245058;0.34483793
-0.0027154151;0.018268775;0.33693281
-0.0027154151;0.020245058;0.33693281
-0.0027154151;0.020245058;0.34483793
-0.0046916995;0.020245058;0.34483793
-0.0046916995;0.020245058;0.34483793
-0.0046916995;0.020245058;0.34483793
-0.0066679842;0.020245058;0.34483793
-0.0046916995;0.020245058;0.34483793
-0.0066679842;0.020245058;0.34483793
-0.0046916995;0.020245058;0.34483793
-0.0066679842;0.020245058;0.34483793
-0.0066679842;0.020245058;0.34483793
-0.0066679842;0.022221344;0.34483793
-0.0086442688;0.020245058;0.34483793
-0.0086442688;0.020245058;0.34483793
-0.0066679842;0.020245058;0.33693281
-0.010620553;0.020245058;0.34483793
-0.010620553;0.020245058;0.34483793
-0.010620553;0.022221344;0.34483793
-0.010620553;0.022221344;0.34483793
-0.010620553;0.022221344;0.34483793
-0.010620553;0.022221344;0.35274309
-0.010620553;0.022221344;0.34483793
-0.012596838;0.022221344;0.34483793
-0.010620553;0.022221344;0.34483793
-0.012596838;0.022221344;0.34483793
-0.012596838;0.022221344;0.34483793
-0.012596838;0.022221344;0.35274309
-0.012596838;0.022221344;0.34483793
-0.012596838;0.022221344;0.34483793
-0.014573122;0.024197629;0.34483793
-0.012596838;0.024197629;0.34483793
-0.014573122;0.022221344;0.34483793
-0.012596838;0.022221344;0.33693281
-0.014573122;0.024197629;0.34483793
-0.012596838;0.024197629;0.34483793
-0.016549407;0.024197629;0.34483793
-0.014573122;0.024197629;0.34483793
-0.016549407;0.024197629;0.34483793
-0.016549407;0.024197629;0.34483793
-0.016549407;0.024197629;0.34483793
-0.016549407;0.024197629;0.34483793
-0.018525692;0.024197629;0.34483793
-0.016549407;0.024197629;0.34483793
-0.016549407;0.024197629;0.34483793
-0.018525692;0.026173914;0.34483793
-0.018525692;0.026173914;0.34483793
-0.018525692;0.024197629;0.33693281
-0.018525692;0.024197629;0.34483793
-0.018525692;0.026173914;0.34483793
-0.018525692;0.026173914;0.34483793
-0.020501977;0.026173914;0.34483793
-0.020501977;0.026173914;0.34483793
-0.020501977;0.026173914;0.34483793
-0.020501977;0.026173914;0.34483793
-0.020501977;0.026173914;0.34483793
-0.020501977;0.026173914;0.33693281
-0.020501977;0.026173914;0.34483793
-0.020501977;0.026173914;0.34483793
-0.020501977;0.026173914;0.34483793
-0.02247826;0.026173914;0.34483793
-0.02247826;0.026173914;0.34483793
-0.02247826;0.026173914;0.34483793
-0.02247826;0.026173914;0.34483793
-0.02247826;0.028150197;0.34483793
-0.024454545;0.028150197;0.34483793
-0.02247826;0.026173914;0.34483793
-0.02247826;0.026173914;0.34483793
-0.024454545;0.028150197;0.34483793
-0.024454545;0.028150197;0.34483793
-0.024454545;0.028150197;0.34483793
-0.024454545;0.028150197;0.34483793
-0.024454545;0.028150197;0.34483793
-0.02643083;0.028150197;0.34483793
-0.024454545;0.028150197;0.35274309
-0.024454545;0.028150197;0.34483793
-0.024454545;0.028150197;0.34483793
-0.02643083;0.028150197;0.34483793
-0.02643083;0.030126482;0.34483793
-0.02643083;0.028150197;0.34483793
-0.02643083;0.030126482;0.34483793
-0.028407115;0.030126482;0.34483793
-0.02643083;0.030126482;0.34483793
-0.028407115;0.030126482;0.34483793
-0.028407115;0.030126482;0.34483793
-0.02643083;0.030126482;0.34483793
-0.02643083;0.030126482;0.34483793
-0.028407115;0.028150197;0.34483793
-0.028407115;0.030126482;0.35274309
-0.028407115;0.030126482;0.34483793
-0.028407115;0.032102767;0.33693281
-0.02643083;0.030126482;0.33693281
-0.028407115;0.030126482;0.34483793
-0.028407115;0.030126482;0.33693281
-0.028407115;0.032102767;0.33693281
-0.028407115;0.032102767;0.34483793
-0.028407115;0.032102767;0.35274309
-0.028407115;0.032102767;0.34483793
-0.030383399;0.032102767;0.34483793
-0.030383399;0.032102767;0.35274309
-0.030383399;0.032102767;0.34483793
-0.030383399;0.032102767;0.34483793
-0.030383399;0.032102767;0.34483793
-0.030383399;0.032102767;0.34483793
-0.028407115;0.032102767;0.34483793
-0.028407115;0.032102767;0.34483793
-0.030383399;0.032102767;0.34483793
-0.030383399;0.032102767;0.34483793
-0.030383399;0.032102767;0.34483793
-0.030383399;0.034079053;0.34483793
-0.030383399;0.032102767;0.33693281
-0.032359682;0.034079053;0.33693281
-0.030383399;0.032102767;0.34483793
-0.030383399;0.034079053;0.34483793
-0.030383399;0.032102767;0.34483793
-0.032359682;0.032102767;0.34483793
-0.032359682;0.032102767;0.34483793
-0.030383399;0.034079053;0.33693281
-0.032359682;0.032102767;0.34483793
-0.032359682;0.034079053;0.34483793
-0.032359682;0.034079053;0.33693281
-0.030383399;0.034079053;0.34483793
-0.032359682;0.034079053;0.34483793
-0.032359682;0.034079053;0.34483793
-0.032359682;0.034079053;0.33693281
-0.030383399;0.034079053;0.34483793
-0.032359682;0.036055338;0.33693281
-0.032359682;0.036055338;0.34483793
-0.032359682;0.036055338;0.34483793
-0.032359682;0.034079053;0.34483793
-0.032359682;0.036055338;0.34483793
-0.032359682;0.034079053;0.33693281
-0.032359682;0.034079053;0.33693281
-0.030383399;0.036055338;0.34483793
-0.030383399;0.036055338;0.34483793
-0.032359682;0.036055338;0.34483793
-0.030383399;0.036055338;0.33693281
-0.032359682;0.036055338;0.34483793
-0.030383399;0.036055338;0.34483793
-0.030383399;0.036055338;0.34483793
-0.030383399;0.036055338;0.34483793
-0.032359682;0.036055338;0.34483793
-0.030383399;0.036055338;0.34483793
-0.032359682;0.038031619;0.34483793
-0.030383399;0.038031619;0.34483793
-0.030383399;0.036055338;0.34483793
-0.030383399;0.040007904;0.34483793
-0.030383399;0.038031619;0.34483793
-0.030383399;0.036055338;0.34483793
-0.030383399;0.038031619;0.34483793
-0.030383399;0.036055338;0.34483793
-0.030383399;0.038031619;0.34483793
-0.032359682;0.038031619;0.34483793
-0.030383399;0.038031619;0.34483793
-0.030383399;0.038031619;0.34483793
-0.030383399;0.038031619;0.33693281
-0.030383399;0.038031619;0.34483793
-0.030383399;0.038031619;0.34483793
-0.028407115;0.038031619;0.34483793
-0.028407115;0.038031619;0.33693281
-0.030383399;0.038031619;0.34483793
-0.030383399;0.038031619;0.34483793
-0.028407115;0.038031619;0.34483793
-0.028407115;0.038031619;0.34483793
-0.028407115;0.038031619;0.34483793
-0.02643083;0.040007904;0.34483793
-0.028407115;0.040007904;0.34483793
-0.028407115;0.038031619;0.34483793
-0.02643083;0.040007904;0.34483793
-0.028407115;0.040007904;0.35274309
-0.028407115;0.040007904;0.34483793
-0.02643083;0.040007904;0.34483793
-0.02643083;0.040007904;0.33693281
-0.028407115;0.040007904;0.33693281
-0.02643083;0.040007904;0.34483793
-0.02643083;0.040007904;0.34483793
-0.02643083;0.040007904;0.34483793
-0.02643083;0.040007904;0.34483793
-0.02643083;0.040007904;0.34483793
-0.02643083;0.040007904;0.34483793
-0.02643083;0.040007904;0.34483793
-0.02643083;0.040007904;0.34483793
-0.02643083;0.041984189;0.34483793
-0.02643083;0.041984189;0.34483793
-0.02643083;0.041984189;0.34483793
-0.02643083;0.041984189;0.34483793
-0.024454545;0.041984189;0.34483793
-0.024454545;0.041984189;0.34483793
-0.024454545;0.041984189;0.33693281
-0.024454545;0.041984189;0.34483793
-0.024454545;0.041984189;0.33693281
-0.024454545;0.041984189;0.34483793
-0.02247826;0.041984189;0.34483793
-0.02247826;0.041984189;0.34483793
-0.02247826;0.041984189;0.34483793
-0.02247826;0.041984189;0.34483793
-0.02247826;0.041984189;0.34483793
-0.02247826;0.043960474;0.34483793
-0.02247826;0.041984189;0.34483793
-0.02247826;0.041984189;0.34483793
-0.020501977;0.043960474;0.34483793
-0.02247826;0.043960474;0.35274309
-0.02247826;0.043960474;0.34483793
-0.020501977;0.041984189;0.34483793
-0.020501977;0.041984189;0.35274309
-0.020501977;0.043960474;0.34483793
-0.020501977;0.041984189;0.34483793
-0.018525692;0.043960474;0.33693281
-0.018525692;0.043960474;0.33693281
-0.020501977;0.043960474;0.34483793
-0.018525692;0.043960474;0.34483793
-0.018525692;0.041984189;0.34483793
-0.020501977;0.04593676;0.34483793
-0.018525692;0.043960474;0.34483793
-0.018525692;0.043960474;0.33693281
-0.018525692;0.04593676;0.34483793
-0.016549407;0.043960474;0.33693281
-0.016549407;0.04593676;0.34483793
-0.016549407;0.043960474;0.34483793
-0.016549407;0.043960474;0.33693281
-0.014573122;0.043960474;0.34483793
-0.016549407;0.043960474;0.34483793
-0.014573122;0.04593676;0.34483793
-0.014573122;0.04593676;0.34483793
-0.014573122;0.043960474;0.34483793
-0.014573122;0.04593676;0.33693281
-0.012596838;0.04593676;0.34483793
-0.012596838;0.04593676;0.34483793
-0.012596838;0.04593676;0.34483793
-0.012596838;0.04593676;0.34483793
-0.010620553;0.04593676;0.33693281
-0.012596838;0.04593676;0.34483793
-0.012596838;0.04593676;0.34483793
-0.010620553;0.04593676;0.34483793
-0.010620553;0.047913045;0.34483793
-0.0086442688;0.047913045;0.33693281
-0.010620553;0.04593676;0.34483793
-0.0086442688;0.047913045;0.34483793
-0.0086442688;0.047913045;0.34483793
-0.010620553;0.04593676;0.34483793
-0.010620553;0.047913045;0.34483793
-0.0086442688;0.047913045;0.34483793
-0.0086442688;0.047913045;0.34483793
-0.0086442688;0.04593676;0.34483793
-0.0066679842;0.047913045;0.34483793
-0.0086442688;0.047913045;0.34483793
-0.0066679842;0.047913045;0.34483793
-0.0066679842;0.047913045;0.35274309
-0.0066679842;0.047913045;0.33693281
-0.0066679842;0.047913045;0.34483793
-0.0046916995;0.04988933;0.33693281
-0.0046916995;0.047913045;0.34483793
-0.0066679842;0.047913045;0.33693281
-0.0046916995;0.047913045;0.34483793
-0.0046916995;0.04988933;0.34483793
-0.0027154151;0.047913045;0.34483793
-0.0027154151;0.04988933;0.34483793
-0.0027154151;0.04988933;0.34483793
-0.0027154151;0.047913045;0.34483793
-0.00073913042;0.04988933;0.34483793
-0.00073913042;0.047913045;0.34483793
-0.00073913042;0.04988933;0.34483793
0.0012371541;0.04988933;0.33693281
-0.00073913042;0.04988933;0.34483793
-0.00073913042;0.04988933;0.34483793
-0.00073913042;0.04988933;0.34483793
0.0012371541;0.04988933;0.33693281
0.0012371541;0.04988933;0.34483793
0.0032134387;0.04988933;0.34483793
0.0012371541;0.04988933;0.34483793
0.0012371541;0.04988933;0.35274309
0.0032134387;0.04988933;0.34483793
0.0032134387;0.04988933;0.35274309
0.0012371541;0.04988933;0.34483793
0.0051897233;0.04988933;0.34483793
0.0051897233;0.04988933;0.34483793
0.0051897233;0.04988933;0.34483793
0.007166008;0.04988933;0.34483793
0.0051897233;0.04988933;0.34483793
0.007166008;0.04988933;0.33693281
0.007166008;0.04988933;0.34483793
0.0091422927;0.051865611;0.34483793
0.007166008;0.051865611;0.34483793
0.007166008;0.04988933;0.34483793
0.007166008;0.04988933;0.34483793
0.007166008;0.051865611;0.34483793
0.0091422927;0.051865611;0.34483793
0.011118577;0.051865611;0.35274309
0.0091422927;0.04988933;0.34483793
0.011118577;0.051865611;0.34483793
0.011118577;0.051865611;0.33693281
0.011118577;0.051865611;0.34483793
0.011118577;0.051865611;0.34483793
0.013094862;0.051865611;0.34483793
0.013094862;0.051865611;0.34483793
0.015071146;0.051865611;0.34483793
0.015071146;0.051865611;0.34483793
0.013094862;0.051865611;0.34483793
0.015071146;0.053841896;0.34483793
0.015071146;0.053841896;0.34483793
0.017047431;0.051865611;0.34483793
0.017047431;0.053841896;0.34483793
0.017047431;0.053841896;0.34483793
0.017047431;0.053841896;0.34483793
0.017047431;0.051865611;0.34483793
0.017047431;0.051865611;0.34483793
0.019023715;0.053841896;0.35274309
0.019023715;0.053841896;0.34483793
0.019023715;0.053841896;0.33693281
0.019023715;0.053841896;0.34483793
0.019023715;0.053841896;0.34483793
0.021;0.055818181;0.34483793
0.021;0.053841896;0.33693281
0.021;0.053841896;0.34483793
0.021;0.053841896;0.34483793
0.022976285;0.053841896;0.34483793
0.022976285;0.053841896;0.34483793
0.022976285;0.053841896;0.34483793
0.022976285;0.053841896;0.33693281
0.02495257;0.055818181;0.33693281
0.02495257;0.053841896;0.34483793
0.02495257;0.053841896;0.34483793
0.02495257;0.055818181;0.34483793
0.026928853;0.053841896;0.34483793
0.02495257;0.053841896;0.34483793
0.02495257;0.053841896;0.34483793
0.026928853;0.053841896;0.35274309
0.026928853;0.053841896;0.34483793
0.026928853;0.053841896;0.34483793
0.028905138;0.055818181;0.34483793
0.028905138;0.055818181;0.34483793
0.028905138;0.055818181;0.34483793
0.028905138;0.053841896;0.34483793
0.030881424;0.053841896;0.34483793
0.030881424;0.055818181;0.34483793
0.030881424;0.055818181;0.34483793
0.030881424;0.055818181;0.34483793
0.030881424;0.055818181;0.34483793
0.032857709;0.055818181;0.34483793
0.032857709;0.057794467;0.34483793
0.032857709;0.055818181;0.34483793
0.034833994;0.057794467;0.34483793
0.034833994;0.055818181;0.34483793
0.034833994;0.057794467;0.34483793
0.034833994;0.057794467;0.34483793
0.034833994;0.057794467;0.33693281
0.034833994;0.055818181;0.34483793
0.036810275;0.057794467;0.34483793
0.036810275;0.057794467;0.34483793
0.036810275;0.057794467;0.34483793
0.036810275;0.057794467;0.33693281
0.036810275;0.057794467;0.33693281
0.03878656;0.055818181;0.34483793
0.03878656;0.057794467;0.34483793
0.040762845;0.057794467;0.34483793
0.040762845;0.057794467;0.34483793
0.03878656;0.057794467;0.34483793
0.03878656;0.057794467;0.34483793
0.040762845;0.059770752;0.34483793
0.040762845;0.057794467;0.34483793
0.042739131;0.057794467;0.33693281
0.042739131;0.057794467;0.34483793
0.040762845;0.059770752;0.34483793
0.042739131;0.057794467;0.34483793
0.042739131;0.057794467;0.34483793
0.042739131;0.057794467;0.34483793
0.042739131;0.057794467;0.34483793
0.044715416;0.057794467;0.34483793
0.044715416;0.057794467;0.34483793
0.044715416;0.059770752;0.34483793
0.046691701;0.057794467;0.34483793
0.046691701;0.059770752;0.34483793
0.046691701;0.057794467;0.34483793
0.046691701;0.057794467;0.34483793
0.048667986;0.057794467;0.34483793
0.048667986;0.059770752;0.34483793
0.048667986;0.057794467;0.34483793
0.048667986;0.059770752;0.34483793
0.050644267;0.059770752;0.33693281
0.048667986;0.059770752;0.34483793
0.052620552;0.059770752;0.34483793
0.048667986;0.059770752;0.34483793
0.052620552;0.057794467;0.34483793
0.052620552;0.059770752;0.34483793
0.050644267;0.059770752;0.34483793
0.052620552;0.059770752;0.34483793
0.052620552;0.059770752;0.34483793
0.052620552;0.059770752;0.33693281
0.052620552;0.059770752;0.34483793
0.054596838;0.059770752;0.34483793
0.054596838;0.059770752;0.34483793
0.054596838;0.059770752;0.33693281
0.054596838;0.059770752;0.34483793
0.052620552;0.059770752;0.34483793
0.056573123;0.059770752;0.34483793
0.054596838;0.059770752;0.34483793
0.056573123;0.059770752;0.34483793
0.056573123;0.059770752;0.34483793
0.056573123;0.061747037;0.34483793
0.056573123;0.059770752;0.33693281
0.058549408;0.061747037;0.34483793
0.058549408;0.059770752;0.33693281
0.058549408;0.061747037;0.33693281
0.058549408;0.061747037;0.34483793
0.058549408;0.061747037;0.34483793
0.060525693;0.061747037;0.34483793
0.060525693;0.061747037;0.34483793
0.058549408;0.061747037;0.34483793
0.060525693;0.061747037;0.33693281
0.060525693;0.061747037;0.34483793
0.062501974;0.061747037;0.34483793
0.060525693;0.061747037;0.34483793
0.062501974;0.061747037;0.34483793
0.060525693;0.061747037;0.34483793
0.062501974;0.059770752;0.34483793
0.062501974;0.059770752;0.34483793
0.062501974;0.061747037;0.34483793
0.062501974;0.061747037;0.33693281
0.062501974;0.061747037;0.34483793
0.064478263;0.061747037;0.34483793
0.064478263;0.061747037;0.34483793
0.064478263;0.061747037;0.33693281
0.064478263;0.061747037;0.34483793
0.064478263;0.061747037;0.34483793
0.064478263;0.063723318;0.34483793
0.064478263;0.061747037;0.34483793
0.064478263;0.061747037;0.34483793
0.066454545;0.061747037;0.34483793
0.064478263;0.063723318;0.33693281
0.066454545;0.061747037;0.34483793
0.066454545;0.061747037;0.33693281
0.066454545;0.063723318;0.34483793
0.066454545;0.063723318;0.35274309
0.066454545;0.061747037;0.33693281
0.066454545;0.061747037;0.34483793
0.068430834;0.061747037;0.34483793
0.068430834;0.061747037;0.34483793
0.066454545;0.063723318;0.35274309
0.068430834;0.061747037;0.34483793
0.068430834;0.061747037;0.34483793
0.068430834;0.063723318;0.34483793
0.068430834;0.063723318;0.34483793
0.068430834;0.063723318;0.34483793
0.066454545;0.065699607;0.34483793
0.070407115;0.063723318;0.34483793
0.070407115;0.063723318;0.34483793
0.068430834;0.063723318;0.33693281
0.070407115;0.063723318;0.34483793
0.070407115;0.065699607;0.34483793
0.070407115;0.063723318;0.34483793
0.070407115;0.063723318;0.34483793
0.070407115;0.063723318;0.34483793
0.070407115;0.063723318;0.34483793
0.072383396;0.063723318;0.34483793
0.072383396;0.063723318;0.34483793
0.072383396;0.063723318;0.33693281
0.072383396;0.063723318;0.34483793
0.072383396;0.063723318;0.33693281
0.072383396;0.065699607;0.34483793
0.072383396;0.063723318;0.34483793
0.072383396;0.063723318;0.33693281
0.074359685;0.065699607;0.34483793
0.074359685;0.063723318;0.33693281
0.074359685;0.065699607;0.34483793
0.072383396;0.063723318;0.34483793
0.074359685;0.063723318;0.34483793
0.074359685;0.065699607;0.33693281
0.076335967;0.065699607;0.34483793
0.074359685;0.065699607;0.33693281
0.074359685;0.065699607;0.34483793
0.074359685;0.065699607;0.34483793
0.076335967;0.065699607;0.33693281
0.074359685;0.065699607;0.33693281
0.074359685;0.065699607;0.34483793
0.074359685;0.065699607;0.34483793
0.076335967;0.065699607;0.34483793
0.074359685;0.065699607;0.34483793
0.076335967;0.063723318;0.34483793
0.076335967;0.065699607;0.34483793
0.076335967;0.065699607;0.34483793
0.076335967;0.063723318;0.34483793
0.076335967;0.065699607;0.34483793
0.076335967;0.065699607;0.34483793
0.076335967;0.065699607;0.34483793
0.076335967;0.065699607;0.34483793
0.076335967;0.065699607;0.34483793
0.076335967;0.065699607;0.33693281
0.076335967;0.065699607;0.34483793
0.076335967;0.065699607;0.34483793
0.076335967;0.065699607;0.33693281
0.076335967;0.067675889;0.34483793
0.076335967;0.067675889;0.34483793
0.076335967;0.067675889;0.33693281
0.078312255;0.065699607;0.34483793
0.076335967;0.065699607;0.34483793
0.076335967;0.065699607;0.34483793
0.078312255;0.065699607;0.34483793
0.076335967;0.067675889;0.34483793
0.078312255;0.067675889;0.33693281
0.078312255;0.067675889;0.34483793
0.078312255;0.065699607;0.34483793
0.076335967;0.065699607;0.34483793
0.076335967;0.067675889;0.33693281
0.076335967;0.067675889;0.35274309
0.076335967;0.067675889;0.34483793
0.076335967;0.065699607;0.34483793
0.076335967;0.067675889;0.34483793
0.078312255;0.067675889;0.34483793
0.076335967;0.065699607;0.33693281
0.078312255;0.065699607;0.33693281
0.076335967;0.065699607;0.34483793
0.076335967;0.067675889;0.34483793
0.078312255;0.067675889;0.33693281
0.078312255;0.065699607;0.34483793
0.076335967;0.067675889;0.34483793
0.076335967;0.067675889;0.34483793
0.076335967;0.065699607;0.33693281
0.076335967;0.067675889;0.34483793
0.076335967;0.065699607;0.33693281
0.076335967;0.067675889;0.34483793
0.076335967;0.067675889;0.34483793
0.076335967;0.067675889;0.33693281
0.076335967;0.067675889;0.33693281
0.074359685;0.067675889;0.34483793
0.076335967;0.067675889;0.34483793
0.076335967;0.065699607;0.34483793
0.074359685;0.067675889;0.33693281
0.074359685;0.067675889;0.34483793
0.074359685;0.065699607;0.34483793
0.076335967;0.067675889;0.34483793
0.076335967;0.067675889;0.34483793
0.074359685;0.067675889;0.33693281
0.076335967;0.067675889;0.34483793
0.072383396;0.067675889;0.33693281
0.074359685;0.067675889;0.34483793
0.074359685;0.067675889;0.33693281
0.072383396;0.067675889;0.34483793
0.072383396;0.067675889;0.34483793
0.074359685;0.067675889;0.34483793
0.072383396;0.067675889;0.34483793
0.074359685;0.067675889;0.34483793
0.072383396;0.067675889;0.34483793
0.072383396;0.067675889;0.34483793
0.072383396;0.067675889;0.34483793
0.072383396;0.067675889;0.33693281
0.072383396;0.067675889;0.34483793
0.072383396;0.067675889;0.34483793
0.072383396;0.067675889;0.34483793
0.072383396;0.067675889;0.33693281
0.072383396;0.067675889;0.34483793
0.072383396;0.067675889;0.34483793
0.072383396;0.067675889;0.34483793
0.070407115;0.067675889;0.34483793
0.072383396;0.067675889;0.34483793
0.072383396;0.067675889;0.34483793
0.070407115;0.065699607;0.34483793
0.070407115;0.067675889;0.34483793
0.070407115;0.069652177;0.34483793
0.070407115;0.067675889;0.33693281
0.070407115;0.067675889;0.34483793
0.070407115;0.067675889;0.34483793
0.068430834;0.069652177;0.34483793
0.070407115;0.067675889;0.34483793
0.070407115;0.067675889;0.34483793
0.068430834;0.067675889;0.34483793
0.070407115;0.067675889;0.35274309
0.068430834;0.067675889;0.34483793
0.066454545;0.067675889;0.34483793
0.068430834;0.067675889;0.33693281
0.066454545;0.067675889;0.34483793
0.066454545;0.067675889;0.33693281
0.068430834;0.067675889;0.34483793
0.066454545;0.067675889;0.34483793
0.066454545;0.067675889;0.34483793
0.064478263;0.067675889;0.34483793
0.066454545;0.069652177;0.34483793
0.066454545;0.067675889;0.34483793
0.064478263;0.069652177;0.34483793
0.064478263;0.069652177;0.34483793
0.064478263;0.069652177;0.34483793
0.064478263;0.067675889;0.34483793
0.062501974;0.069652177;0.34483793
0.062501974;0.069652177;0.34483793
0.064478263;0.069652177;0.34483793
0.062501974;0.067675889;0.34483793
0.062501974;0.069652177;0.34483793
0.062501974;0.067675889;0.34483793
0.064478263;0.067675889;0.34483793
0.062501974;0.067675889;0.34483793
0.062501974;0.069652177;0.34483793
0.062501974;0.067675889;0.34483793
0.060525693;0.069652177;0.34483793
0.060525693;0.067675889;0.34483793
0.060525693;0.067675889;0.34483793
0.060525693;0.069652177;0.34483793
0.058549408;0.069652177;0.34483793
0.058549408;0.069652177;0.34483793
0.058549408;0.069652177;0.34483793
0.058549408;0.069652177;0.34483793
0.058549408;0.069652177;0.34483793
0.058549408;0.069652177;0.34483793
0.058549408;0.067675889;0.34483793
0.056573123;0.069652177;0.34483793
0.058549408;0.069652177;0.34483793
0.056573123;0.067675889;0.34483793
0.056573123;0.069652177;0.34483793
0.054596838;0.069652177;0.34483793
0.056573123;0.069652177;0.34483793
0.054596838;0.067675889;0.33693281
0.056573123;0.067675889;0.34483793
0.054596838;0.067675889;0.34483793
0.054596838;0.069652177;0.34483793
0.054596838;0.069652177;0.33693281
0.054596838;0.069652177;0.34483793
0.054596838;0.067675889;0.34483793
0.052620552;0.069652177;0.34483793
0.052620552;0.067675889;0.34483793
0.052620552;0.069652177;0.34483793
0.052620552;0.069652177;0.33693281
0.050644267;0.069652177;0.34483793
0.052620552;0.069652177;0.35274309
0.050644267;0.067675889;0.34483793
0.048667986;0.069652177;0.33693281
0.048667986;0.069652177;0.34483793
0.050644267;0.069652177;0.34483793
0.048667986;0.069652177;0.34483793
0.048667986;0.069652177;0.33693281
0.046691701;0.069652177;0.33693281
0.046691701;0.069652177;0.34483793
0.048667986;0.069652177;0.33693281
0.044715416;0.067675889;0.34483793
0.046691701;0.069652177;0.34483793
0.044715416;0.069652177;0.34483793
0.044715416;0.069652177;0.33693281
0.044715416;0.069652177;0.34483793
0.046691701;0.067675889;0.34483793
0.044715416;0.069652177;0.34483793
0.042739131;0.069652177;0.34483793
0.044715416;0.069652177;0.34483793
0.042739131;0.069652177;0.34483793
0.042739131;0.069652177;0.33693281
0.042739131;0.069652177;0.34483793
0.042739131;0.069652177;0.34483793
0.040762845;0.069652177;0.34483793
0.040762845;0.069652177;0.34483793
0.040762845;0.069652177;0.34483793
0.040762845;0.069652177;0.34483793
0.03878656;0.069652177;0.34483793
0.03878656;0.069652177;0.34483793
0.040762845;0.069652177;0.34483793
0.03878656;0.067675889;0.34483793
0.036810275;0.069652177;0.34483793
0.036810275;0.069652177;0.34483793
0.036810275;0.069652177;0.33693281
0.03878656;0.069652177;0.33693281
0.036810275;0.067675889;0.34483793
0.036810275;0.069652177;0.34483793
0.034833994;0.069652177;0.34483793
0.034833994;0.069652177;0.34483793
0.032857709;0.069652177;0.34483793
0.034833994;0.069652177;0.34483793
0.032857709;0.069652177;0.33693281
0.032857709;0.069652177;0.34483793
0.032857709;0.069652177;0.34483793
0.032857709;0.069652177;0.34483793
0.030881424;0.069652177;0.34483793
0.030881424;0.067675889;0.33693281
0.028905138;0.069652177;0.34483793
0.028905138;0.069652177;0.33693281
0.030881424;0.069652177;0.34483793
0.030881424;0.069652177;0.34483793
0.030881424;0.067675889;0.33693281
0.028905138;0.069652177;0.34483793
0.028905138;0.069652177;0.33693281
0.026928853;0.069652177;0.34483793
0.026928853;0.069652177;0.33693281
0.028905138;0.069652177;0.34483793
0.02495257;0.069652177;0.34483793
0.02495257;0.067675889;0.34483793
0.02495257;0.067675889;0.34483793
0.02495257;0.069652177;0.34483793
0.02495257;0.067675889;0.34483793
0.02495257;0.069652177;0.34483793
0.022976285;0.067675889;0.34483793
0.022976285;0.067675889;0.33693281
0.022976285;0.069652177;0.33693281
0.022976285;0.069652177;0.34483793
0.021;0.069652177;0.34483793
0.022976285;0.067675889;0.34483793
0.021;0.069652177;0.34483793
0.021;0.069652177;0.34483793
0.021;0.069652177;0.33693281
0.017047431;0.067675889;0.34483793
0.019023715;0.069652177;0.34483793
0.019023715;0.067675889;0.34483793
0.019023715;0.067675889;0.34483793
0.017047431;0.069652177;0.34483793
0.017047431;0.067675889;0.33693281
0.017047431;0.069652177;0.34483793
0.017047431;0.067675889;0.34483793
0.017047431;0.069652177;0.34483793
0.017047431;0.069652177;0.34483793
0.017047431;0.067675889;0.33693281
0.015071146;0.067675889;0.34483793
0.015071146;0.067675889;0.34483793
0.015071146;0.069652177;0.34483793
0.015071146;0.069652177;0.34483793
0.013094862;0.067675889;0.34483793
0.013094862;0.067675889;0.34483793
0.013094862;0.067675889;0.34483793
0.011118577;0.067675889;0.34483793
0.011118577;0.069652177;0.33693281
0.0091422927;0.067675889;0.34483793
0.011118577;0.069652177;0.34483793
0.0091422927;0.067675889;0.34483793
0.0091422927;0.069652177;0.34483793
0.0091422927;0.067675889;0.34483793
0.011118577;0.067675889;0.35274309
0.007166008;0.067675889;0.34483793
0.0091422927;0.067675889;0.34483793
0.007166008;0.067675889;0.34483793
0.0051897233;0.069652177;0.33693281
0.007166008;0.067675889;0.34483793
0.007166008;0.067675889;0.35274309
0.0051897233;0.067675889;0.34483793
0.007166008;0.067675889;0.33693281
0.0032134387;0.067675889;0.34483793
0.0051897233;0.067675889;0.34483793
0.0051897233;0.067675889;0.33693281
0.0032134387;0.067675889;0.34483793
0.0032134387;0.067675889;0.34483793
0.0032134387;0.067675889;0.34483793
0.0012371541;0.067675889;0.33693281
0.0012371541;0.069652177;0.34483793
0.0012371541;0.067675889;0.34483793
-0.00073913042;0.067675889;0.34483793
0.0012371541;0.067675889;0.34483793
-0.00073913042;0.067675889;0.34483793
-0.00073913042;0.067675889;0.34483793
-0.00073913042;0.067675889;0.34483793
-0.00073913042;0.067675889;0.33693281
-0.0027154151;0.067675889;0.34483793
-0.0027154151;0.067675889;0.34483793
-0.0027154151;0.067675889;0.34483793
-0.0046916995;0.069652177;0.34483793
-0.0027154151;0.069652177;0.34483793
-0.0046916995;0.067675889;0.34483793
-0.0027154151;0.067675889;0.33693281
-0.0066679842;0.067675889;0.33693281
-0.0046916995;0.067675889;0.34483793
-0.0066679842;0.067675889;0.34483793
-0.0046916995;0.065699607;0.34483793
-0.0066679842;0.067675889;0.34483793
-0.0066679842;0.067675889;0.34483793
-0.0066679842;0.067675889;0.34483793
-0.0066679842;0.067675889;0.34483793
-0.0066679842;0.067675889;0.34483793
-0.0086442688;0.067675889;0.34483793
-0.0086442688;0.067675889;0.34483793
-0.0066679842;0.067675889;0.34483793
-0.0086442688;0.067675889;0.34483793
-0.010620553;0.065699607;0.34483793
-0.0086442688;0.065699607;0.34483793
-0.010620553;0.067675889;0.34483793
-0.010620553;0.065699607;0.34483793
-0.010620553;0.067675889;0.34483793
-0.010620553;0.067675889;0.34483793
-0.012596838;0.067675889;0.33693281
-0.012596838;0.067675889;0.34483793
-0.012596838;0.067675889;0.34483793
-0.012596838;0.067675889;0.33693281
-0.012596838;0.067675889;0.34483793
-0.012596838;0.067675889;0.34483793
-0.012596838;0.065699607;0.34483793
-0.012596838;0.065699607;0.34483793
-0.014573122;0.065699607;0.33693281
-0.012596838;0.067675889;0.34483793
-0.014573122;0.065699607;0.34483793
-0.014573122;0.065699607;0.34483793
-0.014573122;0.065699607;0.34483793
-0.016549407;0.067675889;0.34483793
-0.016549407;0.065699607;0.34483793
-0.016549407;0.065699607;0.33693281
-0.016549407;0.065699607;0.34483793
-0.016549407;0.065699607;0.34483793
-0.018525692;0.065699607;0.34483793
-0.018525692;0.065699607;0.34483793
-0.018525692;0.067675889;0.34483793
-0.018525692;0.065699607;0.34483793
-0.018525692;0.065699607;0.34483793
-0.018525692;0.065699607;0.34483793
-0.020501977;0.065699607;0.33693281
-0.020501977;0.065699607;0.34483793
-0.020501977;0.065699607;0.34483793
-0.020501977;0.063723318;0.34483793
-0.020501977;0.065699607;0.34483793
-0.020501977;0.065699607;0.34483793
-0.020501977;0.065699607;0.35274309
-0.020501977;0.065699607;0.34483793
-0.02247826;0.065699607;0.34483793
-0.020501977;0.065699607;0.34483793
-0.02247826;0.065699607;0.34483793
-0.024454545;0.065699607;0.34483793
-0.02247826;0.063723318;0.34483793
-0.02247826;0.065699607;0.33693281
-0.02247826;0.065699607;0.34483793
-0.02247826;0.065699607;0.33693281
-0.02247826;0.065699607;0.34483793
-0.024454545;0.065699607;0.34483793
-0.02247826;0.065699607;0.34483793
-0.024454545;0.065699607;0.34483793
-0.024454545;0.065699607;0.34483793
-0.024454545;0.065699607;0.34483793
-0.024454545;0.063723318;0.34483793
-0.024454545;0.065699607;0.34483793
-0.024454545;0.065699607;0.34483793
-0.02643083;0.063723318;0.33693281
-0.024454545;0.063723318;0.34483793
-0.02643083;0.065699607;0.34483793
-0.024454545;0.063723318;0.34483793
-0.024454545;0.063723318;0.34483793
-0.02643083;0.065699607;0.34483793
-0.028407115;0.063723318;0.34483793
-0.02643083;0.063723318;0.34483793
-0.02643083;0.063723318;0.34483793
-0.02643083;0.065699607;0.34483793
-0.024454545;0.063723318;0.34483793
-0.02643083;0.065699607;0.34483793
-0.028407115;0.063723318;0.34483793
-0.02643083;0.063723318;0.34483793
-0.028407115;0.063723318;0.34483793
-0.028407115;0.063723318;0.34483793
-0.028407115;0.063723318;0.34483793
-0.028407115;0.063723318;0.34483793
-0.030383399;0.061747037;0.34483793
-0.02643083;0.061747037;0.34483793
-0.030383399;0.063723318;0.34483793
-0.028407115;0.063723318;0.34483793
-0.028407115;0.061747037;0.34483793
-0.030383399;0.063723318;0.33693281
-0.030383399;0.063723318;0.34483793
-0.030383399;0.063723318;0.34483793
-0.028407115;0.063723318;0.34483793
-0.030383399;0.063723318;0.34483793
-0.028407115;0.063723318;0.34483793
-0.028407115;0.061747037;0.34483793
-0.030383399;0.063723318;0.34483793
-0.030383399;0.063723318;0.34483793
-0.030383399;0.063723318;0.34483793
-0.030383399;0.061747037;0.34483793
-0.030383399;0.061747037;0.34483793
-0.032359682;0.063723318;0.34483793
-0.030383399;0.061747037;0.33693281
-0.032359682;0.061747037;0.34483793
-0.030383399;0.063723318;0.34483793
-0.032359682;0.063723318;0.34483793
-0.030383399;0.061747037;0.34483793
-0.030383399;0.063723318;0.33693281
-0.030383399;0.061747037;0.34483793
-0.030383399;0.061747037;0.34483793
-0.032359682;0.063723318;0.34483793
-0.030383399;0.061747037;0.34483793
-0.032359682;0.063723318;0.34483793
-0.030383399;0.061747037;0.34483793
-0.030383399;0.061747037;0.34483793
-0.032359682;0.061747037;0.34483793
-0.030383399;0.061747037;0.33693281
-0.030383399;0.061747037;0.34483793
-0.030383399;0.061747037;0.34483793
-0.032359682;0.059770752;0.34483793
-0.032359682;0.061747037;0.34483793
-0.032359682;0.061747037;0.34483793
-0.032359682;0.061747037;0.34483793
-0.030383399;0.061747037;0.34483793
-0.030383399;0.061747037;0.35274309
-0.030383399;0.059770752;0.33693281
-0.030383399;0.061747037;0.34483793
-0.032359682;0.061747037;0.34483793
-0.030383399;0.059770752;0.34483793
-0.032359682;0.061747037;0.34483793
-0.030383399;0.059770752;0.34483793
-0.032359682;0.059770752;0.34483793
-0.032359682;0.059770752;0.34483793
-0.030383399;0.061747037;0.33693281
-0.030383399;0.061747037;0.34483793
-0.030383399;0.059770752;0.34483793
-0.030383399;0.059770752;0.33693281
-0.030383399;0.059770752;0.34483793
-0.030383399;0.059770752;0.33693281
-0.030383399;0.059770752;0.34483793
-0.030383399;0.059770752;0.34483793
-0.030383399;0.059770752;0.34483793
-0.030383399;0.059770752;0.34483793
-0.030383399;0.059770752;0.34483793
-0.030383399;0.059770752;0.34483793
-0.030383399;0.059770752;0.33693281
-0.030383399;0.061747037;0.34483793
-0.030383399;0.059770752;0.33693281
-0.030383399;0.059770752;0.34483793
-0.028407115;0.057794467;0.34483793
-0.030383399;0.059770752;0.34483793
-0.028407115;0.059770752;0.34483793
-0.028407115;0.059770752;0.34483793
-0.028407115;0.059770752;0.34483793
-0.028407115;0.059770752;0.34483793
-0.028407115;0.059770752;0.34483793
-0.028407115;0.059770752;0.33693281
-0.02643083;0.057794467;0.34483793
-0.02643083;0.057794467;0.35274309
-0.02643083;0.057794467;0.34483793
-0.028407115;0.057794467;0.34483793
-0.02643083;0.057794467;0.34483793
-0.028407115;0.057794467;0.34483793
-0.028407115;0.057794467;0.34483793
-0.028407115;0.059770752;0.33693281
-0.02643083;0.057794467;0.34483793
-0.02643083;0.057794467;0.33693281
-0.02643083;0.057794467;0.33693281
-0.02643083;0.057794467;0.33693281
-0.02643083;0.057794467;0.34483793
-0.02643083;0.059770752;0.34483793
-0.024454545;0.055818181;0.34483793
-0.02643083;0.057794467;0.33693281
-0.02643083;0.057794467;0.33693281
-0.024454545;0.057794467;0.34483793
-0.02643083;0.057794467;0.34483793
-0.024454545;0.057794467;0.34483793
-0.024454545;0.057794467;0.33693281
-0.024454545;0.057794467;0.34483793
-0.02247826;0.057794467;0.34483793
-0.02247826;0.057794467;0.34483793
-0.024454545;0.057794467;0.34483793
-0.02247826;0.055818181;0.34483793
-0.024454545;0.057794467;0.34483793
-0.02247826;0.055818181;0.34483793
-0.02247826;0.055818181;0.34483793
-0.02247826;0.055818181;0.34483793
-0.020501977;0.057794467;0.34483793
-0.02247826;0.055818181;0.34483793
-0.02247826;0.057794467;0.34483793
-0.02247826;0.055818181;0.34483793
-0.02247826;0.053841896;0.34483793
-0.020501977;0.053841896;0.34483793
-0.020501977;0.055818181;0.34483793
-0.02247826;0.055818181;0.33693281
-0.020501977;0.055818181;0.34483793
-0.020501977;0.055818181;0.34483793
-0.018525692;0.055818181;0.34483793
-0.020501977;0.055818181;0.34483793
-0.020501977;0.055818181;0.34483793
-0.018525692;0.053841896;0.34483793
-0.018525692;0.055818181;0.34483793
-0.018525692;0.053841896;0.34483793
-0.018525692;0.055818181;0.34483793
-0.016549407;0.055818181;0.34483793
-0.018525692;0.055818181;0.33693281
-0.016549407;0.055818181;0.34483793
-0.016549407;0.053841896;0.34483793
-0.016549407;0.053841896;0.34483793
-0.016549407;0.053841896;0.34483793
-0.014573122;0.055818181;0.34483793
-0.014573122;0.053841896;0.34483793
-0.014573122;0.053841896;0.33693281
-0.014573122;0.053841896;0.34483793
-0.014573122;0.053841896;0.33693281
-0.012596838;0.053841896;0.33693281
-0.014573122;0.051865611;0.34483793
-0.012596838;0.053841896;0.34483793
-0.012596838;0.053841896;0.34483793
-0.012596838;0.053841896;0.34483793
-0.012596838;0.053841896;0.34483793
-0.010620553;0.051865611;0.34483793
-0.010620553;0.051865611;0.34483793
-0.010620553;0.051865611;0.34483793
-0.010620553;0.053841896;0.33693281
-0.010620553;0.051865611;0.34483793
-0.010620553;0.051865611;0.34483793
-0.010620553;0.051865611;0.34483793
-0.010620553;0.051865611;0.34483793
-0.0086442688;0.051865611;0.34483793
-0.0086442688;0.051865611;0.33693281
-0.0086442688;0.051865611;0.34483793
-0.0086442688;0.051865611;0.34483793
-0.0086442688;0.051865611;0.34483793
-0.0086442688;0.051865611;0.34483793
-0.0066679842;0.04988933;0.34483793
-0.0066679842;0.051865611;0.34483793
-0.0066679842;0.051865611;0.34483793
-0.0066679842;0.051865611;0.34483793
-0.0066679842;0.04988933;0.34483793
-0.0066679842;0.051865611;0.34483793
-0.0066679842;0.051865611;0.33693281
-0.0046916995;0.051865611;0.33693281
-0.0027154151;0.04988933;0.34483793
-0.0046916995;0.04988933;0.34483793
-0.00073913042;0.051865611;0.34483793
-0.0027154151;0.051865611;0.33693281
-0.00073913042;0.04988933;0.34483793
-0.0027154151;0.04988933;0.34483793
-0.00073913042;0.051865611;0.34483793
-0.00073913042;0.04988933;0.34483793
-0.00073913042;0.04988933;0.34483793
-0.00073913042;0.04988933;0.34483793
-0.00073913042;0.04988933;0.34483793
0.0012371541;0.04988933;0.34483793
0.0012371541;0.04988933;0.35274309
0.0012371541;0.04988933;0.34483793
0.0012371541;0.04988933;0.34483793
0.0012371541;0.04988933;0.34483793
0.0032134387;0.04988933;0.34483793
0.0032134387;0.04988933;0.33693281
0.0051897233;0.047913045;0.34483793
0.0051897233;0.04988933;0.34483793
0.0051897233;0.04988933;0.34483793
0.0051897233;0.04988933;0.33693281
0.0051897233;0.047913045;0.33693281
0.0051897233;0.047913045;0.34483793
0.007166008;0.04988933;0.34483793
0.007166008;0.047913045;0.34483793
0.007166008;0.04988933;0.34483793
0.007166008;0.047913045;0.34483793
0.0091422927;0.04988933;0.34483793
0.0091422927;0.047913045;0.34483793
0.0091422927;0.047913045;0.34483793
0.0091422927;0.047913045;0.34483793
0.0091422927;0.047913045;0.34483793
0.0091422927;0.047913045;0.34483793
0.011118577;0.047913045;0.34483793
0.011118577;0.04593676;0.33693281
0.011118577;0.047913045;0.34483793
0.011118577;0.047913045;0.34483793
0.015071146;0.047913045;0.34483793
0.015071146;0.047913045;0.34483793
0.013094862;0.04593676;0.34483793
0.013094862;0.047913045;0.34483793
0.015071146;0.047913045;0.34483793
0.015071146;0.047913045;0.34483793
0.015071146;0.047913045;0.34483793
0.017047431;0.047913045;0.34483793
0.017047431;0.047913045;0.34483793
0.017047431;0.047913045;0.34483793
0.017047431;0.04593676;0.33693281
0.017047431;0.047913045;0.34483793
0.017047431;0.04593676;0.34483793
0.017047431;0.043960474;0.34483793
0.019023715;0.043960474;0.34483793
0.019023715;0.04593676;0.34483793
0.019023715;0.043960474;0.34483793
0.021;0.04593676;0.34483793
0.021;0.04593676;0.34483793
0.022976285;0.04593676;0.34483793
0.021;0.04593676;0.35274309
0.021;0.047913045;0.34483793
0.021;0.04593676;0.34483793
0.021;0.04593676;0.34483793
0.022976285;0.04593676;0.34483793
0.022976285;0.04593676;0.33693281
0.022976285;0.04593676;0.34483793
0.02495257;0.04593676;0.34483793
0.02495257;0.04593676;0.34483793
0.026928853;0.043960474;0.34483793
0.02495257;0.043960474;0.35274309
0.02495257;0.04593676;0.34483793
0.026928853;0.043960474;0.33693281
0.02495257;0.043960474;0.34483793
0.028905138;0.041984189;0.34483793
0.028905138;0.043960474;0.34483793
0.028905138;0.043960474;0.34483793
0.028905138;0.043960474;0.34483793
0.030881424;0.043960474;0.34483793
0.030881424;0.043960474;0.34483793
0.030881424;0.041984189;0.34483793
0.030881424;0.043960474;0.34483793
0.030881424;0.043960474;0.34483793
0.032857709;0.041984189;0.34483793
0.032857709;0.043960474;0.34483793
0.032857709;0.041984189;0.34483793
0.032857709;0.043960474;0.34483793
0.032857709;0.041984189;0.34483793
0.032857709;0.043960474;0.35274309
0.034833994;0.041984189;0.34483793
0.034833994;0.041984189;0.34483793
0.034833994;0.041984189;0.34483793
0.036810275;0.043960474;0.34483793
0.036810275;0.041984189;0.34483793
0.036810275;0.041984189;0.34483793
0.036810275;0.041984189;0.34483793
0.03878656;0.041984189;0.34483793
0.03878656;0.041984189;0.34483793
0.036810275;0.041984189;0.34483793
0.03878656;0.041984189;0.34483793
0.040762845;0.041984189;0.34483793
0.040762845;0.040007904;0.34483793
0.040762845;0.040007904;0.33693281
0.040762845;0.041984189;0.34483793
0.042739131;0.041984189;0.34483793
0.040762845;0.040007904;0.34483793
0.040762845;0.040007904;0.34483793
0.042739131;0.040007904;0.34483793
0.042739131;0.040007904;0.34483793
0.042739131;0.040007904;0.34483793
0.044715416;0.040007904;0.34483793
0.042739131;0.040007904;0.34483793
0.044715416;0.040007904;0.34483793
0.044715416;0.040007904;0.33693281
0.046691701;0.040007904;0.34483793
0.046691701;0.040007904;0.33693281
0.046691701;0.040007904;0.34483793
0.046691701;0.040007904;0.34483793
0.048667986;0.040007904;0.34483793
0.048667986;0.040007904;0.33693281
0.046691701;0.040007904;0.34483793
0.048667986;0.038031619;0.34483793
0.048667986;0.040007904;0.33693281
0.048667986;0.040007904;0.34483793
0.050644267;0.040007904;0.34483793
0.050644267;0.040007904;0.34483793
0.050644267;0.038031619;0.34483793
0.050644267;0.040007904;0.34483793
0.050644267;0.040007904;0.34483793
0.052620552;0.038031619;0.34483793
0.052620552;0.038031619;0.34483793
0.052620552;0.038031619;0.34483793
0.052620552;0.038031619;0.34483793
0.054596838;0.038031619;0.35274309
0.054596838;0.038031619;0.34483793
0.052620552;0.038031619;0.35274309
0.054596838;0.038031619;0.34483793
0.056573123;0.038031619;0.34483793
0.054596838;0.038031619;0.34483793
0.054596838;0.038031619;0.34483793
0.054596838;0.036055338;0.34483793
0.056573123;0.038031619;0.34483793
0.056573123;0.036055338;0.34483793
0.056573123;0.036055338;0.34483793
0.056573123;0.036055338;0.34483793
0.056573123;0.036055338;0.34483793
0.058549408;0.036055338;0.34483793
0.056573123;0.036055338;0.34483793
0.056573123;0.036055338;0.34483793
0.058549408;0.036055338;0.34483793
0.058549408;0.036055338;0.34483793
0.060525693;0.036055338;0.34483793
0.058549408;0.036055338;0.34483793
0.060525693;0.034079053;0.34483793
0.060525693;0.034079053;0.34483793
0.060525693;0.036055338;0.34483793
0.060525693;0.036055338;0.34483793
0.062501974;0.036055338;0.34483793
0.062501974;0.036055338;0.33693281
0.062501974;0.036055338;0.34483793
0.062501974;0.036055338;0.33693281
0.062501974;0.036055338;0.34483793
0.062501974;0.036055338;0.34483793
0.062501974;0.036055338;0.33693281
0.062501974;0.034079053;0.34483793
0.062501974;0.034079053;0.34483793
0.064478263;0.034079053;0.34483793
0.064478263;0.034079053;0.34483793
0.064478263;0.034079053;0.34483793
0.064478263;0.034079053;0.34483793
0.064478263;0.034079053;0.34483793
0.064478263;0.034079053;0.34483793
0.066454545;0.034079053;0.34483793
0.066454545;0.034079053;0.34483793
0.066454545;0.034079053;0.33693281
0.066454545;0.032102767;0.34483793
0.066454545;0.034079053;0.33693281
0.068430834;0.032102767;0.34483793
0.066454545;0.034079053;0.34483793
0.068430834;0.034079053;0.34483793
0.068430834;0.032102767;0.33693281
0.068430834;0.032102767;0.34483793
0.066454545;0.032102767;0.34483793
0.068430834;0.032102767;0.33693281
0.068430834;0.032102767;0.34483793
0.068430834;0.034079053;0.34483793
0.070407115;0.032102767;0.34483793
0.068430834;0.032102767;0.34483793
0.070407115;0.032102767;0.34483793
0.070407115;0.032102767;0.34483793
0.070407115;0.032102767;0.35274309
0.070407115;0.032102767;0.34483793
0.070407115;0.032102767;0.34483793
0.072383396;0.032102767;0.34483793
0.072383396;0.032102767;0.34483793
0.070407115;0.030126482;0.34483793
0.070407115;0.030126482;0.34483793
0.072383396;0.032102767;0.34483793
0.072383396;0.030126482;0.34483793
0.070407115;0.032102767;0.33693281
0.072383396;0.030126482;0.34483793
0.072383396;0.030126482;0.34483793
0.072383396;0.030126482;0.34483793
0.072383396;0.030126482;0.34483793
0.074359685;0.030126482;0.34483793
0.072383396;0.030126482;0.34483793
0.072383396;0.030126482;0.34483793
0.074359685;0.028150197;0.34483793
0.074359685;0.028150197;0.34483793
0.072383396;0.030126482;0.33693281
0.072383396;0.030126482;0.34483793
0.074359685;0.028150197;0.34483793
0.074359685;0.030126482;0.34483793
0.074359685;0.028150197;0.34483793
0.074359685;0.028150197;0.33693281
0.076335967;0.030126482;0.34483793
0.074359685;0.028150197;0.34483793
0.074359685;0.028150197;0.34483793
0.074359685;0.028150197;0.35274309
0.074359685;0.030126482;0.34483793
0.074359685;0.028150197;0.34483793
0.076335967;0.028150197;0.34483793
0.076335967;0.028150197;0.34483793
0.076335967;0.028150197;0.34483793
0.076335967;0.026173914;0.34483793
0.076335967;0.028150197;0.34483793
0.076335967;0.028150197;0.33693281
0.076335967;0.028150197;0.34483793
0.078312255;0.028150197;0.34483793
0.076335967;0.026173914;0.34483793
0.076335967;0.026173914;0.34483793
0.076335967;0.026173914;0.33693281
0.076335967;0.026173914;0.34483793
0.076335967;0.026173914;0.34483793
0.076335967;0.026173914;0.34483793
0.076335967;0.026173914;0.34483793
0.076335967;0.026173914;0.34483793
0.076335967;0.026173914;0.33693281
0.076335967;0.026173914;0.34483793
0.076335967;0.026173914;0.34483793
0.076335967;0.026173914;0.34483793
0.076335967;0.026173914;0.33693281
0.078312255;0.026173914;0.34483793
0.076335967;0.026173914;0.34483793
0.076335967;0.026173914;0.34483793
0.078312255;0.024197629;0.33693281
0.076335967;0.024197629;0.34483793
0.078312255;0.024197629;0.34483793
0.076335967;0.024197629;0.34483793
0.076335967;0.024197629;0.34483793
0.076335967;0.026173914;0.34483793
0.076335967;0.024197629;0.33693281
0.078312255;0.026173914;0.34483793
0.076335967;0.024197629;0.33693281
0.076335967;0.024197629;0.33693281
0.078312255;0.024197629;0.34483793
0.076335967;0.024197629;0.34483793
0.078312255;0.024197629;0.33693281
0.076335967;0.024197629;0.33693281
0.076335967;0.022221344;0.34483793
0.076335967;0.022221344;0.34483793
0.076335967;0.024197629;0.34483793
0.076335967;0.024197629;0.33693281
0.076335967;0.022221344;0.34483793
0.076335967;0.022221344;0.34483793
0.076335967;0.024197629;0.33693281
0.074359685;0.022221344;0.34483793
0.076335967;0.022221344;0.34483793
0.076335967;0.022221344;0.34483793
0.074359685;0.020245058;0.35274309
0.076335967;0.020245058;0.34483793
0.076335967;0.022221344;0.34483793
0.074359685;0.022221344;0.33693281
0.076335967;0.022221344;0.33693281
0.074359685;0.022221344;0.34483793
0.074359685;0.020245058;0.33693281
0.072383396;0.020245058;0.34483793
0.072383396;0.022221344;0.34483793
0.074359685;0.020245058;0.34483793
0.074359685;0.020245058;0.34483793
0.074359685;0.020245058;0.34483793
0.074359685;0.020245058;0.34483793
0.072383396;0.022221344;0.34483793
0.072383396;0.020245058;0.34483793
0.072383396;0.020245058;0.34483793
0.072383396;0.020245058;0.34483793
0.072383396;0.020245058;0.34483793
0.072383396;0.020245058;0.33693281
0.072383396;0.020245058;0.34483793
0.074359685;0.020245058;0.34483793
0.070407115;0.020245058;0.34483793
0.072383396;0.020245058;0.34483793
0.072383396;0.020245058;0.34483793
0.070407115;0.020245058;0.34483793
0.072383396;0.018268775;0.34483793
0.070407115;0.020245058;0.34483793
0.070407115;0.020245058;0.34483793
0.070407115;0.018268775;0.34483793
0.070407115;0.018268775;0.34483793
0.072383396;0.018268775;0.34483793
0.070407115;0.018268775;0.34483793
0.068430834;0.018268775;0.34483793
0.068430834;0.018268775;0.34483793
0.068430834;0.018268775;0.34483793
0.070407115;0.018268775;0.34483793
0.068430834;0.018268775;0.34483793
0.068430834;0.018268775;0.34483793
0.068430834;0.018268775;0.34483793
0.068430834;0.01629249;0.34483793
0.068430834;0.01629249;0.34483793
0.068430834;0.01629249;0.34483793
0.066454545;0.01629249;0.34483793
0.066454545;0.01629249;0.33693281
0.066454545;0.01629249;0.34483793
0.066454545;0.01629249;0.34483793
0.068430834;0.01629249;0.33693281
0.064478263;0.01629249;0.33693281
0.064478263;0.01629249;0.33693281
0.064478263;0.014316206;0.34483793
0.064478263;0.01629249;0.34483793
0.064478263;0.01629249;0.34483793
0.066454545;0.01629249;0.34483793
0.064478263;0.014316206;0.34483793
0.064478263;0.01629249;0.34483793
0.064478263;0.01629249;0.34483793
0.064478263;0.014316206;0.34483793
0.064478263;0.014316206;0.33693281
0.064478263;0.014316206;0.34483793
0.062501974;0.014316206;0.34483793
0.062501974;0.014316206;0.34483793
0.062501974;0.014316206;0.34483793
0.060525693;0.014316206;0.34483793
0.062501974;0.014316206;0.34483793
0.062501974;0.014316206;0.34483793
0.060525693;0.014316206;0.34483793
0.060525693;0.012339921;0.34483793
0.060525693;0.014316206;0.34483793
0.060525693;0.014316206;0.34483793
0.060525693;0.012339921;0.33693281
0.058549408;0.012339921;0.34483793
0.058549408;0.014316206;0.34483793
0.058549408;0.012339921;0.34483793
0.056573123;0.012339921;0.34483793
0.058549408;0.014316206;0.34483793
0.056573123;0.012339921;0.34483793
0.056573123;0.012339921;0.34483793
0.056573123;0.012339921;0.34483793
0.056573123;0.012339921;0.34483793
0.056573123;0.012339921;0.34483793
0.056573123;0.012339921;0.34483793
0.054596838;0.012339921;0.34483793
0.056573123;0.012339921;0.34483793
0.054596838;0.012339921;0.33693281
0.054596838;0.012339921;0.34483793
0.054596838;0.012339921;0.34483793
0.054596838;0.012339921;0.34483793
0.052620552;0.012339921;0.34483793
0.052620552;0.012339921;0.34483793
0.054596838;0.010363637;0.34483793
0.052620552;0.012339921;0.34483793
0.052620552;0.012339921;0.34483793
0.052620552;0.010363637;0.34483793
0.050644267;0.010363637;0.33693281
0.050644267;0.012339921;0.34483793
0.050644267;0.012339921;0.34483793
0.050644267;0.010363637;0.33693281
0.048667986;0.010363637;0.34483793
0.048667986;0.012339921;0.34483793
0.048667986;0.010363637;0.34483793
0.048667986;0.010363637;0.34483793
0.046691701;0.010363637;0.34483793
0.048667986;0.010363637;0.34483793
0.046691701;0.010363637;0.34483793
0.046691701;0.0083873514;0.34483793
0.044715416;0.010363637;0.34483793
0.046691701;0.010363637;0.34483793
0.046691701;0.010363637;0.34483793
0.044715416;0.0083873514;0.35274309
0.044715416;0.010363637;0.34483793
0.044715416;0.0083873514;0.34483793
0.042739131;0.0083873514;0.34483793
0.042739131;0.0083873514;0.33693281
0.042739131;0.0083873514;0.34483793
0.040762845;0.0083873514;0.34483793
0.040762845;0.0083873514;0.34483793
0.042739131;0.0083873514;0.34483793
0.040762845;0.0083873514;0.34483793
0.040762845;0.0083873514;0.34483793
0.040762845;0.0083873514;0.34483793
0.040762845;0.0083873514;0.34483793
0.03878656;0.0083873514;0.34483793
0.03878656;0.0083873514;0.34483793
0.03878656;0.0064110672;0.33693281
0.03878656;0.0083873514;0.34483793
0.03878656;0.0064110672;0.34483793
0.036810275;0.0064110672;0.34483793
0.034833994;0.0083873514;0.34483793
0.034833994;0.0064110672;0.34483793
0.032857709;0.0083873514;0.34483793
0.034833994;0.0064110672;0.33693281
0.034833994;0.0064110672;0.34483793
0.034833994;0.0083873514;0.34483793
0.032857709;0.0064110672;0.35274309
0.034833994;0.0064110672;0.34483793
0.032857709;0.0064110672;0.34483793
0.032857709;0.0064110672;0.35274309
0.032857709;0.0064110672;0.34483793
0.030881424;0.0064110672;0.33693281
0.030881424;0.0064110672;0.34483793
0.030881424;0.0064110672;0.34483793
0.030881424;0.0064110672;0.35274309
0.030881424;0.0044347825;0.34483793
0.028905138;0.0044347825;0.34483793
0.028905138;0.0044347825;0.34483793
0.028905138;0.0064110672;0.34483793
0.028905138;0.0044347825;0.34483793
0.028905138;0.0044347825;0.34483793
0.026928853;0.0044347825;0.34483793
0.026928853;0.0044347825;0.34483793
0.02495257;0.0044347825;0.34483793
0.02495257;0.0044347825;0.34483793
0.02495257;0.0044347825;0.33693281
0.02495257;0.0044347825;0.34483793
0.02495257;0.0024584981;0.34483793
0.02495257;0.0044347825;0.34483793
0.022976285;0.0024584981;0.34483793
0.022976285;0.0024584981;0.34483793
0.021;0.0024584981;0.34483793
0.022976285;0.0024584981;0.34483793
0.021;0.0024584981;0.34483793
0.021;0.0044347825;0.33693281
0.021;0.0024584981;0.34483793
0.021;0.0024584981;0.34483793
0.019023715;0.0024584981;0.33693281
0.019023715;0.0024584981;0.34483793
0.021;0.0024584981;0.34483793
0.019023715;0.0024584981;0.34483793
0.019023715;0.0024584981;0.34483793
0.019023715;0.0024584981;0.34483793
0.017047431;0.0024584981;0.34483793
0.017047431;0.00048221345;0.34483793
0.017047431;0.0024584981;0.34483793
0.015071146;0.00048221345;0.34483793
0.017047431;0.00048221345;0.34483793
0.015071146;0.00048221345;0.34483793
0.015071146;0.00048221345;0.33693281
0.015071146;0.00048221345;0.34483793
0.015071146;0.00048221345;0.34483793
0.013094862;0.00048221345;0.34483793
0.015071146;0.00048221345;0.34483793
0.013094862;0.00048221345;0.34483793
0.011118577;0.00048221345;0.33693281
0.011118577;0.00048221345;0.34483793
0.011118577;0.00048221345;0.33693281
0.011118577;0.00048221345;0.34483793
0.0091422927;0.00048221345;0.34483793
0.0091422927;0.00048221345;0.33693281
0.0091422927;-0.0014940711;0.34483793
0.0091422927;0.00048221345;0.34483793
0.007166008;-0.0014940711;0.33693281
0.007166008;0.00048221345;0.34483793
0.007166008;-0.0014940711;0.34483793
0.007166008;-0.0014940711;0.34483793
0.007166008;0.00048221345;0.34483793
0.0051897233;-0.0014940711;0.34483793
0.0051897233;-0.0014940711;0.34483793
0.0032134387;-0.0014940711;0.34483793
0.0051897233;0.00048221345;0.34483793
0.0032134387;-0.0014940711;0.34483793
0.0032134387;-0.0014940711;0.34483793
0.0032134387;-0.0014940711;0.34483793
0.0032134387;-0.0014940711;0.34483793
0.0032134387;-0.0014940711;0.34483793
-0.00073913042;-0.0014940711;0.34483793
0.0012371541;-0.0014940711;0.34483793
-0.00073913042;-0.0014940711;0.34483793
-0.00073913042;-0.0034703556;0.34483793
-0.00073913042;-0.0014940711;0.34483793
-0.00073913042;-0.0034703556;0.34483793
-0.00073913042;-0.0014940711;0.34483793
-0.0027154151;-0.0034703556;0.34483793
-0.0027154151;-0.0014940711;0.34483793
-0.0027154151;-0.0034703556;0.34483793
-0.0027154151;-0.0014940711;0.34483793
-0.0027154151;-0.0034703556;0.34483793
-0.0027154151;-0.0014940711;0.34483793
-0.0027154151;-0.0034703556;0.34483793
-0.0046916995;-0.0034703556;0.34483793
-0.0046916995;-0.0034703556;0.34483793
-0.0046916995;-0.0034703556;0.34483793
-0.0066679842;-0.0034703556;0.34483793
-0.0046916995;-0.0034703556;0.34483793
-0.0066679842;-0.0034703556;0.33693281
-0.0066679842;-0.0034703556;0.33693281
-0.0066679842;-0.0054466403;0.33693281
-0.010620553;-0.0034703556;0.34483793
-0.0086442688;-0.0054466403;0.34483793
-0.0086442688;-0.0054466403;0.34483793
-0.0086442688;-0.0054466403;0.34483793
-0.010620553;-0.0034703556;0.34483793
-0.010620553;-0.0054466403;0.34483793
-0.010620553;-0.0054466403;0.34483793
-0.010620553;-0.0054466403;0.34483793
-0.010620553;-0.0054466403;0.34483793
-0.010620553;-0.0034703556;0.34483793
-0.010620553;-0.0054466403;0.33693281
-0.012596838;-0.0054466403;0.34483793
-0.012596838;-0.0054466403;0.33693281
-0.010620553;-0.0054466403;0.33693281
-0.012596838;-0.0054466403;0.34483793
-0.012596838;-0.0054466403;0.33693281
-0.012596838;-0.0054466403;0.34483793
-0.014573122;-0.0054466403;0.34483793
-0.012596838;-0.0054466403;0.34483793
-0.014573122;-0.007422925;0.34483793
-0.014573122;-0.0054466403;0.34483793
-0.012596838;-0.0054466403;0.33693281
-0.014573122;-0.0054466403;0.34483793
-0.014573122;-0.0054466403;0.34483793
-0.014573122;-0.0054466403;0.34483793
-0.014573122;-0.0054466403;0.34483793
-0.016549407;-0.0054466403;0.35274309
-0.016549407;-0.0054466403;0.34483793
-0.016549407;-0.007422925;0.34483793
-0.016549407;-0.0054466403;0.34483793
-0.016549407;-0.007422925;0.33693281
-0.018525692;-0.007422925;0.34483793
-0.016549407;-0.007422925;0.35274309
-0.018525692;-0.007422925;0.34483793
-0.018525692;-0.007422925;0.34483793
-0.020501977;-0.007422925;0.34483793
-0.018525692;-0.007422925;0.34483793
-0.018525692;-0.007422925;0.34483793
-0.020501977;-0.007422925;0.34483793
-0.020501977;-0.007422925;0.34483793
-0.020501977;-0.007422925;0.34483793
-0.020501977;-0.007422925;0.34483793
-0.020501977;-0.007422925;0.34483793
-0.02247826;-0.007422925;0.35274309
-0.020501977;-0.007422925;0.34483793
-0.020501977;-0.007422925;0.34483793
-0.02247826;-0.007422925;0.34483793
-0.020501977;-0.007422925;0.34483793
-0.02247826;-0.007422925;0.34483793
-0.02247826;-0.007422925;0.34483793
-0.02247826;-0.0093992092;0.34483793
-0.02247826;-0.0093992092;0.34483793
-0.024454545;-0.007422925;0.34483793
-0.02247826;-0.007422925;0.34483793
-0.02247826;-0.0093992092;0.34483793
-0.024454545;-0.0093992092;0.34483793
-0.02247826;-0.0093992092;0.34483793
-0.024454545;-0.0093992092;0.33693281
-0.024454545;-0.0093992092;0.34483793
-0.024454545;-0.007422925;0.34483793
-0.02643083;-0.0093992092;0.34483793
-0.024454545;-0.0093992092;0.34483793
-0.02643083;-0.0093992092;0.35274309
-0.02643083;-0.0093992092;0.33693281
-0.02643083;-0.0093992092;0.34483793
-0.02643083;-0.0093992092;0.34483793
-0.02643083;-0.0093992092;0.34483793
-0.028407115;-0.0093992092;0.34483793
-0.028407115;-0.011375494;0.34483793
-0.02643083;-0.0093992092;0.34483793
-0.02643083;-0.0093992092;0.34483793
-0.028407115;-0.0093992092;0.33693281
-0.028407115;-0.011375494;0.34483793
-0.02643083;-0.011375494;0.33693281
-0.028407115;-0.0093992092;0.34483793
-0.028407115;-0.011375494;0.34483793
-0.028407115;-0.011375494;0.34483793
-0.030383399;-0.0093992092;0.35274309
-0.028407115;-0.0093992092;0.34483793
-0.028407115;-0.011375494;0.35274309
-0.030383399;-0.011375494;0.34483793
-0.028407115;-0.011375494;0.34483793
-0.028407115;-0.011375494;0.33693281
-0.030383399;-0.011375494;0.34483793
-0.030383399;-0.011375494;0.34483793
-0.030383399;-0.011375494;0.34483793
-0.030383399;-0.011375494;0.33693281
-0.030383399;-0.011375494;0.35274309
-0.030383399;-0.011375494;0.34483793
-0.030383399;-0.011375494;0.34483793
-0.030383399;-0.011375494;0.34483793
-0.032359682;-0.011375494;0.34483793
-0.030383399;-0.011375494;0.34483793
-0.032359682;-0.011375494;0.34483793
-0.030383399;-0.011375494;0.34483793
-0.030383399;-0.013351778;0.34483793
-0.030383399;-0.011375494;0.34483793
-0.032359682;-0.011375494;0.35274309
-0.030383399;-0.011375494;0.34483793
-0.030383399;-0.011375494;0.33693281
-0.030383399;-0.011375494;0.34483793
-0.030383399;-0.013351778;0.34483793
-0.032359682;-0.013351778;0.34483793
-0.032359682;-0.013351778;0.34483793
-0.032359682;-0.011375494;0.34483793
-0.030383399;-0.015328064;0.34483793
-0.030383399;-0.013351778;0.34483793
-0.030383399;-0.013351778;0.33693281
-0.032359682;-0.013351778;0.34483793
-0.030383399;-0.013351778;0.34483793
-0.030383399;-0.011375494;0.34483793
-0.030383399;-0.013351778;0.34483793
-0.032359682;-0.013351778;0.34483793
-0.030383399;-0.015328064;0.34483793
-0.032359682;-0.013351778;0.34483793
-0.032359682;-0.013351778;0.34483793
-0.032359682;-0.013351778;0.34483793
-0.032359682;-0.013351778;0.34483793
-0.030383399;-0.013351778;0.34483793
-0.032359682;-0.013351778;0.34483793
-0.030383399;-0.013351778;0.34483793
-0.032359682;-0.013351778;0.35274309
-0.030383399;-0.013351778;0.34483793
-0.030383399;-0.013351778;0.35274309
-0.032359682;-0.013351778;0.33693281
-0.030383399;-0.013351778;0.34483793
-0.030383399;-0.015328064;0.34483793
-0.030383399;-0.015328064;0.34483793
-0.030383399;-0.015328064;0.34483793
-0.030383399;-0.013351778;0.34483793
-0.032359682;-0.013351778;0.34483793
-0.030383399;-0.015328064;0.34483793
-0.030383399;-0.015328064;0.34483793
-0.030383399;-0.015328064;0.34483793
-0.030383399;-0.015328064;0.34483793
-0.030383399;-0.015328064;0.34483793
-0.030383399;-0.015328064;0.34483793
-0.030383399;-0.013351778;0.33693281
-0.030383399;-0.015328064;0.34483793
-0.030383399;-0.015328064;0.34483793
-0.030383399;-0.015328064;0.34483793
-0.028407115;-0.015328064;0.34483793
-0.030383399;-0.015328064;0.34483793
-0.028407115;-0.015328064;0.34483793
-0.028407115;-0.015328064;0.34483793
-0.028407115;-0.017304348;0.34483793
-0.02643083;-0.017304348;0.34483793
-0.028407115;-0.015328064;0.33693281
-0.028407115;-0.015328064;0.34483793
-0.028407115;-0.015328064;0.34483793
-0.028407115;-0.015328064;0.34483793
-0.028407115;-0.017304348;0.34483793
-0.02643083;-0.017304348;0.34483793
-0.028407115;-0.017304348;0.33693281
-0.028407115;-0.017304348;0.34483793
-0.028407115;-0.015328064;0.33693281
-0.028407115;-0.017304348;0.34483793
-0.02643083;-0.017304348;0.34483793
-0.028407115;-0.017304348;0.34483793
-0.02643083;-0.017304348;0.34483793
-0.02643083;-0.017304348;0.34483793
-0.028407115;-0.017304348;0.33693281
-0.028407115;-0.017304348;0.34483793
-0.024454545;-0.017304348;0.34483793
-0.02643083;-0.017304348;0.33693281
-0.02643083;-0.017304348;0.34483793
-0.024454545;-0.017304348;0.34483793
-0.02643083;-0.017304348;0.34483793
-0.02643083;-0.017304348;0.34483793
-0.024454545;-0.017304348;0.33693281
-0.024454545;-0.017304348;0.34483793
-0.02247826;-0.019280633;0.34483793
-0.02247826;-0.017304348;0.33693281
-0.02247826;-0.017304348;0.34483793
-0.024454545;-0.017304348;0.34483793
-0.024454545;-0.019280633;0.34483793
-0.02247826;-0.019280633;0.34483793
-0.02247826;-0.019280633;0.34483793
-0.02247826;-0.017304348;0.34483793
-0.02247826;-0.019280633;0.34483793
-0.02247826;-0.019280633;0.34483793
-0.02247826;-0.019280633;0.34483793
-0.020501977;-0.019280633;0.34483793
-0.020501977;-0.017304348;0.34483793
-0.020501977;-0.019280633;0.34483793
-0.02247826;-0.019280633;0.34483793
-0.020501977;-0.019280633;0.34483793
-0.020501977;-0.019280633;0.34483793
-0.020501977;-0.019280633;0.34483793
-0.018525692;-0.019280633;0.34483793
-0.020501977;-0.019280633;0.33693281
-0.020501977;-0.019280633;0.34483793
-0.018525692;-0.017304348;0.34483793
-0.018525692;-0.019280633;0.34483793
-0.018525692;-0.019280633;0.34483793
-0.018525692;-0.019280633;0.34483793
-0.018525692;-0.019280633;0.34483793
-0.016549407;-0.021256916;0.34483793
-0.018525692;-0.017304348;0.34483793
-0.016549407;-0.019280633;0.34483793
-0.016549407;-0.019280633;0.34483793
-0.014573122;-0.019280633;0.34483793
-0.014573122;-0.021256916;0.34483793
-0.016549407;-0.019280633;0.34483793
-0.014573122;-0.019280633;0.34483793
-0.014573122;-0.019280633;0.34483793
-0.014573122;-0.019280633;0.34483793
-0.014573122;-0.019280633;0.34483793
-0.014573122;-0.021256916;0.34483793
-0.012596838;-0.019280633;0.34483793
-0.012596838;-0.021256916;0.34483793
-0.012596838;-0.019280633;0.34483793
-0.012596838;-0.019280633;0.34483793
-0.012596838;-0.021256916;0.34483793
-0.012596838;-0.019280633;0.34483793
-0.010620553;-0.019280633;0.34483793
-0.010620553;-0.021256916;0.33693281
-0.010620553;-0.021256916;0.34483793
-0.010620553;-0.019280633;0.33693281
-0.010620553;-0.021256916;0.34483793
-0.0086442688;-0.023233201;0.33693281
-0.0086442688;-0.021256916;0.34483793
-0.0086442688;-0.021256916;0.34483793
-0.0066679842;-0.021256916;0.34483793
-0.0086442688;-0.021256916;0.34483793
-0.0066679842;-0.021256916;0.34483793
-0.0066679842;-0.021256916;0.34483793
-0.0066679842;-0.019280633;0.34483793
-0.0066679842;-0.021256916;0.34483793
-0.0066679842;-0.019280633;0.34483793
-0.0066679842;-0.021256916;0.34483793
-0.0046916995;-0.021256916;0.34483793
-0.0046916995;-0.021256916;0.34483793
-0.0066679842;-0.021256916;0.34483793
-0.0046916995;-0.021256916;0.34483793
-0.0027154151;-0.021256916;0.34483793
-0.0027154151;-0.021256916;0.34483793
-0.00073913042;-0.019280633;0.34483793
-0.0027154151;-0.021256916;0.34483793
-0.00073913042;-0.023233201;0.34483793
-0.0027154151;-0.021256916;0.34483793
-0.00073913042;-0.021256916;0.34483793
-0.00073913042;-0.023233201;0.34483793
-0.00073913042;-0.023233201;0.33693281
-0.00073913042;-0.021256916;0.34483793
-0.00073913042;-0.021256916;0.34483793
0.0012371541;-0.021256916;0.33693281
0.0012371541;-0.021256916;0.34483793
0.0012371541;-0.021256916;0.34483793
0.0032134387;-0.019280633;0.34483793
0.0012371541;-0.021256916;0.34483793
0.0032134387;-0.021256916;0.34483793
0.0051897233;-0.023233201;0.34483793
0.0051897233;-0.023233201;0.34483793
0.0051897233;-0.023233201;0.33693281
0.0032134387;-0.023233201;0.34483793
0.0051897233;-0.023233201;0.34483793
0.0051897233;-0.021256916;0.33693281
0.007166008;-0.023233201;0.34483793
0.007166008;-0.021256916;0.33693281
0.007166008;-0.023233201;0.33693281
0.007166008;-0.023233201;0.34483793
0.007166008;-0.023233201;0.34483793
0.0091422927;-0.023233201;0.34483793
0.0091422927;-0.023233201;0.34483793
0.011118577;-0.023233201;0.33693281
0.0091422927;-0.023233201;0.34483793
0.011118577;-0.023233201;0.34483793
0.0091422927;-0.023233201;0.33693281
0.011118577;-0.023233201;0.34483793
0.011118577;-0.023233201;0.34483793
0.011118577;-0.023233201;0.33693281
0.011118577;-0.023233201;0.34483793
0.013094862;-0.023233201;0.34483793
0.013094862;-0.023233201;0.34483793
0.015071146;-0.023233201;0.34483793
0.013094862;-0.023233201;0.34483793
0.015071146;-0.023233201;0.34483793
0.017047431;-0.025209486;0.34483793
0.015071146;-0.023233201;0.34483793
0.015071146;-0.023233201;0.34483793
0.015071146;-0.025209486;0.34483793
0.017047431;-0.023233201;0.34483793
0.019023715;-0.023233201;0.34483793
0.017047431;-0.023233201;0.33693281
0.019023715;-0.023233201;0.34483793
0.017047431;-0.023233201;0.34483793
0.019023715;-0.023233201;0.34483793
0.019023715;-0.023233201;0.34483793
0.021;-0.025209486;0.34483793
0.019023715;-0.025209486;0.34483793
0.021;-0.025209486;0.34483793
0.022976285;-0.023233201;0.34483793
0.021;-0.025209486;0.34483793
0.022976285;-0.023233201;0.34483793
0.021;-0.025209486;0.33693281
0.022976285;-0.023233201;0.34483793
0.022976285;-0.023233201;0.34483793
0.02495257;-0.023233201;0.34483793
0.02495257;-0.025209486;0.34483793
0.02495257;-0.023233201;0.34483793
0.026928853;-0.023233201;0.34483793
0.02495257;-0.023233201;0.34483793
0.026928853;-0.023233201;0.34483793
0.026928853;-0.025209486;0.34483793
0.026928853;-0.023233201;0.34483793
0.026928853;-0.023233201;0.34483793
0.028905138;-0.025209486;0.33693281
0.028905138;-0.023233201;0.34483793
0.028905138;-0.023233201;0.34483793
0.028905138;-0.023233201;0.33693281
0.030881424;-0.023233201;0.33693281
0.030881424;-0.023233201;0.35274309
0.030881424;-0.025209486;0.34483793
0.030881424;-0.025209486;0.33693281
0.032857709;-0.025209486;0.34483793
0.032857709;-0.023233201;0.34483793
0.032857709;-0.025209486;0.34483793
0.034833994;-0.025209486;0.34483793
0.032857709;-0.025209486;0.34483793
0.034833994;-0.025209486;0.33693281
0.034833994;-0.025209486;0.33693281
0.034833994;-0.025209486;0.34483793
0.036810275;-0.023233201;0.34483793
0.036810275;-0.025209486;0.34483793
0.036810275;-0.025209486;0.34483793
0.036810275;-0.025209486;0.34483793
0.036810275;-0.025209486;0.34483793
0.036810275;-0.023233201;0.34483793
0.03878656;-0.025209486;0.34483793
0.03878656;-0.025209486;0.34483793
0.03878656;-0.025209486;0.34483793
0.03878656;-0.025209486;0.34483793
0.040762845;-0.025209486;0.34483793
0.040762845;-0.025209486;0.34483793
0.042739131;-0.023233201;0.34483793
0.040762845;-0.025209486;0.33693281
0.040762845;-0.025209486;0.34483793
0.042739131;-0.025209486;0.34483793
0.040762845;-0.025209486;0.33693281
0.042739131;-0.025209486;0.33693281
0.042739131;-0.025209486;0.32902768
0.042739131;-0.025209486;0.33693281
0.042739131;-0.025209486;0.34483793
0.046691701;-0.025209486;0.34483793
0.044715416;-0.025209486;0.33693281
0.044715416;-0.025209486;0.34483793
0.046691701;-0.023233201;0.34483793
0.046691701;-0.023233201;0.34483793
0.048667986;-0.025209486;0.34483793
0.048667986;-0.023233201;0.33693281
0.048667986;-0.023233201;0.33693281
0.048667986;-0.025209486;0.34483793
0.048667986;-0.025209486;0.34483793
0.048667986;-0.023233201;0.34483793
0.048667986;-0.025209486;0.34483793
0.048667986;-0.023233201;0.33693281
0.050644267;-0.025209486;0.34483793
0.052620552;-0.025209486;0.34483793
0.050644267;-0.025209486;0.34483793
0.052620552;-0.025209486;0.34483793
0.052620552;-0.025209486;0.34483793
0.054596838;-0.025209486;0.34483793
0.052620552;-0.025209486;0.34483793
0.052620552;-0.025209486;0.34483793
0.054596838;-0.025209486;0.34483793
0.054596838;-0.025209486;0.34483793
0.054596838;-0.025209486;0.35274309
0.054596838;-0.025209486;0.34483793
0.054596838;-0.025209486;0.34483793
0.054596838;-0.025209486;0.34483793
0.056573123;-0.027185772;0.34483793
0.056573123;-0.025209486;0.34483793
0.056573123;-0.025209486;0.34483793
0.056573123;-0.025209486;0.34483793
0.056573123;-0.025209486;0.35274309
0.056573123;-0.025209486;0.34483793
0.056573123;-0.025209486;0.34483793
0.058549408;-0.025209486;0.34483793
0.058549408;-0.025209486;0.34483793
0.058549408;-0.025209486;0.33693281
0.058549408;-0.025209486;0.34483793
0.060525693;-0.025209486;0.34483793
0.060525693;-0.025209486;0.34483793
0.058549408;-0.025209486;0.34483793
0.060525693;-0.023233201;0.34483793
0.060525693;-0.025209486;0.34483793
0.060525693;-0.023233201;0.33693281
0.060525693;-0.023233201;0.34483793
0.062501974;-0.027185772;0.34483793
0.062501974;-0.025209486;0.34483793
0.062501974;-0.025209486;0.34483793
0.062501974;-0.025209486;0.33693281
0.064478263;-0.025209486;0.34483793
0.062501974;-0.025209486;0.34483793
0.064478263;-0.025209486;0.34483793
0.064478263;-0.025209486;0.34483793
0.064478263;-0.025209486;0.34483793
0.064478263;-0.025209486;0.33693281
0.064478263;-0.025209486;0.33693281
0.064478263;-0.025209486;0.34483793
0.064478263;-0.025209486;0.34483793
0.066454545;-0.025209486;0.33693281
0.064478263;-0.025209486;0.34483793
0.066454545;-0.027185772;0.34483793
0.066454545;-0.025209486;0.34483793
0.066454545;-0.025209486;0.33693281
0.068430834;-0.025209486;0.34483793
0.068430834;-0.025209486;0.34483793
0.068430834;-0.025209486;0.34483793
0.068430834;-0.025209486;0.33693281
0.068430834;-0.025209486;0.34483793
0.068430834;-0.025209486;0.34483793
0.068430834;-0.025209486;0.33693281
0.068430834;-0.025209486;0.34483793
0.070407115;-0.025209486;0.34483793
0.070407115;-0.025209486;0.34483793
0.070407115;-0.025209486;0.34483793
0.070407115;-0.025209486;0.34483793
0.070407115;-0.025209486;0.34483793
0.068430834;-0.025209486;0.34483793
0.070407115;-0.027185772;0.34483793
0.070407115;-0.027185772;0.34483793
0.072383396;-0.025209486;0.34483793
0.070407115;-0.025209486;0.34483793
0.070407115;-0.027185772;0.34483793
0.072383396;-0.027185772;0.35274309
0.072383396;-0.025209486;0.34483793
0.070407115;-0.025209486;0.34483793
0.072383396;-0.025209486;0.34483793
0.072383396;-0.025209486;0.34483793
0.074359685;-0.025209486;0.34483793
0.072383396;-0.025209486;0.34483793
0.072383396;-0.027185772;0.34483793
0.072383396;-0.025209486;0.34483793
0.074359685;-0.025209486;0.34483793
0.072383396;-0.027185772;0.33693281
0.072383396;-0.027185772;0.34483793
0.074359685;-0.025209486;0.34483793
0.072383396;-0.025209486;0.35274309
0.074359685;-0.025209486;0.34483793
0.074359685;-0.025209486;0.34483793
0.076335967;-0.025209486;0.34483793
0.074359685;-0.025209486;0.34483793
0.076335967;-0.025209486;0.34483793
0.074359685;-0.025209486;0.34483793
0.076335967;-0.025209486;0.34483793
0.076335967;-0.025209486;0.34483793
0.076335967;-0.025209486;0.34483793
0.076335967;-0.027185772;0.34483793
0.074359685;-0.025209486;0.34483793
0.074359685;-0.025209486;0.34483793
0.078312255;-0.025209486;0.34483793
0.076335967;-0.027185772;0.34483793
0.076335967;-0.025209486;0.34483793
0.074359685;-0.025209486;0.34483793
0.074359685;-0.025209486;0.34483793
0.076335967;-0.025209486;0.34483793
0.076335967;-0.025209486;0.34483793
0.076335967;-0.025209486;0.34483793
0.076335967;-0.025209486;0.33693281
0.076335967;-0.025209486;0.34483793
0.076335967;-0.025209486;0.34483793
0.076335967;-0.025209486;0.34483793
0.076335967;-0.025209486;0.33693281
0.076335967;-0.023233201;0.34483793
0.076335967;-0.025209486;0.34483793
0.076335967;-0.025209486;0.34483793
0.076335967;-0.025209486;0.34483793
0.078312255;-0.025209486;0.33693281
0.078312255;-0.025209486;0.34483793
0.076335967;-0.025209486;0.33693281
0.076335967;-0.025209486;0.34483793
0.076335967;-0.025209486;0.34483793
0.076335967;-0.025209486;0.34483793
0.076335967;-0.025209486;0.33693281
0.076335967;-0.025209486;0.34483793
0.076335967;-0.025209486;0.34483793
0.076335967;-0.025209486;0.34483793
0.078312255;-0.025209486;0.34483793
0.076335967;-0.025209486;0.33693281
0.076335967;-0.023233201;0.34483793
0.076335967;-0.023233201;0.34483793
0.076335967;-0.023233201;0.34483793
0.076335967;-0.025209486;0.34483793
0.076335967;-0.025209486;0.34483793
0.078312255;-0.025209486;0.34483793
0.076335967;-0.025209486;0.34483793
0.076335967;-0.025209486;0.34483793
0.076335967;-0.025209486;0.34483793
0.074359685;-0.027185772;0.34483793
0.076335967;-0.025209486;0.34483793
0.076335967;-0.025209486;0.34483793
0.074359685;-0.023233201;0.34483793
0.076335967;-0.025209486;0.34483793
0.076335967;-0.023233201;0.34483793
0.076335967;-0.025209486;0.34483793
0.074359685;-0.023233201;0.34483793
0.074359685;-0.025209486;0.34483793
0.074359685;-0.023233201;0.34483793
0.076335967;-0.025209486;0.33693281
0.076335967;-0.025209486;0.34483793
0.074359685;-0.023233201;0.34483793
0.074359685;-0.023233201;0.33693281
0.074359685;-0.023233201;0.33693281
0.074359685;-0.023233201;0.34483793
0.072383396;-0.023233201;0.34483793
0.074359685;-0.023233201;0.34483793
0.072383396;-0.023233201;0.34483793
0.072383396;-0.023233201;0.34483793
0.074359685;-0.023233201;0.34483793
0.072383396;-0.023233201;0.34483793
0.072383396;-0.023233201;0.34483793
0.072383396;-0.025209486;0.33693281
0.072383396;-0.023233201;0.34483793
0.072383396;-0.023233201;0.33693281
0.072383396;-0.023233201;0.34483793
0.072383396;-0.023233201;0.34483793
0.070407115;-0.023233201;0.34483793
0.072383396;-0.025209486;0.34483793
0.072383396;-0.023233201;0.34483793
0.072383396;-0.023233201;0.33693281
0.072383396;-0.023233201;0.34483793
0.070407115;-0.023233201;0.34483793
0.072383396;-0.023233201;0.34483793
0.072383396;-0.023233201;0.35274309
0.070407115;-0.023233201;0.34483793
0.072383396;-0.023233201;0.34483793
0.070407115;-0.023233201;0.35274309
0.070407115;-0.025209486;0.34483793
0.070407115;-0.021256916;0.34483793
0.070407115;-0.025209486;0.34483793
0.070407115;-0.023233201;0.33693281
0.070407115;-0.023233201;0.34483793
0.068430834;-0.023233201;0.34483793
0.070407115;-0.025209486;0.34483793
0.068430834;-0.023233201;0.33693281
0.068430834;-0.021256916;0.33693281
0.068430834;-0.023233201;0.34483793
0.066454545;-0.023233201;0.34483793
0.068430834;-0.023233201;0.34483793
0.068430834;-0.023233201;0.34483793
0.068430834;-0.021256916;0.34483793
0.068430834;-0.021256916;0.34483793
0.066454545;-0.023233201;0.33693281
0.066454545;-0.023233201;0.33693281
0.064478263;-0.021256916;0.34483793
0.066454545;-0.021256916;0.33693281
0.064478263;-0.023233201;0.34483793
0.066454545;-0.023233201;0.34483793
0.064478263;-0.023233201;0.34483793
0.064478263;-0.021256916;0.33693281
0.064478263;-0.021256916;0.34483793
0.064478263;-0.023233201;0.34483793
0.062501974;-0.023233201;0.34483793
0.064478263;-0.021256916;0.33693281
0.062501974;-0.021256916;0.34483793
0.064478263;-0.021256916;0.34483793
0.062501974;-0.021256916;0.33693281
0.062501974;-0.021256916;0.34483793
0.062501974;-0.021256916;0.34483793
0.060525693;-0.021256916;0.33693281
0.060525693;-0.021256916;0.34483793
0.060525693;-0.023233201;0.34483793
0.060525693;-0.021256916;0.34483793
0.060525693;-0.021256916;0.34483793
0.058549408;-0.021256916;0.34483793
0.058549408;-0.019280633;0.34483793
0.060525693;-0.019280633;0.33693281
0.058549408;-0.021256916;0.34483793
0.058549408;-0.021256916;0.34483793
0.056573123;-0.021256916;0.34483793
0.058549408;-0.021256916;0.34483793
0.058549408;-0.021256916;0.34483793
0.056573123;-0.021256916;0.34483793
0.056573123;-0.023233201;0.33693281
0.056573123;-0.021256916;0.33693281
0.056573123;-0.021256916;0.34483793
0.054596838;-0.021256916;0.34483793
0.054596838;-0.021256916;0.33693281
0.054596838;-0.021256916;0.34483793
0.054596838;-0.019280633;0.34483793
0.052620552;-0.021256916;0.34483793
0.054596838;-0.021256916;0.34483793
0.054596838;-0.021256916;0.34483793
0.052620552;-0.021256916;0.34483793
0.052620552;-0.019280633;0.33693281
0.052620552;-0.019280633;0.34483793
0.052620552;-0.021256916;0.33693281
0.050644267;-0.021256916;0.34483793
0.050644267;-0.019280633;0.33693281
0.050644267;-0.021256916;0.33693281
0.048667986;-0.021256916;0.34483793
0.048667986;-0.019280633;0.34483793
0.048667986;-0.019280633;0.34483793
0.048667986;-0.019280633;0.34483793
0.046691701;-0.019280633;0.34483793
0.046691701;-0.019280633;0.34483793
0.048667986;-0.019280633;0.34483793
0.046691701;-0.019280633;0.34483793
0.046691701;-0.019280633;0.34483793
0.046691701;-0.019280633;0.34483793
0.046691701;-0.019280633;0.34483793
0.044715416;-0.019280633;0.34483793
0.044715416;-0.019280633;0.33693281
0.044715416;-0.019280633;0.34483793
0.042739131;-0.019280633;0.33693281
0.044715416;-0.019280633;0.33693281
0.042739131;-0.019280633;0.33693281
0.042739131;-0.019280633;0.34483793
0.042739131;-0.019280633;0.34483793
0.042739131;-0.019280633;0.34483793
0.042739131;-0.019280633;0.34483793
0.040762845;-0.017304348;0.34483793
0.040762845;-0.017304348;0.34483793
0.040762845;-0.017304348;0.34483793
0.03878656;-0.019280633;0.33693281
0.03878656;-0.019280633;0.34483793
0.03878656;-0.019280633;0.33693281
0.03878656;-0.019280633;0.34483793
0.03878656;-0.019280633;0.34483793
0.03878656;-0.017304348;0.33693281
0.034833994;-0.019280633;0.34483793
0.036810275;-0.019280633;0.34483793
0.036810275;-0.019280633;0.33693281
0.036810275;-0.017304348;0.34483793
0.034833994;-0.017304348;0.34483793
0.034833994;-0.017304348;0.33693281
0.034833994;-0.017304348;0.33693281
0.034833994;-0.019280633;0.34483793
0.032857709;-0.019280633;0.34483793
0.032857709;-0.017304348;0.33693281
0.032857709;-0.017304348;0.34483793
0.030881424;-0.017304348;0.35274309
0.030881424;-0.017304348;0.34483793
0.030881424;-0.019280633;0.34483793
0.030881424;-0.017304348;0.34483793
0.030881424;-0.017304348;0.34483793
0.030881424;-0.017304348;0.34483793
0.028905138;-0.019280633;0.34483793
0.028905138;-0.017304348;0.34483793
0.028905138;-0.017304348;0.34483793
0.028905138;-0.017304348;0.34483793
0.028905138;-0.015328064;0.34483793
0.026928853;-0.017304348;0.33693281
0.026928853;-0.017304348;0.34483793
0.026928853;-0.017304348;0.34483793
0.026928853;-0.017304348;0.34483793
0.02495257;-0.015328064;0.34483793
0.02495257;-0.017304348;0.34483793
0.022976285;-0.017304348;0.33693281
0.02495257;-0.015328064;0.34483793
0.022976285;-0.017304348;0.33693281
0.022976285;-0.015328064;0.33693281
0.021;-0.017304348;0.34483793
0.022976285;-0.015328064;0.34483793
0.021;-0.015328064;0.34483793
0.021;-0.017304348;0.33693281
0.021;-0.015328064;0.33693281
0.021;-0.017304348;0.34483793
0.021;-0.015328064;0.34483793
0.019023715;-0.015328064;0.34483793
0.019023715;-0.015328064;0.34483793
0.019023715;-0.015328064;0.34483793
0.019023715;-0.015328064;0.34483793
0.017047431;-0.015328064;0.34483793
0.017047431;-0.015328064;0.34483793
0.017047431;-0.015328064;0.34483793
0.017047431;-0.017304348;0.34483793
0.015071146;-0.015328064;0.33693281
0.015071146;-0.013351778;0.34483793
0.017047431;-0.017304348;0.33693281
0.013094862;-0.013351778;0.34483793
0.015071146;-0.013351778;0.34483793
0.013094862;-0.015328064;0.34483793
0.013094862;-0.015328064;0.34483793
0.011118577;-0.015328064;0.34483793
0.011118577;-0.017304348;0.34483793
0.011118577;-0.015328064;0.34483793
0.011118577;-0.013351778;0.34483793
0.011118577;-0.015328064;0.34483793
0.0091422927;-0.013351778;0.34483793
0.011118577;-0.013351778;0.33693281
0.0091422927;-0.015328064;0.34483793
0.0091422927;-0.013351778;0.34483793
0.007166008;-0.013351778;0.33693281
0.0091422927;-0.013351778;0.34483793
0.007166008;-0.013351778;0.34483793
0.007166008;-0.013351778;0.34483793
0.0051897233;-0.013351778;0.34483793
0.007166008;-0.013351778;0.34483793
0.0051897233;-0.013351778;0.34483793
0.0051897233;-0.013351778;0.33693281
0.0051897233;-0.013351778;0.34483793
0.0032134387;-0.013351778;0.33693281
0.0051897233;-0.013351778;0.34483793
0.0032134387;-0.011375494;0.33693281
0.0032134387;-0.013351778;0.34483793
0.0032134387;-0.013351778;0.35274309
0.0032134387;-0.013351778;0.34483793
0.0012371541;-0.013351778;0.34483793
0.0012371541;-0.011375494;0.34483793
0.0012371541;-0.011375494;0.34483793
-0.00073913042;-0.011375494;0.34483793
-0.00073913042;-0.011375494;0.34483793
-0.00073913042;-0.013351778;0.33693281
-0.00073913042;-0.013351778;0.34483793
-0.00073913042;-0.013351778;0.34483793
-0.00073913042;-0.013351778;0.34483793
-0.0027154151;-0.011375494;0.34483793
-0.00073913042;-0.011375494;0.34483793
-0.0027154151;-0.011375494;0.34483793
-0.0027154151;-0.011375494;0.34483793
-0.0027154151;-0.011375494;0.34483793
-0.0046916995;-0.011375494;0.34483793
-0.0046916995;-0.011375494;0.34483793
-0.0046916995;-0.013351778;0.34483793
-0.0066679842;-0.011375494;0.34483793
-0.0066679842;-0.013351778;0.34483793
-0.0066679842;-0.011375494;0.33693281
-0.0066679842;-0.011375494;0.34483793
-0.0086442688;-0.011375494;0.34483793
-0.0086442688;-0.011375494;0.34483793
-0.0086442688;-0.011375494;0.34483793
-0.0086442688;-0.0093992092;0.33693281
-0.0086442688;-0.011375494;0.33693281
-0.010620553;-0.011375494;0.33693281
-0.0086442688;-0.011375494;0.34483793
-0.010620553;-0.011375494;0.34483793
-0.010620553;-0.011375494;0.33693281
-0.010620553;-0.0093992092;0.34483793
-0.010620553;-0.011375494;0.33693281
-0.010620553;-0.011375494;0.34483793
-0.012596838;-0.0093992092;0.34483793
-0.012596838;-0.0093992092;0.34483793
-0.012596838;-0.0093992092;0.34483793
-0.014573122;-0.0093992092;0.34483793
-0.012596838;-0.0093992092;0.34483793
-0.014573122;-0.0093992092;0.34483793
-0.012596838;-0.0093992092;0.34483793
-0.012596838;-0.0093992092;0.34483793
-0.012596838;-0.0093992092;0.34483793
-0.014573122;-0.0093992092;0.34483793
-0.014573122;-0.0093992092;0.34483793
-0.014573122;-0.0093992092;0.34483793
-0.014573122;-0.0093992092;0.34483793
-0.014573122;-0.0093992092;0.34483793
-0.016549407;-0.0093992092;0.33693281
-0.018525692;-0.0093992092;0.34483793
-0.018525692;-0.007422925;0.33693281
-0.016549407;-0.007422925;0.34483793
-0.016549407;-0.007422925;0.34483793
-0.018525692;-0.007422925;0.34483793
-0.018525692;-0.007422925;0.34483793
-0.018525692;-0.007422925;0.34483793
-0.018525692;-0.007422925;0.34483793
-0.018525692;-0.007422925;0.34483793
-0.020501977;-0.007422925;0.34483793
-0.020501977;-0.007422925;0.34483793
-0.020501977;-0.007422925;0.34483793
-0.020501977;-0.0093992092;0.34483793
-0.020501977;-0.007422925;0.34483793
-0.020501977;-0.007422925;0.34483793
-0.020501977;-0.007422925;0.34483793
-0.020501977;-0.007422925;0.34483793
-0.020501977;-0.0054466403;0.34483793
-0.02247826;-0.007422925;0.33693281
-0.02247826;-0.0054466403;0.34483793
-0.02247826;-0.0054466403;0.34483793
-0.02247826;-0.0054466403;0.34483793
-0.02247826;-0.0054466403;0.34483793
-0.02247826;-0.007422925;0.34483793
-0.02247826;-0.0054466403;0.34483793
-0.024454545;-0.0054466403;0.34483793
-0.024454545;-0.0054466403;0.33693281
-0.02247826;-0.007422925;0.34483793
-0.024454545;-0.0054466403;0.34483793
-0.024454545;-0.0054466403;0.34483793
-0.024454545;-0.007422925;0.34483793
-0.024454545;-0.0054466403;0.34483793
-0.02643083;-0.0054466403;0.34483793
-0.024454545;-0.007422925;0.33693281
-0.02643083;-0.0054466403;0.34483793
-0.024454545;-0.0054466403;0.34483793
-0.024454545;-0.0054466403;0.34483793
-0.02643083;-0.0054466403;0.34483793
-0.028407115;-0.0054466403;0.34483793
-0.02643083;-0.0054466403;0.34483793
-0.028407115;-0.0054466403;0.34483793
-0.02643083;-0.0054466403;0.34483793
-0.028407115;-0.0034703556;0.34483793
-0.02643083;-0.0034703556;0.34483793
-0.028407115;-0.0054466403;0.34483793
-0.028407115;-0.0034703556;0.34483793
-0.028407115;-0.0054466403;0.34483793
-0.028407115;-0.0054466403;0.34483793
-0.028407115;-0.0034703556;0.34483793
-0.028407115;-0.0034703556;0.33693281
-0.028407115;-0.0034703556;0.34483793
-0.028407115;-0.0034703556;0.34483793
-0.028407115;-0.0034703556;0.34483793
-0.030383399;-0.0034703556;0.34483793
-0.030383399;-0.0034703556;0.34483793
-0.028407115;-0.0034703556;0.34483793
-0.028407115;-0.0034703556;0.33693281
-0.030383399;-0.0034703556;0.35274309
-0.030383399;-0.0034703556;0.34483793
-0.030383399;-0.0034703556;0.34483793
-0.030383399;-0.0034703556;0.34483793
-0.032359682;-0.0034703556;0.34483793
-0.030383399;-0.0014940711;0.34483793
-0.030383399;-0.0034703556;0.34483793
-0.030383399;-0.0034703556;0.34483793
-0.030383399;-0.0014940711;0.34483793
-0.032359682;-0.0014940711;0.33693281
-0.030383399;-0.0014940711;0.34483793
-0.030383399;-0.0034703556;0.33693281
-0.030383399;-0.0034703556;0.33693281
-0.030383399;-0.0034703556;0.34483793
-0.032359682;-0.0014940711;0.33693281
-0.030383399;-0.0034703556;0.34483793
-0.032359682;-0.0034703556;0.34483793
-0.032359682;-0.0014940711;0.33693281
-0.030383399;-0.0014940711;0.34483793
-0.030383399;-0.0014940711;0.34483793
-0.030383399;-0.0014940711;0.34483793
-0.030383399;-0.0014940711;0.34483793
-0.030383399;-0.0014940711;0.33693281
-0.032359682;-0.0014940711;0.33693281
-0.032359682;-0.0034703556;0.34483793
-0.032359682;-0.0014940711;0.34483793
-0.030383399;-0.0014940711;0.34483793
-0.032359682;0.00048221345;0.34483793
-0.030383399;-0.0034703556;0.33693281
-0.032359682;-0.0014940711;0.33693281
-0.032359682;0.00048221345;0.34483793
-0.030383399;0.00048221345;0.34483793
-0.032359682;-0.0014940711;0.34483793
-0.030383399;0.00048221345;0.34483793
-0.030383399;-0.0014940711;0.34483793
-0.030383399;-0.0014940711;0.34483793
-0.032359682;0.00048221345;0.34483793
-0.030383399;0.00048221345;0.34483793
-0.030383399;-0.0014940711;0.34483793
-0.030383399;-0.0014940711;0.33693281
-0.030383399;0.00048221345;0.34483793
-0.030383399;0.00048221345;0.34483793
-0.032359682;0.00048221345;0.34483793
-0.030383399;0.00048221345;0.34483793
-0.030383399;0.00048221345;0.34483793
-0.030383399;0.0024584981;0.34483793
-0.030383399;0.00048221345;0.34483793
-0.030383399;0.0024584981;0.34483793
-0.030383399;0.00048221345;0.34483793
-0.030383399;0.00048221345;0.34483793
-0.030383399;0.00048221345;0.34483793
-0.030383399;0.00048221345;0.34483793
-0.030383399;0.00048221345;0.34483793
-0.030383399;0.00048221345;0.34483793
-0.030383399;0.00048221345;0.34483793
-0.030383399;0.0024584981;0.34483793
-0.030383399;0.00048221345;0.34483793
-0.028407115;0.0024584981;0.33693281
-0.028407115;0.0024584981;0.34483793
-0.028407115;0.0024584981;0.34483793
-0.028407115;0.0024584981;0.33693281
-0.02643083;0.0024584981;0.34483793
-0.02643083;0.0024584981;0.34483793
-0.028407115;0.0024584981;0.34483793
-0.028407115;0.0024584981;0.34483793
-0.02643083;0.0024584981;0.34483793
-0.02643083;0.0024584981;0.34483793
-0.028407115;0.0024584981;0.33693281
-0.028407115;0.0024584981;0.33693281
-0.028407115;0.0044347825;0.34483793
-0.02643083;0.0024584981;0.34483793
-0.028407115;0.0044347825;0.34483793
-0.02643083;0.0024584981;0.33693281
-0.02643083;0.0044347825;0.34483793
-0.02643083;0.0044347825;0.34483793
-0.02643083;0.0024584981;0.33693281
-0.02643083;0.0044347825;0.34483793
-0.02643083;0.0044347825;0.34483793
-0.02643083;0.0044347825;0.33693281
-0.024454545;0.0044347825;0.33693281
-0.024454545;0.0044347825;0.34483793
-0.024454545;0.0044347825;0.34483793
-0.024454545;0.0044347825;0.34483793
-0.024454545;0.0044347825;0.34483793
-0.024454545;0.0064110672;0.34483793
-0.024454545;0.0044347825;0.34483793
-0.02247826;0.0064110672;0.33693281
-0.024454545;0.0044347825;0.34483793
-0.024454545;0.0064110672;0.34483793
-0.02247826;0.0064110672;0.33693281
-0.02247826;0.0064110672;0.34483793
-0.020501977;0.0044347825;0.34483793
-0.02247826;0.0044347825;0.33693281
-0.02247826;0.0064110672;0.33693281
-0.02247826;0.0064110672;0.34483793
-0.02247826;0.0064110672;0.34483793
-0.02247826;0.0064110672;0.34483793
-0.020501977;0.0064110672;0.34483793
-0.02247826;0.0064110672;0.34483793
-0.020501977;0.0064110672;0.34483793
-0.020501977;0.0064110672;0.34483793
-0.020501977;0.0064110672;0.34483793
-0.018525692;0.0064110672;0.34483793
-0.018525692;0.0083873514;0.34483793
-0.020501977;0.0064110672;0.33693281
-0.020501977;0.0083873514;0.34483793
-0.020501977;0.0064110672;0.34483793
-0.018525692;0.0083873514;0.34483793
-0.018525692;0.0083873514;0.34483793
-0.018525692;0.0083873514;0.34483793
-0.016549407;0.0083873514;0.34483793
-0.016549407;0.0064110672;0.34483793
-0.016549407;0.0083873514;0.33693281
-0.016549407;0.0083873514;0.34483793
-0.016549407;0.0083873514;0.33693281
-0.014573122;0.0083873514;0.34483793
-0.014573122;0.0083873514;0.34483793
-0.014573122;0.010363637;0.34483793
-0.014573122;0.0083873514;0.34483793
-0.016549407;0.0083873514;0.33693281
-0.012596838;0.0083873514;0.34483793
-0.014573122;0.0083873514;0.33693281
-0.012596838;0.0083873514;0.34483793
-0.012596838;0.010363637;0.34483793
-0.012596838;0.0083873514;0.34483793
-0.012596838;0.0083873514;0.34483793
-0.012596838;0.010363637;0.34483793
-0.012596838;0.010363637;0.34483793
-0.012596838;0.010363637;0.33693281
-0.010620553;0.010363637;0.34483793
-0.010620553;0.010363637;0.34483793
-0.010620553;0.010363637;0.34483793
-0.010620553;0.010363637;0.33693281
-0.010620553;0.010363637;0.34483793
-0.0086442688;0.010363637;0.33693281
-0.0086442688;0.010363637;0.34483793
-0.0086442688;0.010363637;0.34483793
-0.0066679842;0.012339921;0.35274309
-0.0066679842;0.010363637;0.34483793
-0.0066679842;0.010363637;0.34483793
-0.0066679842;0.010363637;0.34483793
-0.0066679842;0.010363637;0.34483793
-0.0066679842;0.010363637;0.34483793
-0.0066679842;0.012339921;0.34483793
-0.0066679842;0.010363637;0.34483793
-0.0066679842;0.012339921;0.34483793
-0.0046916995;0.010363637;0.35274309
-0.0027154151;0.010363637;0.33693281
-0.0027154151;0.012339921;0.35274309
-0.0027154151;0.012339921;0.34483793
-0.0027154151;0.012339921;0.34483793
-0.0027154151;0.010363637;0.34483793
-0.0027154151;0.012339921;0.33693281
-0.00073913042;0.012339921;0.34483793
-0.0027154151;0.012339921;0.33693281
-0.00073913042;0.012339921;0.34483793
-0.00073913042;0.012339921;0.34483793
0.0012371541;0.012339921;0.34483793
0.0032134387;0.012339921;0.34483793
-0.00073913042;0.014316206;0.34483793
0.0012371541;0.014316206;0.33693281
0.0012371541;0.014316206;0.34483793
0.0032134387;0.014316206;0.34483793
0.0032134387;0.014316206;0.33693281
0.0032134387;0.014316206;0.34483793
0.0032134387;0.012339921;0.34483793
0.0051897233;0.014316206;0.34483793
0.0032134387;0.014316206;0.34483793
0.0051897233;0.014316206;0.34483793
0.0051897233;0.014316206;0.34483793
0.0051897233;0.014316206;0.33693281
0.0051897233;0.014316206;0.33693281
0.007166008;0.01629249;0.34483793
0.007166008;0.01629249;0.34483793
0.007166008;0.014316206;0.34483793
0.0091422927;0.014316206;0.34483793
0.011118577;0.014316206;0.33693281
0.0091422927;0.01629249;0.34483793
0.0091422927;0.01629249;0.34483793
0.0091422927;0.01629249;0.34483793
0.011118577;0.01629249;0.34483793
0.0091422927;0.01629249;0.34483793
0.011118577;0.01629249;0.34483793
0.011118577;0.01629249;0.34483793
0.013094862;0.018268775;0.34483793
0.013094862;0.01629249;0.33693281
0.015071146;0.018268775;0.34483793
0.015071146;0.01629249;0.34483793
0.013094862;0.01629249;0.34483793
0.015071146;0.01629249;0.33693281
0.013094862;0.018268775;0.34483793
0.017047431;0.018268775;0.34483793
0.017047431;0.018268775;0.34483793
0.017047431;0.018268775;0.34483793
0.017047431;0.01629249;0.34483793
0.017047431;0.01629249;0.33693281
0.019023715;0.018268775;0.33693281
0.019023715;0.018268775;0.34483793
0.019023715;0.018268775;0.34483793
0.019023715;0.018268775;0.34483793
0.019023715;0.018268775;0.33693281
0.019023715;0.018268775;0.33693281
0.021;0.018268775;0.34483793
0.021;0.018268775;0.34483793
0.021;0.020245058;0.34483793
0.022976285;0.020245058;0.35274309
0.021;0.018268775;0.34483793
0.022976285;0.020245058;0.33693281
0.022976285;0.020245058;0.34483793
0.02495257;0.018268775;0.34483793
0.02495257;0.020245058;0.34483793
0.02495257;0.020245058;0.34483793
0.02495257;0.020245058;0.34483793
0.026928853;0.020245058;0.34483793
0.026928853;0.020245058;0.34483793
0.028905138;0.020245058;0.34483793
0.026928853;0.020245058;0.34483793
0.026928853;0.020245058;0.33693281
0.028905138;0.020245058;0.34483793
0.028905138;0.020245058;0.34483793
0.028905138;0.022221344;0.34483793
0.030881424;0.020245058;0.34483793
0.030881424;0.022221344;0.34483793
0.030881424;0.020245058;0.34483793
0.032857709;0.022221344;0.34483793
0.032857709;0.022221344;0.33693281
0.032857709;0.022221344;0.34483793
0.032857709;0.022221344;0.33693281
0.032857709;0.020245058;0.33693281
0.032857709;0.022221344;0.33693281
0.032857709;0.022221344;0.34483793
0.034833994;0.022221344;0.33693281
0.034833994;0.022221344;0.35274309
0.034833994;0.022221344;0.34483793
0.034833994;0.022221344;0.34483793
0.034833994;0.024197629;0.33693281
0.036810275;0.022221344;0.33693281
0.036810275;0.022221344;0.34483793
0.036810275;0.022221344;0.33693281
0.03878656;0.024197629;0.33693281
0.03878656;0.022221344;0.33693281
0.03878656;0.022221344;0.34483793
0.03878656;0.024197629;0.34483793
0.03878656;0.024197629;0.34483793
0.040762845;0.022221344;0.34483793
0.040762845;0.024197629;0.34483793
0.040762845;0.024197629;0.34483793
0.040762845;0.022221344;0.34483793
0.042739131;0.024197629;0.34483793
0.040762845;0.026173914;0.34483793
0.042739131;0.024197629;0.34483793
0.042739131;0.026173914;0.34483793
0.042739131;0.026173914;0.33693281
0.044715416;0.026173914;0.34483793
0.046691701;0.026173914;0.33693281
0.046691701;0.026173914;0.33693281
0.044715416;0.026173914;0.34483793
0.046691701;0.024197629;0.34483793
0.046691701;0.026173914;0.34483793
0.046691701;0.026173914;0.34483793
0.046691701;0.026173914;0.33693281
0.048667986;0.026173914;0.34483793
0.046691701;0.026173914;0.34483793
0.048667986;0.026173914;0.33693281
0.048667986;0.026173914;0.33693281
0.048667986;0.026173914;0.34483793
0.048667986;0.026173914;0.34483793
0.050644267;0.026173914;0.33693281
0.052620552;0.026173914;0.34483793
0.050644267;0.026173914;0.35274309
0.050644267;0.026173914;0.34483793
0.052620552;0.026173914;0.34483793
0.052620552;0.028150197;0.34483793
0.052620552;0.026173914;0.34483793
0.054596838;0.028150197;0.34483793
0.052620552;0.028150197;0.34483793
0.052620552;0.028150197;0.34483793
0.052620552;0.028150197;0.34483793
0.054596838;0.028150197;0.33693281
0.054596838;0.028150197;0.33693281
0.054596838;0.028150197;0.34483793
0.054596838;0.028150197;0.34483793
0.056573123;0.028150197;0.33693281
0.056573123;0.028150197;0.34483793
0.056573123;0.030126482;0.34483793
0.056573123;0.028150197;0.34483793
0.056573123;0.030126482;0.34483793
0.058549408;0.028150197;0.33693281
0.058549408;0.028150197;0.33693281
0.058549408;0.028150197;0.33693281
0.058549408;0.030126482;0.34483793
0.058549408;0.030126482;0.33693281
0.058549408;0.030126482;0.34483793
0.060525693;0.030126482;0.34483793
0.058549408;0.030126482;0.34483793
0.060525693;0.030126482;0.33693281
0.060525693;0.030126482;0.34483793
0.062501974;0.030126482;0.34483793
0.062501974;0.030126482;0.35274309
0.062501974;0.030126482;0.34483793
0.062501974;0.030126482;0.34483793
0.062501974;0.030126482;0.34483793
0.062501974;0.032102767;0.34483793
0.062501974;0.030126482;0.33693281
0.062501974;0.030126482;0.34483793
0.064478263;0.030126482;0.34483793
0.062501974;0.030126482;0.34483793
0.064478263;0.030126482;0.33693281
0.064478263;0.028150197;0.33693281
0.064478263;0.032102767;0.34483793
0.064478263;0.032102767;0.34483793
0.064478263;0.032102767;0.34483793
0.064478263;0.032102767;0.34483793
0.064478263;0.032102767;0.34483793
0.066454545;0.030126482;0.34483793
0.066454545;0.032102767;0.33693281
0.066454545;0.032102767;0.33693281
0.066454545;0.032102767;0.34483793
0.066454545;0.032102767;0.33693281
0.066454545;0.032102767;0.34483793
0.068430834;0.032102767;0.34483793
0.066454545;0.032102767;0.34483793
0.070407115;0.032102767;0.34483793
0.068430834;0.034079053;0.34483793
0.070407115;0.034079053;0.34483793
0.068430834;0.034079053;0.34483793
0.068430834;0.034079053;0.34483793
0.068430834;0.034079053;0.33693281
0.070407115;0.034079053;0.34483793
0.070407115;0.034079053;0.34483793
0.070407115;0.034079053;0.34483793
0.070407115;0.034079053;0.34483793
0.072383396;0.034079053;0.33693281
0.070407115;0.034079053;0.34483793
0.070407115;0.034079053;0.34483793
0.072383396;0.034079053;0.34483793
0.072383396;0.036055338;0.34483793
0.070407115;0.036055338;0.34483793
0.072383396;0.034079053;0.34483793
0.072383396;0.034079053;0.34483793
0.072383396;0.036055338;0.34483793
0.072383396;0.036055338;0.34483793
0.070407115;0.036055338;0.34483793
0.072383396;0.036055338;0.34483793
0.074359685;0.036055338;0.34483793
0.074359685;0.036055338;0.34483793
0.072383396;0.036055338;0.34483793
0.074359685;0.036055338;0.34483793
0.074359685;0.036055338;0.34483793
0.072383396;0.036055338;0.33693281
0.074359685;0.036055338;0.33693281
0.074359685;0.036055338;0.34483793
0.074359685;0.038031619;0.34483793
0.074359685;0.036055338;0.34483793
0.074359685;0.038031619;0.34483793
0.076335967;0.036055338;0.34483793
0.074359685;0.038031619;0.33693281
0.074359685;0.038031619;0.34483793
0.074359685;0.038031619;0.34483793
0.074359685;0.038031619;0.34483793
0.074359685;0.036055338;0.34483793
0.076335967;0.038031619;0.34483793
0.076335967;0.038031619;0.34483793
0.076335967;0.038031619;0.34483793
0.074359685;0.038031619;0.34483793
0.076335967;0.038031619;0.34483793
0.074359685;0.040007904;0.34483793
0.074359685;0.038031619;0.33693281
0.076335967;0.038031619;0.34483793
0.076335967;0.038031619;0.34483793
0.076335967;0.038031619;0.34483793
0.076335967;0.040007904;0.34483793
0.076335967;0.038031619;0.34483793
0.078312255;0.040007904;0.34483793
0.076335967;0.040007904;0.34483793
0.078312255;0.040007904;0.34483793
0.076335967;0.040007904;0.34483793
0.078312255;0.040007904;0.34483793
0.078312255;0.038031619;0.34483793
0.076335967;0.040007904;0.34483793
0.076335967;0.040007904;0.34483793
0.076335967;0.040007904;0.34483793
0.076335967;0.040007904;0.34483793
0.078312255;0.040007904;0.34483793
0.074359685;0.040007904;0.34483793
0.076335967;0.040007904;0.34483793
0.076335967;0.040007904;0.34483793
0.076335967;0.040007904;0.34483793
0.076335967;0.041984189;0.34483793
0.078312255;0.040007904;0.34483793
0.078312255;0.040007904;0.33693281
0.076335967;0.041984189;0.33693281
0.076335967;0.041984189;0.34483793
0.076335967;0.041984189;0.34483793
0.076335967;0.041984189;0.34483793
0.076335967;0.041984189;0.33693281
0.076335967;0.041984189;0.33693281
0.076335967;0.041984189;0.34483793
0.078312255;0.041984189;0.34483793
0.076335967;0.041984189;0.34483793
0.076335967;0.041984189;0.34483793
0.074359685;0.040007904;0.33693281
0.076335967;0.041984189;0.34483793
0.076335967;0.041984189;0.34483793
0.076335967;0.041984189;0.34483793
0.076335967;0.041984189;0.34483793
0.076335967;0.041984189;0.33693281
0.074359685;0.041984189;0.33693281
0.076335967;0.041984189;0.33693281
0.072383396;0.043960474;0.34483793
0.074359685;0.041984189;0.34483793
0.074359685;0.041984189;0.34483793
0.074359685;0.043960474;0.34483793
0.074359685;0.043960474;0.34483793
0.074359685;0.041984189;0.33693281
0.074359685;0.043960474;0.34483793
0.074359685;0.043960474;0.34483793
0.074359685;0.043960474;0.34483793
0.072383396;0.041984189;0.34483793
0.074359685;0.043960474;0.34483793
0.074359685;0.041984189;0.34483793
0.072383396;0.043960474;0.34483793
0.072383396;0.043960474;0.34483793
0.072383396;0.043960474;0.34483793
0.072383396;0.043960474;0.34483793
0.074359685;0.043960474;0.34483793
0.072383396;0.043960474;0.34483793
0.072383396;0.043960474;0.34483793
0.072383396;0.043960474;0.34483793
0.072383396;0.043960474;0.34483793
0.070407115;0.04593676;0.33693281
0.070407115;0.04593676;0.34483793
0.072383396;0.04593676;0.33693281
0.070407115;0.04593676;0.34483793
0.072383396;0.043960474;0.34483793
0.070407115;0.043960474;0.34483793
0.070407115;0.04593676;0.33693281
0.068430834;0.04593676;0.34483793
0.070407115;0.04593676;0.34483793
0.070407115;0.04593676;0.34483793
0.070407115;0.04593676;0.34483793
0.068430834;0.04593676;0.34483793
0.068430834;0.04593676;0.34483793
0.068430834;0.047913045;0.33693281
0.068430834;0.047913045;0.34483793
0.068430834;0.04593676;0.34483793
0.068430834;0.04593676;0.33693281
0.066454545;0.04593676;0.34483793
0.066454545;0.047913045;0.33693281
0.068430834;0.047913045;0.33693281
0.066454545;0.047913045;0.34483793
0.064478263;0.047913045;0.34483793
0.064478263;0.04593676;0.34483793
0.064478263;0.047913045;0.33693281
0.066454545;0.047913045;0.34483793
0.066454545;0.047913045;0.33693281
0.064478263;0.047913045;0.34483793
0.064478263;0.047913045;0.34483793
0.064478263;0.047913045;0.33693281
0.064478263;0.047913045;0.34483793
0.064478263;0.04988933;0.33693281
0.062501974;0.047913045;0.34483793
0.062501974;0.04988933;0.34483793
0.062501974;0.04988933;0.34483793
0.062501974;0.047913045;0.34483793
0.062501974;0.047913045;0.34483793
0.062501974;0.04988933;0.33693281
0.062501974;0.047913045;0.34483793
0.062501974;0.047913045;0.33693281
0.062501974;0.04988933;0.34483793
0.060525693;0.04988933;0.33693281
0.060525693;0.04988933;0.34483793
0.060525693;0.04988933;0.34483793
0.058549408;0.04988933;0.33693281
0.060525693;0.04988933;0.34483793
0.058549408;0.04988933;0.34483793
0.058549408;0.04988933;0.33693281
0.058549408;0.04988933;0.34483793
0.056573123;0.047913045;0.35274309
0.056573123;0.04988933;0.33693281
0.058549408;0.04988933;0.34483793
0.056573123;0.04988933;0.33693281
0.056573123;0.04988933;0.33693281
0.056573123;0.04988933;0.34483793
0.056573123;0.04988933;0.34483793
0.054596838;0.04988933;0.34483793
0.054596838;0.04988933;0.34483793
0.054596838;0.04988933;0.34483793
0.054596838;0.04988933;0.34483793
0.054596838;0.051865611;0.34483793
0.054596838;0.04988933;0.34483793
0.054596838;0.04988933;0.34483793
0.054596838;0.04988933;0.34483793
0.052620552;0.04988933;0.34483793
0.050644267;0.051865611;0.34483793
0.052620552;0.051865611;0.34483793
0.052620552;0.051865611;0.34483793
0.050644267;0.051865611;0.34483793
0.050644267;0.051865611;0.34483793
0.048667986;0.051865611;0.34483793
0.050644267;0.051865611;0.34483793
0.048667986;0.051865611;0.34483793
0.048667986;0.051865611;0.34483793
0.046691701;0.051865611;0.34483793
0.046691701;0.051865611;0.34483793
0.046691701;0.051865611;0.34483793
0.046691701;0.051865611;0.34483793
0.046691701;0.051865611;0.34483793
0.044715416;0.053841896;0.33693281
0.046691701;0.051865611;0.34483793
0.044715416;0.051865611;0.34483793
0.044715416;0.053841896;0.34483793
0.044715416;0.051865611;0.34483793
0.042739131;0.053841896;0.34483793
0.044715416;0.053841896;0.34483793
0.042739131;0.051865611;0.34483793
0.044715416;0.053841896;0.34483793
0.040762845;0.051865611;0.34483793
0.040762845;0.051865611;0.33693281
0.040762845;0.055818181;0.34483793
0.040762845;0.053841896;0.33693281
0.040762845;0.053841896;0.33693281
0.03878656;0.053841896;0.34483793
0.03878656;0.053841896;0.34483793
0.03878656;0.053841896;0.34483793
0.03878656;0.053841896;0.34483793
0.036810275;0.053841896;0.34483793
0.03878656;0.053841896;0.34483793
0.03878656;0.055818181;0.34483793
0.036810275;0.053841896;0.34483793
0.036810275;0.053841896;0.34483793
0.036810275;0.055818181;0.34483793
0.034833994;0.053841896;0.34483793
0.034833994;0.055818181;0.35274309
0.032857709;0.055818181;0.34483793
0.032857709;0.055818181;0.34483793
0.032857709;0.055818181;0.34483793
0.032857709;0.055818181;0.34483793
0.032857709;0.053841896;0.34483793
0.030881424;0.053841896;0.34483793
0.030881424;0.055818181;0.33693281
0.030881424;0.055818181;0.34483793
0.030881424;0.055818181;0.34483793
0.030881424;0.053841896;0.34483793
0.028905138;0.053841896;0.34483793
0.030881424;0.055818181;0.34483793
0.028905138;0.055818181;0.34483793
0.028905138;0.055818181;0.34483793
0.026928853;0.055818181;0.34483793
0.026928853;0.055818181;0.34483793
0.026928853;0.055818181;0.34483793
0.026928853;0.055818181;0.34483793
0.02495257;0.057794467;0.34483793
0.02495257;0.057794467;0.34483793
0.02495257;0.055818181;0.34483793
0.02495257;0.055818181;0.34483793
0.02495257;0.057794467;0.34483793
0.022976285;0.057794467;0.34483793
0.022976285;0.055818181;0.34483793
0.022976285;0.057794467;0.34483793
0.022976285;0.057794467;0.34483793
0.021;0.057794467;0.34483793
0.021;0.057794467;0.34483793
0.021;0.057794467;0.34483793
0.021;0.057794467;0.34483793
0.021;0.057794467;0.34483793
0.019023715;0.057794467;0.34483793
0.019023715;0.057794467;0.34483793
0.017047431;0.057794467;0.33693281
0.019023715;0.057794467;0.33693281
0.017047431;0.057794467;0.34483793
0.017047431;0.057794467;0.34483793
0.017047431;0.057794467;0.34483793
0.017047431;0.057794467;0.34483793
0.017047431;0.057794467;0.33693281
0.017047431;0.059770752;0.34483793
0.015071146;0.059770752;0.34483793
0.015071146;0.057794467;0.34483793
0.015071146;0.059770752;0.33693281
0.015071146;0.057794467;0.34483793
0.013094862;0.057794467;0.34483793
0.015071146;0.057794467;0.34483793
0.013094862;0.057794467;0.34483793
0.011118577;0.057794467;0.34483793
0.011118577;0.059770752;0.35274309
0.013094862;0.057794467;0.33693281
0.0091422927;0.059770752;0.34483793
0.0091422927;0.059770752;0.33693281
0.0091422927;0.059770752;0.33693281
0.0091422927;0.057794467;0.34483793
0.0091422927;0.059770752;0.34483793
0.0091422927;0.059770752;0.35274309
0.007166008;0.059770752;0.34483793
0.007166008;0.059770752;0.34483793
0.007166008;0.057794467;0.34483793
0.0051897233;0.057794467;0.34483793
0.0051897233;0.059770752;0.34483793
0.0051897233;0.059770752;0.34483793
0.0051897233;0.059770752;0.34483793
0.0051897233;0.061747037;0.34483793
0.0032134387;0.059770752;0.34483793
0.0032134387;0.059770752;0.34483793
0.0032134387;0.059770752;0.34483793
0.0032134387;0.061747037;0.34483793
0.0012371541;0.059770752;0.33693281
0.0032134387;0.061747037;0.34483793
0.0012371541;0.059770752;0.34483793
-0.00073913042;0.061747037;0.34483793
0.0012371541;0.061747037;0.34483793
-0.00073913042;0.059770752;0.33693281
-0.0027154151;0.061747037;0.33693281
-0.00073913042;0.061747037;0.34483793
-0.0027154151;0.061747037;0.34483793
-0.00073913042;0.059770752;0.34483793
-0.0027154151;0.061747037;0.34483793
-0.0027154151;0.061747037;0.33693281
-0.0046916995;0.059770752;0.33693281
-0.0027154151;0.061747037;0.33693281
-0.0046916995;0.063723318;0.34483793
-0.0046916995;0.061747037;0.34483793
-0.0066679842;0.061747037;0.34483793
-0.0066679842;0.061747037;0.33693281
-0.0066679842;0.061747037;0.34483793
-0.0066679842;0.061747037;0.34483793
-0.0066679842;0.061747037;0.34483793
-0.0066679842;0.061747037;0.34483793
-0.0086442688;0.061747037;0.33693281
-0.0086442688;0.061747037;0.34483793
-0.0086442688;0.061747037;0.34483793
-0.0086442688;0.061747037;0.33693281
-0.0086442688;0.061747037;0.34483793
-0.010620553;0.061747037;0.34483793
-0.010620553;0.063723318;0.34483793
-0.010620553;0.063723318;0.34483793
-0.0086442688;0.063723318;0.34483793
-0.010620553;0.063723318;0.34483793
-0.010620553;0.061747037;0.34483793
-0.010620553;0.063723318;0.34483793
-0.010620553;0.063723318;0.33693281
-0.010620553;0.063723318;0.33693281
-0.014573122;0.061747037;0.34483793
-0.012596838;0.063723318;0.34483793
-0.012596838;0.061747037;0.34483793
-0.014573122;0.063723318;0.34483793
-0.014573122;0.063723318;0.34483793
-0.014573122;0.063723318;0.33693281
-0.014573122;0.065699607;0.34483793
-0.014573122;0.063723318;0.34483793
-0.014573122;0.063723318;0.34483793
-0.014573122;0.063723318;0.34483793
-0.014573122;0.063723318;0.34483793
-0.016549407;0.065699607;0.34483793
-0.016549407;0.063723318;0.34483793
-0.018525692;0.063723318;0.34483793
-0.016549407;0.063723318;0.34483793
-0.016549407;0.063723318;0.34483793
-0.018525692;0.061747037;0.34483793
-0.018525692;0.063723318;0.34483793
-0.018525692;0.063723318;0.34483793
-0.018525692;0.065699607;0.34483793
-0.020501977;0.065699607;0.34483793
-0.020501977;0.065699607;0.34483793
-0.020501977;0.065699607;0.34483793
-0.018525692;0.063723318;0.33693281
-0.018525692;0.063723318;0.35274309
-0.020501977;0.063723318;0.34483793
-0.020501977;0.063723318;0.34483793
-0.02247826;0.063723318;0.34483793
-0.020501977;0.063723318;0.34483793
-0.02247826;0.063723318;0.33693281
-0.02247826;0.065699607;0.33693281
-0.02247826;0.065699607;0.33693281
-0.02247826;0.063723318;0.33693281
-0.02247826;0.065699607;0.33693281
-0.02247826;0.063723318;0.33693281
-0.02247826;0.063723318;0.34483793
-0.02247826;0.065699607;0.34483793
-0.02247826;0.065699607;0.34483793
-0.024454545;0.065699607;0.33693281
-0.02247826;0.065699607;0.34483793
-0.02643083;0.063723318;0.34483793
-0.024454545;0.065699607;0.34483793
-0.024454545;0.065699607;0.34483793
-0.024454545;0.065699607;0.34483793
-0.024454545;0.065699607;0.34483793
-0.024454545;0.065699607;0.35274309
-0.02643083;0.063723318;0.33693281
-0.02643083;0.065699607;0.34483793
-0.02643083;0.065699607;0.34483793
-0.02643083;0.065699607;0.33693281
-0.02643083;0.065699607;0.33693281
-0.02643083;0.065699607;0.34483793
-0.02643083;0.065699607;0.34483793
-0.028407115;0.065699607;0.33693281
-0.028407115;0.065699607;0.34483793
-0.02643083;0.065699607;0.34483793
-0.028407115;0.065699607;0.34483793
-0.028407115;0.065699607;0.34483793
-0.028407115;0.065699607;0.34483793
-0.028407115;0.065699607;0.34483793
-0.028407115;0.065699607;0.34483793
-0.028407115;0.065699607;0.34483793
-0.028407115;0.065699607;0.33693281
-0.028407115;0.067675889;0.33693281
-0.02643083;0.067675889;0.34483793
-0.028407115;0.065699607;0.34483793
-0.030383399;0.067675889;0.34483793
-0.028407115;0.067675889;0.34483793
-0.030383399;0.065699607;0.34483793
-0.028407115;0.065699607;0.34483793
-0.030383399;0.067675889;0.33693281
-0.028407115;0.065699607;0.34483793
-0.030383399;0.065699607;0.34483793
-0.030383399;0.067675889;0.34483793
-0.032359682;0.065699607;0.34483793
-0.030383399;0.067675889;0.34483793
-0.030383399;0.067675889;0.34483793
-0.032359682;0.067675889;0.34483793
-0.030383399;0.067675889;0.34483793
-0.030383399;0.067675889;0.34483793
-0.030383399;0.065699607;0.34483793
-0.032359682;0.067675889;0.33693281
-0.030383399;0.065699607;0.34483793
-0.030383399;0.067675889;0.34483793
-0.032359682;0.067675889;0.34483793
-0.030383399;0.065699607;0.34483793
-0.032359682;0.067675889;0.34483793
-0.030383399;0.067675889;0.34483793
-0.030383399;0.065699607;0.34483793
-0.032359682;0.067675889;0.34483793
-0.030383399;0.067675889;0.34483793
-0.030383399;0.067675889;0.34483793
-0.032359682;0.067675889;0.34483793
-0.030383399;0.067675889;0.34483793
-0.030383399;0.065699607;0.34483793
-0.032359682;0.067675889;0.34483793
-0.030383399;0.067675889;0.34483793
-0.030383399;0.067675889;0.34483793
-0.032359682;0.065699607;0.33693281
-0.030383399;0.067675889;0.33693281
-0.032359682;0.067675889;0.33693281
-0.030383399;0.067675889;0.34483793
-0.032359682;0.067675889;0.34483793
-0.030383399;0.067675889;0.33693281
-0.030383399;0.067675889;0.34483793
-0.032359682;0.067675889;0.34483793
-0.032359682;0.067675889;0.34483793
-0.030383399;0.067675889;0.34483793
-0.032359682;0.067675889;0.34483793
-0.030383399;0.067675889;0.34483793
-0.032359682;0.067675889;0.34483793
-0.032359682;0.067675889;0.34483793
-0.030383399;0.067675889;0.33693281
-0.030383399;0.067675889;0.33693281
-0.030383399;0.067675889;0.34483793
-0.030383399;0.067675889;0.34483793
-0.032359682;0.069652177;0.34483793
-0.030383399;0.067675889;0.34483793
-0.030383399;0.067675889;0.34483793
-0.032359682;0.067675889;0.33693281
-0.030383399;0.067675889;0.34483793
-0.030383399;0.067675889;0.34483793
-0.030383399;0.067675889;0.34483793
-0.030383399;0.067675889;0.34483793
-0.028407115;0.067675889;0.34483793
-0.030383399;0.067675889;0.33693281
-0.028407115;0.067675889;0.34483793
-0.028407115;0.067675889;0.34483793
-0.028407115;0.067675889;0.33693281
-0.028407115;0.069652177;0.34483793
-0.028407115;0.067675889;0.34483793
-0.02643083;0.069652177;0.33693281
-0.028407115;0.067675889;0.33693281
-0.028407115;0.067675889;0.34483793
-0.028407115;0.069652177;0.34483793
-0.030383399;0.067675889;0.33693281
-0.028407115;0.067675889;0.33693281
-0.02643083;0.069652177;0.34483793
-0.02643083;0.069652177;0.34483793
-0.028407115;0.067675889;0.34483793
-0.02643083;0.067675889;0.34483793
-0.02643083;0.067675889;0.34483793
-0.02643083;0.067675889;0.34483793
-0.02643083;0.067675889;0.34483793
-0.02643083;0.067675889;0.33693281
-0.02643083;0.067675889;0.34483793
-0.02643083;0.067675889;0.34483793
-0.024454545;0.067675889;0.33693281
-0.024454545;0.067675889;0.34483793
-0.02643083;0.067675889;0.33693281
-0.024454545;0.067675889;0.33693281
-0.02643083;0.069652177;0.34483793
-0.024454545;0.069652177;0.34483793
-0.024454545;0.067675889;0.34483793
-0.024454545;0.067675889;0.34483793
-0.024454545;0.069652177;0.34483793
-0.02247826;0.069652177;0.34483793
-0.02247826;0.069652177;0.33693281
-0.02247826;0.069652177;0.34483793
-0.024454545;0.069652177;0.33693281
-0.02247826;0.069652177;0.34483793
-0.02247826;0.069652177;0.33693281
-0.02247826;0.067675889;0.34483793
-0.02247826;0.067675889;0.34483793
-0.020501977;0.069652177;0.34483793
-0.020501977;0.069652177;0.34483793
-0.020501977;0.069652177;0.34483793
-0.020501977;0.067675889;0.33693281
-0.020501977;0.069652177;0.34483793
-0.020501977;0.069652177;0.33693281
-0.020501977;0.069652177;0.34483793
-0.018525692;0.069652177;0.34483793
-0.018525692;0.069652177;0.33693281
-0.018525692;0.069652177;0.34483793
-0.018525692;0.067675889;0.34483793
-0.018525692;0.069652177;0.34483793
-0.018525692;0.069652177;0.34483793
-0.016549407;0.067675889;0.34483793
-0.016549407;0.069652177;0.34483793
-0.016549407;0.067675889;0.35274309
-0.016549407;0.069652177;0.35274309
-0.016549407;0.069652177;0.34483793
-0.016549407;0.069652177;0.34483793
-0.016549407;0.069652177;0.34483793
-0.016549407;0.069652177;0.35274309
-0.016549407;0.069652177;0.33693281
-0.014573122;0.069652177;0.33693281
-0.014573122;0.069652177;0.34483793
-0.012596838;0.067675889;0.33693281
-0.012596838;0.067675889;0.33693281
-0.012596838;0.069652177;0.34483793
-0.012596838;0.069652177;0.34483793
-0.010620553;0.067675889;0.34483793
-0.010620553;0.067675889;0.34483793
-0.012596838;0.069652177;0.34483793
-0.010620553;0.069652177;0.34483793
-0.0086442688;0.067675889;0.33693281
-0.010620553;0.069652177;0.33693281
-0.0086442688;0.069652177;0.33693281
-0.0086442688;0.069652177;0.34483793
-0.0086442688;0.067675889;0.34483793
-0.0086442688;0.069652177;0.34483793
-0.0086442688;0.069652177;0.34483793
-0.0086442688;0.069652177;0.34483793
-0.0086442688;0.067675889;0.33693281
-0.0086442688;0.069652177;0.34483793
-0.0066679842;0.069652177;0.34483793
-0.0066679842;0.069652177;0.34483793
-0.0046916995;0.069652177;0.34483793
-0.0066679842;0.069652177;0.34483793
-0.0046916995;0.069652177;0.33693281
-0.0066679842;0.069652177;0.33693281
-0.0046916995;0.069652177;0.33693281
-0.0046916995;0.069652177;0.33693281
-0.0046916995;0.069652177;0.34483793
-0.0046916995;0.069652177;0.35274309
-0.0027154151;0.069652177;0.34483793
-0.0027154151;0.069652177;0.34483793
-0.00073913042;0.069652177;0.33693281
-0.0027154151;0.067675889;0.34483793
-0.0027154151;0.069652177;0.33693281
-0.00073913042;0.069652177;0.34483793
-0.00073913042;0.069652177;0.34483793
-0.00073913042;0.069652177;0.33693281
-0.00073913042;0.069652177;0.34483793
0.0012371541;0.069652177;0.34483793
-0.00073913042;0.069652177;0.33693281
0.0012371541;0.069652177;0.34483793
0.0012371541;0.069652177;0.34483793
0.0012371541;0.069652177;0.34483793
0.0032134387;0.067675889;0.34483793
0.0051897233;0.069652177;0.33693281
0.0012371541;0.067675889;0.34483793
0.0051897233;0.067675889;0.34483793
0.0051897233;0.069652177;0.34483793
0.0051897233;0.069652177;0.34483793
0.007166008;0.069652177;0.34483793
0.007166008;0.069652177;0.34483793
0.0051897233;0.069652177;0.34483793
0.007166008;0.069652177;0.33693281
0.007166008;0.067675889;0.34483793
0.007166008;0.069652177;0.34483793
0.0091422927;0.069652177;0.33693281
0.0091422927;0.069652177;0.34483793
0.0091422927;0.069652177;0.34483793
0.011118577;0.069652177;0.33693281
0.011118577;0.069652177;0.33693281
0.011118577;0.067675889;0.34483793
0.011118577;0.067675889;0.34483793
0.011118577;0.069652177;0.34483793
0.013094862;0.067675889;0.34483793
0.013094862;0.069652177;0.34483793
0.015071146;0.069652177;0.34483793
0.013094862;0.067675889;0.34483793
0.013094862;0.069652177;0.33693281
0.015071146;0.067675889;0.34483793
0.017047431;0.067675889;0.34483793
0.015071146;0.067675889;0.34483793
0.017047431;0.069652177;0.34483793
0.017047431;0.069652177;0.34483793
0.017047431;0.067675889;0.33693281
0.019023715;0.067675889;0.34483793
0.019023715;0.067675889;0.34483793
0.019023715;0.067675889;0.35274309
0.017047431;0.067675889;0.34483793
0.019023715;0.067675889;0.34483793
0.021;0.069652177;0.34483793
0.019023715;0.069652177;0.34483793
0.021;0.067675889;0.34483793
0.021;0.067675889;0.33693281
0.021;0.067675889;0.34483793
0.02495257;0.069652177;0.34483793
0.021;0.069652177;0.33693281
0.022976285;0.067675889;0.34483793
0.022976285;0.067675889;0.33693281
0.022976285;0.069652177;0.34483793
0.02495257;0.067675889;0.34483793
0.02495257;0.067675889;0.34483793
0.02495257;0.067675889;0.34483793
0.026928853;0.069652177;0.34483793
0.026928853;0.069652177;0.34483793
0.026928853;0.067675889;0.34483793
0.028905138;0.067675889;0.33693281
0.028905138;0.069652177;0.33693281
0.028905138;0.069652177;0.33693281
0.028905138;0.067675889;0.33693281
0.028905138;0.067675889;0.34483793
0.028905138;0.067675889;0.34483793
0.028905138;0.067675889;0.34483793
0.030881424;0.067675889;0.33693281
0.030881424;0.067675889;0.34483793
0.032857709;0.067675889;0.34483793
0.030881424;0.067675889;0.34483793
0.032857709;0.067675889;0.33693281
0.032857709;0.067675889;0.34483793
0.034833994;0.067675889;0.34483793
0.034833994;0.067675889;0.34483793
0.034833994;0.067675889;0.34483793
0.034833994;0.067675889;0.33693281
0.034833994;0.067675889;0.34483793
0.034833994;0.067675889;0.34483793
0.034833994;0.067675889;0.34483793
0.036810275;0.067675889;0.33693281
0.036810275;0.067675889;0.34483793
0.036810275;0.067675889;0.34483793
0.03878656;0.067675889;0.34483793
0.03878656;0.067675889;0.34483793
0.03878656;0.065699607;0.34483793
0.03878656;0.067675889;0.34483793
0.03878656;0.067675889;0.34483793
0.040762845;0.067675889;0.34483793
0.040762845;0.067675889;0.34483793
0.040762845;0.067675889;0.34483793
0.040762845;0.067675889;0.34483793
0.042739131;0.067675889;0.34483793
0.042739131;0.067675889;0.34483793
0.042739131;0.067675889;0.34483793
0.042739131;0.067675889;0.34483793
0.042739131;0.067675889;0.34483793
0.044715416;0.067675889;0.33693281
0.044715416;0.067675889;0.34483793
0.046691701;0.067675889;0.34483793
0.046691701;0.067675889;0.33693281
0.046691701;0.067675889;0.34483793
0.046691701;0.067675889;0.34483793
0.046691701;0.067675889;0.34483793
0.046691701;0.067675889;0.34483793
0.048667986;0.067675889;0.34483793
0.048667986;0.067675889;0.33693281
0.048667986;0.067675889;0.34483793
0.048667986;0.067675889;0.33693281
0.050644267;0.065699607;0.34483793
0.050644267;0.067675889;0.34483793
0.050644267;0.067675889;0.34483793
0.052620552;0.067675889;0.34483793
0.050644267;0.065699607;0.34483793
0.052620552;0.067675889;0.34483793
0.052620552;0.067675889;0.34483793
0.054596838;0.067675889;0.34483793
0.052620552;0.065699607;0.33693281
0.052620552;0.067675889;0.34483793
0.052620552;0.067675889;0.34483793
0.054596838;0.065699607;0.33693281
0.054596838;0.065699607;0.33693281
0.054596838;0.067675889;0.34483793
0.054596838;0.067675889;0.34483793
0.056573123;0.065699607;0.33693281
0.056573123;0.067675889;0.34483793
0.056573123;0.065699607;0.34483793
0.056573123;0.065699607;0.34483793
0.058549408;0.067675889;0.33693281
0.056573123;0.065699607;0.34483793
0.058549408;0.065699607;0.34483793
0.056573123;0.065699607;0.34483793
0.056573123;0.065699607;0.34483793
0.058549408;0.065699607;0.35274309
0.060525693;0.067675889;0.34483793
0.058549408;0.067675889;0.34483793
0.060525693;0.067675889;0.33693281
0.060525693;0.065699607;0.34483793
0.060525693;0.065699607;0.34483793
0.062501974;0.067675889;0.35274309
0.060525693;0.065699607;0.34483793
0.062501974;0.067675889;0.34483793
0.062501974;0.065699607;0.34483793
0.062501974;0.065699607;0.34483793
0.064478263;0.065699607;0.33693281
0.062501974;0.065699607;0.34483793
0.064478263;0.065699607;0.34483793
0.064478263;0.063723318;0.34483793
0.064478263;0.065699607;0.33693281
0.064478263;0.065699607;0.34483793
0.064478263;0.065699607;0.34483793
0.064478263;0.065699607;0.34483793
0.064478263;0.065699607;0.33693281
0.066454545;0.065699607;0.33693281
0.066454545;0.065699607;0.33693281
0.064478263;0.063723318;0.34483793
0.066454545;0.065699607;0.33693281
0.066454545;0.063723318;0.34483793
0.066454545;0.065699607;0.34483793
0.066454545;0.065699607;0.34483793
0.066454545;0.065699607;0.33693281
0.068430834;0.063723318;0.33693281
0.066454545;0.067675889;0.33693281
0.068430834;0.063723318;0.34483793
0.068430834;0.065699607;0.33693281
0.068430834;0.065699607;0.34483793
0.066454545;0.063723318;0.34483793
0.070407115;0.065699607;0.34483793
0.068430834;0.063723318;0.33693281
0.068430834;0.065699607;0.34483793
0.070407115;0.063723318;0.34483793
0.070407115;0.065699607;0.34483793
0.070407115;0.065699607;0.33693281
0.070407115;0.063723318;0.34483793
0.070407115;0.065699607;0.34483793
0.070407115;0.065699607;0.34483793
0.070407115;0.063723318;0.34483793
0.072383396;0.063723318;0.34483793
0.072383396;0.063723318;0.34483793
0.072383396;0.063723318;0.34483793
0.070407115;0.063723318;0.34483793
0.072383396;0.063723318;0.34483793
0.072383396;0.063723318;0.34483793
0.072383396;0.061747037;0.33693281
0.072383396;0.063723318;0.35274309
0.074359685;0.063723318;0.33693281
0.072383396;0.063723318;0.34483793
0.072383396;0.063723318;0.33693281
0.074359685;0.063723318;0.34483793
0.074359685;0.063723318;0.34483793
0.072383396;0.063723318;0.34483793
0.072383396;0.063723318;0.34483793
0.074359685;0.063723318;0.34483793
0.076335967;0.061747037;0.34483793
0.074359685;0.061747037;0.34483793
0.076335967;0.063723318;0.34483793
0.076335967;0.061747037;0.34483793
0.074359685;0.063723318;0.34483793
0.076335967;0.061747037;0.34483793
0.076335967;0.061747037;0.33693281
0.076335967;0.061747037;0.34483793
0.076335967;0.061747037;0.35274309
0.076335967;0.061747037;0.34483793
0.076335967;0.061747037;0.33693281
0.076335967;0.061747037;0.34483793
0.076335967;0.061747037;0.33693281
0.076335967;0.061747037;0.34483793
0.076335967;0.061747037;0.34483793
0.078312255;0.061747037;0.34483793
0.076335967;0.061747037;0.33693281
0.076335967;0.063723318;0.34483793
0.076335967;0.061747037;0.34483793
0.078312255;0.061747037;0.34483793
0.076335967;0.061747037;0.34483793
0.078312255;0.061747037;0.34483793
0.076335967;0.059770752;0.34483793
0.076335967;0.059770752;0.34483793
0.076335967;0.061747037;0.34483793
0.078312255;0.059770752;0.34483793
0.076335967;0.063723318;0.34483793
0.078312255;0.061747037;0.34483793
0.076335967;0.061747037;0.33693281
0.076335967;0.061747037;0.33693281
0.076335967;0.061747037;0.33693281
0.078312255;0.061747037;0.34483793
0.076335967;0.059770752;0.34483793
0.078312255;0.059770752;0.34483793
0.076335967;0.061747037;0.33693281
0.076335967;0.061747037;0.33693281
0.076335967;0.059770752;0.34483793
0.078312255;0.059770752;0.34483793
0.076335967;0.059770752;0.34483793
0.076335967;0.061747037;0.33693281
0.076335967;0.059770752;0.33693281
0.078312255;0.059770752;0.33693281
0.076335967;0.059770752;0.34483793
0.076335967;0.059770752;0.34483793
0.076335967;0.059770752;0.33693281
0.076335967;0.061747037;0.33693281
0.076335967;0.059770752;0.34483793
0.076335967;0.059770752;0.33693281
0.078312255;0.059770752;0.33693281
0.076335967;0.059770752;0.34483793
0.074359685;0.059770752;0.34483793
0.076335967;0.057794467;0.34483793
0.076335967;0.057794467;0.34483793
0.076335967;0.059770752;0.34483793
0.076335967;0.059770752;0.33693281
0.076335967;0.059770752;0.34483793
0.074359685;0.059770752;0.34483793
0.076335967;0.059770752;0.34483793
0.074359685;0.059770752;0.33693281
0.076335967;0.057794467;0.34483793
0.074359685;0.057794467;0.34483793
0.076335967;0.057794467;0.34483793
0.072383396;0.059770752;0.34483793
0.074359685;0.057794467;0.34483793
0.072383396;0.059770752;0.34483793
0.072383396;0.057794467;0.33693281
0.074359685;0.057794467;0.34483793
0.072383396;0.057794467;0.34483793
0.074359685;0.059770752;0.33693281
0.072383396;0.057794467;0.33693281
0.074359685;0.057794467;0.34483793
0.072383396;0.057794467;0.34483793
0.074359685;0.057794467;0.34483793
0.072383396;0.057794467;0.34483793
0.072383396;0.057794467;0.34483793
0.072383396;0.057794467;0.34483793
0.070407115;0.057794467;0.34483793
0.072383396;0.057794467;0.34483793
0.070407115;0.057794467;0.34483793
0.070407115;0.057794467;0.34483793
0.070407115;0.057794467;0.34483793
0.070407115;0.057794467;0.34483793
0.070407115;0.057794467;0.34483793
0.070407115;0.057794467;0.34483793
0.070407115;0.057794467;0.34483793
0.070407115;0.055818181;0.33693281
0.070407115;0.055818181;0.34483793
0.070407115;0.055818181;0.34483793
0.068430834;0.055818181;0.34483793
0.070407115;0.055818181;0.34483793
0.068430834;0.057794467;0.34483793
0.068430834;0.055818181;0.34483793
0.068430834;0.055818181;0.34483793
0.068430834;0.057794467;0.34483793
0.068430834;0.053841896;0.34483793
0.068430834;0.055818181;0.33693281
0.066454545;0.055818181;0.34483793
0.066454545;0.057794467;0.34483793
0.066454545;0.055818181;0.34483793
0.066454545;0.057794467;0.34483793
0.066454545;0.055818181;0.34483793
0.066454545;0.053841896;0.34483793
0.066454545;0.055818181;0.33693281
0.066454545;0.055818181;0.34483793
0.066454545;0.055818181;0.35274309
0.064478263;0.053841896;0.34483793
0.064478263;0.053841896;0.34483793
0.064478263;0.055818181;0.34483793
0.064478263;0.055818181;0.34483793
0.062501974;0.053841896;0.33693281
0.064478263;0.053841896;0.34483793
0.062501974;0.053841896;0.34483793
0.064478263;0.053841896;0.34483793
0.062501974;0.053841896;0.34483793
0.062501974;0.053841896;0.34483793
0.062501974;0.053841896;0.34483793
0.060525693;0.053841896;0.34483793
0.060525693;0.053841896;0.33693281
0.062501974;0.053841896;0.34483793
0.060525693;0.055818181;0.33693281
0.058549408;0.053841896;0.34483793
0.060525693;0.053841896;0.34483793
0.058549408;0.053841896;0.34483793
0.058549408;0.053841896;0.34483793
0.058549408;0.051865611;0.34483793
0.058549408;0.053841896;0.34483793
0.056573123;0.051865611;0.33693281
0.058549408;0.053841896;0.34483793
0.056573123;0.053841896;0.33693281
0.056573123;0.053841896;0.34483793
0.056573123;0.051865611;0.34483793
0.054596838;0.051865611;0.34483793
0.054596838;0.051865611;0.34483793
0.054596838;0.051865611;0.34483793
0.054596838;0.051865611;0.34483793
0.054596838;0.051865611;0.34483793
0.054596838;0.051865611;0.34483793
0.054596838;0.051865611;0.34483793
0.054596838;0.051865611;0.34483793
0.052620552;0.051865611;0.34483793
0.052620552;0.051865611;0.34483793
0.052620552;0.051865611;0.33693281
0.052620552;0.051865611;0.34483793
0.050644267;0.051865611;0.34483793
0.050644267;0.051865611;0.34483793
0.050644267;0.051865611;0.33693281
0.050644267;0.051865611;0.34483793
0.050644267;0.051865611;0.34483793
0.048667986;0.04988933;0.34483793
0.048667986;0.04988933;0.34483793
0.048667986;0.051865611;0.34483793
0.046691701;0.051865611;0.34483793
0.046691701;0.04988933;0.34483793
0.046691701;0.04988933;0.34483793
0.046691701;0.04988933;0.34483793
0.046691701;0.04988933;0.34483793
0.046691701;0.04988933;0.34483793
0.046691701;0.04988933;0.33693281
0.044715416;0.04988933;0.34483793
0.044715416;0.04988933;0.34483793
0.044715416;0.04988933;0.33693281
0.044715416;0.04988933;0.34483793
0.042739131;0.04988933;0.34483793
0.042739131;0.04988933;0.34483793
0.042739131;0.04988933;0.34483793
0.042739131;0.04988933;0.34483793
0.040762845;0.04988933;0.34483793
0.042739131;0.04988933;0.34483793
0.040762845;0.04988933;0.34483793
0.040762845;0.04988933;0.33693281
0.040762845;0.047913045;0.34483793
0.03878656;0.047913045;0.34483793
0.03878656;0.04988933;0.34483793
0.03878656;0.047913045;0.34483793
0.03878656;0.047913045;0.34483793
0.036810275;0.047913045;0.34483793
0.036810275;0.047913045;0.34483793
0.034833994;0.047913045;0.34483793
0.034833994;0.047913045;0.34483793
0.034833994;0.047913045;0.33693281
0.034833994;0.047913045;0.33693281
0.032857709;0.047913045;0.33693281
0.034833994;0.047913045;0.33693281
0.032857709;0.047913045;0.34483793
0.032857709;0.047913045;0.33693281
0.032857709;0.047913045;0.34483793
0.032857709;0.04593676;0.34483793
0.032857709;0.047913045;0.34483793
0.030881424;0.047913045;0.34483793
0.030881424;0.047913045;0.34483793
0.030881424;0.04593676;0.34483793
0.028905138;0.047913045;0.34483793
0.030881424;0.047913045;0.34483793
0.028905138;0.047913045;0.34483793
0.026928853;0.04593676;0.33693281
0.026928853;0.047913045;0.34483793
0.026928853;0.047913045;0.34483793
0.026928853;0.04593676;0.35274309
0.026928853;0.04593676;0.34483793
0.026928853;0.04593676;0.34483793
0.02495257;0.04593676;0.34483793
0.02495257;0.04593676;0.34483793
0.02495257;0.04593676;0.34483793
0.02495257;0.04593676;0.34483793
0.022976285;0.043960474;0.34483793
0.022976285;0.043960474;0.33693281
0.022976285;0.04593676;0.34483793
0.022976285;0.043960474;0.33693281
0.022976285;0.04593676;0.33693281
0.021;0.04593676;0.34483793
0.021;0.043960474;0.33693281
0.019023715;0.04593676;0.33693281
0.019023715;0.04593676;0.34483793
0.019023715;0.043960474;0.34483793
0.019023715;0.043960474;0.34483793
0.019023715;0.043960474;0.34483793
0.019023715;0.043960474;0.34483793
0.017047431;0.043960474;0.34483793
0.017047431;0.043960474;0.33693281
0.017047431;0.043960474;0.34483793
0.015071146;0.043960474;0.34483793
0.017047431;0.043960474;0.34483793
0.015071146;0.043960474;0.33693281
0.015071146;0.041984189;0.34483793
0.015071146;0.043960474;0.34483793
0.013094862;0.041984189;0.34483793
0.015071146;0.043960474;0.34483793
0.013094862;0.043960474;0.34483793
0.011118577;0.041984189;0.34483793
0.011118577;0.043960474;0.34483793
0.011118577;0.043960474;0.33693281
0.011118577;0.041984189;0.34483793
0.011118577;0.041984189;0.33693281
0.0091422927;0.041984189;0.34483793
0.0091422927;0.041984189;0.33693281
0.0091422927;0.041984189;0.34483793
0.0091422927;0.041984189;0.34483793
0.0091422927;0.041984189;0.34483793
0.007166008;0.041984189;0.34483793
0.007166008;0.041984189;0.34483793
0.007166008;0.041984189;0.34483793
0.0051897233;0.041984189;0.34483793
0.007166008;0.041984189;0.34483793
0.0051897233;0.041984189;0.34483793
0.0051897233;0.041984189;0.34483793
0.0051897233;0.041984189;0.34483793
0.0032134387;0.041984189;0.34483793
0.0051897233;0.040007904;0.34483793
0.0032134387;0.041984189;0.33693281
0.0012371541;0.041984189;0.33693281
0.0012371541;0.040007904;0.34483793
0.0012371541;0.040007904;0.34483793
0.0012371541;0.041984189;0.34483793
-0.00073913042;0.040007904;0.34483793
-0.00073913042;0.040007904;0.34483793
-0.00073913042;0.041984189;0.34483793
-0.0027154151;0.040007904;0.34483793
-0.0027154151;0.041984189;0.34483793
-0.00073913042;0.040007904;0.34483793
-0.0027154151;0.040007904;0.34483793
-0.0027154151;0.040007904;0.34483793
-0.0027154151;0.040007904;0.34483793
-0.0027154151;0.040007904;0.34483793
-0.0046916995;0.040007904;0.34483793
-0.0046916995;0.038031619;0.34483793
-0.0046916995;0.038031619;0.34483793
-0.0046916995;0.038031619;0.34483793
-0.0066679842;0.040007904;0.34483793
-0.0066679842;0.038031619;0.34483793
-0.0066679842;0.040007904;0.34483793
-0.0066679842;0.040007904;0.34483793
-0.0066679842;0.040007904;0.34483793
-0.0086442688;0.038031619;0.33693281
-0.0086442688;0.038031619;0.34483793
-0.0086442688;0.038031619;0.33693281
-0.0086442688;0.038031619;0.34483793
-0.0086442688;0.040007904;0.34483793
-0.0086442688;0.038031619;0.34483793
-0.0086442688;0.038031619;0.34483793
-0.010620553;0.038031619;0.34483793
-0.010620553;0.038031619;0.34483793
-0.010620553;0.038031619;0.34483793
-0.012596838;0.038031619;0.34483793
-0.012596838;0.038031619;0.34483793
-0.012596838;0.038031619;0.34483793
-0.012596838;0.038031619;0.34483793
-0.012596838;0.038031619;0.34483793
-0.012596838;0.038031619;0.34483793
-0.012596838;0.036055338;0.34483793
-0.014573122;0.036055338;0.34483793
-0.014573122;0.036055338;0.34483793
-0.014573122;0.036055338;0.34483793
-0.014573122;0.036055338;0.34483793
-0.016549407;0.034079053;0.34483793
-0.016549407;0.036055338;0.34483793
-0.016549407;0.036055338;0.33693281
-0.016549407;0.038031619;0.34483793
-0.018525692;0.036055338;0.34483793
-0.018525692;0.036055338;0.34483793
-0.018525692;0.036055338;0.34483793
-0.018525692;0.038031619;0.33693281
-0.018525692;0.036055338;0.34483793
-0.018525692;0.036055338;0.34483793
-0.018525692;0.036055338;0.33693281
-0.020501977;0.036055338;0.33693281
-0.018525692;0.036055338;0.34483793
-0.020501977;0.036055338;0.34483793
-0.020501977;0.034079053;0.34483793
-0.020501977;0.034079053;0.34483793
-0.020501977;0.034079053;0.34483793
-0.02247826;0.034079053;0.34483793
-0.020501977;0.034079053;0.34483793
-0.020501977;0.034079053;0.35274309
-0.020501977;0.034079053;0.33693281
-0.02247826;0.034079053;0.34483793
-0.02247826;0.034079053;0.34483793
-0.02247826;0.034079053;0.34483793
-0.02247826;0.034079053;0.34483793
-0.024454545;0.034079053;0.34483793
-0.02247826;0.032102767;0.33693281
-0.024454545;0.034079053;0.34483793
-0.024454545;0.032102767;0.34483793
-0.024454545;0.034079053;0.34483793
-0.024454545;0.034079053;0.34483793
-0.02247826;0.032102767;0.33693281
-0.024454545;0.032102767;0.34483793
-0.02643083;0.032102767;0.34483793
-0.024454545;0.032102767;0.34483793
-0.02643083;0.032102767;0.34483793
-0.02643083;0.032102767;0.33693281
-0.02643083;0.032102767;0.34483793
-0.02643083;0.034079053;0.34483793
-0.024454545;0.032102767;0.34483793
-0.02643083;0.032102767;0.34483793
-0.02643083;0.032102767;0.33693281
-0.02643083;0.032102767;0.34483793
-0.02643083;0.032102767;0.34483793
-0.02643083;0.032102767;0.34483793
-0.028407115;0.030126482;0.34483793
-0.02643083;0.030126482;0.34483793
-0.028407115;0.032102767;0.34483793
-0.028407115;0.032102767;0.34483793
-0.028407115;0.030126482;0.34483793
-0.028407115;0.030126482;0.33693281
-0.028407115;0.030126482;0.34483793
-0.028407115;0.030126482;0.34483793
-0.028407115;0.028150197;0.34483793
-0.028407115;0.030126482;0.34483793
-0.028407115;0.030126482;0.34483793
-0.028407115;0.030126482;0.34483793
-0.028407115;0.030126482;0.35274309
-0.030383399;0.030126482;0.34483793
-0.028407115;0.030126482;0.33693281
-0.030383399;0.028150197;0.33693281
-0.028407115;0.030126482;0.34483793
-0.032359682;0.028150197;0.33693281
-0.030383399;0.028150197;0.33693281
-0.032359682;0.028150197;0.34483793
-0.030383399;0.030126482;0.34483793
-0.030383399;0.030126482;0.35274309
-0.030383399;0.028150197;0.34483793
-0.030383399;0.030126482;0.34483793
-0.030383399;0.028150197;0.33693281
-0.032359682;0.028150197;0.34483793
-0.030383399;0.030126482;0.34483793
-0.032359682;0.028150197;0.34483793
-0.032359682;0.028150197;0.34483793
-0.030383399;0.028150197;0.34483793
-0.032359682;0.026173914;0.33693281
-0.032359682;0.028150197;0.34483793
-0.032359682;0.026173914;0.33693281
-0.032359682;0.028150197;0.34483793
-0.032359682;0.026173914;0.33693281
-0.032359682;0.026173914;0.34483793
-0.032359682;0.026173914;0.34483793
-0.032359682;0.026173914;0.34483793
-0.030383399;0.026173914;0.34483793
-0.030383399;0.026173914;0.34483793
-0.032359682;0.026173914;0.34483793
-0.032359682;0.026173914;0.34483793
-0.030383399;0.026173914;0.34483793
-0.032359682;0.026173914;0.34483793
-0.032359682;0.024197629;0.34483793
-0.032359682;0.026173914;0.34483793
-0.032359682;0.026173914;0.34483793
-0.032359682;0.026173914;0.33693281
-0.032359682;0.026173914;0.34483793
-0.032359682;0.028150197;0.33693281
-0.030383399;0.026173914;0.34483793
-0.030383399;0.026173914;0.34483793
-0.032359682;0.024197629;0.34483793
-0.032359682;0.024197629;0.34483793
-0.030383399;0.026173914;0.34483793
-0.032359682;0.024197629;0.34483793
-0.030383399;0.024197629;0.34483793
-0.030383399;0.024197629;0.34483793
-0.030383399;0.026173914;0.33693281
-0.030383399;0.022221344;0.34483793
-0.030383399;0.024197629;0.34483793
-0.032359682;0.024197629;0.34483793
-0.030383399;0.024197629;0.33693281
-0.030383399;0.022221344;0.33693281
-0.030383399;0.024197629;0.34483793
-0.030383399;0.022221344;0.34483793
-0.028407115;0.022221344;0.34483793
-0.028407115;0.024197629;0.34483793
-0.028407115;0.022221344;0.34483793
-0.030383399;0.022221344;0.34483793
-0.030383399;0.022221344;0.33693281
-0.028407115;0.022221344;0.33693281
-0.028407115;0.022221344;0.34483793
-0.028407115;0.022221344;0.34483793
-0.028407115;0.022221344;0.34483793
-0.028407115;0.020245058;0.33693281
-0.028407115;0.022221344;0.33693281
-0.028407115;0.022221344;0.34483793
-0.028407115;0.020245058;0.33693281
-0.028407115;0.022221344;0.34483793
-0.028407115;0.022221344;0.33693281
-0.028407115;0.020245058;0.34483793
-0.028407115;0.020245058;0.34483793
-0.028407115;0.022221344;0.34483793
-0.028407115;0.022221344;0.34483793
-0.028407115;0.020245058;0.33693281
-0.028407115;0.020245058;0.34483793
-0.028407115;0.020245058;0.34483793
-0.02643083;0.020245058;0.34483793
-0.02643083;0.020245058;0.34483793
-0.02643083;0.020245058;0.33693281
-0.02643083;0.020245058;0.33693281
-0.02643083;0.020245058;0.34483793
-0.024454545;0.020245058;0.34483793
-0.024454545;0.020245058;0.34483793
-0.02643083;0.020245058;0.34483793
-0.024454545;0.020245058;0.34483793
-0.024454545;0.020245058;0.33693281
-0.024454545;0.018268775;0.34483793
-0.024454545;0.020245058;0.34483793
-0.024454545;0.018268775;0.34483793
-0.02247826;0.018268775;0.34483793
-0.02247826;0.018268775;0.34483793
-0.02247826;0.018268775;0.34483793
-0.02247826;0.018268775;0.34483793
-0.02247826;0.018268775;0.34483793
-0.02247826;0.018268775;0.34483793
-0.02247826;0.018268775;0.34483793
-0.020501977;0.018268775;0.33693281
-0.02247826;0.018268775;0.34483793
-0.020501977;0.018268775;0.33693281
-0.020501977;0.018268775;0.33693281
-0.02247826;0.018268775;0.33693281
-0.020501977;0.018268775;0.33693281
-0.020501977;0.018268775;0.34483793
-0.020501977;0.01629249;0.34483793
-0.018525692;0.018268775;0.34483793
-0.020501977;0.018268775;0.34483793
-0.016549407;0.01629249;0.33693281
-0.018525692;0.01629249;0.34483793
-0.018525692;0.01629249;0.34483793
-0.018525692;0.01629249;0.34483793
-0.016549407;0.018268775;0.34483793
-0.016549407;0.01629249;0.34483793
-0.016549407;0.01629249;0.33693281
-0.016549407;0.01629249;0.34483793
-0.014573122;0.01629249;0.33693281
-0.016549407;0.014316206;0.34483793
-0.014573122;0.01629249;0.33693281
-0.014573122;0.014316206;0.34483793
-0.014573122;0.01629249;0.34483793
-0.014573122;0.01629249;0.34483793
-0.012596838;0.01629249;0.34483793
-0.014573122;0.014316206;0.33693281
-0.014573122;0.01629249;0.34483793
-0.012596838;0.014316206;0.33693281
-0.012596838;0.014316206;0.34483793
-0.012596838;0.014316206;0.34483793
-0.012596838;0.014316206;0.34483793
-0.012596838;0.012339921;0.34483793
-0.010620553;0.014316206;0.34483793
-0.012596838;0.014316206;0.34483793
-0.0086442688;0.014316206;0.33693281
-0.0086442688;0.014316206;0.34483793
-0.010620553;0.012339921;0.33693281
-0.0086442688;0.014316206;0.34483793
-0.0086442688;0.014316206;0.33693281
-0.0086442688;0.012339921;0.34483793
-0.0086442688;0.012339921;0.34483793
-0.0086442688;0.012339921;0.34483793
-0.0066679842;0.012339921;0.34483793
-0.0066679842;0.012339921;0.34483793
-0.0066679842;0.012339921;0.34483793
-0.0066679842;0.012339921;0.33693281
-0.0046916995;0.012339921;0.34483793
-0.0046916995;0.012339921;0.34483793
-0.0046916995;0.012339921;0.34483793
-0.0046916995;0.012339921;0.34483793
-0.0046916995;0.014316206;0.34483793
-0.0027154151;0.012339921;0.34483793
-0.0027154151;0.012339921;0.34483793
-0.0027154151;0.012339921;0.34483793
-0.0027154151;0.010363637;0.34483793
-0.0027154151;0.012339921;0.34483793
-0.00073913042;0.010363637;0.34483793
-0.0027154151;0.012339921;0.34483793
-0.00073913042;0.010363637;0.34483793
-0.00073913042;0.010363637;0.34483793
-0.00073913042;0.010363637;0.34483793
0.0012371541;0.010363637;0.34483793
-0.00073913042;0.010363637;0.34483793
0.0012371541;0.010363637;0.33693281
0.0032134387;0.010363637;0.33693281
0.0012371541;0.010363637;0.34483793
0.0012371541;0.010363637;0.34483793
0.0012371541;0.010363637;0.34483793
0.0032134387;0.010363637;0.34483793
0.0032134387;0.010363637;0.34483793
0.0032134387;0.010363637;0.34483793
0.007166008;0.010363637;0.34483793
0.0051897233;0.010363637;0.34483793
0.0051897233;0.0083873514;0.34483793
0.007166008;0.0083873514;0.34483793
0.007166008;0.0083873514;0.34483793
0.0091422927;0.0083873514;0.34483793
0.007166008;0.010363637;0.33693281
0.0091422927;0.010363637;0.34483793
0.0091422927;0.0083873514;0.34483793
0.011118577;0.0083873514;0.34483793
0.011118577;0.0083873514;0.34483793
0.011118577;0.0083873514;0.34483793
0.0091422927;0.0083873514;0.35274309
0.013094862;0.0083873514;0.34483793
0.011118577;0.0083873514;0.34483793
0.013094862;0.0083873514;0.34483793
0.011118577;0.0083873514;0.34483793
0.013094862;0.0064110672;0.34483793
0.015071146;0.0083873514;0.34483793
0.015071146;0.0083873514;0.33693281
0.015071146;0.0083873514;0.34483793
0.015071146;0.0064110672;0.34483793
0.015071146;0.0064110672;0.34483793
0.017047431;0.0083873514;0.34483793
0.017047431;0.0064110672;0.34483793
0.019023715;0.0064110672;0.34483793
0.017047431;0.0064110672;0.33693281
0.017047431;0.0044347825;0.34483793
0.019023715;0.0064110672;0.34483793
0.017047431;0.0044347825;0.35274309
0.021;0.0064110672;0.34483793
0.021;0.0044347825;0.34483793
0.021;0.0064110672;0.34483793
0.019023715;0.0044347825;0.34483793
0.021;0.0064110672;0.34483793
0.021;0.0064110672;0.33693281
0.022976285;0.0064110672;0.33693281
0.021;0.0064110672;0.33693281
0.022976285;0.0044347825;0.33693281
0.022976285;0.0064110672;0.33693281
0.02495257;0.0044347825;0.34483793
0.02495257;0.0044347825;0.34483793
0.022976285;0.0044347825;0.34483793
0.02495257;0.0044347825;0.34483793
0.02495257;0.0044347825;0.35274309
0.026928853;0.0064110672;0.34483793
0.026928853;0.0044347825;0.34483793
0.028905138;0.0044347825;0.34483793
0.026928853;0.0044347825;0.34483793
0.028905138;0.0044347825;0.34483793
0.028905138;0.0044347825;0.34483793
0.026928853;0.0024584981;0.34483793
0.028905138;0.0044347825;0.34483793
0.030881424;0.0024584981;0.34483793
0.030881424;0.0024584981;0.33693281
0.030881424;0.0024584981;0.34483793
0.030881424;0.0044347825;0.34483793
0.032857709;0.0024584981;0.34483793
0.032857709;0.0024584981;0.34483793
0.032857709;0.0044347825;0.34483793
0.032857709;0.0024584981;0.34483793
0.034833994;0.0024584981;0.34483793
0.036810275;0.0024584981;0.34483793
0.034833994;0.0024584981;0.34483793
0.036810275;0.0024584981;0.34483793
0.036810275;0.0024584981;0.34483793
0.036810275;0.00048221345;0.33693281
0.036810275;0.00048221345;0.34483793
0.03878656;0.0024584981;0.35274309
0.03878656;0.00048221345;0.34483793
0.03878656;0.00048221345;0.34483793
0.040762845;0.00048221345;0.34483793
0.040762845;0.00048221345;0.34483793
0.040762845;0.00048221345;0.33693281
0.040762845;0.00048221345;0.33693281
0.040762845;0.00048221345;0.34483793
0.040762845;0.00048221345;0.34483793
0.040762845;0.00048221345;0.34483793
0.042739131;0.00048221345;0.34483793
0.042739131;0.00048221345;0.34483793
0.042739131;0.00048221345;0.34483793
0.042739131;0.00048221345;0.34483793
0.044715416;0.00048221345;0.34483793
0.042739131;0.00048221345;0.34483793
0.044715416;-0.0014940711;0.33693281
0.044715416;0.00048221345;0.34483793
0.044715416;-0.0014940711;0.33693281
0.044715416;-0.0014940711;0.34483793
0.046691701;-0.0014940711;0.34483793
0.046691701;0.00048221345;0.33693281
0.046691701;0.00048221345;0.34483793
0.048667986;0.00048221345;0.34483793
0.048667986;-0.0014940711;0.34483793
0.050644267;0.00048221345;0.33693281
0.050644267;0.00048221345;0.33693281
0.048667986;-0.0014940711;0.34483793
0.050644267;0.00048221345;0.34483793
0.052620552;-0.0014940711;0.34483793
0.050644267;-0.0014940711;0.33693281
0.052620552;-0.0014940711;0.34483793
0.052620552;-0.0014940711;0.33693281
0.052620552;-0.0014940711;0.34483793
0.054596838;-0.0034703556;0.34483793
0.052620552;-0.0014940711;0.34483793
0.054596838;-0.0014940711;0.33693281
0.054596838;-0.0014940711;0.34483793
0.054596838;-0.0014940711;0.33693281
0.054596838;-0.0034703556;0.33693281
0.054596838;-0.0034703556;0.34483793
0.056573123;-0.0014940711;0.34483793
0.054596838;-0.0034703556;0.34483793
0.056573123;-0.0014940711;0.34483793
0.056573123;-0.0034703556;0.33693281
0.056573123;-0.0034703556;0.33693281
0.056573123;-0.0034703556;0.33693281
0.058549408;-0.0034703556;0.34483793
0.058549408;-0.0034703556;0.33693281
0.058549408;-0.0034703556;0.33693281
0.056573123;-0.0034703556;0.33693281
0.058549408;-0.0034703556;0.34483793
0.060525693;-0.0034703556;0.34483793
0.058549408;-0.0054466403;0.34483793
0.060525693;-0.0034703556;0.34483793
0.058549408;-0.0034703556;0.33693281
0.060525693;-0.0034703556;0.33693281
0.060525693;-0.0034703556;0.34483793
0.060525693;-0.0034703556;0.34483793
0.060525693;-0.0054466403;0.34483793
0.062501974;-0.0054466403;0.34483793
0.062501974;-0.0054466403;0.33693281
0.062501974;-0.0054466403;0.34483793
0.062501974;-0.0054466403;0.34483793
0.062501974;-0.0054466403;0.33693281
0.064478263;-0.0054466403;0.34483793
0.064478263;-0.0054466403;0.34483793
0.064478263;-0.0054466403;0.34483793
0.064478263;-0.0054466403;0.35274309
0.064478263;-0.0054466403;0.34483793
0.064478263;-0.0054466403;0.34483793
0.064478263;-0.0034703556;0.34483793
0.064478263;-0.0054466403;0.33693281
0.066454545;-0.0054466403;0.34483793
0.066454545;-0.0054466403;0.34483793
0.066454545;-0.0054466403;0.34483793
0.066454545;-0.0054466403;0.34483793
0.068430834;-0.0054466403;0.34483793
0.066454545;-0.0054466403;0.34483793
0.066454545;-0.007422925;0.34483793
0.068430834;-0.007422925;0.34483793
0.068430834;-0.0054466403;0.34483793
0.068430834;-0.0054466403;0.34483793
0.068430834;-0.0054466403;0.34483793
0.068430834;-0.0054466403;0.34483793
0.070407115;-0.007422925;0.33693281
0.068430834;-0.0054466403;0.34483793
0.070407115;-0.007422925;0.33693281
0.068430834;-0.007422925;0.34483793
0.070407115;-0.007422925;0.33693281
0.070407115;-0.007422925;0.34483793
0.070407115;-0.007422925;0.34483793
0.070407115;-0.007422925;0.33693281
0.070407115;-0.007422925;0.34483793
0.072383396;-0.007422925;0.33693281
0.070407115;-0.007422925;0.33693281
0.070407115;-0.007422925;0.34483793
0.072383396;-0.007422925;0.34483793
0.070407115;-0.007422925;0.34483793
0.074359685;-0.0054466403;0.33693281
0.072383396;-0.007422925;0.33693281
0.072383396;-0.007422925;0.34483793
0.072383396;-0.0093992092;0.33693281
0.074359685;-0.0093992092;0.34483793
0.074359685;-0.007422925;0.34483793
0.074359685;-0.0093992092;0.33693281
0.074359685;-0.0093992092;0.34483793
0.074359685;-0.0093992092;0.34483793
0.074359685;-0.0093992092;0.34483793
0.074359685;-0.0093992092;0.33693281
0.074359685;-0.0093992092;0.34483793
0.074359685;-0.0093992092;0.34483793
0.074359685;-0.0093992092;0.34483793
0.074359685;-0.0093992092;0.34483793
0.074359685;-0.0093992092;0.34483793
0.074359685;-0.011375494;0.34483793
0.074359685;-0.0093992092;0.34483793
0.074359685;-0.0093992092;0.33693281
0.076335967;-0.0093992092;0.34483793
0.076335967;-0.0093992092;0.34483793
0.074359685;-0.011375494;0.33693281
0.076335967;-0.0093992092;0.33693281
0.074359685;-0.011375494;0.33693281
0.076335967;-0.0093992092;0.33693281
0.076335967;-0.0093992092;0.33693281
0.076335967;-0.0093992092;0.34483793
0.076335967;-0.0093992092;0.34483793
0.076335967;-0.0093992092;0.34483793
0.076335967;-0.0093992092;0.34483793
0.076335967;-0.011375494;0.33693281
0.076335967;-0.011375494;0.33693281
0.076335967;-0.011375494;0.34483793
0.078312255;-0.0093992092;0.34483793
0.078312255;-0.011375494;0.34483793
0.076335967;-0.011375494;0.34483793
0.078312255;-0.0093992092;0.34483793
0.076335967;-0.011375494;0.33693281
0.076335967;-0.011375494;0.34483793
0.076335967;-0.0093992092;0.34483793
0.076335967;-0.011375494;0.33693281
0.076335967;-0.011375494;0.34483793
0.076335967;-0.0093992092;0.33693281
0.078312255;-0.011375494;0.33693281
0.076335967;-0.011375494;0.34483793
0.076335967;-0.011375494;0.34483793
0.076335967;-0.011375494;0.34483793
0.078312255;-0.011375494;0.34483793
0.076335967;-0.011375494;0.34483793
0.078312255;-0.011375494;0.34483793
0.076335967;-0.013351778;0.34483793
0.076335967;-0.013351778;0.34483793
0.076335967;-0.013351778;0.34483793
0.076335967;-0.011375494;0.34483793
0.076335967;-0.013351778;0.34483793
0.078312255;-0.011375494;0.34483793
0.076335967;-0.013351778;0.34483793
0.074359685;-0.013351778;0.34483793
0.078312255;-0.011375494;0.34483793
0.076335967;-0.011375494;0.34483793
0.076335967;-0.013351778;0.33693281
0.078312255;-0.011375494;0.33693281
0.074359685;-0.013351778;0.34483793
0.074359685;-0.013351778;0.33693281
0.074359685;-0.013351778;0.34483793
0.076335967;-0.013351778;0.34483793
0.076335967;-0.013351778;0.34483793
0.074359685;-0.013351778;0.34483793
0.074359685;-0.015328064;0.34483793
0.076335967;-0.013351778;0.34483793
0.074359685;-0.013351778;0.33693281
0.072383396;-0.013351778;0.34483793
0.074359685;-0.013351778;0.34483793
0.072383396;-0.015328064;0.34483793
0.074359685;-0.013351778;0.34483793
0.074359685;-0.015328064;0.34483793
0.074359685;-0.015328064;0.34483793
0.072383396;-0.015328064;0.34483793
0.074359685;-0.013351778;0.34483793
0.072383396;-0.015328064;0.34483793
0.074359685;-0.013351778;0.33693281
0.074359685;-0.015328064;0.34483793
0.072383396;-0.015328064;0.34483793
0.072383396;-0.015328064;0.33693281
0.072383396;-0.015328064;0.33693281
0.072383396;-0.015328064;0.34483793
0.072383396;-0.015328064;0.34483793
0.072383396;-0.013351778;0.33693281
0.072383396;-0.015328064;0.34483793
0.072383396;-0.013351778;0.34483793
0.070407115;-0.015328064;0.33693281
0.070407115;-0.015328064;0.34483793
0.070407115;-0.015328064;0.34483793
0.070407115;-0.015328064;0.34483793
0.070407115;-0.017304348;0.33693281
0.070407115;-0.015328064;0.34483793
0.070407115;-0.015328064;0.34483793
0.070407115;-0.015328064;0.34483793
0.068430834;-0.017304348;0.34483793
0.068430834;-0.015328064;0.34483793
0.068430834;-0.015328064;0.34483793
0.068430834;-0.017304348;0.33693281
0.068430834;-0.015328064;0.34483793
0.068430834;-0.015328064;0.34483793
0.068430834;-0.017304348;0.34483793
0.068430834;-0.017304348;0.34483793
0.068430834;-0.015328064;0.34483793
0.068430834;-0.017304348;0.34483793
0.064478263;-0.015328064;0.34483793
0.066454545;-0.017304348;0.34483793
0.066454545;-0.017304348;0.34483793
0.066454545;-0.017304348;0.33693281
0.064478263;-0.017304348;0.33693281
0.066454545;-0.017304348;0.34483793
0.064478263;-0.017304348;0.34483793
0.064478263;-0.017304348;0.34483793
0.064478263;-0.017304348;0.34483793
0.064478263;-0.017304348;0.34483793
0.062501974;-0.017304348;0.34483793
0.062501974;-0.017304348;0.34483793
0.062501974;-0.017304348;0.34483793
0.064478263;-0.015328064;0.34483793
0.062501974;-0.017304348;0.34483793
0.062501974;-0.019280633;0.33693281
0.062501974;-0.017304348;0.34483793
0.060525693;-0.017304348;0.34483793
0.060525693;-0.019280633;0.34483793
0.060525693;-0.017304348;0.34483793
0.058549408;-0.019280633;0.33693281
0.060525693;-0.017304348;0.34483793
0.058549408;-0.017304348;0.34483793
0.058549408;-0.019280633;0.34483793
0.058549408;-0.019280633;0.33693281
0.058549408;-0.017304348;0.33693281
0.058549408;-0.019280633;0.34483793
0.058549408;-0.019280633;0.33693281
0.056573123;-0.017304348;0.34483793
0.056573123;-0.017304348;0.34483793
0.056573123;-0.019280633;0.34483793
0.054596838;-0.017304348;0.34483793
0.056573123;-0.019280633;0.33693281
0.056573123;-0.019280633;0.34483793
0.056573123;-0.017304348;0.34483793
0.054596838;-0.019280633;0.34483793
0.054596838;-0.019280633;0.34483793
0.054596838;-0.017304348;0.34483793
0.054596838;-0.019280633;0.34483793
0.054596838;-0.019280633;0.34483793
0.052620552;-0.019280633;0.34483793
0.052620552;-0.019280633;0.34483793
0.052620552;-0.019280633;0.33693281
0.050644267;-0.019280633;0.34483793
0.052620552;-0.019280633;0.34483793
0.050644267;-0.017304348;0.34483793
0.050644267;-0.019280633;0.33693281
0.050644267;-0.019280633;0.34483793
0.048667986;-0.019280633;0.34483793
0.050644267;-0.021256916;0.33693281
0.048667986;-0.019280633;0.34483793
0.048667986;-0.021256916;0.34483793
0.046691701;-0.021256916;0.34483793
0.046691701;-0.019280633;0.33693281
0.048667986;-0.021256916;0.34483793
0.046691701;-0.021256916;0.33693281
0.046691701;-0.021256916;0.33693281
0.044715416;-0.019280633;0.34483793
0.044715416;-0.019280633;0.33693281
0.046691701;-0.019280633;0.34483793
0.044715416;-0.019280633;0.34483793
0.042739131;-0.021256916;0.34483793
0.042739131;-0.021256916;0.34483793
0.042739131;-0.019280633;0.34483793
0.040762845;-0.021256916;0.34483793
0.042739131;-0.019280633;0.34483793
0.042739131;-0.019280633;0.33693281
0.042739131;-0.021256916;0.34483793
0.040762845;-0.021256916;0.34483793
0.040762845;-0.021256916;0.34483793
0.03878656;-0.021256916;0.34483793
0.040762845;-0.021256916;0.34483793
0.03878656;-0.021256916;0.34483793
0.03878656;-0.021256916;0.34483793
0.03878656;-0.021256916;0.34483793
0.036810275;-0.019280633;0.34483793
0.034833994;-0.021256916;0.34483793
0.036810275;-0.021256916;0.34483793
0.036810275;-0.021256916;0.34483793
0.034833994;-0.021256916;0.34483793
0.034833994;-0.021256916;0.34483793
0.032857709;-0.021256916;0.34483793
0.034833994;-0.021256916;0.33693281
0.032857709;-0.023233201;0.33693281
0.030881424;-0.021256916;0.33693281
0.032857709;-0.021256916;0.34483793
0.030881424;-0.021256916;0.34483793
0.032857709;-0.023233201;0.34483793
0.030881424;-0.021256916;0.34483793
0.030881424;-0.021256916;0.33693281
0.030881424;-0.021256916;0.34483793
0.030881424;-0.021256916;0.33693281
0.030881424;-0.019280633;0.33693281
0.030881424;-0.021256916;0.34483793
0.028905138;-0.021256916;0.33693281
0.028905138;-0.021256916;0.34483793
0.026928853;-0.023233201;0.34483793
0.026928853;-0.021256916;0.34483793
0.028905138;-0.021256916;0.34483793
0.02495257;-0.023233201;0.34483793
0.02495257;-0.021256916;0.34483793
0.02495257;-0.021256916;0.34483793
0.02495257;-0.023233201;0.33693281
0.022976285;-0.023233201;0.33693281
0.022976285;-0.023233201;0.33693281
0.02495257;-0.021256916;0.34483793
0.022976285;-0.023233201;0.34483793
0.022976285;-0.023233201;0.34483793
0.021;-0.023233201;0.34483793
0.022976285;-0.021256916;0.34483793
0.021;-0.021256916;0.34483793
0.021;-0.023233201;0.33693281
0.019023715;-0.023233201;0.34483793
0.019023715;-0.023233201;0.34483793
0.019023715;-0.023233201;0.33693281
0.019023715;-0.023233201;0.34483793
0.017047431;-0.023233201;0.34483793
0.019023715;-0.023233201;0.34483793
0.017047431;-0.023233201;0.34483793
0.015071146;-0.023233201;0.34483793
0.017047431;-0.023233201;0.34483793
0.017047431;-0.021256916;0.34483793
0.015071146;-0.023233201;0.33693281
0.015071146;-0.021256916;0.33693281
0.013094862;-0.023233201;0.33693281
0.013094862;-0.021256916;0.33693281
0.013094862;-0.025209486;0.33693281
0.013094862;-0.023233201;0.33693281
0.011118577;-0.023233201;0.33693281
0.013094862;-0.023233201;0.34483793
0.011118577;-0.023233201;0.34483793
0.011118577;-0.023233201;0.33693281
0.011118577;-0.023233201;0.33693281
0.011118577;-0.023233201;0.34483793
0.0091422927;-0.023233201;0.34483793
0.0091422927;-0.023233201;0.34483793
0.0091422927;-0.023233201;0.34483793
0.007166008;-0.023233201;0.34483793
0.0091422927;-0.023233201;0.34483793
0.007166008;-0.025209486;0.34483793
0.007166008;-0.023233201;0.34483793
0.007166008;-0.023233201;0.34483793
0.0051897233;-0.023233201;0.33693281
0.0051897233;-0.023233201;0.34483793
0.0051897233;-0.023233201;0.34483793
0.0032134387;-0.023233201;0.34483793
0.0051897233;-0.025209486;0.34483793
0.0032134387;-0.023233201;0.34483793
0.0032134387;-0.023233201;0.34483793
0.0032134387;-0.023233201;0.34483793
0.0012371541;-0.023233201;0.33693281
0.0012371541;-0.025209486;0.33693281
-0.00073913042;-0.025209486;0.34483793
-0.00073913042;-0.025209486;0.34483793
0.0012371541;-0.025209486;0.34483793
-0.00073913042;-0.025209486;0.34483793
-0.0027154151;-0.023233201;0.34483793
-0.0027154151;-0.025209486;0.34483793
-0.0027154151;-0.025209486;0.35274309
-0.0027154151;-0.025209486;0.34483793
-0.0027154151;-0.025209486;0.33693281
-0.0046916995;-0.025209486;0.34483793
-0.0027154151;-0.025209486;0.33693281
-0.0046916995;-0.025209486;0.34483793
-0.0046916995;-0.025209486;0.33693281
-0.0046916995;-0.025209486;0.35274309
-0.0066679842;-0.025209486;0.34483793
-0.0066679842;-0.025209486;0.34483793
-0.0066679842;-0.025209486;0.34483793
-0.0086442688;-0.025209486;0.34483793
-0.0086442688;-0.025209486;0.34483793
-0.0086442688;-0.023233201;0.34483793
-0.0086442688;-0.025209486;0.34483793
-0.0086442688;-0.025209486;0.33693281
-0.010620553;-0.025209486;0.33693281
-0.0086442688;-0.025209486;0.34483793
-0.010620553;-0.025209486;0.33693281
-0.010620553;-0.025209486;0.34483793
-0.010620553;-0.025209486;0.34483793
-0.0086442688;-0.025209486;0.34483793
-0.010620553;-0.025209486;0.34483793
-0.012596838;-0.025209486;0.34483793
-0.010620553;-0.023233201;0.34483793
-0.012596838;-0.025209486;0.34483793
-0.012596838;-0.023233201;0.33693281
-0.012596838;-0.023233201;0.34483793
-0.012596838;-0.025209486;0.34483793
-0.014573122;-0.025209486;0.34483793
-0.014573122;-0.025209486;0.34483793
-0.012596838;-0.023233201;0.34483793
-0.014573122;-0.025209486;0.34483793
-0.014573122;-0.025209486;0.33693281
-0.014573122;-0.025209486;0.33693281
-0.016549407;-0.025209486;0.34483793
-0.016549407;-0.025209486;0.34483793
-0.016549407;-0.023233201;0.34483793
-0.016549407;-0.025209486;0.34483793
-0.016549407;-0.025209486;0.34483793
-0.018525692;-0.025209486;0.34483793
-0.018525692;-0.025209486;0.33693281
-0.016549407;-0.025209486;0.34483793
-0.020501977;-0.025209486;0.33693281
-0.016549407;-0.025209486;0.33693281
-0.018525692;-0.023233201;0.34483793
-0.018525692;-0.025209486;0.34483793
-0.018525692;-0.023233201;0.34483793
-0.020501977;-0.025209486;0.33693281
-0.020501977;-0.025209486;0.34483793
-0.020501977;-0.025209486;0.34483793
-0.020501977;-0.025209486;0.34483793
-0.020501977;-0.025209486;0.34483793
-0.020501977;-0.025209486;0.33693281
-0.02247826;-0.025209486;0.34483793
-0.02247826;-0.025209486;0.34483793
-0.02247826;-0.025209486;0.33693281
-0.02247826;-0.027185772;0.34483793
-0.02247826;-0.025209486;0.34483793
-0.02247826;-0.027185772;0.35274309
-0.024454545;-0.025209486;0.33693281
-0.02247826;-0.025209486;0.33693281
-0.02247826;-0.025209486;0.34483793
-0.024454545;-0.025209486;0.34483793
-0.024454545;-0.025209486;0.33693281
-0.02247826;-0.027185772;0.34483793
-0.024454545;-0.025209486;0.33693281
-0.024454545;-0.025209486;0.34483793
-0.02643083;-0.025209486;0.33693281
-0.02643083;-0.025209486;0.33693281
-0.024454545;-0.025209486;0.34483793
-0.024454545;-0.027185772;0.34483793
-0.02643083;-0.023233201;0.33693281
-0.02643083;-0.025209486;0.34483793
-0.028407115;-0.025209486;0.34483793
-0.02643083;-0.025209486;0.34483793
-0.02643083;-0.025209486;0.33693281
-0.02643083;-0.025209486;0.34483793
-0.02643083;-0.025209486;0.33693281
-0.028407115;-0.025209486;0.34483793
-0.028407115;-0.025209486;0.33693281
-0.028407115;-0.027185772;0.34483793
-0.028407115;-0.025209486;0.33693281
-0.028407115;-0.025209486;0.34483793
-0.030383399;-0.025209486;0.33693281
-0.028407115;-0.025209486;0.34483793
-0.028407115;-0.025209486;0.34483793
-0.030383399;-0.025209486;0.34483793
-0.028407115;-0.025209486;0.34483793
-0.028407115;-0.025209486;0.34483793
-0.030383399;-0.025209486;0.33693281
-0.030383399;-0.025209486;0.33693281
-0.028407115;-0.025209486;0.33693281
-0.028407115;-0.025209486;0.34483793
-0.028407115;-0.025209486;0.33693281
-0.030383399;-0.025209486;0.34483793
-0.030383399;-0.025209486;0.34483793
-0.030383399;-0.025209486;0.34483793
-0.030383399;-0.025209486;0.34483793
-0.030383399;-0.025209486;0.34483793
-0.030383399;-0.027185772;0.33693281
-0.030383399;-0.025209486;0.33693281
-0.030383399;-0.025209486;0.33693281
-0.030383399;-0.025209486;0.34483793
-0.032359682;-0.025209486;0.34483793
-0.030383399;-0.025209486;0.34483793
-0.032359682;-0.025209486;0.33693281
-0.030383399;-0.025209486;0.34483793
-0.032359682;-0.025209486;0.33693281
-0.032359682;-0.025209486;0.33693281
-0.032359682;-0.027185772;0.34483793
-0.030383399;-0.025209486;0.34483793
-0.032359682;-0.025209486;0.33693281
-0.032359682;-0.025209486;0.34483793
-0.032359682;-0.027185772;0.33693281
-0.030383399;-0.025209486;0.34483793
-0.032359682;-0.025209486;0.34483793
-0.030383399;-0.025209486;0.34483793
-0.032359682;-0.027185772;0.34483793
-0.032359682;-0.025209486;0.33693281
-0.032359682;-0.025209486;0.34483793
-0.032359682;-0.025209486;0.34483793
-0.030383399;-0.025209486;0.33693281
-0.032359682;-0.025209486;0.34483793
-0.032359682;-0.025209486;0.34483793
-0.032359682;-0.025209486;0.34483793
-0.032359682;-0.025209486;0.33693281
-0.030383399;-0.027185772;0.34483793
-0.030383399;-0.025209486;0.34483793
-0.032359682;-0.025209486;0.35274309
-0.032359682;-0.025209486;0.33693281
-0.030383399;-0.025209486;0.34483793
-0.030383399;-0.025209486;0.34483793
-0.032359682;-0.025209486;0.34483793
-0.032359682;-0.025209486;0.34483793
-0.030383399;-0.025209486;0.33693281
-0.030383399;-0.025209486;0.34483793
-0.030383399;-0.025209486;0.34483793
-0.030383399;-0.025209486;0.34483793
-0.032359682;-0.025209486;0.34483793
-0.030383399;-0.025209486;0.34483793
-0.030383399;-0.025209486;0.34483793
-0.030383399;-0.025209486;0.33693281
-0.030383399;-0.025209486;0.34483793
-0.028407115;-0.025209486;0.33693281
-0.030383399;-0.025209486;0.34483793
-0.028407115;-0.025209486;0.34483793
-0.030383399;-0.027185772;0.34483793
-0.028407115;-0.025209486;0.34483793
-0.028407115;-0.025209486;0.34483793
-0.028407115;-0.025209486;0.33693281
-0.028407115;-0.025209486;0.33693281
-0.028407115;-0.025209486;0.34483793
-0.028407115;-0.025209486;0.34483793
-0.028407115;-0.025209486;0.33693281
-0.02643083;-0.025209486;0.33693281
-0.028407115;-0.025209486;0.33693281
-0.028407115;-0.025209486;0.34483793
-0.028407115;-0.025209486;0.34483793
-0.028407115;-0.025209486;0.34483793
-0.02643083;-0.025209486;0.34483793
-0.028407115;-0.025209486;0.34483793
-0.02643083;-0.023233201;0.34483793
-0.02643083;-0.025209486;0.34483793
-0.028407115;-0.025209486;0.34483793
-0.02643083;-0.025209486;0.34483793
-0.02643083;-0.023233201;0.33693281
-0.02643083;-0.025209486;0.34483793
-0.024454545;-0.023233201;0.34483793
-0.02643083;-0.025209486;0.34483793
-0.02643083;-0.023233201;0.34483793
-0.024454545;-0.025209486;0.34483793
-0.024454545;-0.023233201;0.34483793
-0.024454545;-0.023233201;0.34483793
-0.024454545;-0.025209486;0.34483793
-0.024454545;-0.025209486;0.34483793
-0.024454545;-0.025209486;0.34483793
-0.02247826;-0.023233201;0.34483793
-0.02247826;-0.023233201;0.34483793
-0.02247826;-0.025209486;0.33693281
-0.02247826;-0.023233201;0.33693281
-0.02247826;-0.025209486;0.34483793
-0.02247826;-0.023233201;0.34483793
-0.02247826;-0.025209486;0.34483793
-0.020501977;-0.025209486;0.34483793
-0.020501977;-0.023233201;0.33693281
-0.02247826;-0.025209486;0.34483793
-0.020501977;-0.025209486;0.34483793
-0.020501977;-0.025209486;0.34483793
-0.020501977;-0.023233201;0.33693281
-0.020501977;-0.023233201;0.34483793
-0.018525692;-0.023233201;0.34483793
-0.020501977;-0.023233201;0.34483793
-0.020501977;-0.025209486;0.33693281
-0.018525692;-0.023233201;0.34483793
-0.018525692;-0.025209486;0.34483793
-0.020501977;-0.023233201;0.34483793
-0.018525692;-0.023233201;0.34483793
-0.016549407;-0.025209486;0.33693281
-0.016549407;-0.023233201;0.33693281
-0.016549407;-0.023233201;0.34483793
-0.016549407;-0.025209486;0.33693281
-0.016549407;-0.023233201;0.34483793
-0.014573122;-0.025209486;0.34483793
-0.014573122;-0.025209486;0.34483793
-0.016549407;-0.023233201;0.34483793
-0.012596838;-0.023233201;0.34483793
-0.012596838;-0.021256916;0.33693281
-0.014573122;-0.023233201;0.33693281
-0.014573122;-0.023233201;0.33693281
-0.012596838;-0.023233201;0.34483793
-0.012596838;-0.023233201;0.33693281
-0.012596838;-0.023233201;0.34483793
-0.012596838;-0.023233201;0.34483793
-0.012596838;-0.023233201;0.34483793
-0.010620553;-0.023233201;0.34483793
-0.010620553;-0.023233201;0.34483793
-0.010620553;-0.021256916;0.35274309
-0.010620553;-0.023233201;0.34483793
-0.010620553;-0.023233201;0.34483793
-0.010620553;-0.025209486;0.34483793
-0.0086442688;-0.023233201;0.34483793
-0.010620553;-0.023233201;0.34483793
-0.0086442688;-0.023233201;0.34483793
-0.0086442688;-0.023233201;0.34483793
-0.0086442688;-0.023233201;0.34483793
-0.0086442688;-0.023233201;0.33693281
-0.0066679842;-0.023233201;0.34483793
-0.0066679842;-0.023233201;0.34483793
-0.0066679842;-0.021256916;0.34483793
-0.0046916995;-0.023233201;0.34483793
-0.0046916995;-0.023233201;0.33693281
-0.0046916995;-0.023233201;0.34483793
-0.0046916995;-0.021256916;0.34483793
-0.0046916995;-0.021256916;0.33693281
-0.0046916995;-0.023233201;0.33693281
-0.0027154151;-0.021256916;0.34483793
-0.0027154151;-0.023233201;0.33693281
-0.0027154151;-0.021256916;0.34483793
-0.0027154151;-0.021256916;0.34483793
-0.0027154151;-0.021256916;0.34483793
-0.00073913042;-0.021256916;0.34483793
-0.00073913042;-0.021256916;0.34483793
-0.00073913042;-0.023233201;0.33693281
-0.00073913042;-0.021256916;0.34483793
0.0012371541;-0.021256916;0.33693281
0.0012371541;-0.021256916;0.33693281
0.0012371541;-0.021256916;0.34483793
0.0012371541;-0.023233201;0.34483793
0.0032134387;-0.021256916;0.34483793
0.0012371541;-0.021256916;0.34483793
0.0032134387;-0.021256916;0.33693281
0.0051897233;-0.021256916;0.34483793
0.0051897233;-0.021256916;0.34483793
0.0051897233;-0.023233201;0.34483793
0.0051897233;-0.021256916;0.33693281
0.0051897233;-0.021256916;0.34483793
0.007166008;-0.021256916;0.34483793
0.007166008;-0.021256916;0.33693281
0.0091422927;-0.021256916;0.34483793
0.007166008;-0.021256916;0.34483793
0.007166008;-0.021256916;0.33693281
0.0091422927;-0.021256916;0.34483793
0.0091422927;-0.021256916;0.33693281
0.0091422927;-0.021256916;0.34483793
0.011118577;-0.021256916;0.34483793
0.011118577;-0.021256916;0.34483793
0.0091422927;-0.023233201;0.34483793
0.011118577;-0.023233201;0.33693281
0.011118577;-0.021256916;0.34483793
0.011118577;-0.021256916;0.34483793
0.013094862;-0.021256916;0.34483793
0.015071146;-0.019280633;0.33693281
0.015071146;-0.021256916;0.33693281
0.015071146;-0.019280633;0.33693281
0.015071146;-0.019280633;0.34483793
0.015071146;-0.021256916;0.34483793
0.015071146;-0.021256916;0.34483793
0.017047431;-0.019280633;0.34483793
0.017047431;-0.021256916;0.34483793
0.017047431;-0.021256916;0.34483793
0.019023715;-0.021256916;0.34483793
0.017047431;-0.021256916;0.33693281
0.019023715;-0.019280633;0.34483793
0.019023715;-0.019280633;0.34483793
0.019023715;-0.021256916;0.33693281
0.021;-0.021256916;0.34483793
0.019023715;-0.019280633;0.34483793
0.021;-0.019280633;0.33693281
0.021;-0.021256916;0.34483793
0.021;-0.019280633;0.34483793
0.022976285;-0.021256916;0.34483793
0.022976285;-0.019280633;0.34483793
0.022976285;-0.021256916;0.34483793
0.022976285;-0.021256916;0.34483793
0.02495257;-0.019280633;0.33693281
0.02495257;-0.019280633;0.34483793
0.02495257;-0.019280633;0.34483793
0.02495257;-0.019280633;0.34483793
0.026928853;-0.021256916;0.34483793
0.026928853;-0.019280633;0.33693281
0.026928853;-0.019280633;0.34483793
0.028905138;-0.019280633;0.34483793
0.028905138;-0.019280633;0.34483793
0.028905138;-0.019280633;0.34483793
0.028905138;-0.017304348;0.33693281
0.028905138;-0.019280633;0.33693281
0.030881424;-0.019280633;0.34483793
0.032857709;-0.019280633;0.33693281
0.032857709;-0.017304348;0.34483793
0.032857709;-0.017304348;0.33693281
0.032857709;-0.017304348;0.33693281
0.034833994;-0.019280633;0.35274309
0.032857709;-0.017304348;0.35274309
0.032857709;-0.017304348;0.34483793
0.032857709;-0.017304348;0.34483793
0.034833994;-0.019280633;0.34483793
0.034833994;-0.019280633;0.34483793
0.036810275;-0.017304348;0.34483793
0.034833994;-0.019280633;0.34483793
0.036810275;-0.017304348;0.34483793
0.036810275;-0.017304348;0.34483793
0.036810275;-0.017304348;0.33693281
0.03878656;-0.017304348;0.33693281
0.03878656;-0.017304348;0.33693281
0.03878656;-0.019280633;0.34483793
0.03878656;-0.019280633;0.34483793
0.040762845;-0.017304348;0.33693281
0.040762845;-0.017304348;0.33693281
0.040762845;-0.017304348;0.34483793
0.040762845;-0.017304348;0.34483793
0.042739131;-0.017304348;0.34483793
0.042739131;-0.017304348;0.34483793
0.042739131;-0.017304348;0.33693281
0.044715416;-0.017304348;0.33693281
0.044715416;-0.017304348;0.34483793
0.042739131;-0.017304348;0.34483793
0.044715416;-0.017304348;0.34483793
0.044715416;-0.017304348;0.33693281
0.044715416;-0.017304348;0.34483793
0.046691701;-0.015328064;0.34483793
0.046691701;-0.017304348;0.34483793
0.044715416;-0.017304348;0.33693281
0.048667986;-0.015328064;0.34483793
0.046691701;-0.017304348;0.34483793
0.048667986;-0.017304348;0.34483793
0.048667986;-0.015328064;0.34483793
0.048667986;-0.015328064;0.33693281
0.050644267;-0.015328064;0.34483793
0.050644267;-0.015328064;0.34483793
0.048667986;-0.017304348;0.33693281
0.050644267;-0.015328064;0.34483793
0.048667986;-0.015328064;0.34483793
0.050644267;-0.015328064;0.34483793
0.052620552;-0.015328064;0.34483793
0.052620552;-0.015328064;0.34483793
0.052620552;-0.013351778;0.33693281
0.054596838;-0.015328064;0.34483793
0.052620552;-0.015328064;0.33693281
0.054596838;-0.015328064;0.33693281
0.054596838;-0.015328064;0.34483793
0.054596838;-0.015328064;0.34483793
0.056573123;-0.013351778;0.34483793
0.056573123;-0.013351778;0.34483793
0.056573123;-0.015328064;0.34483793
0.056573123;-0.013351778;0.34483793
0.056573123;-0.013351778;0.34483793
0.058549408;-0.015328064;0.34483793
0.056573123;-0.015328064;0.34483793
0.056573123;-0.015328064;0.34483793
0.058549408;-0.015328064;0.34483793
0.056573123;-0.013351778;0.34483793
0.058549408;-0.013351778;0.34483793
0.058549408;-0.015328064;0.34483793
0.058549408;-0.013351778;0.33693281
0.060525693;-0.013351778;0.34483793
0.062501974;-0.013351778;0.33693281
0.062501974;-0.013351778;0.35274309
0.062501974;-0.013351778;0.34483793
0.062501974;-0.013351778;0.33693281
0.062501974;-0.013351778;0.34483793
0.062501974;-0.013351778;0.34483793
0.062501974;-0.013351778;0.34483793
0.062501974;-0.013351778;0.33693281
0.062501974;-0.013351778;0.34483793
0.064478263;-0.013351778;0.34483793
0.064478263;-0.013351778;0.34483793
0.064478263;-0.013351778;0.34483793
0.064478263;-0.013351778;0.34483793
0.064478263;-0.011375494;0.34483793
0.064478263;-0.013351778;0.34483793
0.066454545;-0.013351778;0.33693281
0.064478263;-0.013351778;0.33693281
0.064478263;-0.013351778;0.34483793
0.064478263;-0.011375494;0.34483793
0.066454545;-0.011375494;0.34483793
0.066454545;-0.013351778;0.34483793
0.066454545;-0.013351778;0.34483793
0.068430834;-0.013351778;0.34483793
0.068430834;-0.013351778;0.34483793
0.068430834;-0.011375494;0.34483793
0.068430834;-0.011375494;0.34483793
0.070407115;-0.011375494;0.34483793
0.070407115;-0.011375494;0.34483793
0.068430834;-0.011375494;0.34483793
0.068430834;-0.011375494;0.34483793
0.070407115;-0.011375494;0.33693281
0.070407115;-0.011375494;0.34483793
0.070407115;-0.011375494;0.34483793
0.070407115;-0.011375494;0.34483793
0.070407115;-0.011375494;0.33693281
0.070407115;-0.011375494;0.33693281
0.070407115;-0.011375494;0.33693281
0.070407115;-0.0093992092;0.33693281
0.070407115;-0.011375494;0.34483793
0.072383396;-0.011375494;0.34483793
0.072383396;-0.0093992092;0.34483793
0.072383396;-0.013351778;0.33693281
0.070407115;-0.011375494;0.34483793
0.074359685;-0.0093992092;0.34483793
0.072383396;-0.0093992092;0.33693281
0.072383396;-0.011375494;0.33693281
0.072383396;-0.0093992092;0.33693281
0.074359685;-0.011375494;0.33693281
0.074359685;-0.011375494;0.33693281
0.074359685;-0.0093992092;0.33693281
0.074359685;-0.0093992092;0.34483793
0.074359685;-0.0093992092;0.34483793
0.074359685;-0.0093992092;0.34483793
0.074359685;-0.0093992092;0.33693281
0.074359685;-0.0093992092;0.34483793
0.074359685;-0.007422925;0.34483793
0.074359685;-0.0093992092;0.35274309
0.076335967;-0.0093992092;0.34483793
0.074359685;-0.0093992092;0.33693281
0.074359685;-0.0093992092;0.34483793
0.074359685;-0.0093992092;0.34483793
0.074359685;-0.0093992092;0.34483793
0.076335967;-0.0093992092;0.34483793
0.074359685;-0.0093992092;0.34483793
0.076335967;-0.007422925;0.34483793
0.076335967;-0.0093992092;0.34483793
0.074359685;-0.0093992092;0.34483793
0.076335967;-0.007422925;0.34483793
0.074359685;-0.0093992092;0.34483793
0.076335967;-0.0093992092;0.34483793
0.076335967;-0.007422925;0.34483793
0.076335967;-0.0093992092;0.34483793
0.076335967;-0.007422925;0.33693281
0.076335967;-0.007422925;0.33693281
0.076335967;-0.007422925;0.34483793
0.076335967;-0.007422925;0.34483793
0.076335967;-0.007422925;0.34483793
0.076335967;-0.007422925;0.33693281
0.078312255;-0.007422925;0.34483793
0.078312255;-0.007422925;0.33693281
0.076335967;-0.0054466403;0.34483793
0.078312255;-0.007422925;0.34483793
0.078312255;-0.007422925;0.34483793
0.076335967;-0.0054466403;0.34483793
0.076335967;-0.007422925;0.33693281
0.076335967;-0.007422925;0.34483793
0.076335967;-0.0054466403;0.33693281
0.076335967;-0.0054466403;0.34483793
0.078312255;-0.0054466403;0.34483793
0.076335967;-0.0054466403;0.34483793
0.076335967;-0.0054466403;0.34483793
0.076335967;-0.0054466403;0.34483793
0.076335967;-0.0054466403;0.34483793
0.076335967;-0.0054466403;0.34483793
0.076335967;-0.0054466403;0.34483793
0.078312255;-0.0034703556;0.34483793
0.076335967;-0.0054466403;0.34483793
0.076335967;-0.0054466403;0.34483793
0.076335967;-0.0054466403;0.34483793
0.076335967;-0.0054466403;0.34483793
0.076335967;-0.0054466403;0.34483793
0.076335967;-0.0054466403;0.33693281
0.076335967;-0.0054466403;0.33693281
0.076335967;-0.0054466403;0.34483793
0.076335967;-0.0054466403;0.34483793
0.076335967;-0.0054466403;0.34483793
0.074359685;-0.0054466403;0.34483793
0.076335967;-0.0054466403;0.34483793
0.076335967;-0.0034703556;0.33693281
0.076335967;-0.0034703556;0.34483793
0.074359685;-0.0034703556;0.34483793
0.076335967;-0.0034703556;0.33693281
0.074359685;-0.0034703556;0.34483793
0.074359685;-0.0034703556;0.34483793
0.074359685;-0.0034703556;0.34483793
0.074359685;-0.0034703556;0.34483793
0.074359685;-0.0034703556;0.34483793
0.072383396;-0.0034703556;0.34483793
0.072383396;-0.0034703556;0.34483793
0.072383396;-0.0034703556;0.34483793
0.074359685;-0.0034703556;0.33693281
0.072383396;-0.0034703556;0.34483793
0.072383396;-0.0034703556;0.34483793
0.072383396;-0.0034703556;0.34483793
0.072383396;-0.0034703556;0.33693281
0.072383396;-0.0034703556;0.34483793
0.072383396;-0.0034703556;0.33693281
0.072383396;-0.0034703556;0.33693281
0.072383396;-0.0034703556;0.33693281
0.072383396;-0.0034703556;0.34483793
0.072383396;-0.0034703556;0.34483793
0.070407115;-0.0014940711;0.34483793
0.070407115;-0.0034703556;0.34483793
0.072383396;-0.0034703556;0.33693281
0.072383396;-0.0034703556;0.34483793
0.070407115;-0.0034703556;0.33693281
0.070407115;-0.0014940711;0.34483793
0.070407115;-0.0014940711;0.34483793
0.070407115;-0.0034703556;0.33693281
0.070407115;-0.0014940711;0.34483793
0.070407115;-0.0014940711;0.33693281
0.070407115;-0.0034703556;0.34483793
0.068430834;-0.0014940711;0.34483793
0.068430834;-0.0014940711;0.35274309
0.068430834;-0.0014940711;0.34483793
0.066454545;-0.0014940711;0.34483793
0.068430834;-0.0014940711;0.33693281
0.066454545;-0.0014940711;0.34483793
0.066454545;-0.0014940711;0.34483793
0.066454545;-0.0014940711;0.34483793
0.066454545;0.00048221345;0.34483793
0.066454545;-0.0014940711;0.34483793
0.066454545;0.00048221345;0.34483793
0.066454545;0.00048221345;0.33693281
0.066454545;0.00048221345;0.34483793
0.064478263;0.00048221345;0.33693281
0.064478263;0.00048221345;0.34483793
0.064478263;0.00048221345;0.34483793
0.066454545;-0.0014940711;0.34483793
0.064478263;0.00048221345;0.34483793
0.064478263;0.00048221345;0.34483793
0.062501974;0.00048221345;0.34483793
0.064478263;0.00048221345;0.34483793
0.064478263;0.00048221345;0.34483793
0.060525693;0.00048221345;0.34483793
0.062501974;0.00048221345;0.34483793
0.062501974;0.00048221345;0.34483793
0.060525693;0.00048221345;0.34483793
0.060525693;0.0024584981;0.33693281
0.062501974;0.00048221345;0.33693281
0.060525693;0.00048221345;0.33693281
0.058549408;0.00048221345;0.34483793
0.060525693;0.0024584981;0.34483793
0.058549408;0.0024584981;0.34483793
0.060525693;0.00048221345;0.34483793
0.058549408;0.0024584981;0.34483793
0.058549408;0.0024584981;0.33693281
0.058549408;0.0024584981;0.33693281
0.056573123;0.0024584981;0.34483793
0.058549408;0.0024584981;0.33693281
0.056573123;0.0024584981;0.34483793
0.056573123;0.0024584981;0.34483793
0.056573123;0.0024584981;0.33693281
0.054596838;0.0024584981;0.34483793
0.054596838;0.0044347825;0.34483793
0.054596838;0.0024584981;0.33693281
0.054596838;0.0024584981;0.34483793
0.054596838;0.0024584981;0.34483793
0.054596838;0.0024584981;0.34483793
0.052620552;0.0024584981;0.33693281
0.054596838;0.0044347825;0.33693281
0.052620552;0.0024584981;0.33693281
0.052620552;0.0044347825;0.34483793
0.050644267;0.0024584981;0.34483793
0.050644267;0.0044347825;0.34483793
0.050644267;0.0044347825;0.34483793
0.048667986;0.0044347825;0.34483793
0.048667986;0.0044347825;0.33693281
0.048667986;0.0024584981;0.33693281
0.048667986;0.0044347825;0.33693281
0.048667986;0.0044347825;0.34483793
0.048667986;0.0044347825;0.34483793
0.046691701;0.0044347825;0.34483793
0.046691701;0.0044347825;0.34483793
0.046691701;0.0044347825;0.34483793
0.046691701;0.0044347825;0.33693281
0.044715416;0.0044347825;0.34483793
0.044715416;0.0064110672;0.34483793
0.044715416;0.0044347825;0.34483793
0.044715416;0.0044347825;0.33693281
0.044715416;0.0044347825;0.33693281
0.044715416;0.0044347825;0.34483793
0.042739131;0.0044347825;0.34483793
0.040762845;0.0064110672;0.34483793
0.042739131;0.0064110672;0.34483793
0.040762845;0.0064110672;0.33693281
0.040762845;0.0064110672;0.33693281
0.040762845;0.0064110672;0.34483793
0.03878656;0.0064110672;0.33693281
0.040762845;0.0083873514;0.34483793
0.03878656;0.0064110672;0.34483793
0.03878656;0.0064110672;0.34483793
0.03878656;0.0083873514;0.33693281
0.03878656;0.0083873514;0.34483793
0.03878656;0.0083873514;0.34483793
0.03878656;0.0064110672;0.34483793
0.036810275;0.0064110672;0.33693281
0.034833994;0.0083873514;0.34483793
0.036810275;0.0064110672;0.33693281
0.034833994;0.0064110672;0.33693281
0.034833994;0.0064110672;0.34483793
0.034833994;0.0083873514;0.34483793
0.032857709;0.0083873514;0.34483793
0.032857709;0.0083873514;0.33693281
0.032857709;0.0083873514;0.34483793
0.030881424;0.0083873514;0.34483793
0.030881424;0.0083873514;0.34483793
0.030881424;0.0083873514;0.34483793
0.030881424;0.0083873514;0.34483793
0.030881424;0.0083873514;0.33693281
0.028905138;0.0083873514;0.34483793
0.028905138;0.0083873514;0.33693281
0.028905138;0.010363637;0.34483793
0.026928853;0.010363637;0.33693281
0.026928853;0.0083873514;0.34483793
0.028905138;0.010363637;0.34483793
0.02495257;0.0083873514;0.34483793
0.02495257;0.0083873514;0.34483793
0.02495257;0.0083873514;0.34483793
0.022976285;0.010363637;0.34483793
0.022976285;0.010363637;0.34483793
0.02495257;0.010363637;0.34483793
0.022976285;0.010363637;0.33693281
0.022976285;0.010363637;0.34483793
0.02495257;0.010363637;0.34483793
0.021;0.010363637;0.33693281
0.021;0.010363637;0.34483793
0.021;0.012339921;0.34483793
0.021;0.010363637;0.34483793
0.021;0.010363637;0.33693281
0.019023715;0.010363637;0.34483793
0.021;0.010363637;0.33693281
0.019023715;0.012339921;0.34483793
0.019023715;0.010363637;0.34483793
0.017047431;0.012339921;0.34483793
0.019023715;0.010363637;0.34483793
0.017047431;0.010363637;0.34483793
0.017047431;0.012339921;0.33693281
0.017047431;0.012339921;0.33693281
0.017047431;0.012339921;0.34483793
0.017047431;0.012339921;0.34483793
0.015071146;0.014316206;0.33693281
0.013094862;0.012339921;0.34483793
0.013094862;0.014316206;0.34483793
0.013094862;0.012339921;0.34483793
0.013094862;0.012339921;0.34483793
0.013094862;0.012339921;0.34483793
0.013094862;0.012339921;0.34483793
0.011118577;0.014316206;0.34483793
0.011118577;0.014316206;0.33693281
0.011118577;0.014316206;0.34483793
0.011118577;0.014316206;0.34483793
0.0091422927;0.014316206;0.34483793
0.0091422927;0.014316206;0.34483793
0.0091422927;0.014316206;0.33693281
0.007166008;0.014316206;0.33693281
0.007166008;0.014316206;0.34483793
0.007166008;0.012339921;0.34483793
0.0051897233;0.014316206;0.34483793
0.007166008;0.014316206;0.34483793
0.0051897233;0.014316206;0.34483793
0.0051897233;0.01629249;0.34483793
0.0051897233;0.014316206;0.34483793
0.0051897233;0.014316206;0.34483793
0.0012371541;0.01629249;0.34483793
0.0012371541;0.01629249;0.33693281
0.0051897233;0.01629249;0.34483793
0.0012371541;0.01629249;0.34483793
0.0012371541;0.01629249;0.34483793
-0.00073913042;0.01629249;0.34483793
0.0012371541;0.01629249;0.34483793
-0.00073913042;0.01629249;0.33693281
-0.00073913042;0.01629249;0.34483793
-0.00073913042;0.01629249;0.34483793
-0.00073913042;0.01629249;0.34483793
-0.00073913042;0.018268775;0.33693281
-0.0027154151;0.01629249;0.34483793
-0.0027154151;0.018268775;0.34483793
-0.0027154151;0.018268775;0.34483793
-0.0046916995;0.018268775;0.34483793
-0.0027154151;0.01629249;0.33693281
-0.0046916995;0.018268775;0.34483793
-0.0046916995;0.018268775;0.34483793
-0.0066679842;0.018268775;0.34483793
-0.0066679842;0.01629249;0.33693281
-0.0046916995;0.018268775;0.34483793
-0.0066679842;0.020245058;0.34483793
-0.0066679842;0.018268775;0.34483793
-0.0086442688;0.018268775;0.34483793
-0.0086442688;0.018268775;0.34483793
-0.0086442688;0.018268775;0.34483793
-0.010620553;0.018268775;0.33693281
-0.010620553;0.018268775;0.34483793
-0.010620553;0.020245058;0.34483793
-0.010620553;0.018268775;0.34483793
-0.010620553;0.020245058;0.34483793
-0.010620553;0.018268775;0.34483793
-0.010620553;0.020245058;0.34483793
-0.012596838;0.018268775;0.34483793
-0.012596838;0.020245058;0.33693281
-0.012596838;0.020245058;0.34483793
-0.012596838;0.020245058;0.34483793
-0.012596838;0.020245058;0.33693281
-0.014573122;0.020245058;0.34483793
-0.014573122;0.020245058;0.34483793
-0.012596838;0.022221344;0.34483793
-0.012596838;0.020245058;0.34483793
-0.014573122;0.020245058;0.34483793
-0.014573122;0.020245058;0.34483793
-0.016549407;0.020245058;0.34483793
-0.014573122;0.020245058;0.34483793
-0.016549407;0.022221344;0.34483793
-0.016549407;0.022221344;0.34483793
-0.016549407;0.022221344;0.34483793
-0.016549407;0.022221344;0.34483793
-0.016549407;0.022221344;0.34483793
-0.018525692;0.020245058;0.34483793
-0.016549407;0.022221344;0.34483793
-0.016549407;0.022221344;0.34483793
-0.018525692;0.022221344;0.34483793
-0.018525692;0.022221344;0.34483793
-0.018525692;0.022221344;0.34483793
-0.020501977;0.022221344;0.34483793
-0.018525692;0.024197629;0.34483793
-0.020501977;0.022221344;0.34483793
-0.018525692;0.024197629;0.34483793
-0.018525692;0.022221344;0.34483793
-0.020501977;0.022221344;0.34483793
-0.02247826;0.024197629;0.33693281
-0.02247826;0.024197629;0.34483793
-0.02247826;0.024197629;0.34483793
-0.02247826;0.024197629;0.34483793
-0.020501977;0.024197629;0.34483793
-0.02247826;0.024197629;0.34483793
-0.02247826;0.024197629;0.33693281
-0.024454545;0.024197629;0.34483793
-0.024454545;0.026173914;0.34483793
-0.02247826;0.024197629;0.34483793
-0.024454545;0.024197629;0.34483793
-0.024454545;0.024197629;0.34483793
-0.024454545;0.024197629;0.34483793
-0.024454545;0.024197629;0.34483793
-0.024454545;0.024197629;0.33693281
-0.024454545;0.024197629;0.33693281
-0.024454545;0.024197629;0.34483793
-0.02643083;0.026173914;0.33693281
-0.02643083;0.024197629;0.34483793
-0.024454545;0.026173914;0.34483793
-0.02643083;0.026173914;0.34483793
-0.02643083;0.026173914;0.34483793
-0.02643083;0.026173914;0.33693281
-0.02643083;0.026173914;0.33693281
-0.02643083;0.026173914;0.33693281
-0.02643083;0.026173914;0.34483793
-0.02643083;0.026173914;0.33693281
-0.02643083;0.026173914;0.33693281
-0.02643083;0.026173914;0.33693281
-0.028407115;0.026173914;0.33693281
-0.028407115;0.026173914;0.35274309
-0.028407115;0.026173914;0.34483793
-0.028407115;0.026173914;0.33693281
-0.028407115;0.026173914;0.34483793
-0.028407115;0.026173914;0.34483793
-0.028407115;0.028150197;0.34483793
-0.030383399;0.028150197;0.34483793
-0.028407115;0.028150197;0.34483793
-0.028407115;0.028150197;0.33693281
-0.028407115;0.028150197;0.34483793
-0.030383399;0.028150197;0.34483793
-0.028407115;0.028150197;0.34483793
-0.028407115;0.028150197;0.34483793
-0.030383399;0.028150197;0.34483793
-0.030383399;0.028150197;0.34483793
-0.032359682;0.028150197;0.34483793
-0.032359682;0.028150197;0.34483793
-0.030383399;0.028150197;0.34483793
-0.030383399;0.028150197;0.34483793
-0.032359682;0.028150197;0.34483793
-0.030383399;0.028150197;0.35274309
-0.030383399;0.030126482;0.34483793
-0.030383399;0.030126482;0.34483793
-0.032359682;0.028150197;0.34483793
-0.030383399;0.028150197;0.34483793
-0.030383399;0.030126482;0.34483793
-0.030383399;0.030126482;0.33693281
-0.030383399;0.030126482;0.33693281
-0.030383399;0.030126482;0.34483793
-0.030383399;0.030126482;0.34483793
-0.030383399;0.030126482;0.34483793
-0.030383399;0.030126482;0.34483793
-0.030383399;0.030126482;0.33693281
-0.032359682;0.030126482;0.33693281
-0.032359682;0.030126482;0.34483793
-0.030383399;0.030126482;0.33693281
-0.032359682;0.030126482;0.33693281
-0.030383399;0.032102767;0.34483793
-0.032359682;0.030126482;0.34483793
-0.032359682;0.032102767;0.33693281
-0.032359682;0.032102767;0.34483793
-0.032359682;0.032102767;0.33693281
-0.030383399;0.032102767;0.34483793
-0.030383399;0.034079053;0.33693281
-0.030383399;0.030126482;0.34483793
-0.030383399;0.032102767;0.34483793
-0.030383399;0.032102767;0.33693281
-0.030383399;0.032102767;0.34483793
-0.030383399;0.032102767;0.34483793
-0.030383399;0.032102767;0.34483793
-0.032359682;0.032102767;0.34483793
-0.030383399;0.034079053;0.34483793
-0.030383399;0.032102767;0.33693281
-0.030383399;0.034079053;0.33693281
-0.030383399;0.034079053;0.34483793
-0.028407115;0.032102767;0.33693281
-0.030383399;0.034079053;0.34483793
-0.030383399;0.034079053;0.34483793
-0.032359682;0.034079053;0.34483793
-0.030383399;0.034079053;0.33693281
-0.030383399;0.034079053;0.34483793
-0.028407115;0.034079053;0.34483793
-0.030383399;0.034079053;0.34483793
-0.028407115;0.034079053;0.34483793
-0.028407115;0.034079053;0.34483793
-0.02643083;0.034079053;0.34483793
-0.028407115;0.036055338;0.34483793
-0.02643083;0.036055338;0.34483793
-0.028407115;0.036055338;0.34483793
-0.028407115;0.036055338;0.34483793
-0.028407115;0.034079053;0.33693281
-0.028407115;0.036055338;0.33693281
-0.028407115;0.036055338;0.34483793
-0.028407115;0.034079053;0.34483793
-0.028407115;0.034079053;0.33693281
-0.02643083;0.036055338;0.34483793
-0.028407115;0.036055338;0.33693281
-0.02643083;0.036055338;0.34483793
-0.02643083;0.036055338;0.34483793
-0.02643083;0.036055338;0.34483793
-0.02643083;0.036055338;0.33693281
-0.02643083;0.036055338;0.33693281
-0.02643083;0.036055338;0.34483793
-0.02643083;0.036055338;0.34483793
-0.02643083;0.038031619;0.34483793
-0.02643083;0.038031619;0.34483793
-0.024454545;0.036055338;0.34483793
-0.02643083;0.036055338;0.34483793
-0.024454545;0.036055338;0.34483793
-0.024454545;0.036055338;0.34483793
-0.024454545;0.038031619;0.35274309
-0.024454545;0.038031619;0.34483793
-0.024454545;0.038031619;0.33693281
-0.024454545;0.038031619;0.34483793
-0.024454545;0.038031619;0.33693281
-0.02247826;0.038031619;0.34483793
-0.02247826;0.038031619;0.34483793
-0.02247826;0.038031619;0.34483793
-0.02247826;0.038031619;0.34483793
-0.02247826;0.038031619;0.34483793
-0.02247826;0.038031619;0.34483793
-0.02247826;0.040007904;0.34483793
-0.020501977;0.038031619;0.33693281
-0.020501977;0.038031619;0.34483793
-0.020501977;0.040007904;0.34483793
-0.018525692;0.040007904;0.34483793
-0.020501977;0.040007904;0.34483793
-0.020501977;0.040007904;0.34483793
-0.020501977;0.040007904;0.33693281
-0.020501977;0.038031619;0.34483793
-0.018525692;0.040007904;0.34483793
-0.018525692;0.040007904;0.33693281
-0.018525692;0.041984189;0.34483793
-0.018525692;0.040007904;0.34483793
-0.016549407;0.040007904;0.33693281
-0.016549407;0.040007904;0.34483793
-0.016549407;0.040007904;0.34483793
-0.016549407;0.040007904;0.34483793
-0.014573122;0.040007904;0.34483793
-0.016549407;0.040007904;0.34483793
-0.016549407;0.040007904;0.34483793
-0.012596838;0.040007904;0.34483793
-0.014573122;0.040007904;0.34483793
-0.014573122;0.040007904;0.34483793
-0.012596838;0.041984189;0.34483793
-0.014573122;0.041984189;0.34483793
-0.012596838;0.041984189;0.34483793
-0.012596838;0.041984189;0.34483793
-0.012596838;0.041984189;0.34483793
-0.012596838;0.041984189;0.34483793
-0.012596838;0.041984189;0.33693281
-0.010620553;0.041984189;0.34483793
-0.010620553;0.041984189;0.34483793
-0.010620553;0.041984189;0.34483793
-0.010620553;0.041984189;0.34483793
-0.010620553;0.043960474;0.34483793
-0.0086442688;0.041984189;0.34483793
-0.0086442688;0.041984189;0.33693281
-0.0086442688;0.041984189;0.34483793
-0.0086442688;0.043960474;0.33693281
-0.0086442688;0.043960474;0.34483793
-0.0066679842;0.041984189;0.34483793
-0.0066679842;0.043960474;0.33693281
-0.0066679842;0.043960474;0.34483793
-0.0066679842;0.041984189;0.33693281
-0.0066679842;0.041984189;0.34483793
-0.0066679842;0.041984189;0.34483793
-0.0066679842;0.043960474;0.33693281
-0.0046916995;0.041984189;0.33693281
-0.0046916995;0.043960474;0.34483793
-0.0046916995;0.043960474;0.34483793
-0.0046916995;0.043960474;0.34483793
-0.0027154151;0.043960474;0.33693281
-0.0027154151;0.043960474;0.34483793
-0.00073913042;0.043960474;0.34483793
-0.00073913042;0.043960474;0.34483793
-0.00073913042;0.043960474;0.34483793
-0.00073913042;0.043960474;0.34483793
-0.00073913042;0.04593676;0.34483793
-0.00073913042;0.043960474;0.34483793
0.0012371541;0.043960474;0.33693281
0.0012371541;0.043960474;0.34483793
0.0012371541;0.043960474;0.34483793
0.0012371541;0.043960474;0.33693281
0.0012371541;0.04593676;0.34483793
0.0032134387;0.04593676;0.33693281
0.0032134387;0.04593676;0.34483793
0.0032134387;0.043960474;0.34483793
0.0051897233;0.04593676;0.34483793
0.0032134387;0.04593676;0.34483793
0.0051897233;0.04593676;0.34483793
0.0051897233;0.04593676;0.33693281
0.007166008;0.04593676;0.33693281
0.007166008;0.04593676;0.34483793
0.0051897233;0.047913045;0.34483793
0.0091422927;0.04593676;0.33693281
0.0091422927;0.047913045;0.33693281
0.007166008;0.047913045;0.34483793
0.0091422927;0.047913045;0.34483793
0.0091422927;0.047913045;0.34483793
0.0091422927;0.04593676;0.34483793
0.011118577;0.047913045;0.34483793
0.011118577;0.047913045;0.33693281
0.013094862;0.047913045;0.34483793
0.013094862;0.047913045;0.33693281
0.011118577;0.047913045;0.34483793
0.015071146;0.04593676;0.34483793
0.015071146;0.047913045;0.33693281
0.015071146;0.047913045;0.33693281
0.015071146;0.047913045;0.34483793
0.015071146;0.047913045;0.34483793
0.015071146;0.047913045;0.34483793
0.017047431;0.047913045;0.34483793
0.015071146;0.047913045;0.33693281
0.015071146;0.04988933;0.34483793
0.017047431;0.047913045;0.34483793
0.017047431;0.04988933;0.34483793
0.019023715;0.04988933;0.33693281
0.019023715;0.04988933;0.33693281
0.019023715;0.047913045;0.34483793
0.019023715;0.04988933;0.34483793
0.021;0.04988933;0.34483793
0.019023715;0.04988933;0.34483793
0.019023715;0.047913045;0.33693281
0.022976285;0.047913045;0.33693281
0.021;0.04988933;0.34483793
0.022976285;0.047913045;0.34483793
0.022976285;0.04988933;0.33693281
0.022976285;0.04988933;0.34483793
0.02495257;0.04988933;0.34483793
0.02495257;0.04988933;0.34483793
0.02495257;0.04988933;0.34483793
0.026928853;0.04988933;0.34483793
0.02495257;0.04988933;0.34483793
0.02495257;0.04988933;0.34483793
0.026928853;0.04988933;0.34483793
0.026928853;0.051865611;0.33693281
0.028905138;0.04988933;0.34483793
0.028905138;0.04988933;0.34483793
0.028905138;0.051865611;0.33693281
0.030881424;0.04988933;0.33693281
0.030881424;0.04988933;0.34483793
0.030881424;0.051865611;0.34483793
0.032857709;0.04988933;0.34483793
0.030881424;0.051865611;0.34483793
0.032857709;0.051865611;0.33693281
0.032857709;0.051865611;0.34483793
0.032857709;0.051865611;0.34483793
0.032857709;0.051865611;0.34483793
0.034833994;0.051865611;0.34483793
0.034833994;0.051865611;0.34483793
0.034833994;0.051865611;0.34483793
0.034833994;0.051865611;0.34483793
0.034833994;0.051865611;0.33693281
0.03878656;0.051865611;0.34483793
0.036810275;0.051865611;0.33693281
0.03878656;0.051865611;0.34483793
0.036810275;0.051865611;0.33693281
0.03878656;0.051865611;0.34483793
0.03878656;0.051865611;0.34483793
0.03878656;0.053841896;0.34483793
0.040762845;0.051865611;0.34483793
0.040762845;0.053841896;0.34483793
0.040762845;0.051865611;0.34483793
0.040762845;0.051865611;0.34483793
0.040762845;0.051865611;0.34483793
0.040762845;0.053841896;0.34483793
0.042739131;0.051865611;0.34483793
0.042739131;0.051865611;0.34483793
0.042739131;0.053841896;0.34483793
0.044715416;0.053841896;0.34483793
0.046691701;0.053841896;0.33693281
0.044715416;0.053841896;0.34483793
0.046691701;0.053841896;0.34483793
0.046691701;0.053841896;0.34483793
0.046691701;0.053841896;0.34483793
0.046691701;0.053841896;0.33693281
0.046691701;0.053841896;0.34483793
0.048667986;0.053841896;0.33693281
0.048667986;0.055818181;0.34483793
0.048667986;0.053841896;0.34483793
0.048667986;0.053841896;0.34483793
0.048667986;0.053841896;0.33693281
0.050644267;0.053841896;0.33693281
0.048667986;0.053841896;0.34483793
0.050644267;0.053841896;0.34483793
0.050644267;0.053841896;0.34483793
0.050644267;0.055818181;0.34483793
0.052620552;0.055818181;0.34483793
0.052620552;0.055818181;0.34483793
0.052620552;0.053841896;0.34483793
0.052620552;0.055818181;0.34483793
0.054596838;0.055818181;0.34483793
0.052620552;0.055818181;0.34483793
0.054596838;0.055818181;0.34483793
0.056573123;0.055818181;0.34483793
0.054596838;0.053841896;0.33693281
0.056573123;0.057794467;0.34483793
0.056573123;0.055818181;0.34483793
0.056573123;0.055818181;0.33693281
0.056573123;0.055818181;0.34483793
0.058549408;0.055818181;0.33693281
0.056573123;0.055818181;0.34483793
0.058549408;0.057794467;0.34483793
0.058549408;0.055818181;0.34483793
0.058549408;0.057794467;0.34483793
0.058549408;0.055818181;0.33693281
0.060525693;0.055818181;0.34483793
0.060525693;0.055818181;0.34483793
0.058549408;0.055818181;0.34483793
0.060525693;0.057794467;0.34483793
0.060525693;0.057794467;0.34483793
0.062501974;0.055818181;0.34483793
0.062501974;0.057794467;0.34483793
0.060525693;0.057794467;0.33693281
0.062501974;0.057794467;0.34483793
0.060525693;0.057794467;0.33693281
0.062501974;0.057794467;0.34483793
0.062501974;0.057794467;0.33693281
0.062501974;0.057794467;0.34483793
0.064478263;0.057794467;0.34483793
0.064478263;0.057794467;0.34483793
0.064478263;0.057794467;0.33693281
0.064478263;0.057794467;0.33693281
0.064478263;0.057794467;0.33693281
0.064478263;0.057794467;0.34483793
0.066454545;0.057794467;0.34483793
0.064478263;0.057794467;0.34483793
0.066454545;0.057794467;0.34483793
0.066454545;0.059770752;0.33693281
0.066454545;0.057794467;0.34483793
0.066454545;0.057794467;0.34483793
0.066454545;0.057794467;0.33693281
0.068430834;0.057794467;0.34483793
0.068430834;0.059770752;0.34483793
0.066454545;0.057794467;0.34483793
0.066454545;0.057794467;0.34483793
0.070407115;0.059770752;0.33693281
0.068430834;0.059770752;0.34483793
0.068430834;0.059770752;0.34483793
0.068430834;0.059770752;0.34483793
0.070407115;0.059770752;0.34483793
0.070407115;0.059770752;0.34483793
0.070407115;0.059770752;0.34483793
0.072383396;0.059770752;0.33693281
0.070407115;0.057794467;0.34483793
0.070407115;0.057794467;0.33693281
0.070407115;0.059770752;0.34483793
0.072383396;0.059770752;0.34483793
0.070407115;0.059770752;0.34483793
0.070407115;0.061747037;0.34483793
0.072383396;0.059770752;0.34483793
0.072383396;0.059770752;0.34483793
0.072383396;0.061747037;0.34483793
0.074359685;0.059770752;0.34483793
0.074359685;0.059770752;0.34483793
0.074359685;0.059770752;0.35274309
0.074359685;0.059770752;0.34483793
0.074359685;0.059770752;0.34483793
0.074359685;0.059770752;0.34483793
0.074359685;0.061747037;0.33693281
0.074359685;0.061747037;0.33693281
0.076335967;0.059770752;0.33693281
0.074359685;0.061747037;0.34483793
0.074359685;0.061747037;0.33693281
0.074359685;0.061747037;0.34483793
0.074359685;0.061747037;0.33693281
0.076335967;0.059770752;0.34483793
0.076335967;0.059770752;0.34483793
0.074359685;0.061747037;0.34483793
0.076335967;0.061747037;0.33693281
0.074359685;0.061747037;0.34483793
0.076335967;0.061747037;0.34483793
0.076335967;0.059770752;0.34483793
0.076335967;0.061747037;0.33693281
0.076335967;0.061747037;0.34483793
0.076335967;0.059770752;0.34483793
0.076335967;0.061747037;0.34483793
0.076335967;0.061747037;0.34483793
0.076335967;0.061747037;0.34483793
0.076335967;0.059770752;0.34483793
0.078312255;0.061747037;0.34483793
0.078312255;0.061747037;0.34483793
0.076335967;0.061747037;0.34483793
0.076335967;0.061747037;0.34483793
0.076335967;0.061747037;0.34483793
0.078312255;0.061747037;0.33693281
0.078312255;0.061747037;0.34483793
0.076335967;0.061747037;0.34483793
0.078312255;0.063723318;0.34483793
0.076335967;0.061747037;0.34483793
0.076335967;0.061747037;0.34483793
0.076335967;0.061747037;0.34483793
0.076335967;0.061747037;0.33693281
0.076335967;0.061747037;0.34483793
0.076335967;0.061747037;0.34483793
0.076335967;0.061747037;0.34483793
0.076335967;0.063723318;0.34483793
0.078312255;0.061747037;0.34483793
0.078312255;0.063723318;0.33693281
0.076335967;0.063723318;0.34483793
0.076335967;0.063723318;0.34483793
0.076335967;0.063723318;0.33693281
0.078312255;0.063723318;0.34483793
0.074359685;0.061747037;0.34483793
0.076335967;0.063723318;0.33693281
0.076335967;0.063723318;0.34483793
0.076335967;0.063723318;0.34483793
0.076335967;0.061747037;0.34483793
0.076335967;0.063723318;0.34483793
0.076335967;0.065699607;0.34483793
0.076335967;0.063723318;0.33693281
0.076335967;0.063723318;0.34483793
0.076335967;0.065699607;0.33693281
0.074359685;0.063723318;0.34483793
0.076335967;0.063723318;0.34483793
0.076335967;0.063723318;0.33693281
0.076335967;0.063723318;0.34483793
0.076335967;0.065699607;0.34483793
0.074359685;0.063723318;0.34483793
0.072383396;0.065699607;0.34483793
0.074359685;0.065699607;0.34483793
0.074359685;0.065699607;0.34483793
0.074359685;0.065699607;0.34483793
0.074359685;0.065699607;0.33693281
0.074359685;0.063723318;0.34483793
0.074359685;0.063723318;0.33693281
0.074359685;0.063723318;0.34483793
0.074359685;0.063723318;0.34483793
0.074359685;0.065699607;0.33693281
0.072383396;0.063723318;0.34483793
0.072383396;0.063723318;0.34483793
0.074359685;0.065699607;0.34483793
0.072383396;0.065699607;0.34483793
0.072383396;0.063723318;0.34483793
0.072383396;0.065699607;0.34483793
0.070407115;0.065699607;0.34483793
0.070407115;0.065699607;0.34483793
0.070407115;0.065699607;0.34483793
0.070407115;0.065699607;0.33693281
0.070407115;0.063723318;0.33693281
0.070407115;0.067675889;0.34483793
0.072383396;0.065699607;0.34483793
0.070407115;0.065699607;0.33693281
0.070407115;0.065699607;0.34483793
0.070407115;0.065699607;0.34483793
0.068430834;0.065699607;0.34483793
0.068430834;0.065699607;0.34483793
0.070407115;0.065699607;0.34483793
0.068430834;0.065699607;0.34483793
0.068430834;0.065699607;0.34483793
0.068430834;0.065699607;0.33693281
0.068430834;0.065699607;0.34483793
0.068430834;0.065699607;0.34483793
0.068430834;0.065699607;0.34483793
0.068430834;0.067675889;0.34483793
0.068430834;0.065699607;0.34483793
0.066454545;0.065699607;0.34483793
0.066454545;0.067675889;0.34483793
0.068430834;0.065699607;0.33693281
0.068430834;0.067675889;0.33693281
0.066454545;0.067675889;0.34483793
0.064478263;0.067675889;0.33693281
0.066454545;0.067675889;0.34483793
0.064478263;0.067675889;0.34483793
0.064478263;0.067675889;0.34483793
0.062501974;0.067675889;0.34483793
0.064478263;0.067675889;0.34483793
0.064478263;0.067675889;0.34483793
0.062501974;0.067675889;0.34483793
0.062501974;0.065699607;0.35274309
0.064478263;0.065699607;0.34483793
0.062501974;0.067675889;0.34483793
0.062501974;0.067675889;0.34483793
0.062501974;0.067675889;0.34483793
0.060525693;0.067675889;0.34483793
0.062501974;0.067675889;0.33693281
0.060525693;0.067675889;0.34483793
0.060525693;0.067675889;0.34483793
0.058549408;0.067675889;0.34483793
0.058549408;0.067675889;0.34483793
0.060525693;0.067675889;0.34483793
0.058549408;0.067675889;0.34483793
0.056573123;0.067675889;0.33693281
0.058549408;0.067675889;0.34483793
0.056573123;0.067675889;0.34483793
0.058549408;0.067675889;0.34483793
0.056573123;0.067675889;0.34483793
0.056573123;0.067675889;0.33693281
0.056573123;0.065699607;0.34483793
0.054596838;0.067675889;0.33693281
0.056573123;0.067675889;0.34483793
0.054596838;0.067675889;0.33693281
0.054596838;0.067675889;0.34483793
0.054596838;0.067675889;0.34483793
0.054596838;0.067675889;0.34483793
0.052620552;0.067675889;0.33693281
0.052620552;0.067675889;0.34483793
0.052620552;0.067675889;0.34483793
0.052620552;0.067675889;0.33693281
0.050644267;0.067675889;0.33693281
0.050644267;0.067675889;0.34483793
0.050644267;0.067675889;0.34483793
0.048667986;0.069652177;0.33693281
0.048667986;0.067675889;0.34483793
0.048667986;0.067675889;0.34483793
0.048667986;0.067675889;0.34483793
0.048667986;0.069652177;0.33693281
0.048667986;0.067675889;0.34483793
0.046691701;0.067675889;0.34483793
0.046691701;0.067675889;0.34483793
0.046691701;0.069652177;0.33693281
0.046691701;0.067675889;0.34483793
0.046691701;0.067675889;0.34483793
0.044715416;0.067675889;0.34483793
0.046691701;0.067675889;0.33693281
0.044715416;0.067675889;0.33693281
0.044715416;0.067675889;0.33693281
0.042739131;0.067675889;0.34483793
0.042739131;0.067675889;0.34483793
0.044715416;0.067675889;0.34483793
0.040762845;0.067675889;0.34483793
0.040762845;0.069652177;0.34483793
0.040762845;0.069652177;0.34483793
0.040762845;0.067675889;0.34483793
0.03878656;0.067675889;0.33693281
0.03878656;0.069652177;0.34483793
0.040762845;0.069652177;0.34483793
0.03878656;0.069652177;0.33693281
0.03878656;0.069652177;0.34483793
0.03878656;0.067675889;0.33693281
0.036810275;0.067675889;0.34483793
0.036810275;0.067675889;0.34483793
0.034833994;0.067675889;0.34483793
0.036810275;0.067675889;0.34483793
0.034833994;0.069652177;0.33693281
0.034833994;0.067675889;0.34483793
0.034833994;0.067675889;0.34483793
0.034833994;0.069652177;0.34483793
0.032857709;0.067675889;0.34483793
0.032857709;0.067675889;0.34483793
0.030881424;0.067675889;0.34483793
0.032857709;0.069652177;0.34483793
0.030881424;0.067675889;0.34483793
0.030881424;0.067675889;0.33693281
0.030881424;0.067675889;0.33693281
0.030881424;0.069652177;0.34483793
0.028905138;0.067675889;0.34483793
0.028905138;0.069652177;0.33693281
0.028905138;0.069652177;0.34483793
0.026928853;0.067675889;0.34483793
0.026928853;0.067675889;0.34483793
0.026928853;0.069652177;0.33693281
0.026928853;0.067675889;0.34483793
0.026928853;0.067675889;0.33693281
0.02495257;0.067675889;0.33693281
0.02495257;0.069652177;0.34483793
0.02495257;0.069652177;0.34483793
0.02495257;0.069652177;0.33693281
0.022976285;0.069652177;0.33693281
0.022976285;0.067675889;0.34483793
0.021;0.069652177;0.34483793
0.021;0.069652177;0.33693281
0.022976285;0.067675889;0.34483793
0.021;0.069652177;0.34483793
0.021;0.069652177;0.34483793
0.021;0.069652177;0.34483793
0.021;0.069652177;0.34483793
0.019023715;0.069652177;0.34483793
0.019023715;0.069652177;0.34483793
0.019023715;0.069652177;0.34483793
0.017047431;0.069652177;0.34483793
0.017047431;0.069652177;0.35274309
0.017047431;0.069652177;0.34483793
0.017047431;0.069652177;0.34483793
0.017047431;0.069652177;0.33693281
0.015071146;0.069652177;0.34483793
0.015071146;0.069652177;0.34483793
0.015071146;0.069652177;0.34483793
0.013094862;0.069652177;0.34483793
0.013094862;0.069652177;0.34483793
0.013094862;0.069652177;0.34483793
0.013094862;0.069652177;0.34483793
0.011118577;0.069652177;0.34483793
0.0091422927;0.069652177;0.33693281
0.011118577;0.069652177;0.34483793
0.0091422927;0.069652177;0.34483793
0.0091422927;0.069652177;0.34483793
0.0091422927;0.067675889;0.34483793
0.0091422927;0.069652177;0.34483793
0.0091422927;0.069652177;0.34483793
0.007166008;0.067675889;0.34483793
0.007166008;0.069652177;0.34483793
0.007166008;0.069652177;0.34483793
0.007166008;0.069652177;0.34483793
0.0032134387;0.067675889;0.34483793
0.0051897233;0.069652177;0.34483793
0.0032134387;0.067675889;0.34483793
0.0032134387;0.067675889;0.34483793
0.0051897233;0.067675889;0.34483793
0.0032134387;0.069652177;0.34483793
0.0012371541;0.069652177;0.33693281
0.0032134387;0.069652177;0.34483793
0.0012371541;0.067675889;0.34483793
0.0012371541;0.069652177;0.34483793
0.0012371541;0.069652177;0.34483793
0.0012371541;0.069652177;0.34483793
-0.0027154151;0.069652177;0.33693281
-0.0027154151;0.069652177;0.34483793
-0.00073913042;0.069652177;0.34483793
-0.0027154151;0.069652177;0.34483793
-0.0027154151;0.069652177;0.33693281
-0.0027154151;0.069652177;0.34483793
-0.0027154151;0.069652177;0.34483793
-0.0027154151;0.067675889;0.34483793
-0.0046916995;0.067675889;0.34483793
-0.0027154151;0.069652177;0.34483793
-0.0046916995;0.069652177;0.34483793
-0.0046916995;0.069652177;0.33693281
-0.0066679842;0.069652177;0.34483793
-0.0066679842;0.067675889;0.34483793
-0.0066679842;0.067675889;0.34483793
-0.0086442688;0.067675889;0.34483793
-0.0066679842;0.069652177;0.34483793
-0.0086442688;0.069652177;0.34483793
-0.0086442688;0.069652177;0.34483793
-0.0086442688;0.069652177;0.34483793
-0.0086442688;0.069652177;0.33693281
-0.0086442688;0.069652177;0.34483793
-0.0086442688;0.069652177;0.33693281
-0.010620553;0.069652177;0.34483793
-0.010620553;0.067675889;0.33693281
-0.010620553;0.069652177;0.33693281
-0.010620553;0.069652177;0.33693281
-0.010620553;0.067675889;0.34483793
-0.012596838;0.069652177;0.34483793
-0.012596838;0.069652177;0.34483793
-0.012596838;0.067675889;0.34483793
-0.012596838;0.069652177;0.33693281
-0.014573122;0.069652177;0.34483793
-0.014573122;0.067675889;0.33693281
-0.012596838;0.069652177;0.34483793
-0.014573122;0.069652177;0.34483793
-0.016549407;0.069652177;0.34483793
-0.014573122;0.069652177;0.34483793
-0.014573122;0.069652177;0.33693281
-0.014573122;0.067675889;0.34483793
-0.016549407;0.067675889;0.35274309
-0.016549407;0.069652177;0.33693281
-0.016549407;0.069652177;0.34483793
-0.016549407;0.069652177;0.33693281
-0.018525692;0.069652177;0.34483793
-0.018525692;0.069652177;0.34483793
-0.018525692;0.067675889;0.34483793
-0.018525692;0.067675889;0.34483793
-0.018525692;0.069652177;0.34483793
-0.020501977;0.067675889;0.34483793
-0.020501977;0.069652177;0.33693281
-0.020501977;0.069652177;0.33693281
-0.020501977;0.067675889;0.34483793
-0.020501977;0.067675889;0.34483793
-0.020501977;0.069652177;0.33693281
-0.020501977;0.067675889;0.33693281
-0.020501977;0.067675889;0.34483793
-0.020501977;0.067675889;0.34483793
-0.02247826;0.067675889;0.34483793
-0.02247826;0.067675889;0.34483793
-0.02247826;0.069652177;0.34483793
-0.024454545;0.069652177;0.33693281
-0.02247826;0.067675889;0.34483793
-0.024454545;0.067675889;0.34483793
-0.024454545;0.067675889;0.34483793
-0.024454545;0.067675889;0.34483793
-0.024454545;0.067675889;0.34483793
-0.024454545;0.067675889;0.34483793
-0.024454545;0.067675889;0.34483793
-0.024454545;0.067675889;0.34483793
-0.024454545;0.067675889;0.34483793
-0.024454545;0.067675889;0.34483793
-0.02643083;0.067675889;0.34483793
-0.024454545;0.067675889;0.34483793
-0.02643083;0.067675889;0.33693281
-0.028407115;0.067675889;0.34483793
-0.028407115;0.067675889;0.34483793
-0.02643083;0.067675889;0.34483793
-0.02643083;0.069652177;0.34483793
-0.028407115;0.069652177;0.34483793
-0.028407115;0.067675889;0.34483793
-0.02643083;0.067675889;0.33693281
-0.028407115;0.067675889;0.33693281
-0.028407115;0.067675889;0.34483793
-0.02643083;0.067675889;0.34483793
-0.028407115;0.067675889;0.34483793
-0.030383399;0.067675889;0.34483793
-0.028407115;0.069652177;0.34483793
-0.028407115;0.067675889;0.33693281
-0.030383399;0.067675889;0.33693281
-0.028407115;0.067675889;0.34483793
-0.028407115;0.067675889;0.33693281
-0.030383399;0.067675889;0.34483793
-0.028407115;0.067675889;0.34483793
-0.030383399;0.067675889;0.34483793
-0.028407115;0.067675889;0.34483793
-0.030383399;0.067675889;0.34483793
-0.030383399;0.069652177;0.34483793
-0.032359682;0.067675889;0.34483793
-0.030383399;0.067675889;0.33693281
-0.030383399;0.067675889;0.33693281
-0.032359682;0.067675889;0.34483793
-0.030383399;0.067675889;0.34483793
-0.030383399;0.067675889;0.34483793
-0.030383399;0.067675889;0.34483793
-0.030383399;0.065699607;0.34483793
-0.030383399;0.067675889;0.33693281
-0.030383399;0.067675889;0.34483793
-0.032359682;0.067675889;0.34483793
-0.030383399;0.067675889;0.34483793
-0.032359682;0.067675889;0.34483793
-0.032359682;0.067675889;0.34483793
-0.032359682;0.067675889;0.34483793
-0.030383399;0.067675889;0.34483793
-0.032359682;0.067675889;0.34483793
-0.032359682;0.067675889;0.33693281
-0.032359682;0.065699607;0.33693281
-0.032359682;0.067675889;0.34483793
-0.032359682;0.067675889;0.34483793
-0.032359682;0.067675889;0.34483793
-0.032359682;0.067675889;0.34483793
-0.032359682;0.067675889;0.33693281
-0.032359682;0.067675889;0.34483793
-0.032359682;0.065699607;0.34483793
-0.032359682;0.067675889;0.34483793
-0.032359682;0.065699607;0.34483793
-0.032359682;0.065699607;0.34483793
-0.030383399;0.065699607;0.33693281
-0.030383399;0.067675889;0.34483793
-0.032359682;0.067675889;0.34483793
-0.030383399;0.065699607;0.33693281
-0.032359682;0.067675889;0.33693281
-0.032359682;0.065699607;0.35274309
-0.032359682;0.065699607;0.34483793
-0.032359682;0.067675889;0.34483793
-0.030383399;0.065699607;0.34483793
-0.030383399;0.067675889;0.34483793
-0.030383399;0.065699607;0.34483793
-0.030383399;0.065699607;0.33693281
-0.030383399;0.065699607;0.34483793
-0.030383399;0.065699607;0.34483793
-0.030383399;0.065699607;0.33693281
-0.030383399;0.065699607;0.34483793
-0.030383399;0.065699607;0.34483793
-0.030383399;0.065699607;0.33693281
-0.030383399;0.065699607;0.34483793
-0.030383399;0.065699607;0.34483793
-0.030383399;0.065699607;0.34483793
-0.028407115;0.065699607;0.33693281
-0.028407115;0.065699607;0.34483793
-0.028407115;0.065699607;0.33693281
-0.028407115;0.065699607;0.34483793
-0.028407115;0.067675889;0.33693281
-0.02643083;0.065699607;0.34483793
-0.028407115;0.065699607;0.33693281
-0.02643083;0.065699607;0.34483793
-0.028407115;0.063723318;0.34483793
-0.028407115;0.063723318;0.34483793
-0.028407115;0.065699607;0.33693281
-0.028407115;0.063723318;0.33693281
-0.02643083;0.065699607;0.34483793
-0.028407115;0.063723318;0.34483793
-0.02643083;0.065699607;0.34483793
-0.028407115;0.065699607;0.34483793
-0.02643083;0.063723318;0.34483793
-0.02643083;0.065699607;0.34483793
-0.02643083;0.063723318;0.34483793
-0.02643083;0.063723318;0.33693281
-0.02643083;0.065699607;0.34483793
-0.024454545;0.065699607;0.33693281
-0.024454545;0.063723318;0.34483793
-0.02643083;0.065699607;0.34483793
-0.024454545;0.063723318;0.34483793
-0.024454545;0.065699607;0.34483793
-0.024454545;0.063723318;0.34483793
-0.024454545;0.065699607;0.34483793
-0.02247826;0.063723318;0.33693281
-0.024454545;0.065699607;0.34483793
-0.02247826;0.065699607;0.34483793
-0.024454545;0.063723318;0.34483793
-0.024454545;0.063723318;0.34483793
-0.02247826;0.065699607;0.33693281
-0.02247826;0.063723318;0.33693281
-0.02247826;0.063723318;0.34483793
-0.02247826;0.063723318;0.34483793
-0.02247826;0.063723318;0.34483793
-0.020501977;0.063723318;0.34483793
-0.020501977;0.063723318;0.33693281
-0.020501977;0.063723318;0.34483793
-0.020501977;0.061747037;0.34483793
-0.018525692;0.061747037;0.34483793
-0.020501977;0.063723318;0.34483793
-0.018525692;0.063723318;0.33693281
-0.020501977;0.061747037;0.33693281
-0.018525692;0.063723318;0.33693281
-0.018525692;0.063723318;0.34483793
-0.018525692;0.063723318;0.34483793
-0.016549407;0.061747037;0.34483793
-0.016549407;0.063723318;0.34483793
-0.018525692;0.063723318;0.34483793
-0.016549407;0.063723318;0.33693281
-0.016549407;0.063723318;0.34483793
-0.016549407;0.061747037;0.33693281
-0.016549407;0.061747037;0.34483793
-0.014573122;0.061747037;0.33693281
-0.014573122;0.061747037;0.33693281
-0.014573122;0.061747037;0.33693281
-0.012596838;0.061747037;0.33693281
-0.014573122;0.061747037;0.34483793
-0.014573122;0.061747037;0.34483793
-0.012596838;0.061747037;0.34483793
-0.012596838;0.061747037;0.33693281
-0.012596838;0.061747037;0.34483793
-0.010620553;0.061747037;0.34483793
-0.012596838;0.061747037;0.33693281
-0.010620553;0.059770752;0.34483793
-0.010620553;0.061747037;0.34483793
-0.010620553;0.061747037;0.34483793
-0.010620553;0.061747037;0.34483793
-0.010620553;0.061747037;0.33693281
-0.0086442688;0.059770752;0.34483793
-0.0086442688;0.061747037;0.33693281
-0.0086442688;0.059770752;0.34483793
-0.0086442688;0.059770752;0.34483793
-0.0086442688;0.061747037;0.34483793
-0.0066679842;0.061747037;0.33693281
-0.0066679842;0.061747037;0.34483793
-0.0066679842;0.061747037;0.34483793
-0.0066679842;0.059770752;0.34483793
-0.0066679842;0.061747037;0.34483793
-0.0046916995;0.059770752;0.34483793
-0.0046916995;0.061747037;0.34483793
-0.0046916995;0.059770752;0.34483793
-0.0027154151;0.059770752;0.34483793
-0.0046916995;0.061747037;0.34483793
-0.0046916995;0.059770752;0.33693281
-0.0027154151;0.059770752;0.33693281
-0.0027154151;0.059770752;0.34483793
-0.0027154151;0.059770752;0.34483793
-0.00073913042;0.059770752;0.33693281
-0.00073913042;0.059770752;0.34483793
-0.00073913042;0.059770752;0.34483793
-0.00073913042;0.057794467;0.34483793
-0.00073913042;0.059770752;0.33693281
-0.00073913042;0.059770752;0.34483793
0.0012371541;0.059770752;0.34483793
0.0032134387;0.059770752;0.34483793
0.0032134387;0.059770752;0.34483793
0.0012371541;0.057794467;0.34483793
0.0012371541;0.059770752;0.34483793
0.0032134387;0.059770752;0.34483793
0.0051897233;0.057794467;0.34483793
0.007166008;0.059770752;0.34483793
0.0051897233;0.057794467;0.34483793
0.0051897233;0.057794467;0.35274309
0.007166008;0.059770752;0.33693281
0.007166008;0.057794467;0.35274309
0.0051897233;0.057794467;0.34483793
0.0091422927;0.057794467;0.33693281
0.0091422927;0.057794467;0.33693281
0.0091422927;0.057794467;0.34483793
0.0091422927;0.057794467;0.34483793
0.011118577;0.057794467;0.34483793
0.011118577;0.057794467;0.34483793
0.011118577;0.057794467;0.34483793
0.011118577;0.057794467;0.34483793
0.013094862;0.057794467;0.33693281
0.013094862;0.059770752;0.33693281
0.013094862;0.057794467;0.34483793
0.015071146;0.059770752;0.33693281
0.011118577;0.057794467;0.34483793
0.013094862;0.057794467;0.34483793
0.015071146;0.057794467;0.34483793
0.015071146;0.057794467;0.33693281
0.017047431;0.059770752;0.34483793
0.017047431;0.057794467;0.33693281
0.017047431;0.057794467;0.33693281
0.017047431;0.055818181;0.34483793
0.017047431;0.055818181;0.34483793
0.019023715;0.057794467;0.34483793
0.019023715;0.057794467;0.33693281
0.019023715;0.057794467;0.33693281
0.019023715;0.055818181;0.34483793
0.021;0.057794467;0.34483793
0.021;0.057794467;0.33693281
0.021;0.053841896;0.33693281
0.021;0.055818181;0.34483793
0.021;0.055818181;0.34483793
0.022976285;0.055818181;0.34483793
0.022976285;0.055818181;0.34483793
0.022976285;0.055818181;0.34483793
0.02495257;0.055818181;0.33693281
0.02495257;0.055818181;0.33693281
0.026928853;0.055818181;0.34483793
0.026928853;0.055818181;0.34483793
0.02495257;0.055818181;0.34483793
0.026928853;0.055818181;0.34483793
0.026928853;0.055818181;0.34483793
0.026928853;0.055818181;0.33693281
0.026928853;0.053841896;0.34483793
0.026928853;0.053841896;0.34483793
0.030881424;0.055818181;0.33693281
0.030881424;0.055818181;0.34483793
0.028905138;0.053841896;0.34483793
0.030881424;0.055818181;0.34483793
0.030881424;0.053841896;0.34483793
0.030881424;0.053841896;0.33693281
0.032857709;0.055818181;0.33693281
0.030881424;0.055818181;0.34483793
0.032857709;0.053841896;0.33693281
0.034833994;0.053841896;0.33693281
0.032857709;0.055818181;0.33693281
0.032857709;0.053841896;0.34483793
0.034833994;0.053841896;0.33693281
0.034833994;0.053841896;0.33693281
0.034833994;0.053841896;0.34483793
0.036810275;0.051865611;0.34483793
0.036810275;0.053841896;0.34483793
0.036810275;0.055818181;0.33693281
0.036810275;0.053841896;0.34483793
0.03878656;0.053841896;0.34483793
0.03878656;0.055818181;0.34483793
0.03878656;0.053841896;0.33693281
0.040762845;0.051865611;0.34483793
0.040762845;0.053841896;0.33693281
0.040762845;0.053841896;0.33693281
0.040762845;0.051865611;0.34483793
0.040762845;0.051865611;0.33693281
0.040762845;0.051865611;0.34483793
0.042739131;0.053841896;0.34483793
0.042739131;0.051865611;0.34483793
0.044715416;0.051865611;0.33693281
0.042739131;0.051865611;0.34483793
0.044715416;0.051865611;0.34483793
0.044715416;0.051865611;0.33693281
0.046691701;0.051865611;0.34483793
0.046691701;0.051865611;0.34483793
0.046691701;0.051865611;0.33693281
0.046691701;0.051865611;0.33693281
0.046691701;0.051865611;0.34483793
0.048667986;0.051865611;0.34483793
0.048667986;0.051865611;0.34483793
0.048667986;0.051865611;0.34483793
0.048667986;0.04988933;0.34483793
0.048667986;0.04988933;0.34483793
0.050644267;0.051865611;0.33693281
0.050644267;0.051865611;0.34483793
0.050644267;0.051865611;0.34483793
0.052620552;0.04988933;0.34483793
0.050644267;0.04988933;0.34483793
0.052620552;0.047913045;0.34483793
0.052620552;0.04988933;0.33693281
0.052620552;0.051865611;0.34483793
0.052620552;0.04988933;0.33693281
0.054596838;0.04988933;0.34483793
0.054596838;0.04988933;0.34483793
0.054596838;0.04988933;0.33693281
0.056573123;0.04988933;0.34483793
0.056573123;0.04988933;0.34483793
0.056573123;0.04988933;0.34483793
0.056573123;0.04988933;0.34483793
0.054596838;0.04988933;0.34483793
0.056573123;0.047913045;0.34483793
0.056573123;0.04988933;0.34483793
0.056573123;0.04988933;0.34483793
0.056573123;0.047913045;0.33693281
0.058549408;0.04988933;0.34483793
0.058549408;0.047913045;0.33693281
0.060525693;0.047913045;0.34483793
0.058549408;0.04988933;0.34483793
0.060525693;0.047913045;0.33693281
0.060525693;0.047913045;0.33693281
0.060525693;0.047913045;0.34483793
0.062501974;0.047913045;0.34483793
0.060525693;0.047913045;0.34483793
0.060525693;0.047913045;0.34483793
0.062501974;0.047913045;0.33693281
0.062501974;0.047913045;0.34483793
0.062501974;0.047913045;0.33693281
0.062501974;0.047913045;0.33693281
0.062501974;0.047913045;0.34483793
0.064478263;0.047913045;0.33693281
0.064478263;0.047913045;0.33693281
0.064478263;0.047913045;0.34483793
0.064478263;0.047913045;0.34483793
0.064478263;0.04593676;0.34483793
0.066454545;0.047913045;0.34483793
0.066454545;0.047913045;0.34483793
0.064478263;0.04593676;0.33693281
0.066454545;0.047913045;0.34483793
0.066454545;0.04593676;0.34483793
0.066454545;0.04593676;0.34483793
0.066454545;0.047913045;0.34483793
0.068430834;0.04593676;0.34483793
0.068430834;0.047913045;0.34483793
0.068430834;0.04593676;0.34483793
0.068430834;0.04593676;0.33693281
0.068430834;0.04593676;0.34483793
0.068430834;0.04593676;0.34483793
0.068430834;0.047913045;0.34483793
0.068430834;0.04593676;0.34483793
0.068430834;0.04593676;0.34483793
0.068430834;0.04593676;0.34483793
0.070407115;0.047913045;0.34483793
0.070407115;0.047913045;0.34483793
0.070407115;0.04593676;0.34483793
0.070407115;0.04593676;0.34483793
0.072383396;0.043960474;0.34483793
0.072383396;0.04593676;0.34483793
0.074359685;0.04593676;0.34483793
0.072383396;0.04593676;0.33693281
0.072383396;0.04593676;0.34483793
0.072383396;0.04593676;0.34483793
0.074359685;0.043960474;0.34483793
0.072383396;0.043960474;0.34483793
0.074359685;0.043960474;0.33693281
0.072383396;0.043960474;0.34483793
0.074359685;0.043960474;0.34483793
0.074359685;0.043960474;0.34483793
0.074359685;0.043960474;0.34483793
0.074359685;0.043960474;0.34483793
0.074359685;0.043960474;0.34483793
0.074359685;0.043960474;0.34483793
0.074359685;0.043960474;0.34483793
0.074359685;0.043960474;0.33693281
0.074359685;0.041984189;0.34483793
0.074359685;0.043960474;0.33693281
0.074359685;0.041984189;0.33693281
0.076335967;0.043960474;0.33693281
0.074359685;0.041984189;0.34483793
0.074359685;0.043960474;0.33693281
0.076335967;0.041984189;0.34483793
0.074359685;0.043960474;0.33693281
0.076335967;0.041984189;0.33693281
0.076335967;0.041984189;0.34483793
0.076335967;0.041984189;0.34483793
0.076335967;0.041984189;0.34483793
0.076335967;0.041984189;0.34483793
0.076335967;0.041984189;0.33693281
0.076335967;0.041984189;0.34483793
0.076335967;0.041984189;0.34483793
0.076335967;0.041984189;0.34483793
0.076335967;0.041984189;0.34483793
0.076335967;0.040007904;0.34483793
0.076335967;0.040007904;0.34483793
0.076335967;0.041984189;0.34483793
0.078312255;0.040007904;0.34483793
0.076335967;0.041984189;0.35274309
0.076335967;0.041984189;0.34483793
0.076335967;0.041984189;0.34483793
0.076335967;0.041984189;0.34483793
0.076335967;0.040007904;0.34483793
0.076335967;0.041984189;0.34483793
0.076335967;0.041984189;0.34483793
0.076335967;0.040007904;0.34483793
0.078312255;0.040007904;0.34483793
0.076335967;0.040007904;0.34483793
0.074359685;0.040007904;0.34483793
0.076335967;0.040007904;0.33693281
0.076335967;0.040007904;0.34483793
0.076335967;0.041984189;0.33693281
0.076335967;0.040007904;0.34483793
0.076335967;0.040007904;0.34483793
0.076335967;0.040007904;0.34483793
0.076335967;0.040007904;0.34483793
0.076335967;0.040007904;0.34483793
0.076335967;0.038031619;0.34483793
0.076335967;0.038031619;0.33693281
0.076335967;0.038031619;0.34483793
0.076335967;0.040007904;0.33693281
0.076335967;0.040007904;0.33693281
0.074359685;0.040007904;0.34483793
0.076335967;0.040007904;0.34483793
0.076335967;0.038031619;0.34483793
0.076335967;0.038031619;0.34483793
0.074359685;0.038031619;0.34483793
0.074359685;0.038031619;0.34483793
0.074359685;0.038031619;0.33693281
0.074359685;0.038031619;0.34483793
0.076335967;0.038031619;0.34483793
0.076335967;0.038031619;0.33693281
0.074359685;0.038031619;0.34483793
0.074359685;0.038031619;0.34483793
0.074359685;0.036055338;0.33693281
0.074359685;0.038031619;0.34483793
0.072383396;0.036055338;0.34483793
0.072383396;0.038031619;0.34483793
0.072383396;0.036055338;0.34483793
0.074359685;0.036055338;0.34483793
0.074359685;0.036055338;0.34483793
0.074359685;0.036055338;0.34483793
0.072383396;0.036055338;0.34483793
0.074359685;0.036055338;0.34483793
0.072383396;0.036055338;0.34483793
0.072383396;0.036055338;0.34483793
0.072383396;0.036055338;0.34483793
0.072383396;0.034079053;0.34483793
0.072383396;0.036055338;0.33693281
0.072383396;0.036055338;0.34483793
0.072383396;0.034079053;0.34483793
0.072383396;0.036055338;0.34483793
0.070407115;0.034079053;0.34483793
0.070407115;0.036055338;0.34483793
0.070407115;0.036055338;0.34483793
0.070407115;0.036055338;0.33693281
0.070407115;0.034079053;0.34483793
0.070407115;0.034079053;0.34483793
0.070407115;0.034079053;0.33693281
0.068430834;0.034079053;0.34483793
0.070407115;0.036055338;0.34483793
0.070407115;0.034079053;0.33693281
0.068430834;0.034079053;0.34483793
0.068430834;0.034079053;0.34483793
0.068430834;0.034079053;0.33693281
0.066454545;0.034079053;0.34483793
0.066454545;0.034079053;0.33693281
0.066454545;0.034079053;0.34483793
0.066454545;0.034079053;0.34483793
0.068430834;0.034079053;0.34483793
0.066454545;0.032102767;0.34483793
0.066454545;0.034079053;0.34483793
0.064478263;0.034079053;0.33693281
0.066454545;0.034079053;0.34483793
0.064478263;0.032102767;0.34483793
0.064478263;0.032102767;0.34483793
0.062501974;0.032102767;0.33693281
0.064478263;0.032102767;0.34483793
0.064478263;0.032102767;0.34483793
0.062501974;0.034079053;0.34483793
0.062501974;0.032102767;0.33693281
0.062501974;0.032102767;0.33693281
0.064478263;0.032102767;0.34483793
0.060525693;0.032102767;0.34483793
0.062501974;0.030126482;0.34483793
0.062501974;0.032102767;0.34483793
0.062501974;0.032102767;0.34483793
0.060525693;0.032102767;0.34483793
0.060525693;0.032102767;0.34483793
0.060525693;0.032102767;0.33693281
0.060525693;0.032102767;0.34483793
0.060525693;0.032102767;0.34483793
0.058549408;0.032102767;0.33693281
0.058549408;0.030126482;0.33693281
0.058549408;0.032102767;0.34483793
0.056573123;0.032102767;0.33693281
0.056573123;0.030126482;0.34483793
0.056573123;0.030126482;0.34483793
0.056573123;0.030126482;0.33693281
0.056573123;0.030126482;0.34483793
0.054596838;0.030126482;0.34483793
0.054596838;0.030126482;0.34483793
0.054596838;0.030126482;0.34483793
0.054596838;0.030126482;0.33693281
0.054596838;0.030126482;0.34483793
0.054596838;0.030126482;0.33693281
0.052620552;0.030126482;0.34483793
0.052620552;0.028150197;0.34483793
0.052620552;0.030126482;0.33693281
0.052620552;0.030126482;0.34483793
0.052620552;0.028150197;0.34483793
0.050644267;0.030126482;0.35274309
0.050644267;0.028150197;0.34483793
0.050644267;0.028150197;0.34483793
0.050644267;0.028150197;0.33693281
0.048667986;0.028150197;0.34483793
0.048667986;0.028150197;0.34483793
0.048667986;0.028150197;0.34483793
0.046691701;0.028150197;0.34483793
0.046691701;0.028150197;0.34483793
0.046691701;0.028150197;0.34483793
0.048667986;0.026173914;0.34483793
0.046691701;0.028150197;0.33693281
0.044715416;0.028150197;0.34483793
0.044715416;0.026173914;0.33693281
0.044715416;0.028150197;0.33693281
0.042739131;0.028150197;0.34483793
0.044715416;0.028150197;0.34483793
0.042739131;0.026173914;0.34483793
0.040762845;0.026173914;0.34483793
0.042739131;0.026173914;0.34483793
0.040762845;0.026173914;0.34483793
0.042739131;0.026173914;0.34483793
0.040762845;0.026173914;0.34483793
0.040762845;0.026173914;0.34483793
0.040762845;0.024197629;0.34483793
0.040762845;0.024197629;0.33693281
0.03878656;0.026173914;0.33693281
0.03878656;0.026173914;0.33693281
0.03878656;0.024197629;0.33693281
0.036810275;0.024197629;0.34483793
0.036810275;0.024197629;0.33693281
0.036810275;0.024197629;0.33693281
0.034833994;0.026173914;0.34483793
0.034833994;0.024197629;0.34483793
0.034833994;0.024197629;0.34483793
0.034833994;0.026173914;0.34483793
0.032857709;0.024197629;0.34483793
0.032857709;0.024197629;0.34483793
0.032857709;0.022221344;0.34483793
0.030881424;0.024197629;0.34483793
0.032857709;0.024197629;0.34483793
0.030881424;0.024197629;0.34483793
0.030881424;0.024197629;0.34483793
0.030881424;0.024197629;0.34483793
0.030881424;0.024197629;0.33693281
0.030881424;0.024197629;0.34483793
0.030881424;0.024197629;0.34483793
0.028905138;0.022221344;0.34483793
0.026928853;0.022221344;0.33693281
0.026928853;0.022221344;0.34483793
0.026928853;0.020245058;0.34483793
0.026928853;0.022221344;0.34483793
0.026928853;0.022221344;0.34483793
0.02495257;0.022221344;0.34483793
0.02495257;0.022221344;0.34483793
0.02495257;0.022221344;0.34483793
0.02495257;0.022221344;0.34483793
0.02495257;0.022221344;0.34483793
0.022976285;0.022221344;0.34483793
0.022976285;0.022221344;0.34483793
0.022976285;0.022221344;0.34483793
0.022976285;0.022221344;0.33693281
0.021;0.022221344;0.33693281
0.021;0.020245058;0.34483793
0.021;0.020245058;0.34483793
0.019023715;0.020245058;0.34483793
0.019023715;0.020245058;0.33693281
0.017047431;0.018268775;0.33693281
0.019023715;0.020245058;0.34483793
0.017047431;0.020245058;0.34483793
0.017047431;0.020245058;0.34483793
0.019023715;0.020245058;0.33693281
0.017047431;0.020245058;0.33693281
0.015071146;0.018268775;0.33693281
0.017047431;0.020245058;0.33693281
0.015071146;0.020245058;0.34483793
0.015071146;0.020245058;0.34483793
0.015071146;0.018268775;0.33693281
0.015071146;0.018268775;0.34483793
0.013094862;0.020245058;0.34483793
0.013094862;0.018268775;0.34483793
0.013094862;0.018268775;0.34483793
0.013094862;0.018268775;0.34483793
0.011118577;0.020245058;0.34483793
0.0091422927;0.018268775;0.33693281
0.011118577;0.01629249;0.34483793
0.0091422927;0.018268775;0.33693281
0.007166008;0.018268775;0.33693281
0.0091422927;0.018268775;0.33693281
0.007166008;0.020245058;0.34483793
0.0091422927;0.018268775;0.34483793
0.0051897233;0.018268775;0.34483793
0.007166008;0.01629249;0.34483793
0.007166008;0.018268775;0.34483793
0.0051897233;0.018268775;0.33693281
0.0051897233;0.01629249;0.34483793
0.0051897233;0.01629249;0.34483793
0.0051897233;0.01629249;0.34483793
0.0051897233;0.01629249;0.34483793
0.0032134387;0.01629249;0.34483793
0.0051897233;0.018268775;0.34483793
0.0012371541;0.01629249;0.34483793
0.0012371541;0.01629249;0.34483793
-0.00073913042;0.014316206;0.34483793
-0.00073913042;0.014316206;0.34483793
0.0012371541;0.01629249;0.34483793
-0.00073913042;0.01629249;0.34483793
-0.00073913042;0.01629249;0.34483793
-0.00073913042;0.014316206;0.34483793
-0.0027154151;0.01629249;0.33693281
-0.0027154151;0.01629249;0.33693281
-0.0027154151;0.014316206;0.34483793
-0.0027154151;0.014316206;0.34483793
-0.0046916995;0.01629249;0.34483793
-0.0046916995;0.014316206;0.34483793
-0.0066679842;0.014316206;0.34483793
-0.0066679842;0.014316206;0.34483793
-0.0066679842;0.012339921;0.34483793
-0.0046916995;0.014316206;0.34483793
-0.0066679842;0.014316206;0.34483793
-0.0086442688;0.012339921;0.34483793
-0.0086442688;0.014316206;0.34483793
-0.0086442688;0.014316206;0.34483793
-0.0086442688;0.012339921;0.34483793
-0.0086442688;0.012339921;0.33693281
-0.010620553;0.012339921;0.34483793
-0.0086442688;0.014316206;0.33693281
-0.010620553;0.012339921;0.34483793
-0.010620553;0.012339921;0.33693281
-0.010620553;0.012339921;0.34483793
-0.012596838;0.012339921;0.33693281
-0.012596838;0.012339921;0.34483793
-0.012596838;0.012339921;0.34483793
-0.012596838;0.012339921;0.34483793
-0.010620553;0.012339921;0.34483793
-0.012596838;0.012339921;0.33693281
-0.012596838;0.012339921;0.34483793
-0.014573122;0.012339921;0.34483793
-0.014573122;0.012339921;0.34483793
-0.014573122;0.012339921;0.33693281
-0.014573122;0.012339921;0.32902768
-0.014573122;0.010363637;0.34483793
-0.016549407;0.012339921;0.33693281
-0.016549407;0.010363637;0.34483793
-0.016549407;0.010363637;0.34483793
-0.016549407;0.010363637;0.34483793
-0.016549407;0.012339921;0.34483793
-0.016549407;0.010363637;0.34483793
-0.018525692;0.010363637;0.34483793
-0.018525692;0.010363637;0.34483793
-0.020501977;0.010363637;0.34483793
-0.018525692;0.010363637;0.34483793
-0.018525692;0.010363637;0.33693281
-0.020501977;0.010363637;0.34483793
-0.020501977;0.010363637;0.34483793
-0.020501977;0.010363637;0.34483793
-0.020501977;0.010363637;0.33693281
-0.020501977;0.010363637;0.33693281
-0.020501977;0.010363637;0.34483793
-0.020501977;0.010363637;0.34483793
-0.02247826;0.010363637;0.34483793
-0.024454545;0.0083873514;0.34483793
-0.02247826;0.0083873514;0.34483793
-0.02247826;0.010363637;0.34483793
-0.02247826;0.0083873514;0.34483793
-0.024454545;0.0083873514;0.34483793
-0.02247826;0.0083873514;0.34483793
-0.024454545;0.0083873514;0.34483793
-0.02247826;0.0083873514;0.34483793
-0.024454545;0.0083873514;0.33693281
-0.024454545;0.0083873514;0.34483793
-0.024454545;0.0083873514;0.34483793
-0.024454545;0.0083873514;0.34483793
-0.024454545;0.0083873514;0.34483793
-0.02643083;0.0064110672;0.34483793
-0.024454545;0.0083873514;0.34483793
-0.02643083;0.0083873514;0.34483793
-0.02643083;0.0083873514;0.34483793
-0.02643083;0.0064110672;0.34483793
-0.02643083;0.0064110672;0.33693281
-0.02643083;0.0064110672;0.33693281
-0.02643083;0.0083873514;0.34483793
-0.028407115;0.0064110672;0.34483793
-0.028407115;0.0064110672;0.34483793
-0.028407115;0.0064110672;0.34483793
-0.028407115;0.0064110672;0.34483793
-0.028407115;0.0064110672;0.34483793
-0.028407115;0.0064110672;0.34483793
-0.02643083;0.0044347825;0.35274309
-0.028407115;0.0044347825;0.34483793
-0.028407115;0.0064110672;0.34483793
-0.028407115;0.0064110672;0.34483793
-0.030383399;0.0044347825;0.33693281
-0.028407115;0.0044347825;0.34483793
-0.028407115;0.0064110672;0.34483793
-0.030383399;0.0064110672;0.34483793
-0.030383399;0.0044347825;0.33693281
-0.030383399;0.0064110672;0.34483793
-0.030383399;0.0044347825;0.34483793
-0.030383399;0.0044347825;0.33693281
-0.030383399;0.0044347825;0.33693281
-0.030383399;0.0044347825;0.34483793
-0.030383399;0.0044347825;0.33693281
-0.030383399;0.0044347825;0.33693281
-0.030383399;0.0044347825;0.34483793
-0.030383399;0.0044347825;0.34483793
-0.032359682;0.0044347825;0.34483793
-0.030383399;0.0044347825;0.33693281
-0.032359682;0.0044347825;0.34483793
-0.030383399;0.0044347825;0.34483793
-0.030383399;0.0024584981;0.34483793
-0.032359682;0.0044347825;0.34483793
-0.032359682;0.0024584981;0.34483793
-0.030383399;0.0044347825;0.34483793
-0.030383399;0.0024584981;0.34483793
-0.030383399;0.0044347825;0.34483793
-0.032359682;0.0044347825;0.34483793
-0.032359682;0.0024584981;0.34483793
-0.032359682;0.0024584981;0.34483793
-0.032359682;0.0024584981;0.33693281
-0.032359682;0.0024584981;0.34483793
-0.030383399;0.00048221345;0.34483793
-0.032359682;0.0024584981;0.34483793
-0.030383399;0.0024584981;0.34483793
-0.032359682;0.0024584981;0.34483793
-0.032359682;0.00048221345;0.34483793
-0.030383399;0.0024584981;0.34483793
-0.032359682;0.0024584981;0.34483793
-0.034335967;0.00048221345;0.34483793
-0.032359682;0.00048221345;0.34483793
-0.032359682;0.00048221345;0.34483793
-0.032359682;0.00048221345;0.34483793
-0.032359682;0.00048221345;0.33693281
-0.030383399;0.00048221345;0.34483793
-0.030383399;0.00048221345;0.34483793
-0.032359682;-0.0014940711;0.34483793
-0.032359682;0.00048221345;0.33693281
-0.032359682;0.00048221345;0.34483793
-0.030383399;0.00048221345;0.34483793
-0.032359682;0.00048221345;0.34483793
-0.030383399;0.00048221345;0.33693281
-0.032359682;-0.0014940711;0.34483793
-0.030383399;0.00048221345;0.33693281
-0.030383399;-0.0014940711;0.34483793
-0.030383399;-0.0014940711;0.33693281
-0.030383399;-0.0014940711;0.34483793
-0.030383399;-0.0014940711;0.34483793
-0.028407115;-0.0014940711;0.34483793
-0.030383399;0.00048221345;0.34483793
-0.028407115;-0.0014940711;0.34483793
-0.030383399;-0.0014940711;0.34483793
-0.028407115;-0.0014940711;0.34483793
-0.028407115;-0.0014940711;0.33693281
-0.028407115;-0.0014940711;0.34483793
-0.02643083;-0.0014940711;0.33693281
-0.02643083;-0.0014940711;0.34483793
-0.028407115;-0.0014940711;0.34483793
-0.028407115;-0.0034703556;0.33693281
-0.028407115;-0.0014940711;0.34483793
-0.030383399;-0.0014940711;0.34483793
-0.028407115;-0.0014940711;0.33693281
-0.028407115;-0.0034703556;0.34483793
-0.028407115;-0.0014940711;0.33693281
-0.028407115;-0.0014940711;0.34483793
-0.02643083;-0.0034703556;0.33693281
-0.028407115;-0.0014940711;0.33693281
-0.028407115;-0.0034703556;0.34483793
-0.02643083;-0.0014940711;0.33693281
-0.02643083;-0.0034703556;0.34483793
-0.02643083;-0.0034703556;0.33693281
-0.02643083;-0.0034703556;0.34483793
-0.02643083;-0.0034703556;0.34483793
-0.024454545;-0.0034703556;0.34483793
-0.02643083;-0.0014940711;0.34483793
-0.02643083;-0.0034703556;0.34483793
-0.02643083;-0.0034703556;0.33693281
-0.024454545;-0.0034703556;0.34483793
-0.024454545;-0.0034703556;0.34483793
-0.024454545;-0.0034703556;0.33693281
-0.024454545;-0.0034703556;0.33693281
-0.024454545;-0.0054466403;0.34483793
-0.02247826;-0.0034703556;0.34483793
-0.02247826;-0.0034703556;0.33693281
-0.024454545;-0.0034703556;0.33693281
-0.02247826;-0.0034703556;0.33693281
-0.02247826;-0.0054466403;0.34483793
-0.02247826;-0.0054466403;0.34483793
-0.020501977;-0.0054466403;0.34483793
-0.02247826;-0.0054466403;0.33693281
-0.02247826;-0.0054466403;0.34483793
-0.020501977;-0.0054466403;0.33693281
-0.020501977;-0.0054466403;0.34483793
-0.020501977;-0.0054466403;0.33693281
-0.020501977;-0.0054466403;0.33693281
-0.020501977;-0.0054466403;0.33693281
-0.020501977;-0.0054466403;0.33693281
-0.018525692;-0.0054466403;0.33693281
-0.018525692;-0.0054466403;0.34483793
-0.020501977;-0.0054466403;0.34483793
-0.018525692;-0.0054466403;0.33693281
-0.016549407;-0.0054466403;0.34483793
-0.016549407;-0.0054466403;0.34483793
-0.016549407;-0.0054466403;0.34483793
-0.016549407;-0.007422925;0.34483793
-0.016549407;-0.0054466403;0.34483793
-0.014573122;-0.0054466403;0.34483793
-0.014573122;-0.007422925;0.34483793
-0.014573122;-0.007422925;0.33693281
-0.014573122;-0.007422925;0.34483793
-0.012596838;-0.0054466403;0.34483793
-0.014573122;-0.007422925;0.34483793
-0.014573122;-0.007422925;0.33693281
-0.012596838;-0.007422925;0.33693281
-0.014573122;-0.0054466403;0.34483793
-0.012596838;-0.007422925;0.34483793
-0.010620553;-0.007422925;0.34483793
-0.012596838;-0.007422925;0.34483793
-0.010620553;-0.007422925;0.34483793
-0.010620553;-0.007422925;0.34483793
-0.010620553;-0.007422925;0.33693281
-0.0086442688;-0.0093992092;0.33693281
-0.010620553;-0.007422925;0.34483793
-0.010620553;-0.007422925;0.34483793
-0.0086442688;-0.007422925;0.34483793
-0.0066679842;-0.007422925;0.33693281
-0.0086442688;-0.007422925;0.34483793
-0.0086442688;-0.0093992092;0.33693281
-0.0086442688;-0.0093992092;0.34483793
-0.0066679842;-0.007422925;0.34483793
-0.0066679842;-0.0093992092;0.34483793
-0.0046916995;-0.0093992092;0.34483793
-0.0066679842;-0.0093992092;0.34483793
-0.0046916995;-0.0093992092;0.34483793
-0.0046916995;-0.0093992092;0.33693281
-0.0066679842;-0.0093992092;0.34483793
-0.0046916995;-0.0093992092;0.34483793
-0.0046916995;-0.011375494;0.34483793
-0.0027154151;-0.0093992092;0.34483793
-0.0027154151;-0.0093992092;0.34483793
-0.0027154151;-0.011375494;0.34483793
-0.0027154151;-0.0093992092;0.34483793
-0.00073913042;-0.0093992092;0.33693281
-0.00073913042;-0.011375494;0.34483793
-0.00073913042;-0.0093992092;0.33693281
-0.00073913042;-0.011375494;0.34483793
-0.00073913042;-0.011375494;0.34483793
-0.00073913042;-0.0093992092;0.33693281
0.0012371541;-0.011375494;0.34483793
0.0032134387;-0.011375494;0.34483793
0.0012371541;-0.0093992092;0.34483793
0.0032134387;-0.0093992092;0.34483793
0.0032134387;-0.0093992092;0.34483793
0.0051897233;-0.0093992092;0.34483793
0.0051897233;-0.011375494;0.33693281
0.0051897233;-0.011375494;0.34483793
0.0051897233;-0.011375494;0.34483793
0.007166008;-0.011375494;0.34483793
0.0051897233;-0.011375494;0.34483793
0.007166008;-0.011375494;0.34483793
0.0091422927;-0.011375494;0.34483793
0.0091422927;-0.011375494;0.34483793
0.007166008;-0.011375494;0.34483793
0.0091422927;-0.011375494;0.34483793
0.0091422927;-0.011375494;0.34483793
0.011118577;-0.011375494;0.34483793
0.011118577;-0.011375494;0.33693281
0.011118577;-0.011375494;0.34483793
0.011118577;-0.011375494;0.33693281
0.011118577;-0.011375494;0.34483793
0.013094862;-0.011375494;0.34483793
0.013094862;-0.011375494;0.33693281
0.015071146;-0.011375494;0.34483793
0.013094862;-0.011375494;0.33693281
0.015071146;-0.011375494;0.33693281
0.015071146;-0.011375494;0.33693281
0.015071146;-0.011375494;0.34483793
0.015071146;-0.011375494;0.34483793
0.017047431;-0.011375494;0.33693281
0.017047431;-0.011375494;0.34483793
0.017047431;-0.011375494;0.33693281
0.017047431;-0.013351778;0.34483793
0.017047431;-0.013351778;0.33693281
0.019023715;-0.013351778;0.34483793
0.019023715;-0.013351778;0.34483793
0.021;-0.011375494;0.34483793
0.019023715;-0.013351778;0.33693281
0.021;-0.011375494;0.34483793
0.021;-0.013351778;0.34483793
0.021;-0.013351778;0.34483793
0.022976285;-0.013351778;0.33693281
0.021;-0.013351778;0.34483793
0.022976285;-0.013351778;0.33693281
0.02495257;-0.013351778;0.34483793
0.02495257;-0.013351778;0.33693281
0.02495257;-0.013351778;0.34483793
0.026928853;-0.013351778;0.34483793
0.026928853;-0.013351778;0.33693281
0.026928853;-0.013351778;0.34483793
0.026928853;-0.013351778;0.34483793
0.026928853;-0.013351778;0.33693281
0.026928853;-0.013351778;0.34483793
0.028905138;-0.015328064;0.34483793
0.028905138;-0.015328064;0.34483793
0.030881424;-0.013351778;0.34483793
0.028905138;-0.013351778;0.34483793
0.030881424;-0.015328064;0.34483793
0.030881424;-0.015328064;0.35274309
0.030881424;-0.015328064;0.34483793
0.030881424;-0.015328064;0.34483793
0.032857709;-0.015328064;0.34483793
0.032857709;-0.015328064;0.34483793
0.032857709;-0.015328064;0.34483793
0.034833994;-0.015328064;0.34483793
0.034833994;-0.015328064;0.33693281
0.036810275;-0.013351778;0.34483793
0.034833994;-0.015328064;0.33693281
0.034833994;-0.015328064;0.34483793
0.036810275;-0.017304348;0.33693281
0.036810275;-0.015328064;0.34483793
0.036810275;-0.015328064;0.34483793
0.03878656;-0.015328064;0.34483793
0.03878656;-0.015328064;0.33693281
0.03878656;-0.017304348;0.34483793
0.03878656;-0.015328064;0.34483793
0.040762845;-0.015328064;0.34483793
0.040762845;-0.017304348;0.34483793
0.040762845;-0.017304348;0.34483793
0.042739131;-0.015328064;0.34483793
0.042739131;-0.015328064;0.33693281
0.040762845;-0.017304348;0.33693281
0.042739131;-0.017304348;0.33693281
0.042739131;-0.017304348;0.33693281
0.042739131;-0.015328064;0.34483793
0.042739131;-0.017304348;0.34483793
0.042739131;-0.015328064;0.34483793
0.046691701;-0.017304348;0.33693281
0.044715416;-0.017304348;0.34483793
0.046691701;-0.017304348;0.34483793
0.046691701;-0.017304348;0.33693281
0.046691701;-0.017304348;0.33693281
0.046691701;-0.017304348;0.33693281
0.046691701;-0.017304348;0.34483793
0.048667986;-0.019280633;0.34483793
0.048667986;-0.017304348;0.34483793
0.048667986;-0.017304348;0.34483793
0.050644267;-0.017304348;0.34483793
0.048667986;-0.019280633;0.34483793
0.050644267;-0.017304348;0.33693281
0.052620552;-0.017304348;0.34483793
0.052620552;-0.019280633;0.34483793
0.052620552;-0.019280633;0.34483793
0.052620552;-0.017304348;0.34483793
0.052620552;-0.017304348;0.33693281
0.052620552;-0.017304348;0.33693281
0.054596838;-0.017304348;0.34483793
0.054596838;-0.017304348;0.34483793
0.054596838;-0.017304348;0.33693281
0.054596838;-0.017304348;0.34483793
0.054596838;-0.019280633;0.33693281
0.054596838;-0.019280633;0.34483793
0.056573123;-0.017304348;0.34483793
0.056573123;-0.019280633;0.34483793
0.056573123;-0.019280633;0.34483793
0.056573123;-0.019280633;0.34483793
0.058549408;-0.019280633;0.34483793
0.058549408;-0.017304348;0.33693281
0.058549408;-0.019280633;0.33693281
0.058549408;-0.019280633;0.34483793
0.060525693;-0.019280633;0.33693281
0.060525693;-0.019280633;0.34483793
0.060525693;-0.017304348;0.34483793
0.060525693;-0.019280633;0.34483793
0.062501974;-0.019280633;0.34483793
0.060525693;-0.019280633;0.33693281
0.060525693;-0.019280633;0.34483793
0.062501974;-0.019280633;0.34483793
0.060525693;-0.019280633;0.33693281
0.062501974;-0.019280633;0.33693281
0.062501974;-0.019280633;0.33693281
0.064478263;-0.019280633;0.34483793
0.064478263;-0.021256916;0.33693281
0.064478263;-0.019280633;0.34483793
0.062501974;-0.019280633;0.34483793
0.064478263;-0.021256916;0.34483793
0.064478263;-0.019280633;0.33693281
0.064478263;-0.019280633;0.34483793
0.064478263;-0.021256916;0.34483793
0.066454545;-0.019280633;0.34483793
0.064478263;-0.021256916;0.34483793
0.066454545;-0.021256916;0.33693281
0.066454545;-0.019280633;0.33693281
0.066454545;-0.019280633;0.34483793
0.066454545;-0.021256916;0.34483793
0.066454545;-0.021256916;0.33693281
0.066454545;-0.021256916;0.34483793
0.068430834;-0.019280633;0.34483793
0.068430834;-0.021256916;0.34483793
0.068430834;-0.021256916;0.34483793
0.070407115;-0.021256916;0.34483793
0.068430834;-0.021256916;0.34483793
0.068430834;-0.021256916;0.34483793
0.070407115;-0.021256916;0.34483793
0.070407115;-0.021256916;0.33693281
0.070407115;-0.021256916;0.33693281
0.070407115;-0.019280633;0.34483793
0.070407115;-0.021256916;0.33693281
0.070407115;-0.021256916;0.34483793
0.070407115;-0.021256916;0.34483793
0.070407115;-0.021256916;0.34483793
0.070407115;-0.021256916;0.33693281
0.072383396;-0.021256916;0.34483793
0.072383396;-0.021256916;0.34483793
0.072383396;-0.021256916;0.34483793
0.074359685;-0.021256916;0.34483793
0.074359685;-0.021256916;0.34483793
0.072383396;-0.021256916;0.34483793
0.072383396;-0.021256916;0.34483793
0.074359685;-0.023233201;0.34483793
0.072383396;-0.021256916;0.34483793
0.074359685;-0.021256916;0.34483793
0.074359685;-0.021256916;0.34483793
0.076335967;-0.021256916;0.34483793
0.074359685;-0.021256916;0.34483793
0.074359685;-0.021256916;0.33693281
0.074359685;-0.021256916;0.34483793
0.074359685;-0.021256916;0.33693281
0.074359685;-0.021256916;0.34483793
0.074359685;-0.023233201;0.34483793
0.074359685;-0.021256916;0.34483793
0.076335967;-0.021256916;0.34483793
0.078312255;-0.021256916;0.34483793
0.076335967;-0.023233201;0.34483793
0.076335967;-0.021256916;0.34483793
0.076335967;-0.021256916;0.34483793
0.076335967;-0.023233201;0.34483793
0.076335967;-0.021256916;0.34483793
0.076335967;-0.023233201;0.34483793
0.076335967;-0.023233201;0.34483793
0.076335967;-0.021256916;0.34483793
0.076335967;-0.023233201;0.34483793
0.076335967;-0.023233201;0.33693281
0.078312255;-0.021256916;0.34483793
0.078312255;-0.021256916;0.34483793
0.078312255;-0.023233201;0.33693281
0.076335967;-0.023233201;0.34483793
0.076335967;-0.023233201;0.33693281
0.078312255;-0.023233201;0.34483793
0.076335967;-0.023233201;0.34483793
0.076335967;-0.023233201;0.33693281
0.076335967;-0.023233201;0.34483793
0.076335967;-0.023233201;0.34483793
0.076335967;-0.021256916;0.34483793
0.076335967;-0.023233201;0.33693281
0.076335967;-0.023233201;0.34483793
0.078312255;-0.023233201;0.34483793
0.078312255;-0.023233201;0.34483793
0.078312255;-0.023233201;0.33693281
0.078312255;-0.023233201;0.34483793
0.076335967;-0.023233201;0.34483793
0.076335967;-0.023233201;0.34483793
0.076335967;-0.023233201;0.34483793
0.076335967;-0.023233201;0.34483793
0.076335967;-0.023233201;0.34483793
0.076335967;-0.023233201;0.34483793
0.076335967;-0.023233201;0.34483793
0.076335967;-0.023233201;0.34483793
0.076335967;-0.023233201;0.34483793
0.074359685;-0.023233201;0.34483793
0.074359685;-0.023233201;0.34483793
0.076335967;-0.023233201;0.34483793
0.076335967;-0.023233201;0.34483793
0.076335967;-0.023233201;0.34483793
0.076335967;-0.023233201;0.34483793
0.074359685;-0.023233201;0.34483793
0.074359685;-0.023233201;0.34483793
0.076335967;-0.023233201;0.34483793
0.074359685;-0.025209486;0.33693281
0.076335967;-0.025209486;0.33693281
0.076335967;-0.023233201;0.34483793
0.074359685;-0.023233201;0.34483793
0.074359685;-0.023233201;0.33693281
0.074359685;-0.023233201;0.33693281
0.074359685;-0.023233201;0.34483793
0.072383396;-0.025209486;0.34483793
0.074359685;-0.023233201;0.33693281
0.072383396;-0.025209486;0.34483793
0.074359685;-0.025209486;0.33693281
0.074359685;-0.023233201;0.33693281
0.072383396;-0.023233201;0.34483793
0.072383396;-0.023233201;0.34483793
0.072383396;-0.023233201;0.34483793
0.072383396;-0.023233201;0.33693281
0.072383396;-0.025209486;0.34483793
0.072383396;-0.025209486;0.33693281
0.074359685;-0.025209486;0.33693281
0.072383396;-0.023233201;0.34483793
0.072383396;-0.025209486;0.34483793
0.072383396;-0.025209486;0.34483793
0.070407115;-0.023233201;0.34483793
0.072383396;-0.023233201;0.34483793
0.070407115;-0.025209486;0.34483793
0.070407115;-0.023233201;0.33693281
0.070407115;-0.025209486;0.34483793
0.072383396;-0.025209486;0.34483793
0.070407115;-0.025209486;0.33693281
0.070407115;-0.025209486;0.34483793
0.070407115;-0.025209486;0.34483793
0.070407115;-0.025209486;0.34483793
0.068430834;-0.023233201;0.33693281
0.068430834;-0.025209486;0.33693281
0.068430834;-0.025209486;0.34483793
0.068430834;-0.025209486;0.34483793
0.068430834;-0.025209486;0.34483793
0.068430834;-0.025209486;0.34483793
0.068430834;-0.025209486;0.34483793
0.066454545;-0.025209486;0.33693281
0.066454545;-0.025209486;0.33693281
0.068430834;-0.025209486;0.34483793
0.064478263;-0.025209486;0.34483793
0.066454545;-0.025209486;0.34483793
0.066454545;-0.025209486;0.34483793
0.064478263;-0.025209486;0.33693281
0.064478263;-0.025209486;0.34483793
0.064478263;-0.025209486;0.34483793
0.064478263;-0.025209486;0.33693281
0.062501974;-0.025209486;0.34483793
0.062501974;-0.025209486;0.34483793
0.064478263;-0.025209486;0.34483793
0.062501974;-0.025209486;0.34483793
0.062501974;-0.025209486;0.34483793
0.062501974;-0.025209486;0.34483793
0.062501974;-0.025209486;0.34483793
0.062501974;-0.025209486;0.33693281
0.060525693;-0.025209486;0.34483793
0.060525693;-0.025209486;0.34483793
0.060525693;-0.025209486;0.33693281
0.058549408;-0.025209486;0.33693281
0.060525693;-0.025209486;0.34483793
0.058549408;-0.025209486;0.34483793
0.060525693;-0.025209486;0.34483793
0.058549408;-0.025209486;0.34483793
0.058549408;-0.025209486;0.34483793
0.058549408;-0.027185772;0.34483793
0.056573123;-0.025209486;0.34483793
0.056573123;-0.025209486;0.34483793
0.056573123;-0.025209486;0.34483793
0.056573123;-0.025209486;0.34483793
0.056573123;-0.025209486;0.33693281
0.056573123;-0.025209486;0.33693281
0.054596838;-0.025209486;0.33693281
0.054596838;-0.025209486;0.34483793
0.054596838;-0.025209486;0.34483793
0.054596838;-0.025209486;0.34483793
0.052620552;-0.025209486;0.34483793
0.052620552;-0.025209486;0.33693281
0.052620552;-0.027185772;0.34483793
0.052620552;-0.027185772;0.34483793
0.052620552;-0.027185772;0.34483793
0.048667986;-0.025209486;0.33693281
0.052620552;-0.025209486;0.34483793
0.048667986;-0.025209486;0.33693281
0.048667986;-0.025209486;0.34483793
0.048667986;-0.025209486;0.33693281
0.048667986;-0.025209486;0.34483793
0.048667986;-0.025209486;0.33693281
0.048667986;-0.025209486;0.34483793
0.046691701;-0.025209486;0.34483793
0.046691701;-0.027185772;0.33693281
0.046691701;-0.027185772;0.34483793
0.046691701;-0.025209486;0.34483793
0.046691701;-0.025209486;0.33693281
0.044715416;-0.025209486;0.34483793
0.042739131;-0.025209486;0.34483793
0.044715416;-0.025209486;0.34483793
0.044715416;-0.025209486;0.34483793
0.042739131;-0.027185772;0.34483793
0.042739131;-0.025209486;0.34483793
0.040762845;-0.025209486;0.33693281
0.042739131;-0.025209486;0.34483793
0.040762845;-0.025209486;0.34483793
0.040762845;-0.025209486;0.34483793
0.040762845;-0.025209486;0.33693281
0.03878656;-0.025209486;0.34483793
0.03878656;-0.025209486;0.33693281
0.040762845;-0.025209486;0.33693281
0.03878656;-0.025209486;0.33693281
0.03878656;-0.025209486;0.33693281
0.036810275;-0.025209486;0.33693281
0.036810275;-0.025209486;0.34483793
0.034833994;-0.025209486;0.34483793
0.036810275;-0.025209486;0.34483793
0.034833994;-0.025209486;0.34483793
0.034833994;-0.025209486;0.32902768
0.034833994;-0.025209486;0.34483793
0.034833994;-0.025209486;0.34483793
0.032857709;-0.027185772;0.34483793
0.032857709;-0.025209486;0.34483793
0.032857709;-0.025209486;0.34483793
0.030881424;-0.025209486;0.33693281
0.030881424;-0.027185772;0.34483793
0.030881424;-0.027185772;0.34483793
0.030881424;-0.027185772;0.34483793
0.030881424;-0.025209486;0.34483793
0.028905138;-0.027185772;0.33693281
0.030881424;-0.025209486;0.33693281
0.028905138;-0.025209486;0.34483793
0.026928853;-0.027185772;0.34483793
0.026928853;-0.025209486;0.34483793
0.028905138;-0.025209486;0.34483793
0.026928853;-0.025209486;0.34483793
0.02495257;-0.025209486;0.34483793
0.026928853;-0.025209486;0.34483793
0.02495257;-0.027185772;0.34483793
0.02495257;-0.025209486;0.34483793
0.022976285;-0.025209486;0.33693281
0.022976285;-0.025209486;0.34483793
0.022976285;-0.025209486;0.34483793
0.022976285;-0.027185772;0.33693281
0.021;-0.025209486;0.34483793
0.022976285;-0.025209486;0.33693281
0.022976285;-0.027185772;0.33693281
0.021;-0.025209486;0.34483793
0.021;-0.025209486;0.34483793
0.019023715;-0.025209486;0.34483793
0.019023715;-0.025209486;0.34483793
0.019023715;-0.025209486;0.33693281
0.019023715;-0.025209486;0.34483793
0.017047431;-0.025209486;0.34483793
0.017047431;-0.027185772;0.33693281
0.017047431;-0.025209486;0.33693281
0.017047431;-0.025209486;0.34483793
0.017047431;-0.025209486;0.33693281
0.015071146;-0.027185772;0.33693281
0.015071146;-0.025209486;0.33693281
0.015071146;-0.027185772;0.34483793
0.013094862;-0.025209486;0.34483793
0.013094862;-0.025209486;0.33693281
0.013094862;-0.025209486;0.34483793
0.013094862;-0.025209486;0.34483793
0.011118577;-0.023233201;0.34483793
0.011118577;-0.025209486;0.33693281
0.011118577;-0.025209486;0.34483793
0.011118577;-0.027185772;0.34483793
0.011118577;-0.023233201;0.33693281
0.0091422927;-0.025209486;0.34483793
0.0091422927;-0.025209486;0.34483793
0.007166008;-0.025209486;0.34483793
0.0091422927;-0.025209486;0.34483793
0.0091422927;-0.025209486;0.33693281
0.007166008;-0.025209486;0.33693281
0.0051897233;-0.025209486;0.33693281
0.0051897233;-0.025209486;0.34483793
0.0051897233;-0.025209486;0.33693281
0.0051897233;-0.023233201;0.34483793
0.0051897233;-0.025209486;0.34483793
0.0051897233;-0.025209486;0.33693281
0.0032134387;-0.023233201;0.34483793
0.0032134387;-0.025209486;0.33693281
0.0012371541;-0.025209486;0.34483793
0.0012371541;-0.025209486;0.34483793
0.0012371541;-0.025209486;0.34483793
-0.00073913042;-0.023233201;0.33693281
-0.00073913042;-0.023233201;0.34483793
-0.00073913042;-0.023233201;0.33693281
-0.00073913042;-0.023233201;0.34483793
-0.00073913042;-0.025209486;0.33693281
-0.0027154151;-0.023233201;0.33693281
-0.0027154151;-0.025209486;0.34483793
-0.0027154151;-0.025209486;0.34483793
-0.0046916995;-0.025209486;0.33693281
-0.0046916995;-0.025209486;0.34483793
-0.0046916995;-0.025209486;0.34483793
-0.0046916995;-0.023233201;0.34483793
-0.0046916995;-0.025209486;0.34483793
-0.0046916995;-0.025209486;0.34483793
-0.0066679842;-0.025209486;0.34483793
-0.0086442688;-0.023233201;0.33693281
-0.0066679842;-0.025209486;0.34483793
-0.0086442688;-0.025209486;0.34483793
-0.0066679842;-0.023233201;0.33693281
-0.0086442688;-0.025209486;0.34483793
-0.0086442688;-0.025209486;0.34483793
-0.0086442688;-0.025209486;0.34483793
-0.010620553;-0.023233201;0.33693281
-0.0086442688;-0.023233201;0.34483793
-0.010620553;-0.023233201;0.34483793
-0.010620553;-0.023233201;0.34483793
-0.010620553;-0.025209486;0.34483793
-0.012596838;-0.023233201;0.33693281
-0.012596838;-0.023233201;0.34483793
-0.012596838;-0.025209486;0.34483793
-0.012596838;-0.023233201;0.33693281
-0.012596838;-0.023233201;0.33693281
-0.012596838;-0.023233201;0.34483793
-0.012596838;-0.023233201;0.34483793
-0.014573122;-0.025209486;0.34483793
-0.014573122;-0.023233201;0.34483793
-0.014573122;-0.023233201;0.34483793
-0.014573122;-0.025209486;0.34483793
-0.014573122;-0.023233201;0.33693281
-0.014573122;-0.023233201;0.34483793
-0.016549407;-0.023233201;0.34483793
-0.016549407;-0.023233201;0.34483793
-0.016549407;-0.025209486;0.33693281
-0.016549407;-0.023233201;0.33693281
-0.016549407;-0.025209486;0.34483793
-0.018525692;-0.023233201;0.34483793
-0.018525692;-0.023233201;0.34483793
-0.018525692;-0.023233201;0.34483793
-0.020501977;-0.025209486;0.34483793
-0.020501977;-0.023233201;0.34483793
-0.018525692;-0.023233201;0.33693281
-0.020501977;-0.023233201;0.33693281
-0.020501977;-0.023233201;0.34483793
-0.02247826;-0.023233201;0.34483793
-0.020501977;-0.023233201;0.34483793
-0.02247826;-0.021256916;0.34483793
-0.02247826;-0.023233201;0.34483793
-0.02247826;-0.023233201;0.34483793
-0.02247826;-0.023233201;0.34483793
-0.02247826;-0.021256916;0.33693281
-0.02247826;-0.021256916;0.34483793
-0.02247826;-0.021256916;0.33693281
-0.024454545;-0.023233201;0.34483793
-0.02247826;-0.023233201;0.34483793
-0.024454545;-0.023233201;0.33693281
-0.024454545;-0.021256916;0.34483793
-0.024454545;-0.023233201;0.34483793
-0.02247826;-0.021256916;0.33693281
-0.024454545;-0.023233201;0.33693281
-0.02643083;-0.023233201;0.33693281
-0.024454545;-0.023233201;0.34483793
-0.02643083;-0.021256916;0.34483793
-0.024454545;-0.023233201;0.33693281
-0.024454545;-0.021256916;0.34483793
-0.02643083;-0.023233201;0.33693281
-0.02643083;-0.021256916;0.33693281
-0.02643083;-0.021256916;0.34483793
-0.02643083;-0.021256916;0.34483793
-0.02643083;-0.021256916;0.34483793
-0.028407115;-0.021256916;0.34483793
-0.028407115;-0.021256916;0.34483793
-0.028407115;-0.023233201;0.33693281
-0.028407115;-0.021256916;0.34483793
-0.028407115;-0.021256916;0.33693281
-0.028407115;-0.021256916;0.33693281
-0.028407115;-0.021256916;0.34483793
-0.030383399;-0.021256916;0.34483793
-0.028407115;-0.023233201;0.34483793
-0.028407115;-0.021256916;0.34483793
-0.028407115;-0.023233201;0.33693281
-0.030383399;-0.021256916;0.34483793
-0.028407115;-0.019280633;0.34483793
-0.028407115;-0.021256916;0.34483793
-0.030383399;-0.023233201;0.34483793
-0.028407115;-0.021256916;0.34483793
-0.030383399;-0.021256916;0.34483793
-0.030383399;-0.023233201;0.34483793
-0.030383399;-0.021256916;0.33693281
-0.030383399;-0.021256916;0.33693281
-0.030383399;-0.021256916;0.34483793
-0.032359682;-0.021256916;0.34483793
-0.032359682;-0.021256916;0.33693281
-0.030383399;-0.019280633;0.33693281
-0.032359682;-0.021256916;0.33693281
-0.030383399;-0.019280633;0.33693281
-0.032359682;-0.019280633;0.34483793
-0.030383399;-0.021256916;0.34483793
-0.032359682;-0.019280633;0.34483793
-0.030383399;-0.021256916;0.34483793
-0.032359682;-0.021256916;0.34483793
-0.030383399;-0.019280633;0.34483793
-0.032359682;-0.019280633;0.33693281
-0.032359682;-0.019280633;0.34483793
-0.032359682;-0.021256916;0.34483793
-0.030383399;-0.021256916;0.34483793
-0.030383399;-0.021256916;0.34483793
-0.030383399;-0.019280633;0.34483793
-0.032359682;-0.019280633;0.33693281
-0.032359682;-0.019280633;0.33693281
-0.032359682;-0.019280633;0.33693281
-0.032359682;-0.019280633;0.33693281
-0.032359682;-0.019280633;0.33693281
-0.032359682;-0.021256916;0.34483793
-0.032359682;-0.019280633;0.34483793
-0.032359682;-0.019280633;0.34483793
-0.032359682;-0.019280633;0.33693281
-0.032359682;-0.019280633;0.34483793
-0.032359682;-0.019280633;0.34483793
-0.030383399;-0.021256916;0.34483793
-0.032359682;-0.019280633;0.34483793
-0.032359682;-0.019280633;0.34483793
-0.032359682;-0.019280633;0.34483793
-0.032359682;-0.021256916;0.34483793
-0.032359682;-0.019280633;0.34483793
-0.030383399;-0.019280633;0.34483793
-0.030383399;-0.017304348;0.34483793
-0.030383399;-0.019280633;0.34483793
-0.030383399;-0.019280633;0.34483793
-0.028407115;-0.019280633;0.34483793
-0.030383399;-0.019280633;0.34483793
-0.030383399;-0.019280633;0.33693281
-0.028407115;-0.019280633;0.34483793
-0.030383399;-0.017304348;0.33693281
-0.030383399;-0.019280633;0.34483793
-0.030383399;-0.019280633;0.34483793
-0.028407115;-0.019280633;0.34483793
-0.02643083;-0.017304348;0.34483793
-0.030383399;-0.017304348;0.34483793
-0.030383399;-0.017304348;0.34483793
-0.028407115;-0.019280633;0.34483793
-0.028407115;-0.017304348;0.34483793
-0.030383399;-0.017304348;0.34483793
-0.028407115;-0.017304348;0.34483793
-0.028407115;-0.019280633;0.33693281
-0.028407115;-0.019280633;0.34483793
-0.028407115;-0.017304348;0.34483793
-0.028407115;-0.017304348;0.34483793
-0.02643083;-0.019280633;0.34483793
-0.028407115;-0.017304348;0.34483793
-0.028407115;-0.017304348;0.34483793
-0.02643083;-0.017304348;0.34483793
-0.02643083;-0.017304348;0.33693281
-0.02643083;-0.019280633;0.34483793
-0.028407115;-0.017304348;0.34483793
-0.02643083;-0.017304348;0.34483793
-0.02643083;-0.019280633;0.33693281
-0.02643083;-0.017304348;0.34483793
-0.024454545;-0.017304348;0.33693281
-0.02247826;-0.017304348;0.33693281
-0.024454545;-0.017304348;0.34483793
-0.02643083;-0.015328064;0.34483793
-0.024454545;-0.015328064;0.33693281
-0.024454545;-0.017304348;0.34483793
-0.024454545;-0.017304348;0.34483793
-0.02247826;-0.017304348;0.34483793
-0.02247826;-0.015328064;0.34483793
-0.024454545;-0.015328064;0.33693281
-0.02247826;-0.017304348;0.34483793
-0.02247826;-0.015328064;0.34483793
-0.02247826;-0.015328064;0.34483793
-0.020501977;-0.017304348;0.34483793
-0.020501977;-0.015328064;0.34483793
-0.020501977;-0.017304348;0.33693281
-0.020501977;-0.015328064;0.34483793
-0.020501977;-0.015328064;0.34483793
-0.020501977;-0.015328064;0.33693281
-0.020501977;-0.015328064;0.33693281
-0.020501977;-0.017304348;0.34483793
-0.020501977;-0.015328064;0.34483793
-0.018525692;-0.015328064;0.34483793
-0.018525692;-0.015328064;0.33693281
-0.018525692;-0.015328064;0.34483793
-0.018525692;-0.015328064;0.34483793
-0.018525692;-0.013351778;0.34483793
-0.018525692;-0.015328064;0.33693281
-0.016549407;-0.015328064;0.34483793
-0.016549407;-0.015328064;0.34483793
-0.016549407;-0.015328064;0.34483793
-0.016549407;-0.015328064;0.34483793
-0.016549407;-0.013351778;0.34483793
-0.014573122;-0.013351778;0.34483793
-0.014573122;-0.015328064;0.34483793
-0.014573122;-0.013351778;0.33693281
-0.014573122;-0.015328064;0.34483793
-0.014573122;-0.013351778;0.34483793
-0.012596838;-0.013351778;0.34483793
-0.012596838;-0.013351778;0.34483793
-0.012596838;-0.013351778;0.34483793
-0.012596838;-0.013351778;0.33693281
-0.010620553;-0.013351778;0.33693281
-0.012596838;-0.013351778;0.34483793
-0.012596838;-0.013351778;0.34483793
-0.0086442688;-0.013351778;0.34483793
-0.010620553;-0.013351778;0.34483793
-0.010620553;-0.013351778;0.34483793
-0.0086442688;-0.013351778;0.34483793
-0.0086442688;-0.013351778;0.34483793
-0.0086442688;-0.013351778;0.34483793
-0.0086442688;-0.013351778;0.34483793
-0.0086442688;-0.013351778;0.34483793
-0.0086442688;-0.013351778;0.34483793
-0.0066679842;-0.013351778;0.34483793
-0.0066679842;-0.011375494;0.33693281
-0.0046916995;-0.011375494;0.33693281
-0.0066679842;-0.013351778;0.33693281
-0.0066679842;-0.013351778;0.33693281
-0.0066679842;-0.011375494;0.33693281
-0.0027154151;-0.013351778;0.33693281
-0.0027154151;-0.011375494;0.34483793
-0.0027154151;-0.013351778;0.34483793
-0.0027154151;-0.013351778;0.34483793
-0.0027154151;-0.011375494;0.34483793
-0.0027154151;-0.011375494;0.33693281
-0.0027154151;-0.011375494;0.34483793
-0.00073913042;-0.011375494;0.33693281
-0.00073913042;-0.011375494;0.34483793
-0.00073913042;-0.013351778;0.34483793
-0.00073913042;-0.011375494;0.34483793
-0.00073913042;-0.011375494;0.33693281
-0.00073913042;-0.011375494;0.34483793
0.0012371541;-0.0093992092;0.33693281
0.0012371541;-0.0093992092;0.33693281
0.0032134387;-0.011375494;0.33693281
0.0032134387;-0.0093992092;0.34483793
0.0012371541;-0.011375494;0.33693281
0.0051897233;-0.011375494;0.34483793
0.0051897233;-0.011375494;0.34483793
0.0051897233;-0.011375494;0.34483793
0.0051897233;-0.011375494;0.34483793
0.007166008;-0.011375494;0.33693281
0.007166008;-0.0093992092;0.33693281
0.007166008;-0.011375494;0.34483793
0.007166008;-0.011375494;0.34483793
0.0091422927;-0.011375494;0.34483793
0.007166008;-0.0093992092;0.34483793
0.0091422927;-0.0093992092;0.34483793
0.007166008;-0.0093992092;0.33693281
0.011118577;-0.0093992092;0.34483793
0.0091422927;-0.0093992092;0.34483793
0.0091422927;-0.0093992092;0.33693281
0.013094862;-0.0093992092;0.33693281
0.011118577;-0.0093992092;0.33693281
0.013094862;-0.0093992092;0.34483793
0.013094862;-0.0093992092;0.34483793
0.013094862;-0.0093992092;0.34483793
0.013094862;-0.007422925;0.33693281
0.015071146;-0.0093992092;0.34483793
0.017047431;-0.0093992092;0.34483793
0.015071146;-0.0093992092;0.34483793
0.017047431;-0.007422925;0.33693281
0.017047431;-0.0093992092;0.34483793
0.017047431;-0.007422925;0.33693281
0.017047431;-0.007422925;0.33693281
0.017047431;-0.0093992092;0.34483793
0.019023715;-0.007422925;0.33693281
0.017047431;-0.0093992092;0.33693281
0.019023715;-0.007422925;0.34483793
0.019023715;-0.007422925;0.34483793
0.021;-0.007422925;0.34483793
0.021;-0.007422925;0.34483793
0.021;-0.007422925;0.33693281
0.022976285;-0.007422925;0.33693281
0.021;-0.007422925;0.34483793
0.022976285;-0.007422925;0.34483793
0.02495257;-0.007422925;0.34483793
0.022976285;-0.007422925;0.34483793
0.02495257;-0.007422925;0.34483793
0.026928853;-0.007422925;0.33693281
0.02495257;-0.0054466403;0.34483793
0.026928853;-0.0054466403;0.35274309
0.026928853;-0.0054466403;0.34483793
0.026928853;-0.007422925;0.34483793
0.026928853;-0.0054466403;0.33693281
0.028905138;-0.0054466403;0.34483793
0.028905138;-0.0054466403;0.34483793
0.026928853;-0.0054466403;0.33693281
0.030881424;-0.0054466403;0.33693281
0.028905138;-0.0054466403;0.34483793
0.030881424;-0.0054466403;0.33693281
0.030881424;-0.0054466403;0.34483793
0.032857709;-0.0054466403;0.34483793
0.032857709;-0.0054466403;0.34483793
0.032857709;-0.0054466403;0.33693281
0.032857709;-0.0054466403;0.34483793
0.032857709;-0.0034703556;0.34483793
0.032857709;-0.0054466403;0.33693281
0.034833994;-0.0054466403;0.33693281
0.034833994;-0.0054466403;0.34483793
0.034833994;-0.0054466403;0.34483793
0.034833994;-0.0054466403;0.34483793
0.036810275;-0.0054466403;0.34483793
0.036810275;-0.0054466403;0.34483793
0.03878656;-0.0054466403;0.34483793
0.03878656;-0.0054466403;0.34483793
0.03878656;-0.0034703556;0.33693281
0.03878656;-0.0034703556;0.33693281
0.040762845;-0.0054466403;0.34483793
0.040762845;-0.0054466403;0.33693281
0.040762845;-0.0034703556;0.34483793
0.040762845;-0.0034703556;0.33693281
0.042739131;-0.0034703556;0.33693281
0.042739131;-0.0034703556;0.34483793
0.042739131;-0.0054466403;0.34483793
0.042739131;-0.0034703556;0.33693281
0.044715416;-0.0034703556;0.34483793
0.044715416;-0.0034703556;0.34483793
0.044715416;-0.0034703556;0.34483793
0.046691701;-0.0034703556;0.34483793
0.046691701;-0.0034703556;0.33693281
0.046691701;-0.0034703556;0.34483793
0.044715416;-0.0034703556;0.34483793
0.046691701;-0.0034703556;0.34483793
0.046691701;-0.0054466403;0.33693281
0.046691701;-0.0034703556;0.33693281
0.048667986;-0.0034703556;0.33693281
0.048667986;-0.0014940711;0.34483793
0.050644267;-0.0034703556;0.34483793
0.050644267;-0.0014940711;0.34483793
0.050644267;-0.0014940711;0.34483793
0.050644267;-0.0034703556;0.33693281
0.050644267;-0.0034703556;0.34483793
0.052620552;-0.0034703556;0.34483793
0.052620552;-0.0034703556;0.34483793
0.052620552;-0.0014940711;0.33693281
0.052620552;-0.0014940711;0.34483793
0.054596838;-0.0014940711;0.33693281
0.054596838;0.00048221345;0.34483793
0.054596838;0.00048221345;0.34483793
0.054596838;-0.0014940711;0.34483793
0.056573123;-0.0014940711;0.34483793
0.056573123;-0.0014940711;0.33693281
0.056573123;0.00048221345;0.33693281
0.056573123;0.00048221345;0.34483793
0.056573123;-0.0014940711;0.34483793
0.058549408;0.00048221345;0.33693281
0.056573123;0.00048221345;0.34483793
0.058549408;0.00048221345;0.33693281
0.058549408;-0.0014940711;0.34483793
0.058549408;-0.0014940711;0.34483793
0.058549408;-0.0014940711;0.33693281
0.058549408;-0.0014940711;0.34483793
0.060525693;0.00048221345;0.34483793
0.058549408;0.00048221345;0.33693281
0.060525693;0.00048221345;0.34483793
0.058549408;0.0024584981;0.33693281
0.060525693;0.00048221345;0.34483793
0.060525693;0.0024584981;0.34483793
0.062501974;0.0024584981;0.35274309
0.062501974;0.00048221345;0.34483793
0.062501974;0.00048221345;0.33693281
0.062501974;0.00048221345;0.33693281
0.062501974;0.00048221345;0.33693281
0.064478263;0.00048221345;0.34483793
0.064478263;0.00048221345;0.33693281
0.064478263;0.00048221345;0.34483793
0.064478263;0.00048221345;0.34483793
0.064478263;0.0024584981;0.33693281
0.064478263;0.0024584981;0.34483793
0.066454545;0.00048221345;0.34483793
0.064478263;0.00048221345;0.33693281
0.064478263;0.0024584981;0.34483793
0.066454545;0.0024584981;0.34483793
0.066454545;0.0024584981;0.33693281
0.066454545;0.0024584981;0.34483793
0.066454545;0.00048221345;0.34483793
0.066454545;0.0024584981;0.34483793
0.068430834;0.0024584981;0.34483793
0.066454545;0.0024584981;0.34483793
0.068430834;0.0024584981;0.33693281
0.070407115;0.0024584981;0.33693281
0.070407115;0.0024584981;0.33693281
0.070407115;0.0024584981;0.34483793
0.070407115;0.0024584981;0.33693281
0.068430834;0.0024584981;0.33693281
0.070407115;0.0044347825;0.34483793
0.070407115;0.0044347825;0.34483793
0.070407115;0.0044347825;0.33693281
0.068430834;0.0024584981;0.33693281
0.070407115;0.0044347825;0.34483793
0.072383396;0.0044347825;0.34483793
0.070407115;0.0044347825;0.33693281
0.070407115;0.0044347825;0.33693281
0.072383396;0.0044347825;0.34483793
0.072383396;0.0044347825;0.33693281
0.072383396;0.0044347825;0.34483793
0.072383396;0.0044347825;0.34483793
0.072383396;0.0044347825;0.34483793
0.072383396;0.0064110672;0.34483793
0.072383396;0.0044347825;0.34483793
0.072383396;0.0044347825;0.33693281
0.074359685;0.0044347825;0.34483793
0.074359685;0.0064110672;0.33693281
0.074359685;0.0044347825;0.34483793
0.072383396;0.0064110672;0.34483793
0.074359685;0.0044347825;0.34483793
0.074359685;0.0044347825;0.34483793
0.076335967;0.0064110672;0.33693281
0.074359685;0.0064110672;0.33693281
0.076335967;0.0064110672;0.34483793
0.074359685;0.0064110672;0.33693281
0.074359685;0.0064110672;0.34483793
0.076335967;0.0064110672;0.33693281
0.074359685;0.0064110672;0.34483793
0.076335967;0.0064110672;0.33693281
0.074359685;0.0064110672;0.33693281
0.076335967;0.0064110672;0.34483793
0.076335967;0.0083873514;0.33693281
0.076335967;0.0083873514;0.34483793
0.076335967;0.0064110672;0.34483793
0.076335967;0.0083873514;0.34483793
0.076335967;0.0064110672;0.34483793
0.076335967;0.0064110672;0.34483793
0.076335967;0.0064110672;0.34483793
0.078312255;0.0083873514;0.33693281
0.076335967;0.0083873514;0.34483793
0.076335967;0.0083873514;0.34483793
0.076335967;0.0083873514;0.33693281
0.076335967;0.0083873514;0.34483793
0.076335967;0.0083873514;0.33693281
0.078312255;0.0083873514;0.34483793
0.078312255;0.010363637;0.33693281
0.076335967;0.0083873514;0.34483793
0.078312255;0.010363637;0.34483793
0.076335967;0.0064110672;0.34483793
0.076335967;0.0083873514;0.34483793
0.076335967;0.010363637;0.33693281
0.076335967;0.010363637;0.33693281
0.078312255;0.0083873514;0.33693281
0.078312255;0.0083873514;0.33693281
0.078312255;0.010363637;0.34483793
0.078312255;0.0083873514;0.34483793
0.076335967;0.010363637;0.33693281
0.078312255;0.010363637;0.33693281
0.076335967;0.010363637;0.34483793
0.076335967;0.010363637;0.33693281
0.078312255;0.010363637;0.34483793
0.076335967;0.010363637;0.34483793
0.076335967;0.010363637;0.34483793
0.076335967;0.010363637;0.33693281
0.076335967;0.010363637;0.33693281
0.076335967;0.012339921;0.34483793
0.076335967;0.012339921;0.34483793
0.076335967;0.012339921;0.34483793
0.074359685;0.010363637;0.34483793
0.074359685;0.010363637;0.34483793
0.076335967;0.010363637;0.33693281
0.076335967;0.010363637;0.34483793
0.074359685;0.012339921;0.33693281
0.076335967;0.012339921;0.34483793
0.072383396;0.012339921;0.34483793
0.074359685;0.012339921;0.34483793
0.074359685;0.012339921;0.34483793
0.074359685;0.012339921;0.33693281
0.074359685;0.012339921;0.34483793
0.074359685;0.012339921;0.34483793
0.072383396;0.012339921;0.34483793
0.074359685;0.012339921;0.34483793
0.074359685;0.012339921;0.33693281
0.074359685;0.012339921;0.34483793
0.072383396;0.012339921;0.34483793
0.074359685;0.012339921;0.33693281
0.072383396;0.012339921;0.34483793
0.074359685;0.014316206;0.34483793
0.072383396;0.014316206;0.33693281
0.072383396;0.014316206;0.34483793
0.072383396;0.014316206;0.33693281
0.072383396;0.01629249;0.34483793
0.072383396;0.012339921;0.34483793
0.070407115;0.014316206;0.34483793
0.072383396;0.014316206;0.34483793
0.070407115;0.014316206;0.34483793
0.070407115;0.014316206;0.34483793
0.070407115;0.014316206;0.33693281
0.070407115;0.014316206;0.34483793
0.072383396;0.014316206;0.34483793
0.070407115;0.014316206;0.34483793
0.070407115;0.014316206;0.34483793
0.068430834;0.01629249;0.34483793
0.066454545;0.01629249;0.34483793
0.068430834;0.01629249;0.33693281
0.068430834;0.014316206;0.34483793
0.068430834;0.01629249;0.34483793
0.068430834;0.01629249;0.34483793
0.068430834;0.01629249;0.35274309
0.066454545;0.01629249;0.34483793
0.066454545;0.01629249;0.34483793
0.068430834;0.01629249;0.34483793
0.066454545;0.018268775;0.34483793
0.066454545;0.018268775;0.34483793
0.066454545;0.018268775;0.34483793
0.066454545;0.01629249;0.34483793
0.064478263;0.018268775;0.34483793
0.064478263;0.01629249;0.34483793
0.066454545;0.018268775;0.34483793
0.064478263;0.018268775;0.34483793
0.064478263;0.018268775;0.34483793
0.064478263;0.018268775;0.34483793
0.064478263;0.018268775;0.34483793
0.062501974;0.01629249;0.34483793
0.062501974;0.018268775;0.34483793
0.062501974;0.018268775;0.34483793
0.062501974;0.020245058;0.34483793
0.062501974;0.018268775;0.34483793
0.060525693;0.018268775;0.34483793
0.060525693;0.018268775;0.34483793
0.060525693;0.020245058;0.34483793
0.058549408;0.020245058;0.34483793
0.060525693;0.018268775;0.34483793
0.058549408;0.018268775;0.34483793
0.058549408;0.020245058;0.33693281
0.058549408;0.018268775;0.34483793
0.056573123;0.020245058;0.34483793
0.056573123;0.018268775;0.34483793
0.056573123;0.020245058;0.34483793
0.056573123;0.018268775;0.34483793
0.056573123;0.020245058;0.34483793
0.056573123;0.020245058;0.34483793
0.054596838;0.020245058;0.34483793
0.054596838;0.020245058;0.34483793
0.056573123;0.020245058;0.34483793
0.054596838;0.020245058;0.34483793
0.054596838;0.020245058;0.34483793
0.054596838;0.020245058;0.34483793
0.052620552;0.022221344;0.34483793
0.052620552;0.020245058;0.34483793
0.050644267;0.020245058;0.33693281
0.052620552;0.022221344;0.34483793
0.050644267;0.022221344;0.34483793
0.050644267;0.020245058;0.34483793
0.048667986;0.022221344;0.34483793
0.050644267;0.020245058;0.34483793
0.048667986;0.022221344;0.34483793
0.048667986;0.022221344;0.34483793
0.048667986;0.022221344;0.33693281
0.046691701;0.022221344;0.34483793
0.048667986;0.022221344;0.34483793
0.046691701;0.022221344;0.34483793
0.046691701;0.022221344;0.33693281
0.046691701;0.022221344;0.34483793
0.046691701;0.022221344;0.34483793
0.044715416;0.022221344;0.33693281
0.044715416;0.022221344;0.34483793
0.044715416;0.022221344;0.33693281
0.044715416;0.022221344;0.34483793
0.042739131;0.024197629;0.33693281
0.042739131;0.024197629;0.34483793
0.042739131;0.022221344;0.33693281
0.042739131;0.024197629;0.34483793
0.040762845;0.024197629;0.34483793
0.040762845;0.024197629;0.34483793
0.040762845;0.022221344;0.34483793
0.040762845;0.026173914;0.34483793
0.040762845;0.024197629;0.34483793
0.03878656;0.024197629;0.34483793
0.03878656;0.024197629;0.34483793
0.03878656;0.024197629;0.33693281
0.036810275;0.024197629;0.34483793
0.034833994;0.026173914;0.34483793
0.034833994;0.026173914;0.34483793
0.036810275;0.024197629;0.34483793
0.034833994;0.024197629;0.34483793
0.034833994;0.024197629;0.33693281
0.032857709;0.024197629;0.34483793
0.034833994;0.026173914;0.34483793
0.032857709;0.024197629;0.33693281
0.030881424;0.026173914;0.34483793
0.032857709;0.026173914;0.34483793
0.030881424;0.026173914;0.33693281
0.032857709;0.026173914;0.34483793
0.030881424;0.026173914;0.34483793
0.030881424;0.026173914;0.34483793
0.030881424;0.026173914;0.34483793
0.028905138;0.026173914;0.34483793
0.028905138;0.026173914;0.34483793
0.028905138;0.026173914;0.33693281
0.028905138;0.026173914;0.33693281
0.026928853;0.028150197;0.34483793
0.026928853;0.028150197;0.34483793
0.02495257;0.026173914;0.34483793
0.026928853;0.026173914;0.34483793
0.02495257;0.028150197;0.34483793
0.02495257;0.028150197;0.34483793
0.02495257;0.026173914;0.34483793
0.02495257;0.028150197;0.34483793
0.022976285;0.028150197;0.33693281
0.022976285;0.030126482;0.34483793
0.022976285;0.028150197;0.34483793
0.022976285;0.030126482;0.34483793
0.021;0.030126482;0.33693281
0.021;0.028150197;0.34483793
0.021;0.028150197;0.34483793
0.019023715;0.028150197;0.34483793
0.021;0.030126482;0.34483793
0.019023715;0.028150197;0.34483793
0.019023715;0.028150197;0.34483793
0.019023715;0.030126482;0.34483793
0.019023715;0.030126482;0.34483793
0.017047431;0.030126482;0.34483793
0.017047431;0.028150197;0.34483793
0.017047431;0.030126482;0.33693281
0.015071146;0.030126482;0.34483793
0.015071146;0.030126482;0.34483793
0.015071146;0.032102767;0.34483793
0.015071146;0.030126482;0.34483793
0.013094862;0.030126482;0.34483793
0.013094862;0.030126482;0.34483793
0.013094862;0.030126482;0.34483793
0.013094862;0.030126482;0.33693281
0.011118577;0.030126482;0.34483793
0.011118577;0.030126482;0.33693281
0.0091422927;0.032102767;0.33693281
0.011118577;0.032102767;0.34483793
0.0091422927;0.032102767;0.34483793
0.0091422927;0.032102767;0.34483793
0.007166008;0.032102767;0.34483793
0.0091422927;0.032102767;0.33693281
0.007166008;0.032102767;0.33693281
0.007166008;0.032102767;0.34483793
0.0051897233;0.034079053;0.34483793
0.0051897233;0.032102767;0.34483793
0.0051897233;0.032102767;0.34483793
0.0051897233;0.032102767;0.34483793
0.0051897233;0.032102767;0.34483793
0.0032134387;0.032102767;0.34483793
0.0032134387;0.032102767;0.33693281
0.0032134387;0.032102767;0.34483793
0.0012371541;0.034079053;0.33693281
0.0012371541;0.032102767;0.34483793
0.0012371541;0.034079053;0.34483793
-0.00073913042;0.032102767;0.34483793
-0.00073913042;0.034079053;0.33693281
-0.00073913042;0.034079053;0.33693281
-0.00073913042;0.034079053;0.33693281
-0.0027154151;0.034079053;0.34483793
-0.0027154151;0.036055338;0.33693281
-0.0027154151;0.034079053;0.34483793
-0.0027154151;0.036055338;0.33693281
-0.0046916995;0.034079053;0.33693281
-0.0046916995;0.034079053;0.34483793
-0.0046916995;0.034079053;0.33693281
-0.0046916995;0.034079053;0.34483793
-0.0066679842;0.036055338;0.33693281
-0.0066679842;0.036055338;0.33693281
-0.0066679842;0.036055338;0.34483793
-0.0086442688;0.036055338;0.34483793
-0.0086442688;0.034079053;0.34483793
-0.0066679842;0.036055338;0.34483793
-0.0086442688;0.036055338;0.33693281
-0.0086442688;0.036055338;0.34483793
-0.0086442688;0.036055338;0.33693281
-0.0086442688;0.036055338;0.34483793
-0.010620553;0.036055338;0.34483793
-0.010620553;0.036055338;0.34483793
-0.010620553;0.038031619;0.34483793
-0.010620553;0.038031619;0.34483793
-0.010620553;0.038031619;0.33693281
-0.010620553;0.036055338;0.33693281
-0.012596838;0.036055338;0.34483793
-0.012596838;0.036055338;0.34483793
-0.012596838;0.036055338;0.34483793
-0.012596838;0.036055338;0.34483793
-0.014573122;0.036055338;0.34483793
-0.014573122;0.038031619;0.34483793
-0.014573122;0.036055338;0.34483793
-0.014573122;0.038031619;0.35274309
-0.014573122;0.038031619;0.34483793
-0.016549407;0.038031619;0.34483793
-0.016549407;0.038031619;0.34483793
-0.016549407;0.038031619;0.33693281
-0.016549407;0.040007904;0.34483793
-0.016549407;0.036055338;0.34483793
-0.016549407;0.038031619;0.34483793
-0.016549407;0.038031619;0.34483793
-0.016549407;0.038031619;0.33693281
-0.018525692;0.038031619;0.34483793
-0.016549407;0.040007904;0.34483793
-0.020501977;0.040007904;0.34483793
-0.020501977;0.040007904;0.34483793
-0.020501977;0.040007904;0.33693281
-0.020501977;0.040007904;0.34483793
-0.020501977;0.040007904;0.34483793
-0.020501977;0.040007904;0.33693281
-0.020501977;0.040007904;0.34483793
-0.020501977;0.040007904;0.33693281
-0.020501977;0.040007904;0.34483793
-0.020501977;0.040007904;0.34483793
-0.02247826;0.040007904;0.34483793
-0.02247826;0.040007904;0.34483793
-0.02247826;0.040007904;0.34483793
-0.02247826;0.038031619;0.34483793
-0.02247826;0.040007904;0.34483793
-0.02247826;0.041984189;0.34483793
-0.02247826;0.040007904;0.34483793
-0.024454545;0.041984189;0.33693281
-0.024454545;0.041984189;0.34483793
-0.024454545;0.040007904;0.33693281
-0.024454545;0.040007904;0.34483793
-0.02643083;0.040007904;0.34483793
-0.024454545;0.041984189;0.34483793
-0.02643083;0.040007904;0.33693281
-0.024454545;0.041984189;0.34483793
-0.024454545;0.041984189;0.34483793
-0.02643083;0.041984189;0.33693281
-0.02643083;0.041984189;0.34483793
-0.024454545;0.041984189;0.34483793
-0.028407115;0.043960474;0.34483793
-0.028407115;0.041984189;0.34483793
-0.028407115;0.041984189;0.34483793
-0.028407115;0.041984189;0.33693281
-0.028407115;0.041984189;0.34483793
-0.028407115;0.041984189;0.34483793
-0.028407115;0.041984189;0.33693281
-0.028407115;0.041984189;0.34483793
-0.028407115;0.041984189;0.33693281
-0.028407115;0.043960474;0.34483793
-0.028407115;0.043960474;0.34483793
-0.028407115;0.043960474;0.33693281
-0.028407115;0.041984189;0.34483793
-0.030383399;0.041984189;0.34483793
-0.030383399;0.043960474;0.34483793
-0.030383399;0.041984189;0.34483793
-0.028407115;0.041984189;0.33693281
-0.030383399;0.043960474;0.34483793
-0.030383399;0.043960474;0.33693281
-0.030383399;0.043960474;0.33693281
-0.030383399;0.043960474;0.33693281
-0.032359682;0.043960474;0.34483793
-0.030383399;0.043960474;0.33693281
-0.030383399;0.043960474;0.33693281
-0.032359682;0.043960474;0.33693281
-0.030383399;0.043960474;0.34483793
-0.032359682;0.043960474;0.34483793
-0.030383399;0.043960474;0.33693281
-0.030383399;0.043960474;0.34483793
-0.032359682;0.04593676;0.33693281
-0.032359682;0.043960474;0.34483793
-0.030383399;0.04593676;0.34483793
-0.032359682;0.04593676;0.34483793
-0.030383399;0.04593676;0.34483793
-0.030383399;0.043960474;0.34483793
-0.030383399;0.04593676;0.34483793
-0.032359682;0.047913045;0.34483793
-0.030383399;0.04593676;0.34483793
-0.030383399;0.04593676;0.34483793
-0.032359682;0.043960474;0.34483793
-0.030383399;0.04593676;0.34483793
-0.032359682;0.04593676;0.33693281
-0.032359682;0.047913045;0.34483793
-0.032359682;0.04593676;0.33693281
-0.030383399;0.04593676;0.34483793
-0.032359682;0.047913045;0.34483793
-0.032359682;0.04593676;0.34483793
-0.032359682;0.047913045;0.34483793
-0.032359682;0.047913045;0.33693281
-0.032359682;0.047913045;0.33693281
-0.032359682;0.04593676;0.34483793
-0.030383399;0.047913045;0.33693281
-0.032359682;0.047913045;0.33693281
-0.032359682;0.047913045;0.34483793
-0.030383399;0.047913045;0.34483793
-0.032359682;0.047913045;0.34483793
-0.032359682;0.047913045;0.33693281
-0.030383399;0.047913045;0.34483793
-0.030383399;0.047913045;0.33693281
-0.030383399;0.047913045;0.34483793
-0.030383399;0.047913045;0.33693281
-0.030383399;0.047913045;0.33693281
-0.030383399;0.047913045;0.34483793
-0.030383399;0.04988933;0.33693281
-0.030383399;0.04988933;0.34483793
-0.030383399;0.047913045;0.34483793
-0.030383399;0.04988933;0.33693281
-0.030383399;0.047913045;0.33693281
-0.030383399;0.047913045;0.34483793
-0.028407115;0.04988933;0.34483793
-0.030383399;0.04988933;0.34483793
-0.028407115;0.04988933;0.33693281
-0.028407115;0.04988933;0.34483793
-0.028407115;0.04988933;0.33693281
-0.030383399;0.051865611;0.34483793
-0.030383399;0.04988933;0.34483793
-0.02643083;0.047913045;0.34483793
-0.028407115;0.04988933;0.34483793
-0.028407115;0.04988933;0.34483793
-0.02643083;0.04988933;0.33693281
-0.02643083;0.04988933;0.34483793
-0.028407115;0.051865611;0.34483793
-0.028407115;0.04988933;0.34483793
-0.02643083;0.04988933;0.33693281
-0.02643083;0.051865611;0.34483793
-0.02643083;0.04988933;0.34483793
-0.024454545;0.04988933;0.34483793
-0.02643083;0.04988933;0.34483793
-0.02643083;0.04988933;0.33693281
-0.024454545;0.051865611;0.33693281
-0.02643083;0.04988933;0.34483793
-0.024454545;0.051865611;0.34483793
-0.024454545;0.051865611;0.33693281
-0.024454545;0.051865611;0.34483793
-0.024454545;0.051865611;0.34483793
-0.024454545;0.051865611;0.33693281
-0.024454545;0.051865611;0.34483793
-0.02247826;0.051865611;0.33693281
-0.02247826;0.051865611;0.34483793
-0.020501977;0.051865611;0.34483793
-0.02247826;0.051865611;0.34483793
-0.02247826;0.051865611;0.34483793
-0.020501977;0.051865611;0.33693281
-0.02247826;0.051865611;0.34483793
-0.020501977;0.053841896;0.33693281
-0.020501977;0.051865611;0.34483793
-0.020501977;0.053841896;0.34483793
-0.020501977;0.053841896;0.34483793
-0.020501977;0.051865611;0.33693281
-0.020501977;0.051865611;0.33693281
-0.018525692;0.051865611;0.34483793
-0.018525692;0.051865611;0.33693281
-0.020501977;0.053841896;0.33693281
-0.018525692;0.053841896;0.34483793
-0.018525692;0.053841896;0.34483793
-0.018525692;0.053841896;0.34483793
-0.018525692;0.053841896;0.34483793
-0.016549407;0.051865611;0.34483793
-0.016549407;0.053841896;0.34483793
-0.016549407;0.055818181;0.34483793
-0.016549407;0.053841896;0.34483793
-0.016549407;0.053841896;0.33693281
-0.016549407;0.053841896;0.33693281
-0.012596838;0.053841896;0.34483793
-0.014573122;0.055818181;0.33693281
-0.012596838;0.053841896;0.33693281
-0.014573122;0.053841896;0.33693281
-0.012596838;0.053841896;0.34483793
-0.014573122;0.053841896;0.34483793
-0.010620553;0.053841896;0.33693281
-0.010620553;0.053841896;0.34483793
-0.010620553;0.053841896;0.34483793
-0.012596838;0.055818181;0.34483793
-0.012596838;0.055818181;0.34483793
-0.010620553;0.055818181;0.34483793
-0.010620553;0.055818181;0.34483793
-0.010620553;0.055818181;0.34483793
-0.0086442688;0.053841896;0.33693281
-0.0086442688;0.055818181;0.34483793
-0.0086442688;0.055818181;0.34483793
-0.0086442688;0.055818181;0.33693281
-0.0086442688;0.055818181;0.33693281
-0.0066679842;0.055818181;0.34483793
-0.0066679842;0.055818181;0.34483793
-0.0066679842;0.055818181;0.34483793
-0.0066679842;0.055818181;0.34483793
-0.0066679842;0.057794467;0.34483793
-0.0066679842;0.055818181;0.34483793
-0.0046916995;0.055818181;0.34483793
-0.0046916995;0.055818181;0.34483793
-0.0046916995;0.055818181;0.34483793
-0.0027154151;0.055818181;0.33693281
-0.0046916995;0.057794467;0.33693281
-0.0027154151;0.055818181;0.34483793
-0.0027154151;0.057794467;0.34483793
-0.0027154151;0.057794467;0.34483793
-0.0027154151;0.057794467;0.34483793
-0.00073913042;0.057794467;0.34483793
0.0012371541;0.057794467;0.34483793
-0.00073913042;0.057794467;0.34483793
0.0012371541;0.057794467;0.34483793
0.0012371541;0.055818181;0.34483793
0.0032134387;0.057794467;0.34483793
0.0012371541;0.057794467;0.34483793
0.0032134387;0.057794467;0.34483793
0.0051897233;0.057794467;0.34483793
0.0032134387;0.057794467;0.34483793
0.0032134387;0.057794467;0.33693281
0.0051897233;0.057794467;0.34483793
0.0051897233;0.057794467;0.34483793
0.0051897233;0.057794467;0.34483793
0.0051897233;0.057794467;0.33693281
0.007166008;0.057794467;0.33693281
0.007166008;0.057794467;0.33693281
0.007166008;0.057794467;0.34483793
0.0051897233;0.059770752;0.34483793
0.0091422927;0.059770752;0.34483793
0.0091422927;0.059770752;0.33693281
0.0091422927;0.059770752;0.33693281
0.0091422927;0.057794467;0.34483793
0.0091422927;0.059770752;0.34483793
0.011118577;0.057794467;0.33693281
0.011118577;0.059770752;0.34483793
0.011118577;0.057794467;0.34483793
0.011118577;0.059770752;0.34483793
0.015071146;0.057794467;0.34483793
0.013094862;0.059770752;0.34483793
0.015071146;0.057794467;0.34483793
0.015071146;0.059770752;0.33693281
0.017047431;0.059770752;0.34483793
0.015071146;0.059770752;0.33693281
0.017047431;0.057794467;0.33693281
0.017047431;0.057794467;0.34483793
0.017047431;0.057794467;0.33693281
0.017047431;0.059770752;0.33693281
0.017047431;0.059770752;0.34483793
0.019023715;0.059770752;0.34483793
0.021;0.061747037;0.34483793
0.019023715;0.061747037;0.33693281
0.019023715;0.059770752;0.34483793
0.021;0.059770752;0.35274309
0.022976285;0.059770752;0.34483793
0.022976285;0.059770752;0.34483793
0.021;0.061747037;0.34483793
0.022976285;0.059770752;0.34483793
0.02495257;0.059770752;0.33693281
0.02495257;0.059770752;0.33693281
0.02495257;0.061747037;0.34483793
0.02495257;0.059770752;0.34483793
0.02495257;0.061747037;0.34483793
0.026928853;0.061747037;0.34483793
0.026928853;0.061747037;0.34483793
0.026928853;0.059770752;0.34483793
0.026928853;0.059770752;0.34483793
0.028905138;0.059770752;0.33693281
0.028905138;0.061747037;0.33693281
0.028905138;0.059770752;0.34483793
0.028905138;0.061747037;0.34483793
0.030881424;0.061747037;0.34483793
0.030881424;0.061747037;0.33693281
0.030881424;0.061747037;0.34483793
0.032857709;0.059770752;0.34483793
0.032857709;0.061747037;0.34483793
0.032857709;0.061747037;0.34483793
0.032857709;0.061747037;0.33693281
0.032857709;0.061747037;0.34483793
0.034833994;0.061747037;0.33693281
0.034833994;0.061747037;0.33693281
0.034833994;0.061747037;0.34483793
0.034833994;0.061747037;0.33693281
0.034833994;0.061747037;0.34483793
0.036810275;0.061747037;0.33693281
0.036810275;0.061747037;0.33693281
0.03878656;0.061747037;0.33693281
0.040762845;0.061747037;0.33693281
0.040762845;0.061747037;0.34483793
0.040762845;0.061747037;0.34483793
0.040762845;0.061747037;0.34483793
0.040762845;0.061747037;0.34483793
0.040762845;0.061747037;0.34483793
0.042739131;0.061747037;0.34483793
0.042739131;0.061747037;0.34483793
0.042739131;0.063723318;0.33693281
0.044715416;0.061747037;0.34483793
0.042739131;0.063723318;0.34483793
0.042739131;0.061747037;0.34483793
0.042739131;0.063723318;0.33693281
0.046691701;0.061747037;0.34483793
0.046691701;0.061747037;0.33693281
0.044715416;0.063723318;0.33693281
0.046691701;0.063723318;0.33693281
0.046691701;0.063723318;0.33693281
0.048667986;0.063723318;0.34483793
0.046691701;0.063723318;0.34483793
0.046691701;0.063723318;0.34483793
0.048667986;0.063723318;0.33693281
0.048667986;0.063723318;0.34483793
0.050644267;0.063723318;0.34483793
0.050644267;0.061747037;0.34483793
0.050644267;0.063723318;0.34483793
0.052620552;0.063723318;0.33693281
0.052620552;0.063723318;0.34483793
0.050644267;0.063723318;0.34483793
0.052620552;0.063723318;0.34483793
0.052620552;0.063723318;0.34483793
0.054596838;0.063723318;0.34483793
0.052620552;0.065699607;0.34483793
0.054596838;0.063723318;0.34483793
0.054596838;0.063723318;0.34483793
0.054596838;0.063723318;0.34483793
0.056573123;0.063723318;0.33693281
0.056573123;0.063723318;0.34483793
0.056573123;0.065699607;0.34483793
0.056573123;0.065699607;0.34483793
0.058549408;0.063723318;0.34483793
0.058549408;0.063723318;0.34483793
0.058549408;0.063723318;0.34483793
0.058549408;0.063723318;0.33693281
0.056573123;0.063723318;0.34483793
0.058549408;0.063723318;0.34483793
0.058549408;0.065699607;0.33693281
0.058549408;0.063723318;0.33693281
0.060525693;0.065699607;0.33693281
0.058549408;0.063723318;0.34483793
0.060525693;0.065699607;0.34483793
0.062501974;0.065699607;0.34483793
0.060525693;0.065699607;0.34483793
0.062501974;0.063723318;0.34483793
0.062501974;0.065699607;0.34483793
0.062501974;0.065699607;0.33693281
0.062501974;0.065699607;0.34483793
0.064478263;0.063723318;0.33693281
0.064478263;0.065699607;0.34483793
0.062501974;0.065699607;0.33693281
0.064478263;0.065699607;0.34483793
0.064478263;0.067675889;0.34483793
0.066454545;0.065699607;0.34483793
0.066454545;0.065699607;0.33693281
0.066454545;0.067675889;0.33693281
0.064478263;0.065699607;0.33693281
0.066454545;0.065699607;0.33693281
0.066454545;0.067675889;0.34483793
0.066454545;0.065699607;0.34483793
0.066454545;0.065699607;0.34483793
0.068430834;0.065699607;0.34483793
0.066454545;0.065699607;0.34483793
0.068430834;0.065699607;0.34483793
0.068430834;0.065699607;0.34483793
0.068430834;0.067675889;0.34483793
0.068430834;0.067675889;0.34483793
0.068430834;0.065699607;0.34483793
0.070407115;0.067675889;0.33693281
0.070407115;0.065699607;0.33693281
0.070407115;0.067675889;0.34483793
0.070407115;0.065699607;0.34483793
0.070407115;0.067675889;0.34483793
0.068430834;0.065699607;0.34483793
0.072383396;0.065699607;0.34483793
0.072383396;0.067675889;0.33693281
0.072383396;0.065699607;0.34483793
0.072383396;0.067675889;0.34483793
0.072383396;0.067675889;0.33693281
0.074359685;0.067675889;0.34483793
0.072383396;0.067675889;0.34483793
0.072383396;0.067675889;0.34483793
0.072383396;0.065699607;0.34483793
0.072383396;0.065699607;0.34483793
0.072383396;0.067675889;0.34483793
0.072383396;0.067675889;0.34483793
0.072383396;0.065699607;0.34483793
0.074359685;0.067675889;0.34483793
0.074359685;0.067675889;0.34483793
0.074359685;0.065699607;0.34483793
0.074359685;0.067675889;0.33693281
0.074359685;0.067675889;0.34483793
0.076335967;0.067675889;0.34483793
0.074359685;0.067675889;0.34483793
0.074359685;0.067675889;0.33693281
0.076335967;0.067675889;0.33693281
0.076335967;0.067675889;0.33693281
0.076335967;0.067675889;0.33693281
0.076335967;0.067675889;0.33693281
0.076335967;0.067675889;0.34483793
0.076335967;0.065699607;0.33693281
0.074359685;0.067675889;0.34483793
0.076335967;0.067675889;0.33693281
0.074359685;0.067675889;0.34483793
0.076335967;0.069652177;0.34483793
0.076335967;0.067675889;0.33693281
0.076335967;0.069652177;0.33693281
0.076335967;0.067675889;0.34483793
0.076335967;0.067675889;0.34483793
0.076335967;0.067675889;0.34483793
0.076335967;0.067675889;0.33693281
0.078312255;0.067675889;0.34483793
0.076335967;0.067675889;0.33693281
0.078312255;0.067675889;0.33693281
0.076335967;0.067675889;0.33693281
0.076335967;0.067675889;0.34483793
0.076335967;0.067675889;0.34483793
0.078312255;0.067675889;0.34483793
0.078312255;0.069652177;0.34483793
0.076335967;0.067675889;0.34483793
0.076335967;0.067675889;0.34483793
0.076335967;0.067675889;0.34483793
0.078312255;0.067675889;0.34483793
0.078312255;0.069652177;0.34483793
0.076335967;0.067675889;0.33693281
0.076335967;0.067675889;0.33693281
0.078312255;0.067675889;0.34483793
0.076335967;0.067675889;0.33693281
0.076335967;0.067675889;0.34483793
0.076335967;0.067675889;0.34483793
0.078312255;0.069652177;0.34483793
0.076335967;0.067675889;0.34483793
0.076335967;0.067675889;0.34483793
0.076335967;0.067675889;0.34483793
0.076335967;0.067675889;0.33693281
0.076335967;0.067675889;0.34483793
0.078312255;0.067675889;0.34483793
0.076335967;0.067675889;0.33693281
0.076335967;0.069652177;0.34483793
0.078312255;0.069652177;0.34483793
0.076335967;0.067675889;0.33693281
0.074359685;0.067675889;0.34483793
0.074359685;0.067675889;0.34483793
0.076335967;0.067675889;0.33693281
0.074359685;0.067675889;0.33693281
0.074359685;0.067675889;0.34483793
0.074359685;0.067675889;0.34483793
0.072383396;0.067675889;0.34483793
0.074359685;0.067675889;0.34483793
0.074359685;0.067675889;0.33693281
0.074359685;0.067675889;0.33693281
0.074359685;0.069652177;0.34483793
0.072383396;0.069652177;0.34483793
0.074359685;0.067675889;0.34483793
0.072383396;0.067675889;0.34483793
0.072383396;0.069652177;0.33693281
0.072383396;0.067675889;0.33693281
0.072383396;0.067675889;0.34483793
0.072383396;0.069652177;0.34483793
0.072383396;0.069652177;0.34483793
0.072383396;0.069652177;0.33693281
0.072383396;0.069652177;0.33693281
0.074359685;0.069652177;0.34483793
0.072383396;0.069652177;0.34483793
0.072383396;0.069652177;0.34483793
0.070407115;0.067675889;0.34483793
0.070407115;0.067675889;0.34483793
0.072383396;0.069652177;0.33693281
0.070407115;0.069652177;0.34483793
0.070407115;0.069652177;0.33693281
0.070407115;0.069652177;0.34483793
0.070407115;0.069652177;0.33693281
0.070407115;0.069652177;0.34483793
0.068430834;0.069652177;0.33693281
0.070407115;0.069652177;0.34483793
0.068430834;0.069652177;0.34483793
0.066454545;0.069652177;0.34483793
0.068430834;0.069652177;0.34483793
0.068430834;0.069652177;0.35274309
0.066454545;0.069652177;0.34483793
0.066454545;0.069652177;0.33693281
0.066454545;0.069652177;0.34483793
0.066454545;0.069652177;0.34483793
0.064478263;0.069652177;0.34483793
0.064478263;0.069652177;0.33693281
0.066454545;0.069652177;0.33693281
0.066454545;0.069652177;0.34483793
0.064478263;0.069652177;0.34483793
0.066454545;0.069652177;0.33693281
0.064478263;0.071628459;0.34483793
0.064478263;0.069652177;0.34483793
0.064478263;0.069652177;0.34483793
0.064478263;0.069652177;0.34483793
0.062501974;0.069652177;0.33693281
0.062501974;0.069652177;0.33693281
0.064478263;0.069652177;0.34483793
0.062501974;0.067675889;0.34483793
0.062501974;0.069652177;0.34483793
0.060525693;0.069652177;0.34483793
0.060525693;0.069652177;0.34483793
0.060525693;0.067675889;0.34483793
0.060525693;0.069652177;0.33693281
0.058549408;0.069652177;0.34483793
0.058549408;0.069652177;0.33693281
0.058549408;0.067675889;0.34483793
0.058549408;0.069652177;0.34483793
0.058549408;0.067675889;0.34483793
0.056573123;0.067675889;0.34483793
0.056573123;0.069652177;0.35274309
0.056573123;0.069652177;0.34483793
0.054596838;0.069652177;0.34483793
0.056573123;0.067675889;0.34483793
0.054596838;0.069652177;0.34483793
0.054596838;0.069652177;0.33693281
0.054596838;0.069652177;0.33693281
0.054596838;0.069652177;0.34483793
0.054596838;0.069652177;0.34483793
0.054596838;0.069652177;0.33693281
0.054596838;0.067675889;0.34483793
0.052620552;0.067675889;0.33693281
0.052620552;0.069652177;0.34483793
0.052620552;0.069652177;0.34483793
0.050644267;0.067675889;0.34483793
0.050644267;0.069652177;0.34483793
0.050644267;0.069652177;0.33693281
0.050644267;0.069652177;0.34483793
0.048667986;0.069652177;0.33693281
0.050644267;0.069652177;0.33693281
0.048667986;0.069652177;0.34483793
0.046691701;0.069652177;0.33693281
0.046691701;0.067675889;0.33693281
0.044715416;0.067675889;0.33693281
0.046691701;0.069652177;0.34483793
0.046691701;0.067675889;0.34483793
0.046691701;0.069652177;0.33693281
0.044715416;0.069652177;0.34483793
0.044715416;0.069652177;0.33693281
0.044715416;0.069652177;0.34483793
0.044715416;0.069652177;0.33693281
0.042739131;0.069652177;0.34483793
0.042739131;0.069652177;0.33693281
0.042739131;0.069652177;0.34483793
0.042739131;0.067675889;0.33693281
0.040762845;0.067675889;0.34483793
0.040762845;0.069652177;0.34483793
0.03878656;0.069652177;0.34483793
0.040762845;0.069652177;0.34483793
0.040762845;0.069652177;0.33693281
0.03878656;0.069652177;0.34483793
0.03878656;0.069652177;0.34483793
0.03878656;0.067675889;0.34483793
0.036810275;0.067675889;0.33693281
0.036810275;0.067675889;0.33693281
0.036810275;0.069652177;0.34483793
0.036810275;0.067675889;0.33693281
0.034833994;0.069652177;0.33693281
0.034833994;0.067675889;0.34483793
0.034833994;0.069652177;0.34483793
0.032857709;0.067675889;0.34483793
0.032857709;0.067675889;0.34483793
0.032857709;0.067675889;0.34483793
0.030881424;0.067675889;0.34483793
0.032857709;0.069652177;0.34483793
0.030881424;0.067675889;0.34483793
0.028905138;0.067675889;0.34483793
0.028905138;0.067675889;0.34483793
0.028905138;0.069652177;0.34483793
0.028905138;0.067675889;0.33693281
0.028905138;0.067675889;0.34483793
0.028905138;0.067675889;0.33693281
0.028905138;0.067675889;0.34483793
0.026928853;0.069652177;0.34483793
0.026928853;0.067675889;0.33693281
0.02495257;0.067675889;0.33693281
0.02495257;0.069652177;0.34483793
0.02495257;0.069652177;0.34483793
0.022976285;0.067675889;0.34483793
0.022976285;0.067675889;0.34483793
0.022976285;0.067675889;0.34483793
0.022976285;0.069652177;0.34483793
0.022976285;0.067675889;0.33693281
0.022976285;0.067675889;0.34483793
0.021;0.067675889;0.33693281
0.021;0.065699607;0.34483793
0.021;0.067675889;0.34483793
0.019023715;0.067675889;0.34483793
0.019023715;0.067675889;0.34483793
0.017047431;0.067675889;0.34483793
0.019023715;0.067675889;0.34483793
0.019023715;0.069652177;0.33693281
0.017047431;0.067675889;0.33693281
0.017047431;0.067675889;0.34483793
0.017047431;0.067675889;0.34483793
0.017047431;0.069652177;0.33693281
0.015071146;0.067675889;0.34483793
0.013094862;0.067675889;0.34483793
0.015071146;0.067675889;0.33693281
0.013094862;0.067675889;0.34483793
0.013094862;0.067675889;0.34483793
0.013094862;0.069652177;0.33693281
0.011118577;0.067675889;0.34483793
0.011118577;0.067675889;0.34483793
0.011118577;0.067675889;0.33693281
0.011118577;0.067675889;0.33693281
0.011118577;0.067675889;0.34483793
0.0091422927;0.067675889;0.34483793
0.007166008;0.067675889;0.33693281
0.0091422927;0.067675889;0.34483793
0.007166008;0.069652177;0.34483793
0.007166008;0.067675889;0.33693281
0.007166008;0.067675889;0.34483793
0.0051897233;0.067675889;0.34483793
0.0051897233;0.067675889;0.34483793
0.0051897233;0.067675889;0.34483793
0.0051897233;0.067675889;0.33693281
0.0051897233;0.067675889;0.33693281
0.0032134387;0.067675889;0.33693281
0.0051897233;0.067675889;0.33693281
0.0032134387;0.067675889;0.34483793
0.0012371541;0.067675889;0.34483793
0.0012371541;0.067675889;0.34483793
0.0012371541;0.067675889;0.33693281
0.0012371541;0.067675889;0.34483793
-0.00073913042;0.067675889;0.34483793
-0.00073913042;0.067675889;0.33693281
-0.00073913042;0.065699607;0.34483793
-0.0027154151;0.067675889;0.33693281
-0.0027154151;0.067675889;0.33693281
-0.00073913042;0.067675889;0.34483793
-0.0027154151;0.067675889;0.33693281
-0.0027154151;0.067675889;0.34483793
-0.0046916995;0.067675889;0.33693281
-0.0027154151;0.067675889;0.34483793
-0.0046916995;0.065699607;0.33693281
-0.0066679842;0.065699607;0.33693281
-0.0066679842;0.067675889;0.34483793
-0.0066679842;0.065699607;0.34483793
-0.0066679842;0.065699607;0.33693281
-0.0066679842;0.065699607;0.34483793
-0.0086442688;0.067675889;0.33693281
-0.0066679842;0.067675889;0.34483793
-0.0086442688;0.065699607;0.33693281
-0.0086442688;0.065699607;0.34483793
-0.0086442688;0.067675889;0.34483793
-0.010620553;0.065699607;0.34483793
-0.010620553;0.067675889;0.34483793
-0.0086442688;0.067675889;0.34483793
-0.010620553;0.065699607;0.34483793
-0.010620553;0.065699607;0.34483793
-0.012596838;0.065699607;0.33693281
-0.012596838;0.065699607;0.34483793
-0.012596838;0.067675889;0.33693281
-0.014573122;0.067675889;0.33693281
-0.012596838;0.065699607;0.34483793
-0.012596838;0.067675889;0.33693281
-0.012596838;0.065699607;0.33693281
-0.012596838;0.065699607;0.33693281
-0.014573122;0.065699607;0.34483793
-0.014573122;0.063723318;0.33693281
-0.016549407;0.065699607;0.34483793
-0.016549407;0.065699607;0.34483793
-0.016549407;0.063723318;0.34483793
-0.016549407;0.065699607;0.33693281
-0.016549407;0.065699607;0.34483793
-0.016549407;0.067675889;0.33693281
-0.018525692;0.065699607;0.34483793
-0.016549407;0.065699607;0.34483793
-0.018525692;0.063723318;0.34483793
-0.018525692;0.065699607;0.33693281
-0.018525692;0.065699607;0.34483793
-0.018525692;0.065699607;0.33693281
-0.018525692;0.063723318;0.34483793
-0.018525692;0.063723318;0.33693281
-0.020501977;0.063723318;0.33693281
-0.020501977;0.065699607;0.34483793
-0.020501977;0.065699607;0.34483793
-0.020501977;0.065699607;0.34483793
-0.02247826;0.065699607;0.34483793
-0.02247826;0.065699607;0.34483793
-0.020501977;0.065699607;0.34483793
-0.02247826;0.063723318;0.33693281
-0.02247826;0.063723318;0.33693281
-0.02247826;0.065699607;0.34483793
-0.02247826;0.065699607;0.33693281
-0.02247826;0.065699607;0.34483793
-0.02247826;0.063723318;0.33693281
-0.024454545;0.063723318;0.33693281
-0.024454545;0.063723318;0.34483793
-0.024454545;0.065699607;0.33693281
-0.02643083;0.063723318;0.34483793
-0.024454545;0.063723318;0.34483793
-0.02643083;0.063723318;0.33693281
-0.02643083;0.063723318;0.34483793
-0.02643083;0.065699607;0.34483793
-0.028407115;0.063723318;0.33693281
-0.02643083;0.063723318;0.33693281
-0.028407115;0.063723318;0.34483793
-0.02643083;0.063723318;0.33693281
-0.028407115;0.061747037;0.33693281
-0.02643083;0.063723318;0.34483793
-0.02643083;0.063723318;0.33693281
-0.028407115;0.063723318;0.34483793
-0.028407115;0.063723318;0.34483793
-0.028407115;0.065699607;0.34483793
-0.028407115;0.063723318;0.34483793
-0.028407115;0.061747037;0.34483793
-0.028407115;0.063723318;0.34483793
-0.030383399;0.063723318;0.33693281
-0.028407115;0.063723318;0.34483793
-0.028407115;0.061747037;0.34483793
-0.030383399;0.063723318;0.33693281
-0.030383399;0.063723318;0.34483793
-0.028407115;0.063723318;0.33693281
-0.030383399;0.061747037;0.34483793
-0.028407115;0.061747037;0.34483793
-0.028407115;0.061747037;0.34483793
-0.030383399;0.063723318;0.34483793
-0.030383399;0.061747037;0.34483793
-0.030383399;0.061747037;0.34483793
-0.030383399;0.061747037;0.34483793
-0.032359682;0.061747037;0.34483793
-0.030383399;0.061747037;0.34483793
-0.032359682;0.061747037;0.34483793
-0.032359682;0.061747037;0.34483793
-0.030383399;0.061747037;0.34483793
-0.030383399;0.061747037;0.34483793
-0.030383399;0.061747037;0.34483793
-0.032359682;0.061747037;0.34483793
-0.030383399;0.061747037;0.34483793
-0.030383399;0.061747037;0.33693281
-0.032359682;0.061747037;0.34483793
-0.032359682;0.061747037;0.34483793
-0.032359682;0.061747037;0.34483793
-0.032359682;0.061747037;0.34483793
-0.032359682;0.061747037;0.34483793
-0.030383399;0.059770752;0.33693281
-0.032359682;0.061747037;0.34483793
-0.032359682;0.061747037;0.34483793
-0.030383399;0.061747037;0.34483793
-0.030383399;0.061747037;0.34483793
-0.030383399;0.059770752;0.34483793
-0.032359682;0.059770752;0.34483793
-0.032359682;0.059770752;0.33693281
-0.032359682;0.061747037;0.33693281
-0.032359682;0.059770752;0.34483793
-0.032359682;0.061747037;0.33693281
-0.032359682;0.059770752;0.34483793
-0.032359682;0.061747037;0.34483793
-0.032359682;0.059770752;0.34483793
-0.032359682;0.059770752;0.34483793
-0.030383399;0.059770752;0.34483793
-0.032359682;0.059770752;0.34483793
-0.032359682;0.059770752;0.34483793
-0.032359682;0.059770752;0.34483793
-0.032359682;0.059770752;0.34483793
-0.030383399;0.061747037;0.34483793
-0.030383399;0.059770752;0.33693281
-0.030383399;0.059770752;0.34483793
-0.030383399;0.059770752;0.33693281
-0.030383399;0.059770752;0.34483793
-0.030383399;0.059770752;0.34483793
-0.030383399;0.059770752;0.34483793
-0.028407115;0.059770752;0.33693281
-0.030383399;0.059770752;0.34483793
-0.030383399;0.059770752;0.34483793
-0.030383399;0.059770752;0.33693281
-0.028407115;0.059770752;0.34483793
-0.028407115;0.059770752;0.33693281
-0.030383399;0.057794467;0.34483793
-0.028407115;0.057794467;0.33693281
-0.030383399;0.057794467;0.34483793
-0.028407115;0.057794467;0.34483793
-0.028407115;0.057794467;0.34483793
-0.028407115;0.059770752;0.33693281
-0.028407115;0.059770752;0.34483793
-0.028407115;0.057794467;0.34483793
-0.02643083;0.057794467;0.33693281
-0.028407115;0.059770752;0.33693281
-0.02643083;0.059770752;0.34483793
-0.028407115;0.057794467;0.33693281
-0.02643083;0.057794467;0.34483793
-0.028407115;0.057794467;0.34483793
-0.028407115;0.055818181;0.34483793
-0.02643083;0.057794467;0.34483793
-0.024454545;0.057794467;0.33693281
-0.02643083;0.057794467;0.34483793
-0.02643083;0.057794467;0.34483793
-0.02643083;0.057794467;0.34483793
-0.024454545;0.057794467;0.34483793
-0.024454545;0.055818181;0.34483793
-0.024454545;0.055818181;0.34483793
-0.024454545;0.055818181;0.33693281
-0.024454545;0.055818181;0.34483793
-0.024454545;0.057794467;0.34483793
-0.024454545;0.057794467;0.34483793
-0.024454545;0.055818181;0.34483793
-0.024454545;0.057794467;0.34483793
-0.020501977;0.055818181;0.34483793
-0.02247826;0.055818181;0.33693281
-0.02247826;0.055818181;0.34483793
-0.02247826;0.055818181;0.33693281
-0.02247826;0.055818181;0.34483793
-0.020501977;0.055818181;0.34483793
-0.020501977;0.057794467;0.33693281
-0.020501977;0.055818181;0.33693281
-0.020501977;0.053841896;0.34483793
-0.020501977;0.053841896;0.33693281
-0.020501977;0.055818181;0.33693281
-0.018525692;0.055818181;0.33693281
-0.020501977;0.055818181;0.34483793
-0.018525692;0.055818181;0.34483793
-0.018525692;0.055818181;0.33693281
-0.018525692;0.055818181;0.33693281
-0.016549407;0.053841896;0.33693281
-0.016549407;0.053841896;0.33693281
-0.016549407;0.053841896;0.34483793
-0.016549407;0.053841896;0.34483793
-0.016549407;0.053841896;0.34483793
-0.014573122;0.053841896;0.34483793
-0.014573122;0.053841896;0.34483793
-0.014573122;0.053841896;0.34483793
-0.014573122;0.053841896;0.34483793
-0.012596838;0.053841896;0.34483793
-0.014573122;0.053841896;0.33693281
-0.012596838;0.053841896;0.34483793
-0.014573122;0.051865611;0.34483793
-0.012596838;0.053841896;0.34483793
-0.010620553;0.051865611;0.34483793
-0.012596838;0.053841896;0.33693281
-0.010620553;0.053841896;0.34483793
-0.010620553;0.053841896;0.34483793
-0.010620553;0.051865611;0.34483793
-0.010620553;0.051865611;0.34483793
-0.0086442688;0.055818181;0.34483793
-0.0086442688;0.053841896;0.33693281
-0.0086442688;0.051865611;0.33693281
-0.0086442688;0.053841896;0.33693281
-0.0066679842;0.051865611;0.33693281
-0.0086442688;0.051865611;0.33693281
-0.0066679842;0.051865611;0.33693281
-0.0066679842;0.051865611;0.34483793
-0.0066679842;0.051865611;0.34483793
-0.0046916995;0.051865611;0.33693281
-0.0046916995;0.051865611;0.33693281
-0.0046916995;0.051865611;0.34483793
-0.0027154151;0.051865611;0.33693281
-0.0046916995;0.051865611;0.34483793
-0.0027154151;0.04988933;0.34483793
-0.0027154151;0.051865611;0.34483793
-0.0027154151;0.04988933;0.34483793
-0.0027154151;0.051865611;0.34483793
-0.00073913042;0.051865611;0.33693281
-0.00073913042;0.051865611;0.34483793
-0.00073913042;0.04988933;0.34483793
-0.00073913042;0.051865611;0.33693281
-0.00073913042;0.051865611;0.34483793
0.0012371541;0.051865611;0.34483793
0.0012371541;0.051865611;0.34483793
0.0012371541;0.051865611;0.34483793
0.0032134387;0.051865611;0.34483793
0.0032134387;0.051865611;0.34483793
0.0032134387;0.04988933;0.33693281
0.0051897233;0.04988933;0.33693281
0.0032134387;0.04988933;0.33693281
0.0051897233;0.047913045;0.33693281
0.0051897233;0.04988933;0.34483793
0.007166008;0.04988933;0.33693281
0.0051897233;0.04988933;0.33693281
0.007166008;0.04988933;0.34483793
0.007166008;0.04988933;0.33693281
0.007166008;0.04988933;0.33693281
0.0091422927;0.04988933;0.34483793
0.0091422927;0.04988933;0.34483793
0.0091422927;0.04988933;0.33693281
0.0091422927;0.047913045;0.33693281
0.011118577;0.04988933;0.33693281
0.011118577;0.04988933;0.33693281
0.013094862;0.04988933;0.34483793
0.011118577;0.04988933;0.34483793
0.011118577;0.04988933;0.34483793
0.013094862;0.047913045;0.34483793
0.013094862;0.047913045;0.33693281
0.015071146;0.047913045;0.34483793
0.015071146;0.047913045;0.34483793
0.017047431;0.047913045;0.34483793
0.015071146;0.047913045;0.34483793
0.015071146;0.047913045;0.33693281
0.017047431;0.047913045;0.33693281
0.017047431;0.047913045;0.33693281
0.019023715;0.047913045;0.34483793
0.019023715;0.047913045;0.34483793
0.019023715;0.047913045;0.34483793
0.021;0.04593676;0.34483793
0.019023715;0.047913045;0.34483793
0.019023715;0.047913045;0.34483793
0.021;0.047913045;0.33693281
0.021;0.04593676;0.34483793
0.021;0.047913045;0.33693281
0.021;0.04593676;0.34483793
0.022976285;0.047913045;0.34483793
0.022976285;0.047913045;0.33693281
0.02495257;0.04593676;0.33693281
0.02495257;0.047913045;0.34483793
0.02495257;0.047913045;0.34483793
0.026928853;0.047913045;0.34483793
0.026928853;0.047913045;0.34483793
0.026928853;0.047913045;0.34483793
0.026928853;0.047913045;0.34483793
0.026928853;0.043960474;0.34483793
0.028905138;0.04593676;0.34483793
0.030881424;0.04593676;0.33693281
0.028905138;0.047913045;0.34483793
0.028905138;0.04593676;0.34483793
0.030881424;0.04593676;0.34483793
0.028905138;0.04593676;0.34483793
0.030881424;0.04593676;0.34483793
0.030881424;0.04593676;0.34483793
0.030881424;0.04593676;0.33693281
0.034833994;0.04593676;0.33693281
0.032857709;0.04593676;0.34483793
0.034833994;0.04593676;0.34483793
0.034833994;0.043960474;0.34483793
0.034833994;0.04593676;0.34483793
0.034833994;0.041984189;0.34483793
0.034833994;0.04593676;0.34483793
0.036810275;0.043960474;0.34483793
0.03878656;0.043960474;0.34483793
0.03878656;0.043960474;0.34483793
0.03878656;0.043960474;0.33693281
0.03878656;0.043960474;0.33693281
0.03878656;0.043960474;0.33693281
0.03878656;0.04593676;0.34483793
0.03878656;0.043960474;0.34483793
0.040762845;0.043960474;0.34483793
0.040762845;0.04593676;0.34483793
0.042739131;0.043960474;0.33693281
0.042739131;0.043960474;0.33693281
0.042739131;0.043960474;0.33693281
0.042739131;0.041984189;0.33693281
0.042739131;0.043960474;0.34483793
0.044715416;0.041984189;0.34483793
0.044715416;0.043960474;0.34483793
0.044715416;0.041984189;0.34483793
0.044715416;0.041984189;0.34483793
0.046691701;0.043960474;0.34483793
0.046691701;0.041984189;0.34483793
0.046691701;0.041984189;0.34483793
0.046691701;0.041984189;0.34483793
0.046691701;0.041984189;0.34483793
0.046691701;0.041984189;0.34483793
0.048667986;0.041984189;0.34483793
0.048667986;0.041984189;0.33693281
0.050644267;0.041984189;0.33693281
0.050644267;0.041984189;0.34483793
0.050644267;0.041984189;0.34483793
0.052620552;0.040007904;0.34483793
0.050644267;0.041984189;0.34483793
0.052620552;0.041984189;0.33693281
0.052620552;0.040007904;0.33693281
0.052620552;0.041984189;0.34483793
0.052620552;0.041984189;0.34483793
0.054596838;0.041984189;0.34483793
0.054596838;0.041984189;0.34483793
0.054596838;0.040007904;0.34483793
0.056573123;0.040007904;0.34483793
0.056573123;0.040007904;0.33693281
0.056573123;0.041984189;0.33693281
0.056573123;0.040007904;0.34483793
0.056573123;0.040007904;0.34483793
0.056573123;0.040007904;0.34483793
0.056573123;0.040007904;0.33693281
0.058549408;0.040007904;0.33693281
0.058549408;0.040007904;0.34483793
0.058549408;0.040007904;0.34483793
0.058549408;0.040007904;0.34483793
0.058549408;0.038031619;0.34483793
0.060525693;0.040007904;0.34483793
0.060525693;0.040007904;0.34483793
0.060525693;0.038031619;0.34483793
0.060525693;0.038031619;0.34483793
0.060525693;0.038031619;0.34483793
0.060525693;0.038031619;0.34483793
0.062501974;0.038031619;0.34483793
0.062501974;0.040007904;0.34483793
0.062501974;0.038031619;0.34483793
0.064478263;0.038031619;0.33693281
0.064478263;0.038031619;0.34483793
0.064478263;0.038031619;0.33693281
0.064478263;0.038031619;0.33693281
0.062501974;0.038031619;0.34483793
0.064478263;0.036055338;0.34483793
0.064478263;0.038031619;0.34483793
0.066454545;0.038031619;0.34483793
0.066454545;0.038031619;0.33693281
0.066454545;0.038031619;0.35274309
0.066454545;0.036055338;0.34483793
0.066454545;0.036055338;0.34483793
0.068430834;0.038031619;0.33693281
0.068430834;0.036055338;0.34483793
0.066454545;0.038031619;0.34483793
0.068430834;0.036055338;0.33693281
0.068430834;0.036055338;0.34483793
0.068430834;0.036055338;0.33693281
0.068430834;0.036055338;0.34483793
0.070407115;0.036055338;0.33693281
0.068430834;0.036055338;0.33693281
0.070407115;0.036055338;0.33693281
0.070407115;0.036055338;0.34483793
0.070407115;0.036055338;0.33693281
0.070407115;0.036055338;0.33693281
0.070407115;0.036055338;0.34483793
0.072383396;0.036055338;0.34483793
0.072383396;0.036055338;0.34483793
0.072383396;0.034079053;0.33693281
0.072383396;0.036055338;0.33693281
0.074359685;0.034079053;0.34483793
0.072383396;0.034079053;0.34483793
0.072383396;0.034079053;0.33693281
0.072383396;0.036055338;0.33693281
0.074359685;0.034079053;0.34483793
0.072383396;0.034079053;0.34483793
0.074359685;0.034079053;0.34483793
0.074359685;0.034079053;0.34483793
0.074359685;0.034079053;0.34483793
0.072383396;0.034079053;0.34483793
0.074359685;0.034079053;0.34483793
0.074359685;0.034079053;0.34483793
0.074359685;0.034079053;0.34483793
0.076335967;0.034079053;0.33693281
0.074359685;0.034079053;0.34483793
0.074359685;0.034079053;0.34483793
0.074359685;0.032102767;0.34483793
0.074359685;0.034079053;0.34483793
0.076335967;0.034079053;0.33693281
0.076335967;0.032102767;0.34483793
0.074359685;0.034079053;0.33693281
0.076335967;0.034079053;0.34483793
0.076335967;0.032102767;0.34483793
0.074359685;0.032102767;0.33693281
0.076335967;0.032102767;0.34483793
0.076335967;0.032102767;0.33693281
0.076335967;0.032102767;0.34483793
0.076335967;0.032102767;0.34483793
0.076335967;0.032102767;0.33693281
0.076335967;0.032102767;0.33693281
0.076335967;0.032102767;0.34483793
0.076335967;0.032102767;0.33693281
0.076335967;0.032102767;0.33693281
0.076335967;0.032102767;0.33693281
0.078312255;0.032102767;0.34483793
0.076335967;0.032102767;0.34483793
0.078312255;0.030126482;0.34483793
0.076335967;0.032102767;0.34483793
0.078312255;0.030126482;0.34483793
0.078312255;0.030126482;0.34483793
0.076335967;0.030126482;0.34483793
0.076335967;0.032102767;0.34483793
0.078312255;0.030126482;0.34483793
0.076335967;0.030126482;0.33693281
0.076335967;0.030126482;0.34483793
0.078312255;0.030126482;0.34483793
0.078312255;0.030126482;0.34483793
0.076335967;0.030126482;0.34483793
0.078312255;0.028150197;0.34483793
0.076335967;0.030126482;0.34483793
0.076335967;0.030126482;0.34483793
0.078312255;0.030126482;0.33693281
0.076335967;0.028150197;0.33693281
0.078312255;0.028150197;0.34483793
0.076335967;0.028150197;0.33693281
0.076335967;0.028150197;0.33693281
0.076335967;0.028150197;0.34483793
0.076335967;0.028150197;0.34483793
0.076335967;0.028150197;0.34483793
0.076335967;0.028150197;0.34483793
0.074359685;0.028150197;0.34483793
0.076335967;0.028150197;0.34483793
0.076335967;0.026173914;0.32902768
0.076335967;0.028150197;0.34483793
0.076335967;0.028150197;0.33693281
0.074359685;0.026173914;0.33693281
0.076335967;0.026173914;0.33693281
0.074359685;0.028150197;0.34483793
0.076335967;0.026173914;0.34483793
0.072383396;0.026173914;0.34483793
0.074359685;0.028150197;0.34483793
0.074359685;0.026173914;0.34483793
0.074359685;0.026173914;0.33693281
0.072383396;0.026173914;0.34483793
0.074359685;0.026173914;0.34483793
0.072383396;0.026173914;0.33693281
0.074359685;0.026173914;0.34483793
0.074359685;0.026173914;0.34483793
0.074359685;0.024197629;0.33693281
0.072383396;0.026173914;0.33693281
0.072383396;0.026173914;0.34483793
0.072383396;0.026173914;0.34483793
0.070407115;0.026173914;0.34483793
0.072383396;0.024197629;0.33693281
0.072383396;0.026173914;0.33693281
0.072383396;0.026173914;0.33693281
0.070407115;0.024197629;0.33693281
0.070407115;0.024197629;0.33693281
0.072383396;0.026173914;0.34483793
0.070407115;0.024197629;0.34483793
0.070407115;0.026173914;0.34483793
0.070407115;0.024197629;0.34483793
0.068430834;0.024197629;0.34483793
0.068430834;0.024197629;0.34483793
0.068430834;0.024197629;0.34483793
0.070407115;0.022221344;0.33693281
0.068430834;0.024197629;0.34483793
0.066454545;0.022221344;0.33693281
0.068430834;0.024197629;0.34483793
0.066454545;0.022221344;0.34483793
0.066454545;0.024197629;0.33693281
0.066454545;0.024197629;0.34483793
0.066454545;0.024197629;0.34483793
0.066454545;0.022221344;0.34483793
0.066454545;0.022221344;0.34483793
0.064478263;0.022221344;0.33693281
0.066454545;0.022221344;0.33693281
0.064478263;0.024197629;0.34483793
0.064478263;0.022221344;0.34483793
0.064478263;0.022221344;0.34483793
0.064478263;0.022221344;0.34483793
0.062501974;0.022221344;0.34483793
0.064478263;0.020245058;0.34483793
0.062501974;0.022221344;0.34483793
0.062501974;0.020245058;0.33693281
0.062501974;0.022221344;0.33693281
0.062501974;0.022221344;0.34483793
0.060525693;0.020245058;0.34483793
0.062501974;0.020245058;0.33693281
0.060525693;0.020245058;0.34483793
0.060525693;0.020245058;0.33693281
0.060525693;0.020245058;0.34483793
0.060525693;0.020245058;0.34483793
0.058549408;0.020245058;0.33693281
0.058549408;0.020245058;0.33693281
0.058549408;0.018268775;0.34483793
0.058549408;0.020245058;0.34483793
0.058549408;0.020245058;0.34483793
0.058549408;0.020245058;0.34483793
0.056573123;0.018268775;0.34483793
0.056573123;0.020245058;0.34483793
0.056573123;0.018268775;0.34483793
0.054596838;0.018268775;0.34483793
0.056573123;0.020245058;0.34483793
0.054596838;0.018268775;0.34483793
0.054596838;0.020245058;0.34483793
0.054596838;0.018268775;0.34483793
0.052620552;0.020245058;0.33693281
0.054596838;0.020245058;0.33693281
0.052620552;0.018268775;0.33693281
0.052620552;0.020245058;0.34483793
0.052620552;0.018268775;0.33693281
0.050644267;0.018268775;0.34483793
0.050644267;0.018268775;0.34483793
0.050644267;0.018268775;0.34483793
0.050644267;0.018268775;0.34483793
0.048667986;0.018268775;0.34483793
0.048667986;0.018268775;0.34483793
0.046691701;0.018268775;0.34483793
0.046691701;0.01629249;0.33693281
0.048667986;0.01629249;0.34483793
0.046691701;0.01629249;0.33693281
0.046691701;0.018268775;0.33693281
0.048667986;0.018268775;0.34483793
0.044715416;0.01629249;0.34483793
0.044715416;0.018268775;0.34483793
0.044715416;0.01629249;0.34483793
0.044715416;0.01629249;0.34483793
0.044715416;0.01629249;0.34483793
0.042739131;0.01629249;0.34483793
0.042739131;0.01629249;0.33693281
0.042739131;0.01629249;0.34483793
0.040762845;0.014316206;0.34483793
0.040762845;0.01629249;0.34483793
0.040762845;0.014316206;0.33693281
0.040762845;0.01629249;0.34483793
0.040762845;0.014316206;0.33693281
0.03878656;0.014316206;0.34483793
0.03878656;0.014316206;0.33693281
0.03878656;0.014316206;0.34483793
0.036810275;0.014316206;0.34483793
0.036810275;0.014316206;0.33693281
0.036810275;0.014316206;0.34483793
0.036810275;0.014316206;0.33693281
0.036810275;0.014316206;0.33693281
0.034833994;0.014316206;0.34483793
0.034833994;0.014316206;0.34483793
0.034833994;0.012339921;0.33693281
0.034833994;0.012339921;0.34483793
0.032857709;0.012339921;0.34483793
0.032857709;0.014316206;0.33693281
0.030881424;0.014316206;0.34483793
0.032857709;0.012339921;0.34483793
0.032857709;0.012339921;0.34483793
0.030881424;0.012339921;0.33693281
0.028905138;0.012339921;0.33693281
0.030881424;0.012339921;0.34483793
0.028905138;0.012339921;0.34483793
0.028905138;0.012339921;0.34483793
0.026928853;0.012339921;0.33693281
0.028905138;0.012339921;0.34483793
0.028905138;0.012339921;0.33693281
0.02495257;0.012339921;0.34483793
0.02495257;0.010363637;0.33693281
0.02495257;0.012339921;0.33693281
0.022976285;0.012339921;0.33693281
0.02495257;0.012339921;0.34483793
0.022976285;0.010363637;0.33693281
0.022976285;0.012339921;0.34483793
0.022976285;0.010363637;0.34483793
0.022976285;0.012339921;0.33693281
0.022976285;0.012339921;0.33693281
0.022976285;0.010363637;0.34483793
0.021;0.010363637;0.34483793
0.019023715;0.010363637;0.33693281
0.019023715;0.010363637;0.34483793
0.021;0.010363637;0.34483793
0.017047431;0.010363637;0.34483793
0.017047431;0.010363637;0.34483793
0.017047431;0.010363637;0.34483793
0.017047431;0.010363637;0.33693281
0.017047431;0.010363637;0.33693281
0.017047431;0.010363637;0.33693281
0.017047431;0.010363637;0.34483793
0.015071146;0.010363637;0.33693281
0.015071146;0.010363637;0.34483793
0.015071146;0.010363637;0.33693281
0.013094862;0.0083873514;0.33693281
0.011118577;0.010363637;0.33693281
0.013094862;0.010363637;0.35274309
0.013094862;0.0083873514;0.33693281
0.011118577;0.0083873514;0.34483793
0.011118577;0.0083873514;0.34483793
0.011118577;0.0083873514;0.34483793
0.0091422927;0.0083873514;0.34483793
0.0091422927;0.0083873514;0.33693281
0.0091422927;0.0083873514;0.34483793
0.0091422927;0.0083873514;0.33693281
0.007166008;0.0083873514;0.34483793
0.007166008;0.0064110672;0.33693281
0.007166008;0.0083873514;0.33693281
0.007166008;0.0083873514;0.33693281
0.0051897233;0.0083873514;0.35274309
0.0051897233;0.0083873514;0.33693281
0.007166008;0.0064110672;0.33693281
0.0032134387;0.0083873514;0.34483793
0.0012371541;0.0064110672;0.33693281
-0.00073913042;0.0083873514;0.34483793
0.0032134387;0.0064110672;0.33693281
0.0012371541;0.0064110672;0.34483793
0.0012371541;0.0064110672;0.34483793
0.0012371541;0.0064110672;0.34483793
-0.00073913042;0.0064110672;0.33693281
-0.00073913042;0.0044347825;0.34483793
-0.00073913042;0.0064110672;0.34483793
-0.00073913042;0.0044347825;0.33693281
-0.00073913042;0.0044347825;0.34483793
-0.0027154151;0.0044347825;0.34483793
-0.0027154151;0.0044347825;0.33693281
-0.0027154151;0.0064110672;0.33693281
-0.0046916995;0.0044347825;0.34483793
-0.0046916995;0.0044347825;0.34483793
-0.0046916995;0.0044347825;0.33693281
-0.0066679842;0.0044347825;0.33693281
-0.0066679842;0.0044347825;0.33693281
-0.0066679842;0.0044347825;0.34483793
-0.0066679842;0.0044347825;0.34483793
-0.0066679842;0.0044347825;0.34483793
-0.0066679842;0.0044347825;0.34483793
-0.0086442688;0.0044347825;0.34483793
-0.0066679842;0.0044347825;0.34483793
-0.0086442688;0.0044347825;0.34483793
-0.010620553;0.0024584981;0.34483793
-0.010620553;0.0024584981;0.33693281
-0.010620553;0.0044347825;0.34483793
-0.010620553;0.0044347825;0.34483793
-0.010620553;0.0044347825;0.33693281
-0.010620553;0.0024584981;0.33693281
-0.010620553;0.0024584981;0.34483793
-0.010620553;0.0024584981;0.34483793
-0.012596838;0.0024584981;0.33693281
-0.012596838;0.0024584981;0.33693281
-0.012596838;0.0024584981;0.33693281
-0.012596838;0.0024584981;0.33693281
-0.012596838;0.0024584981;0.33693281
-0.012596838;0.0024584981;0.34483793
-0.014573122;0.0024584981;0.34483793
-0.014573122;0.00048221345;0.33693281
-0.014573122;0.00048221345;0.34483793
-0.014573122;0.0024584981;0.34483793
-0.016549407;0.00048221345;0.34483793
-0.016549407;0.0024584981;0.33693281
-0.016549407;0.0024584981;0.34483793
-0.016549407;0.0024584981;0.33693281
-0.016549407;0.00048221345;0.34483793
-0.016549407;0.0024584981;0.34483793
-0.018525692;0.00048221345;0.33693281
-0.018525692;0.00048221345;0.33693281
-0.018525692;0.00048221345;0.34483793
-0.018525692;0.00048221345;0.34483793
-0.018525692;0.00048221345;0.33693281
-0.020501977;0.00048221345;0.34483793
-0.020501977;0.00048221345;0.33693281
-0.020501977;-0.0014940711;0.34483793
-0.02247826;0.00048221345;0.34483793
-0.02247826;-0.0014940711;0.34483793
-0.02247826;0.00048221345;0.34483793
-0.02247826;0.00048221345;0.34483793
-0.02247826;0.00048221345;0.34483793
-0.02247826;-0.0014940711;0.34483793
-0.02247826;0.00048221345;0.34483793
-0.02247826;0.00048221345;0.34483793
-0.02247826;0.00048221345;0.33693281
-0.02247826;0.00048221345;0.33693281
-0.024454545;-0.0014940711;0.33693281
-0.024454545;-0.0014940711;0.33693281
-0.02247826;-0.0014940711;0.33693281
-0.024454545;-0.0014940711;0.33693281
-0.02643083;-0.0014940711;0.33693281
-0.02643083;-0.0014940711;0.34483793
-0.02643083;0.00048221345;0.33693281
-0.024454545;-0.0034703556;0.34483793
-0.02643083;-0.0014940711;0.33693281
-0.02643083;-0.0034703556;0.33693281
-0.028407115;-0.0014940711;0.34483793
-0.02643083;-0.0034703556;0.34483793
-0.028407115;-0.0034703556;0.34483793
-0.028407115;-0.0014940711;0.34483793
-0.02643083;-0.0014940711;0.33693281
-0.02643083;-0.0034703556;0.33693281
-0.02643083;-0.0034703556;0.33693281
-0.028407115;-0.0014940711;0.34483793
-0.030383399;-0.0034703556;0.34483793
-0.028407115;-0.0034703556;0.34483793
-0.030383399;-0.0034703556;0.34483793
-0.028407115;-0.0034703556;0.34483793
-0.030383399;-0.0034703556;0.34483793
-0.028407115;-0.0034703556;0.33693281
-0.030383399;-0.0034703556;0.34483793
-0.028407115;-0.0034703556;0.34483793
-0.028407115;-0.0034703556;0.34483793
-0.030383399;-0.0014940711;0.34483793
-0.030383399;-0.0034703556;0.34483793
-0.030383399;-0.0054466403;0.34483793
-0.030383399;-0.0034703556;0.34483793
-0.030383399;-0.0034703556;0.34483793
-0.030383399;-0.0054466403;0.34483793
-0.030383399;-0.0034703556;0.32902768
-0.028407115;-0.0054466403;0.33693281
-0.030383399;-0.0054466403;0.34483793
-0.030383399;-0.0054466403;0.34483793
-0.030383399;-0.0054466403;0.34483793
-0.030383399;-0.0054466403;0.34483793
-0.030383399;-0.0054466403;0.34483793
-0.032359682;-0.0054466403;0.34483793
-0.032359682;-0.0054466403;0.34483793
-0.030383399;-0.0054466403;0.33693281
-0.030383399;-0.0054466403;0.34483793
-0.032359682;-0.0054466403;0.34483793
-0.032359682;-0.0054466403;0.34483793
-0.032359682;-0.0054466403;0.34483793
-0.030383399;-0.0054466403;0.34483793
-0.032359682;-0.0054466403;0.34483793
-0.032359682;-0.0054466403;0.34483793
-0.030383399;-0.0054466403;0.34483793
-0.032359682;-0.0054466403;0.34483793
-0.032359682;-0.0054466403;0.34483793
-0.030383399;-0.0054466403;0.34483793
-0.030383399;-0.0054466403;0.34483793
-0.030383399;-0.0054466403;0.33693281
-0.032359682;-0.007422925;0.34483793
-0.032359682;-0.0054466403;0.33693281
-0.030383399;-0.007422925;0.34483793
-0.032359682;-0.007422925;0.34483793
-0.030383399;-0.0054466403;0.34483793
-0.032359682;-0.0054466403;0.34483793
-0.030383399;-0.007422925;0.33693281
-0.032359682;-0.007422925;0.35274309
-0.032359682;-0.007422925;0.34483793
-0.032359682;-0.007422925;0.34483793
-0.032359682;-0.007422925;0.34483793
-0.030383399;-0.007422925;0.33693281
-0.030383399;-0.007422925;0.34483793
-0.030383399;-0.007422925;0.34483793
-0.032359682;-0.007422925;0.33693281
-0.030383399;-0.007422925;0.33693281
-0.030383399;-0.007422925;0.33693281
-0.030383399;-0.007422925;0.35274309
-0.028407115;-0.0093992092;0.33693281
-0.030383399;-0.007422925;0.33693281
-0.030383399;-0.0093992092;0.34483793
-0.030383399;-0.007422925;0.34483793
-0.028407115;-0.007422925;0.34483793
-0.030383399;-0.0093992092;0.34483793
-0.028407115;-0.0093992092;0.34483793
-0.028407115;-0.0093992092;0.33693281
-0.028407115;-0.0093992092;0.34483793
-0.028407115;-0.0093992092;0.34483793
-0.028407115;-0.0093992092;0.33693281
-0.028407115;-0.0093992092;0.34483793
-0.028407115;-0.0093992092;0.34483793
-0.028407115;-0.0093992092;0.34483793
-0.02643083;-0.0093992092;0.33693281
-0.028407115;-0.0093992092;0.34483793
-0.028407115;-0.0093992092;0.34483793
-0.028407115;-0.0093992092;0.33693281
-0.02643083;-0.0093992092;0.33693281
-0.02643083;-0.0093992092;0.34483793
-0.028407115;-0.011375494;0.34483793
-0.02643083;-0.011375494;0.34483793
-0.02643083;-0.0093992092;0.34483793
-0.02643083;-0.011375494;0.34483793
-0.02643083;-0.011375494;0.34483793
-0.024454545;-0.011375494;0.34483793
-0.024454545;-0.011375494;0.33693281
-0.024454545;-0.011375494;0.34483793
-0.024454545;-0.011375494;0.34483793
-0.024454545;-0.0093992092;0.34483793
-0.024454545;-0.0093992092;0.34483793
-0.024454545;-0.011375494;0.33693281
-0.024454545;-0.011375494;0.34483793
-0.02247826;-0.011375494;0.33693281
-0.02247826;-0.011375494;0.34483793
-0.02247826;-0.0093992092;0.33693281
-0.02247826;-0.011375494;0.34483793
-0.02247826;-0.011375494;0.34483793
-0.020501977;-0.011375494;0.34483793
-0.02247826;-0.011375494;0.34483793
-0.02247826;-0.011375494;0.34483793
-0.020501977;-0.011375494;0.33693281
-0.018525692;-0.011375494;0.34483793
-0.02247826;-0.011375494;0.33693281
-0.020501977;-0.011375494;0.34483793
-0.018525692;-0.011375494;0.34483793
-0.020501977;-0.011375494;0.34483793
-0.020501977;-0.011375494;0.33693281
-0.018525692;-0.011375494;0.34483793
-0.018525692;-0.011375494;0.33693281
-0.018525692;-0.011375494;0.33693281
-0.016549407;-0.011375494;0.34483793
-0.016549407;-0.011375494;0.34483793
-0.016549407;-0.011375494;0.34483793
-0.016549407;-0.011375494;0.34483793
-0.016549407;-0.013351778;0.34483793
-0.016549407;-0.011375494;0.34483793
-0.014573122;-0.011375494;0.33693281
-0.014573122;-0.013351778;0.34483793
-0.014573122;-0.013351778;0.34483793
-0.014573122;-0.013351778;0.34483793
-0.012596838;-0.013351778;0.34483793
-0.012596838;-0.013351778;0.34483793
-0.012596838;-0.013351778;0.33693281
-0.010620553;-0.013351778;0.34483793
-0.012596838;-0.013351778;0.34483793
-0.012596838;-0.013351778;0.34483793
-0.012596838;-0.011375494;0.33693281
-0.010620553;-0.013351778;0.34483793
-0.010620553;-0.013351778;0.33693281
-0.010620553;-0.013351778;0.34483793
-0.010620553;-0.013351778;0.34483793
-0.010620553;-0.013351778;0.34483793
-0.0086442688;-0.013351778;0.33693281
-0.010620553;-0.013351778;0.34483793
-0.0086442688;-0.013351778;0.34483793
-0.0086442688;-0.015328064;0.33693281
-0.0066679842;-0.015328064;0.34483793
-0.0086442688;-0.013351778;0.34483793
-0.0066679842;-0.013351778;0.34483793
-0.0086442688;-0.015328064;0.33693281
-0.0066679842;-0.013351778;0.34483793
-0.0066679842;-0.013351778;0.34483793
-0.0046916995;-0.015328064;0.34483793
-0.0027154151;-0.015328064;0.34483793
-0.0027154151;-0.015328064;0.33693281
-0.0027154151;-0.015328064;0.33693281
-0.0027154151;-0.013351778;0.34483793
-0.0027154151;-0.015328064;0.34483793
-0.0027154151;-0.015328064;0.34483793
-0.0027154151;-0.015328064;0.34483793
-0.0027154151;-0.015328064;0.34483793
-0.00073913042;-0.013351778;0.34483793
-0.00073913042;-0.015328064;0.34483793
-0.00073913042;-0.015328064;0.33693281
0.0012371541;-0.015328064;0.34483793
0.0012371541;-0.015328064;0.34483793
-0.00073913042;-0.015328064;0.34483793
0.0012371541;-0.015328064;0.34483793
0.0012371541;-0.017304348;0.34483793
0.0032134387;-0.015328064;0.34483793
0.0051897233;-0.015328064;0.33693281
0.0032134387;-0.017304348;0.34483793
0.0051897233;-0.015328064;0.34483793
0.0051897233;-0.015328064;0.34483793
0.0051897233;-0.015328064;0.34483793
0.007166008;-0.015328064;0.33693281
0.007166008;-0.017304348;0.34483793
0.007166008;-0.017304348;0.34483793
0.007166008;-0.017304348;0.34483793
0.0091422927;-0.017304348;0.34483793
0.0091422927;-0.017304348;0.33693281
0.011118577;-0.017304348;0.34483793
0.011118577;-0.017304348;0.34483793
0.011118577;-0.017304348;0.33693281
0.011118577;-0.015328064;0.33693281
0.011118577;-0.017304348;0.33693281
0.013094862;-0.017304348;0.34483793
0.013094862;-0.017304348;0.34483793
0.015071146;-0.017304348;0.33693281
0.015071146;-0.017304348;0.33693281
0.015071146;-0.017304348;0.34483793
0.015071146;-0.017304348;0.34483793
0.015071146;-0.017304348;0.34483793
0.017047431;-0.017304348;0.33693281
0.017047431;-0.017304348;0.34483793
0.017047431;-0.019280633;0.33693281
0.015071146;-0.017304348;0.34483793
0.017047431;-0.019280633;0.33693281
0.019023715;-0.019280633;0.34483793
0.019023715;-0.019280633;0.34483793
0.019023715;-0.017304348;0.34483793
0.019023715;-0.017304348;0.34483793
0.021;-0.019280633;0.34483793
0.021;-0.017304348;0.34483793
0.021;-0.019280633;0.34483793
0.021;-0.017304348;0.34483793
0.022976285;-0.019280633;0.34483793
0.022976285;-0.017304348;0.34483793
0.02495257;-0.019280633;0.33693281
0.022976285;-0.019280633;0.33693281
0.02495257;-0.019280633;0.34483793
0.02495257;-0.019280633;0.34483793
0.026928853;-0.019280633;0.34483793
0.02495257;-0.019280633;0.34483793
0.026928853;-0.019280633;0.34483793
0.026928853;-0.019280633;0.34483793
0.026928853;-0.019280633;0.34483793
0.028905138;-0.017304348;0.33693281
0.028905138;-0.017304348;0.35274309
0.030881424;-0.019280633;0.33693281
0.032857709;-0.019280633;0.33693281
0.030881424;-0.019280633;0.34483793
0.032857709;-0.019280633;0.34483793
0.032857709;-0.019280633;0.34483793
0.032857709;-0.019280633;0.34483793
0.032857709;-0.019280633;0.34483793
0.034833994;-0.019280633;0.34483793
0.032857709;-0.021256916;0.34483793
0.034833994;-0.019280633;0.34483793
0.034833994;-0.019280633;0.34483793
0.034833994;-0.019280633;0.35274309
0.036810275;-0.019280633;0.33693281
0.036810275;-0.019280633;0.33693281
0.036810275;-0.019280633;0.34483793
0.03878656;-0.021256916;0.34483793
0.03878656;-0.019280633;0.33693281
0.03878656;-0.021256916;0.34483793
0.03878656;-0.019280633;0.33693281
0.03878656;-0.019280633;0.33693281
0.040762845;-0.021256916;0.34483793
0.040762845;-0.021256916;0.32902768
0.040762845;-0.021256916;0.33693281
0.040762845;-0.019280633;0.33693281
0.042739131;-0.019280633;0.33693281
0.042739131;-0.019280633;0.34483793
0.042739131;-0.021256916;0.34483793
0.042739131;-0.021256916;0.34483793
0.044715416;-0.021256916;0.34483793
0.046691701;-0.021256916;0.34483793
0.044715416;-0.021256916;0.34483793
0.046691701;-0.021256916;0.34483793
0.046691701;-0.021256916;0.33693281
0.046691701;-0.021256916;0.33693281
0.048667986;-0.019280633;0.34483793
0.048667986;-0.021256916;0.34483793
0.048667986;-0.021256916;0.33693281
0.048667986;-0.021256916;0.34483793
0.048667986;-0.021256916;0.34483793
0.048667986;-0.021256916;0.34483793
0.048667986;-0.021256916;0.34483793
0.050644267;-0.021256916;0.33693281
0.050644267;-0.021256916;0.34483793
0.050644267;-0.021256916;0.34483793
0.050644267;-0.021256916;0.33693281
0.052620552;-0.021256916;0.33693281
0.052620552;-0.021256916;0.33693281
0.054596838;-0.021256916;0.33693281
0.052620552;-0.021256916;0.34483793
0.054596838;-0.023233201;0.33693281
0.054596838;-0.021256916;0.33693281
0.056573123;-0.021256916;0.33693281
0.056573123;-0.021256916;0.33693281
0.056573123;-0.023233201;0.34483793
0.054596838;-0.023233201;0.34483793
0.056573123;-0.021256916;0.33693281
0.056573123;-0.021256916;0.34483793
0.058549408;-0.023233201;0.33693281
0.058549408;-0.023233201;0.33693281
0.058549408;-0.021256916;0.34483793
0.058549408;-0.023233201;0.34483793
0.058549408;-0.023233201;0.34483793
0.060525693;-0.023233201;0.34483793
0.060525693;-0.021256916;0.34483793
0.060525693;-0.021256916;0.34483793
0.060525693;-0.023233201;0.34483793
0.062501974;-0.023233201;0.33693281
0.060525693;-0.023233201;0.34483793
0.060525693;-0.021256916;0.33693281
0.062501974;-0.023233201;0.34483793
0.062501974;-0.021256916;0.33693281
0.062501974;-0.023233201;0.33693281
0.062501974;-0.023233201;0.33693281
0.064478263;-0.023233201;0.34483793
0.064478263;-0.023233201;0.33693281
0.064478263;-0.023233201;0.34483793
0.064478263;-0.023233201;0.34483793
0.066454545;-0.023233201;0.33693281
0.066454545;-0.025209486;0.33693281
0.066454545;-0.023233201;0.34483793
0.064478263;-0.023233201;0.34483793
0.066454545;-0.023233201;0.33693281
0.066454545;-0.023233201;0.34483793
0.066454545;-0.023233201;0.34483793
0.066454545;-0.023233201;0.34483793
0.066454545;-0.023233201;0.34483793
0.066454545;-0.023233201;0.34483793
0.068430834;-0.023233201;0.33693281
0.068430834;-0.023233201;0.34483793
0.068430834;-0.023233201;0.33693281
0.070407115;-0.023233201;0.34483793
0.068430834;-0.023233201;0.34483793
0.070407115;-0.023233201;0.34483793
0.068430834;-0.023233201;0.34483793
0.070407115;-0.025209486;0.33693281
0.070407115;-0.021256916;0.33693281
0.070407115;-0.023233201;0.34483793
0.070407115;-0.023233201;0.34483793
0.070407115;-0.023233201;0.33693281
0.072383396;-0.023233201;0.33693281
0.072383396;-0.023233201;0.34483793
0.072383396;-0.025209486;0.34483793
0.070407115;-0.023233201;0.34483793
0.072383396;-0.023233201;0.34483793
0.072383396;-0.025209486;0.34483793
0.072383396;-0.023233201;0.34483793
0.072383396;-0.023233201;0.34483793
0.072383396;-0.025209486;0.34483793
0.072383396;-0.023233201;0.33693281
0.072383396;-0.023233201;0.33693281
0.074359685;-0.023233201;0.34483793
0.074359685;-0.025209486;0.34483793
0.074359685;-0.023233201;0.34483793
0.076335967;-0.023233201;0.34483793
0.076335967;-0.023233201;0.34483793
0.074359685;-0.023233201;0.33693281
0.074359685;-0.023233201;0.34483793
0.076335967;-0.023233201;0.34483793
0.076335967;-0.023233201;0.33693281
0.076335967;-0.025209486;0.33693281
0.074359685;-0.025209486;0.34483793
0.076335967;-0.025209486;0.33693281
0.074359685;-0.025209486;0.34483793
0.076335967;-0.023233201;0.34483793
0.074359685;-0.025209486;0.33693281
0.076335967;-0.023233201;0.33693281
0.076335967;-0.025209486;0.33693281
0.076335967;-0.025209486;0.33693281
0.076335967;-0.025209486;0.34483793
0.076335967;-0.025209486;0.33693281
0.076335967;-0.025209486;0.34483793
0.078312255;-0.025209486;0.34483793
0.076335967;-0.025209486;0.34483793
0.076335967;-0.025209486;0.34483793
0.076335967;-0.025209486;0.33693281
0.078312255;-0.025209486;0.33693281
0.078312255;-0.025209486;0.34483793
0.078312255;-0.025209486;0.34483793
0.076335967;-0.025209486;0.34483793
0.078312255;-0.025209486;0.33693281
0.078312255;-0.025209486;0.34483793
0.076335967;-0.025209486;0.34483793
0.076335967;-0.025209486;0.34483793
0.078312255;-0.025209486;0.33693281
0.078312255;-0.025209486;0.34483793
0.076335967;-0.025209486;0.34483793
0.076335967;-0.025209486;0.33693281
0.078312255;-0.025209486;0.34483793
0.076335967;-0.023233201;0.34483793
0.076335967;-0.025209486;0.34483793
0.076335967;-0.023233201;0.33693281
0.076335967;-0.025209486;0.33693281
0.076335967;-0.025209486;0.33693281
0.078312255;-0.025209486;0.34483793
0.076335967;-0.025209486;0.33693281
0.076335967;-0.025209486;0.33693281
0.078312255;-0.025209486;0.33693281
0.076335967;-0.025209486;0.33693281
0.076335967;-0.025209486;0.33693281
0.076335967;-0.027185772;0.34483793
0.076335967;-0.025209486;0.33693281
0.076335967;-0.025209486;0.34483793
0.076335967;-0.025209486;0.33693281
0.076335967;-0.025209486;0.34483793
0.074359685;-0.025209486;0.34483793
0.076335967;-0.025209486;0.34483793
0.076335967;-0.025209486;0.34483793
0.076335967;-0.027185772;0.35274309
0.074359685;-0.027185772;0.34483793
0.076335967;-0.025209486;0.34483793
0.074359685;-0.027185772;0.34483793
0.074359685;-0.023233201;0.33693281
0.074359685;-0.025209486;0.34483793
0.074359685;-0.025209486;0.34483793
0.074359685;-0.025209486;0.34483793
0.072383396;-0.025209486;0.34483793
0.074359685;-0.023233201;0.34483793
0.074359685;-0.027185772;0.34483793
0.072383396;-0.025209486;0.34483793
0.074359685;-0.025209486;0.34483793
0.072383396;-0.025209486;0.34483793
0.072383396;-0.025209486;0.34483793
0.072383396;-0.025209486;0.33693281
0.072383396;-0.027185772;0.34483793
0.072383396;-0.025209486;0.33693281
0.072383396;-0.025209486;0.34483793
0.072383396;-0.027185772;0.33693281
0.072383396;-0.027185772;0.34483793
0.072383396;-0.027185772;0.33693281
0.070407115;-0.025209486;0.34483793
0.070407115;-0.025209486;0.34483793
0.072383396;-0.025209486;0.33693281
0.070407115;-0.025209486;0.33693281
0.070407115;-0.025209486;0.34483793
0.068430834;-0.025209486;0.34483793
0.068430834;-0.025209486;0.34483793
0.068430834;-0.027185772;0.33693281
0.068430834;-0.025209486;0.33693281
0.068430834;-0.025209486;0.34483793
0.068430834;-0.025209486;0.34483793
0.068430834;-0.025209486;0.33693281
0.068430834;-0.025209486;0.34483793
0.066454545;-0.025209486;0.34483793
0.066454545;-0.025209486;0.33693281
0.066454545;-0.025209486;0.33693281
0.066454545;-0.025209486;0.34483793
0.066454545;-0.025209486;0.33693281
0.064478263;-0.025209486;0.33693281
0.066454545;-0.025209486;0.34483793
0.066454545;-0.025209486;0.33693281
0.064478263;-0.025209486;0.34483793
0.064478263;-0.027185772;0.34483793
0.064478263;-0.025209486;0.34483793
0.064478263;-0.025209486;0.33693281
0.062501974;-0.025209486;0.33693281
0.062501974;-0.025209486;0.33693281
0.064478263;-0.025209486;0.34483793
0.062501974;-0.025209486;0.34483793
0.062501974;-0.025209486;0.34483793
0.062501974;-0.025209486;0.35274309
0.062501974;-0.027185772;0.34483793
0.060525693;-0.025209486;0.33693281
0.060525693;-0.025209486;0.34483793
0.058549408;-0.025209486;0.34483793
0.060525693;-0.025209486;0.34483793
0.058549408;-0.025209486;0.34483793
0.058549408;-0.025209486;0.33693281
0.058549408;-0.027185772;0.34483793
0.058549408;-0.025209486;0.33693281
0.056573123;-0.025209486;0.33693281
0.056573123;-0.025209486;0.34483793
0.056573123;-0.025209486;0.34483793
0.056573123;-0.025209486;0.34483793
0.056573123;-0.027185772;0.34483793
0.054596838;-0.027185772;0.34483793
0.054596838;-0.025209486;0.33693281
0.054596838;-0.025209486;0.34483793
0.054596838;-0.027185772;0.33693281
0.054596838;-0.025209486;0.34483793
0.054596838;-0.025209486;0.34483793
0.054596838;-0.025209486;0.34483793
0.052620552;-0.025209486;0.33693281
0.052620552;-0.027185772;0.34483793
0.052620552;-0.027185772;0.34483793
0.050644267;-0.025209486;0.34483793
0.050644267;-0.025209486;0.34483793
0.050644267;-0.025209486;0.33693281
0.050644267;-0.027185772;0.34483793
0.048667986;-0.025209486;0.33693281
0.048667986;-0.025209486;0.34483793
0.048667986;-0.025209486;0.33693281
0.046691701;-0.025209486;0.33693281
0.048667986;-0.025209486;0.33693281
0.046691701;-0.025209486;0.34483793
0.046691701;-0.025209486;0.34483793
0.044715416;-0.025209486;0.33693281
0.044715416;-0.025209486;0.34483793
0.044715416;-0.025209486;0.34483793
0.044715416;-0.025209486;0.33693281
0.042739131;-0.025209486;0.34483793
0.044715416;-0.025209486;0.34483793
0.042739131;-0.025209486;0.34483793
0.042739131;-0.025209486;0.34483793
0.042739131;-0.025209486;0.33693281
0.040762845;-0.025209486;0.34483793
0.040762845;-0.025209486;0.35274309
0.040762845;-0.025209486;0.34483793
0.03878656;-0.025209486;0.34483793
0.040762845;-0.025209486;0.34483793
0.03878656;-0.025209486;0.34483793
0.036810275;-0.025209486;0.33693281
0.036810275;-0.025209486;0.34483793
0.036810275;-0.025209486;0.34483793
0.036810275;-0.025209486;0.34483793
0.034833994;-0.023233201;0.34483793
0.034833994;-0.023233201;0.34483793
0.034833994;-0.025209486;0.33693281
0.034833994;-0.025209486;0.34483793
0.032857709;-0.025209486;0.34483793
0.032857709;-0.025209486;0.34483793
0.032857709;-0.025209486;0.34483793
0.030881424;-0.025209486;0.34483793
0.030881424;-0.025209486;0.34483793
0.030881424;-0.023233201;0.33693281
0.030881424;-0.023233201;0.34483793
0.030881424;-0.025209486;0.33693281
0.030881424;-0.025209486;0.33693281
0.030881424;-0.025209486;0.33693281
0.028905138;-0.023233201;0.33693281
0.028905138;-0.025209486;0.33693281
0.026928853;-0.025209486;0.34483793
0.026928853;-0.025209486;0.34483793
0.026928853;-0.025209486;0.34483793
0.02495257;-0.025209486;0.34483793
0.026928853;-0.025209486;0.34483793
0.02495257;-0.025209486;0.34483793
0.02495257;-0.025209486;0.33693281
0.022976285;-0.025209486;0.33693281
0.022976285;-0.025209486;0.34483793
0.022976285;-0.025209486;0.34483793
0.021;-0.025209486;0.34483793
0.021;-0.025209486;0.34483793
0.021;-0.025209486;0.33693281
0.021;-0.025209486;0.34483793
0.019023715;-0.023233201;0.34483793
0.019023715;-0.027185772;0.33693281
0.019023715;-0.023233201;0.33693281
0.019023715;-0.025209486;0.34483793
0.017047431;-0.025209486;0.34483793
0.019023715;-0.023233201;0.34483793
0.017047431;-0.023233201;0.34483793
0.017047431;-0.025209486;0.34483793
0.017047431;-0.023233201;0.34483793
0.015071146;-0.025209486;0.34483793
0.015071146;-0.023233201;0.34483793
0.015071146;-0.025209486;0.34483793
0.013094862;-0.023233201;0.34483793
0.013094862;-0.025209486;0.34483793
0.011118577;-0.023233201;0.34483793
0.013094862;-0.023233201;0.34483793
0.013094862;-0.025209486;0.34483793
0.011118577;-0.023233201;0.33693281
0.011118577;-0.023233201;0.34483793
0.011118577;-0.023233201;0.34483793
0.0091422927;-0.023233201;0.34483793
0.0091422927;-0.023233201;0.33693281
0.0091422927;-0.025209486;0.34483793
0.007166008;-0.023233201;0.34483793
0.007166008;-0.025209486;0.34483793
0.007166008;-0.023233201;0.33693281
0.007166008;-0.023233201;0.34483793
0.0032134387;-0.023233201;0.34483793
0.0051897233;-0.025209486;0.33693281
0.0051897233;-0.023233201;0.34483793
0.0032134387;-0.023233201;0.33693281
0.0051897233;-0.023233201;0.34483793
0.0032134387;-0.025209486;0.34483793
0.0051897233;-0.023233201;0.33693281
0.0032134387;-0.023233201;0.34483793
0.0012371541;-0.023233201;0.34483793
0.0012371541;-0.021256916;0.34483793
0.0012371541;-0.023233201;0.34483793
-0.00073913042;-0.023233201;0.33693281
-0.00073913042;-0.021256916;0.34483793
-0.00073913042;-0.023233201;0.34483793
-0.00073913042;-0.021256916;0.34483793
-0.00073913042;-0.021256916;0.34483793
-0.0027154151;-0.023233201;0.33693281
-0.0027154151;-0.023233201;0.33693281
-0.0027154151;-0.023233201;0.34483793
-0.0046916995;-0.021256916;0.34483793
-0.0027154151;-0.021256916;0.34483793
-0.0046916995;-0.023233201;0.34483793
-0.0066679842;-0.023233201;0.34483793
-0.0046916995;-0.021256916;0.34483793
-0.0066679842;-0.021256916;0.34483793
-0.0066679842;-0.021256916;0.34483793
-0.0066679842;-0.021256916;0.34483793
-0.0066679842;-0.021256916;0.34483793
-0.0086442688;-0.021256916;0.33693281
-0.0086442688;-0.021256916;0.34483793
-0.0086442688;-0.021256916;0.33693281
-0.0086442688;-0.021256916;0.34483793
-0.010620553;-0.021256916;0.33693281
-0.010620553;-0.023233201;0.33693281
-0.010620553;-0.021256916;0.34483793
-0.010620553;-0.021256916;0.34483793
-0.010620553;-0.021256916;0.33693281
-0.012596838;-0.021256916;0.34483793
-0.012596838;-0.021256916;0.34483793
-0.012596838;-0.021256916;0.34483793
-0.014573122;-0.021256916;0.34483793
-0.012596838;-0.021256916;0.34483793
-0.012596838;-0.021256916;0.33693281
-0.014573122;-0.021256916;0.34483793
-0.014573122;-0.021256916;0.33693281
-0.014573122;-0.021256916;0.34483793
-0.014573122;-0.021256916;0.34483793
-0.014573122;-0.021256916;0.33693281
-0.016549407;-0.021256916;0.34483793
-0.016549407;-0.021256916;0.34483793
-0.016549407;-0.021256916;0.34483793
-0.016549407;-0.021256916;0.34483793
-0.016549407;-0.021256916;0.33693281
-0.018525692;-0.021256916;0.34483793
-0.016549407;-0.021256916;0.34483793
-0.018525692;-0.021256916;0.33693281
-0.018525692;-0.021256916;0.34483793
-0.018525692;-0.021256916;0.34483793
-0.018525692;-0.021256916;0.34483793
-0.020501977;-0.021256916;0.34483793
-0.020501977;-0.019280633;0.34483793
-0.020501977;-0.021256916;0.34483793
-0.020501977;-0.021256916;0.33693281
-0.020501977;-0.021256916;0.34483793
-0.02247826;-0.021256916;0.34483793
-0.020501977;-0.021256916;0.34483793
-0.02247826;-0.019280633;0.34483793
-0.02247826;-0.021256916;0.34483793
-0.02247826;-0.021256916;0.35274309
-0.024454545;-0.019280633;0.33693281
-0.024454545;-0.019280633;0.33693281
-0.02247826;-0.019280633;0.34483793
-0.02247826;-0.021256916;0.34483793
-0.024454545;-0.019280633;0.34483793
-0.02247826;-0.019280633;0.34483793
-0.024454545;-0.019280633;0.34483793
-0.024454545;-0.019280633;0.34483793
-0.024454545;-0.019280633;0.34483793
-0.02643083;-0.021256916;0.33693281
-0.02643083;-0.021256916;0.34483793
-0.024454545;-0.019280633;0.33693281
-0.02643083;-0.019280633;0.34483793
-0.02643083;-0.021256916;0.34483793
-0.02643083;-0.019280633;0.33693281
-0.02643083;-0.019280633;0.33693281
-0.028407115;-0.019280633;0.34483793
-0.02643083;-0.019280633;0.34483793
-0.028407115;-0.019280633;0.34483793
-0.028407115;-0.019280633;0.34483793
-0.028407115;-0.019280633;0.34483793
-0.028407115;-0.019280633;0.33693281
-0.028407115;-0.019280633;0.33693281
-0.028407115;-0.019280633;0.33693281
-0.028407115;-0.019280633;0.33693281
-0.028407115;-0.019280633;0.34483793
-0.030383399;-0.019280633;0.33693281
-0.028407115;-0.019280633;0.33693281
-0.030383399;-0.019280633;0.33693281
-0.030383399;-0.019280633;0.33693281
-0.030383399;-0.019280633;0.34483793
-0.030383399;-0.017304348;0.34483793
-0.028407115;-0.019280633;0.34483793
-0.030383399;-0.019280633;0.34483793
-0.030383399;-0.019280633;0.34483793
-0.030383399;-0.019280633;0.33693281
-0.030383399;-0.019280633;0.34483793
-0.030383399;-0.019280633;0.34483793
-0.030383399;-0.019280633;0.35274309
-0.030383399;-0.017304348;0.33693281
-0.030383399;-0.017304348;0.34483793
-0.032359682;-0.017304348;0.34483793
-0.032359682;-0.019280633;0.34483793
-0.032359682;-0.019280633;0.34483793
-0.030383399;-0.017304348;0.33693281
-0.030383399;-0.017304348;0.33693281
-0.030383399;-0.017304348;0.33693281
-0.032359682;-0.017304348;0.34483793
-0.030383399;-0.017304348;0.34483793
-0.032359682;-0.017304348;0.33693281
-0.032359682;-0.017304348;0.34483793
-0.030383399;-0.017304348;0.33693281
-0.032359682;-0.017304348;0.33693281
-0.032359682;-0.017304348;0.33693281
-0.032359682;-0.017304348;0.33693281
-0.032359682;-0.017304348;0.34483793
-0.032359682;-0.017304348;0.33693281
-0.032359682;-0.017304348;0.33693281
-0.032359682;-0.017304348;0.34483793
-0.032359682;-0.017304348;0.33693281
-0.032359682;-0.015328064;0.33693281
-0.030383399;-0.017304348;0.33693281
-0.032359682;-0.015328064;0.34483793
-0.030383399;-0.017304348;0.34483793
-0.030383399;-0.017304348;0.33693281
-0.030383399;-0.015328064;0.33693281
-0.030383399;-0.015328064;0.34483793
-0.032359682;-0.017304348;0.34483793
-0.032359682;-0.015328064;0.34483793
-0.030383399;-0.015328064;0.34483793
-0.032359682;-0.015328064;0.34483793
-0.030383399;-0.015328064;0.34483793
-0.030383399;-0.015328064;0.33693281
-0.032359682;-0.015328064;0.34483793
-0.030383399;-0.015328064;0.34483793
-0.028407115;-0.015328064;0.34483793
-0.030383399;-0.013351778;0.34483793
-0.030383399;-0.015328064;0.34483793
-0.030383399;-0.015328064;0.35274309
-0.028407115;-0.015328064;0.34483793
-0.030383399;-0.015328064;0.34483793
-0.028407115;-0.015328064;0.33693281
-0.028407115;-0.013351778;0.34483793
-0.030383399;-0.015328064;0.33693281
-0.030383399;-0.015328064;0.34483793
-0.028407115;-0.015328064;0.34483793
-0.028407115;-0.013351778;0.34483793
-0.028407115;-0.015328064;0.33693281
-0.028407115;-0.013351778;0.34483793
-0.028407115;-0.013351778;0.34483793
-0.028407115;-0.013351778;0.33693281
-0.028407115;-0.013351778;0.34483793
-0.028407115;-0.013351778;0.33693281
-0.02643083;-0.013351778;0.33693281
-0.028407115;-0.013351778;0.34483793
-0.02643083;-0.015328064;0.33693281
-0.02643083;-0.013351778;0.33693281
-0.02643083;-0.013351778;0.34483793
-0.02643083;-0.013351778;0.33693281
-0.02643083;-0.013351778;0.33693281
-0.02643083;-0.013351778;0.34483793
-0.024454545;-0.011375494;0.33693281
-0.02643083;-0.013351778;0.33693281
-0.024454545;-0.013351778;0.34483793
-0.024454545;-0.011375494;0.33693281
-0.024454545;-0.013351778;0.34483793
-0.024454545;-0.013351778;0.34483793
-0.02247826;-0.011375494;0.34483793
-0.02247826;-0.013351778;0.34483793
-0.02247826;-0.013351778;0.34483793
-0.02247826;-0.013351778;0.34483793
-0.02247826;-0.013351778;0.34483793
-0.02247826;-0.011375494;0.35274309
-0.02247826;-0.013351778;0.34483793
-0.020501977;-0.013351778;0.33693281
-0.020501977;-0.013351778;0.33693281
-0.020501977;-0.011375494;0.34483793
-0.020501977;-0.011375494;0.33693281
-0.020501977;-0.011375494;0.34483793
-0.020501977;-0.011375494;0.34483793
-0.020501977;-0.013351778;0.34483793
-0.020501977;-0.011375494;0.34483793
-0.018525692;-0.013351778;0.34483793
-0.018525692;-0.011375494;0.34483793
-0.020501977;-0.011375494;0.34483793
-0.018525692;-0.013351778;0.34483793
-0.018525692;-0.011375494;0.34483793
-0.016549407;-0.011375494;0.33693281
-0.016549407;-0.011375494;0.34483793
-0.016549407;-0.011375494;0.33693281
-0.016549407;-0.011375494;0.33693281
-0.016549407;-0.0093992092;0.34483793
-0.014573122;-0.0093992092;0.34483793
-0.014573122;-0.011375494;0.33693281
-0.014573122;-0.011375494;0.34483793
-0.012596838;-0.011375494;0.34483793
-0.014573122;-0.011375494;0.34483793
-0.012596838;-0.011375494;0.34483793
-0.014573122;-0.0093992092;0.34483793
-0.012596838;-0.011375494;0.34483793
-0.010620553;-0.011375494;0.33693281
-0.010620553;-0.011375494;0.33693281
-0.012596838;-0.0093992092;0.33693281
-0.010620553;-0.011375494;0.34483793
-0.010620553;-0.0093992092;0.34483793
-0.010620553;-0.0093992092;0.33693281
-0.010620553;-0.0093992092;0.34483793
-0.010620553;-0.0093992092;0.34483793
-0.010620553;-0.0093992092;0.34483793
-0.0086442688;-0.0093992092;0.34483793
-0.0086442688;-0.011375494;0.34483793
-0.0086442688;-0.0093992092;0.34483793
-0.0066679842;-0.0093992092;0.34483793
-0.0086442688;-0.0093992092;0.34483793
-0.0046916995;-0.0093992092;0.34483793
-0.0046916995;-0.0093992092;0.34483793
-0.0066679842;-0.0093992092;0.33693281
-0.0046916995;-0.007422925;0.34483793
-0.0027154151;-0.0093992092;0.33693281
-0.0046916995;-0.007422925;0.33693281
-0.0046916995;-0.0093992092;0.34483793
-0.0027154151;-0.0093992092;0.34483793
-0.0046916995;-0.007422925;0.33693281
-0.0027154151;-0.007422925;0.34483793
-0.0027154151;-0.007422925;0.33693281
-0.0027154151;-0.007422925;0.34483793
-0.00073913042;-0.007422925;0.34483793
-0.00073913042;-0.007422925;0.34483793
0.0012371541;-0.007422925;0.33693281
0.0012371541;-0.007422925;0.33693281
0.0012371541;-0.007422925;0.34483793
-0.00073913042;-0.007422925;0.33693281
0.0012371541;-0.007422925;0.34483793
0.0012371541;-0.0054466403;0.33693281
0.0012371541;-0.007422925;0.34483793
0.0012371541;-0.0054466403;0.33693281
0.0051897233;-0.0054466403;0.34483793
0.0051897233;-0.0054466403;0.34483793
0.0051897233;-0.0054466403;0.33693281
0.0051897233;-0.0054466403;0.34483793
0.007166008;-0.007422925;0.34483793
0.007166008;-0.007422925;0.34483793
0.0051897233;-0.0054466403;0.34483793
0.007166008;-0.007422925;0.34483793
0.0091422927;-0.0054466403;0.34483793
0.0091422927;-0.0054466403;0.34483793
0.0091422927;-0.0054466403;0.34483793
0.0091422927;-0.0054466403;0.34483793
0.011118577;-0.0054466403;0.33693281
0.011118577;-0.0054466403;0.33693281
0.011118577;-0.0054466403;0.33693281
0.013094862;-0.0054466403;0.34483793
0.015071146;-0.0054466403;0.34483793
0.013094862;-0.0054466403;0.33693281
0.015071146;-0.0054466403;0.34483793
0.015071146;-0.0054466403;0.34483793
0.015071146;-0.0054466403;0.35274309
0.015071146;-0.0054466403;0.34483793
0.017047431;-0.0054466403;0.34483793
0.017047431;-0.0034703556;0.33693281
0.017047431;-0.0054466403;0.34483793
0.017047431;-0.0054466403;0.34483793
0.017047431;-0.0054466403;0.34483793
0.019023715;-0.0054466403;0.33693281
0.019023715;-0.0054466403;0.34483793
0.019023715;-0.0034703556;0.34483793
0.021;-0.0054466403;0.34483793
0.019023715;-0.0034703556;0.34483793
0.021;-0.0034703556;0.34483793
0.021;-0.0054466403;0.34483793
0.021;-0.0034703556;0.34483793
0.021;-0.0034703556;0.34483793
0.022976285;-0.0034703556;0.34483793
0.021;-0.0034703556;0.33693281
0.02495257;-0.0034703556;0.33693281
0.02495257;-0.0034703556;0.34483793
0.02495257;-0.0034703556;0.34483793
0.026928853;-0.0034703556;0.34483793
0.026928853;-0.0034703556;0.33693281
0.026928853;-0.0034703556;0.33693281
0.028905138;-0.0014940711;0.33693281
0.026928853;-0.0014940711;0.34483793
0.028905138;-0.0034703556;0.34483793
0.028905138;-0.0034703556;0.34483793
0.028905138;-0.0014940711;0.34483793
0.030881424;-0.0014940711;0.34483793
0.030881424;-0.0014940711;0.34483793
0.032857709;-0.0034703556;0.34483793
0.032857709;-0.0034703556;0.33693281
0.032857709;-0.0014940711;0.34483793
0.032857709;-0.0034703556;0.34483793
0.032857709;-0.0014940711;0.33693281
0.032857709;-0.0014940711;0.34483793
0.034833994;-0.0014940711;0.34483793
0.034833994;-0.0014940711;0.34483793
0.036810275;-0.0034703556;0.34483793
0.034833994;-0.0014940711;0.34483793
0.03878656;-0.0014940711;0.33693281
0.03878656;-0.0014940711;0.34483793
0.03878656;-0.0014940711;0.33693281
0.040762845;-0.0014940711;0.34483793
0.03878656;-0.0014940711;0.34483793
0.03878656;-0.0014940711;0.34483793
0.040762845;-0.0014940711;0.34483793
0.03878656;-0.0014940711;0.34483793
0.040762845;0.00048221345;0.33693281
0.040762845;0.00048221345;0.34483793
0.042739131;-0.0014940711;0.33693281
0.042739131;0.00048221345;0.34483793
0.042739131;0.00048221345;0.34483793
0.042739131;0.00048221345;0.34483793
0.044715416;-0.0014940711;0.34483793
0.044715416;0.00048221345;0.34483793
0.046691701;0.00048221345;0.34483793
0.042739131;0.00048221345;0.34483793
0.046691701;-0.0014940711;0.34483793
0.046691701;0.00048221345;0.34483793
0.046691701;0.00048221345;0.34483793
0.048667986;0.00048221345;0.34483793
0.048667986;0.00048221345;0.34483793
0.048667986;0.00048221345;0.34483793
0.048667986;0.00048221345;0.33693281
0.048667986;0.00048221345;0.33693281
0.050644267;0.00048221345;0.34483793
0.050644267;0.00048221345;0.34483793
0.050644267;0.00048221345;0.34483793
0.050644267;0.0024584981;0.34483793
0.052620552;0.0024584981;0.34483793
0.050644267;0.00048221345;0.34483793
0.052620552;0.0024584981;0.34483793
0.052620552;0.0024584981;0.34483793
0.054596838;0.0024584981;0.34483793
0.054596838;0.0024584981;0.34483793
0.054596838;0.0024584981;0.34483793
0.054596838;0.00048221345;0.34483793
0.056573123;0.0024584981;0.34483793
0.056573123;0.0044347825;0.33693281
0.056573123;0.0024584981;0.34483793
0.056573123;0.0024584981;0.34483793
0.056573123;0.0024584981;0.34483793
0.056573123;0.0024584981;0.34483793
0.058549408;0.0024584981;0.34483793
0.058549408;0.0024584981;0.34483793
0.058549408;0.0044347825;0.34483793
0.058549408;0.0024584981;0.34483793
0.060525693;0.0044347825;0.34483793
0.058549408;0.0044347825;0.34483793
0.060525693;0.0044347825;0.34483793
0.060525693;0.0024584981;0.34483793
0.060525693;0.0044347825;0.34483793
0.060525693;0.0044347825;0.34483793
0.060525693;0.0044347825;0.34483793
0.062501974;0.0044347825;0.34483793
0.062501974;0.0044347825;0.34483793
0.062501974;0.0064110672;0.33693281
0.062501974;0.0044347825;0.34483793
0.064478263;0.0044347825;0.34483793
0.062501974;0.0044347825;0.33693281
0.064478263;0.0044347825;0.32902768
0.064478263;0.0044347825;0.33693281
0.066454545;0.0044347825;0.33693281
0.064478263;0.0064110672;0.34483793
0.064478263;0.0044347825;0.34483793
0.066454545;0.0044347825;0.34483793
0.068430834;0.0044347825;0.34483793
0.066454545;0.0064110672;0.33693281
0.066454545;0.0064110672;0.34483793
0.066454545;0.0044347825;0.34483793
0.068430834;0.0064110672;0.33693281
0.068430834;0.0064110672;0.33693281
0.068430834;0.0064110672;0.34483793
0.068430834;0.0064110672;0.34483793
0.068430834;0.0083873514;0.33693281
0.070407115;0.0083873514;0.34483793
0.070407115;0.0083873514;0.33693281
0.070407115;0.0064110672;0.34483793
0.070407115;0.0064110672;0.34483793
0.070407115;0.0083873514;0.34483793
0.070407115;0.0083873514;0.34483793
0.070407115;0.0083873514;0.34483793
0.070407115;0.0083873514;0.34483793
0.072383396;0.0064110672;0.34483793
0.072383396;0.0083873514;0.33693281
0.072383396;0.0064110672;0.34483793
0.072383396;0.0083873514;0.34483793
0.072383396;0.0083873514;0.34483793
0.072383396;0.010363637;0.34483793
0.072383396;0.0083873514;0.34483793
0.074359685;0.010363637;0.34483793
0.074359685;0.0083873514;0.34483793
0.074359685;0.0083873514;0.34483793
0.074359685;0.0083873514;0.34483793
0.074359685;0.0083873514;0.34483793
0.074359685;0.0083873514;0.34483793
0.072383396;0.0083873514;0.34483793
0.072383396;0.0083873514;0.34483793
0.074359685;0.0083873514;0.34483793
0.074359685;0.010363637;0.34483793
0.074359685;0.0083873514;0.34483793
0.074359685;0.010363637;0.33693281
0.074359685;0.010363637;0.34483793
0.074359685;0.010363637;0.33693281
0.076335967;0.010363637;0.34483793
0.076335967;0.010363637;0.34483793
0.076335967;0.010363637;0.34483793
0.076335967;0.010363637;0.33693281
0.076335967;0.012339921;0.34483793
0.076335967;0.010363637;0.34483793
0.076335967;0.010363637;0.34483793
0.078312255;0.012339921;0.34483793
0.076335967;0.010363637;0.34483793
0.078312255;0.010363637;0.34483793
0.076335967;0.010363637;0.34483793
0.078312255;0.012339921;0.34483793
0.076335967;0.012339921;0.34483793
0.076335967;0.012339921;0.34483793
0.074359685;0.010363637;0.34483793
0.076335967;0.010363637;0.34483793
0.076335967;0.012339921;0.34483793
0.076335967;0.012339921;0.34483793
0.076335967;0.012339921;0.34483793
0.078312255;0.012339921;0.34483793
0.076335967;0.012339921;0.34483793
0.076335967;0.010363637;0.34483793
0.076335967;0.012339921;0.33693281
0.078312255;0.012339921;0.34483793
0.076335967;0.012339921;0.33693281
0.076335967;0.012339921;0.33693281
0.078312255;0.012339921;0.34483793
0.076335967;0.012339921;0.33693281
0.076335967;0.012339921;0.33693281
0.076335967;0.014316206;0.34483793
0.076335967;0.012339921;0.34483793
0.076335967;0.014316206;0.34483793
0.076335967;0.012339921;0.35274309
0.078312255;0.014316206;0.33693281
0.076335967;0.012339921;0.34483793
0.076335967;0.014316206;0.33693281
0.076335967;0.014316206;0.33693281
0.076335967;0.014316206;0.34483793
0.076335967;0.014316206;0.34483793
0.076335967;0.012339921;0.34483793
0.076335967;0.014316206;0.34483793
0.076335967;0.014316206;0.34483793
0.076335967;0.014316206;0.34483793
0.074359685;0.014316206;0.34483793
0.074359685;0.01629249;0.33693281
0.074359685;0.01629249;0.34483793
0.076335967;0.01629249;0.33693281
0.074359685;0.01629249;0.33693281
0.074359685;0.014316206;0.33693281
0.076335967;0.01629249;0.33693281
0.076335967;0.01629249;0.34483793
0.074359685;0.01629249;0.34483793
0.074359685;0.01629249;0.34483793
0.074359685;0.01629249;0.34483793
0.074359685;0.01629249;0.34483793
0.072383396;0.01629249;0.34483793
0.072383396;0.01629249;0.34483793
0.072383396;0.01629249;0.34483793
0.072383396;0.018268775;0.33693281
0.072383396;0.01629249;0.34483793
0.074359685;0.01629249;0.34483793
0.072383396;0.018268775;0.34483793
0.072383396;0.018268775;0.33693281
0.072383396;0.018268775;0.34483793
0.072383396;0.018268775;0.34483793
0.072383396;0.018268775;0.34483793
0.072383396;0.018268775;0.34483793
0.070407115;0.018268775;0.34483793
0.070407115;0.018268775;0.34483793
0.070407115;0.018268775;0.33693281
0.072383396;0.020245058;0.34483793
0.070407115;0.018268775;0.33693281
0.070407115;0.020245058;0.34483793
0.068430834;0.018268775;0.34483793
0.070407115;0.018268775;0.34483793
0.068430834;0.018268775;0.34483793
0.068430834;0.018268775;0.33693281
0.068430834;0.018268775;0.33693281
0.068430834;0.020245058;0.34483793
0.070407115;0.018268775;0.35274309
0.068430834;0.020245058;0.34483793
0.066454545;0.020245058;0.34483793
0.066454545;0.018268775;0.34483793
0.068430834;0.020245058;0.34483793
0.066454545;0.020245058;0.34483793
0.064478263;0.020245058;0.34483793
0.066454545;0.020245058;0.34483793
0.066454545;0.020245058;0.34483793
0.066454545;0.020245058;0.34483793
0.064478263;0.020245058;0.34483793
0.064478263;0.022221344;0.34483793
0.064478263;0.020245058;0.34483793
0.064478263;0.020245058;0.34483793
0.064478263;0.022221344;0.33693281
0.062501974;0.022221344;0.34483793
0.062501974;0.020245058;0.34483793
0.062501974;0.020245058;0.34483793
0.064478263;0.020245058;0.34483793
0.060525693;0.020245058;0.34483793
0.060525693;0.022221344;0.34483793
0.058549408;0.022221344;0.34483793
0.060525693;0.022221344;0.34483793
0.060525693;0.022221344;0.34483793
0.060525693;0.022221344;0.34483793
0.060525693;0.022221344;0.33693281
0.058549408;0.024197629;0.33693281
0.056573123;0.022221344;0.33693281
0.058549408;0.022221344;0.34483793
0.058549408;0.022221344;0.34483793
0.056573123;0.022221344;0.34483793
0.058549408;0.022221344;0.33693281
0.056573123;0.024197629;0.34483793
0.054596838;0.022221344;0.34483793
0.056573123;0.022221344;0.34483793
0.052620552;0.024197629;0.34483793
0.056573123;0.024197629;0.34483793
0.054596838;0.024197629;0.34483793
0.054596838;0.024197629;0.34483793
0.054596838;0.024197629;0.34483793
0.052620552;0.024197629;0.34483793
0.052620552;0.024197629;0.34483793
0.052620552;0.024197629;0.34483793
0.052620552;0.024197629;0.34483793
0.050644267;0.026173914;0.34483793
0.050644267;0.024197629;0.34483793
0.048667986;0.024197629;0.34483793
0.048667986;0.026173914;0.33693281
0.048667986;0.026173914;0.34483793
0.048667986;0.026173914;0.34483793
0.048667986;0.024197629;0.33693281
0.046691701;0.024197629;0.34483793
0.046691701;0.026173914;0.34483793
0.046691701;0.026173914;0.34483793
0.046691701;0.026173914;0.33693281
0.044715416;0.026173914;0.34483793
0.044715416;0.026173914;0.34483793
0.042739131;0.026173914;0.33693281
0.042739131;0.026173914;0.33693281
0.042739131;0.028150197;0.34483793
0.042739131;0.026173914;0.33693281
0.042739131;0.026173914;0.33693281
0.040762845;0.026173914;0.33693281
0.040762845;0.028150197;0.34483793
0.040762845;0.026173914;0.34483793
0.040762845;0.028150197;0.34483793
0.040762845;0.028150197;0.34483793
0.040762845;0.028150197;0.34483793
0.03878656;0.026173914;0.34483793
0.03878656;0.026173914;0.34483793
0.03878656;0.028150197;0.34483793
0.036810275;0.028150197;0.33693281
0.036810275;0.028150197;0.33693281
0.036810275;0.028150197;0.34483793
0.034833994;0.028150197;0.34483793
0.034833994;0.028150197;0.33693281
0.034833994;0.028150197;0.34483793
0.032857709;0.028150197;0.34483793
0.034833994;0.028150197;0.33693281
0.032857709;0.028150197;0.34483793
0.032857709;0.028150197;0.34483793
0.030881424;0.030126482;0.34483793
0.032857709;0.028150197;0.33693281
0.030881424;0.030126482;0.34483793
0.030881424;0.028150197;0.33693281
0.030881424;0.030126482;0.34483793
0.028905138;0.030126482;0.34483793
0.028905138;0.030126482;0.34483793
0.028905138;0.030126482;0.33693281
0.028905138;0.030126482;0.34483793
0.026928853;0.030126482;0.33693281
0.02495257;0.030126482;0.34483793
0.02495257;0.030126482;0.33693281
0.026928853;0.030126482;0.33693281
0.02495257;0.032102767;0.34483793
0.022976285;0.032102767;0.34483793
0.022976285;0.032102767;0.33693281
0.022976285;0.032102767;0.34483793
0.021;0.032102767;0.34483793
0.022976285;0.032102767;0.33693281
0.021;0.032102767;0.33693281
0.021;0.030126482;0.34483793
0.021;0.032102767;0.33693281
0.021;0.032102767;0.34483793
0.019023715;0.030126482;0.34483793
0.019023715;0.034079053;0.33693281
0.019023715;0.032102767;0.33693281
0.017047431;0.032102767;0.33693281
0.017047431;0.034079053;0.33693281
0.017047431;0.032102767;0.34483793
0.017047431;0.034079053;0.33693281
0.017047431;0.034079053;0.34483793
0.015071146;0.034079053;0.34483793
0.015071146;0.032102767;0.33693281
0.015071146;0.032102767;0.33693281
0.015071146;0.034079053;0.33693281
0.013094862;0.032102767;0.33693281
0.011118577;0.032102767;0.33693281
0.013094862;0.034079053;0.34483793
0.013094862;0.034079053;0.34483793
0.013094862;0.034079053;0.34483793
0.011118577;0.034079053;0.34483793
0.0091422927;0.034079053;0.34483793
0.0091422927;0.034079053;0.34483793
0.0091422927;0.034079053;0.34483793
0.0091422927;0.036055338;0.34483793
0.007166008;0.034079053;0.33693281
0.007166008;0.034079053;0.33693281
0.007166008;0.036055338;0.33693281
0.0051897233;0.034079053;0.33693281
0.007166008;0.036055338;0.34483793
0.0051897233;0.036055338;0.33693281
0.0051897233;0.036055338;0.34483793
0.0051897233;0.036055338;0.34483793
0.0051897233;0.034079053;0.34483793
0.0051897233;0.036055338;0.34483793
0.0032134387;0.036055338;0.33693281
0.0032134387;0.036055338;0.34483793
0.0012371541;0.036055338;0.34483793
0.0012371541;0.036055338;0.34483793
0.0012371541;0.036055338;0.34483793
-0.00073913042;0.036055338;0.34483793
-0.00073913042;0.036055338;0.34483793
-0.00073913042;0.036055338;0.34483793
-0.00073913042;0.036055338;0.33693281
-0.00073913042;0.038031619;0.34483793
-0.0027154151;0.036055338;0.34483793
-0.0027154151;0.036055338;0.33693281
-0.00073913042;0.036055338;0.34483793
-0.0027154151;0.038031619;0.33693281
-0.0046916995;0.038031619;0.34483793
-0.0066679842;0.038031619;0.34483793
-0.0066679842;0.038031619;0.33693281
-0.0066679842;0.038031619;0.34483793
-0.0066679842;0.038031619;0.33693281
-0.0066679842;0.036055338;0.34483793
-0.0066679842;0.036055338;0.34483793
-0.0086442688;0.038031619;0.34483793
-0.0066679842;0.038031619;0.34483793
-0.0086442688;0.040007904;0.34483793
-0.0086442688;0.038031619;0.33693281
-0.0086442688;0.038031619;0.33693281
-0.010620553;0.038031619;0.33693281
-0.010620553;0.038031619;0.33693281
-0.010620553;0.038031619;0.33693281
-0.012596838;0.040007904;0.34483793
-0.010620553;0.040007904;0.34483793
-0.012596838;0.040007904;0.34483793
-0.012596838;0.040007904;0.34483793
-0.012596838;0.040007904;0.34483793
-0.012596838;0.040007904;0.34483793
-0.012596838;0.040007904;0.34483793
-0.012596838;0.040007904;0.33693281
-0.014573122;0.040007904;0.34483793
-0.014573122;0.040007904;0.34483793
-0.014573122;0.040007904;0.33693281
-0.016549407;0.038031619;0.33693281
-0.016549407;0.040007904;0.34483793
-0.016549407;0.040007904;0.34483793
-0.018525692;0.040007904;0.34483793
-0.016549407;0.040007904;0.34483793
-0.016549407;0.040007904;0.34483793
-0.018525692;0.040007904;0.34483793
-0.018525692;0.041984189;0.34483793
-0.018525692;0.040007904;0.35274309
-0.018525692;0.040007904;0.34483793
-0.018525692;0.041984189;0.34483793
-0.020501977;0.041984189;0.33693281
-0.020501977;0.041984189;0.34483793
-0.018525692;0.041984189;0.34483793
-0.02247826;0.041984189;0.34483793
-0.020501977;0.041984189;0.33693281
-0.02247826;0.041984189;0.34483793
-0.02247826;0.041984189;0.34483793
-0.02247826;0.041984189;0.33693281
-0.020501977;0.041984189;0.34483793
-0.02247826;0.041984189;0.33693281
-0.02247826;0.041984189;0.34483793
-0.024454545;0.041984189;0.33693281
-0.02247826;0.041984189;0.33693281
-0.024454545;0.041984189;0.34483793
-0.024454545;0.041984189;0.34483793
-0.024454545;0.041984189;0.34483793
-0.024454545;0.043960474;0.34483793
-0.024454545;0.041984189;0.34483793
-0.02643083;0.041984189;0.34483793
-0.024454545;0.041984189;0.34483793
-0.02643083;0.043960474;0.34483793
-0.024454545;0.043960474;0.33693281
-0.02643083;0.043960474;0.34483793
-0.024454545;0.043960474;0.33693281
-0.028407115;0.041984189;0.33693281
-0.02643083;0.041984189;0.34483793
-0.02643083;0.041984189;0.33693281
-0.028407115;0.043960474;0.34483793
-0.02643083;0.043960474;0.34483793
-0.02643083;0.043960474;0.34483793
-0.028407115;0.043960474;0.33693281
-0.028407115;0.043960474;0.33693281
-0.030383399;0.043960474;0.34483793
-0.028407115;0.043960474;0.33693281
-0.030383399;0.04593676;0.34483793
-0.028407115;0.043960474;0.34483793
-0.028407115;0.04593676;0.34483793
-0.028407115;0.04593676;0.34483793
-0.028407115;0.04593676;0.34483793
-0.030383399;0.04593676;0.34483793
-0.028407115;0.04593676;0.34483793
-0.028407115;0.04593676;0.34483793
-0.030383399;0.04593676;0.33693281
-0.030383399;0.04593676;0.33693281
-0.030383399;0.04593676;0.34483793
-0.030383399;0.043960474;0.34483793
-0.030383399;0.04593676;0.33693281
-0.030383399;0.047913045;0.34483793
-0.030383399;0.04593676;0.34483793
-0.030383399;0.04593676;0.34483793
-0.032359682;0.047913045;0.34483793
-0.030383399;0.047913045;0.34483793
-0.032359682;0.047913045;0.34483793
-0.030383399;0.047913045;0.34483793
-0.032359682;0.047913045;0.34483793
-0.032359682;0.047913045;0.33693281
-0.030383399;0.047913045;0.34483793
-0.032359682;0.047913045;0.34483793
-0.032359682;0.047913045;0.34483793
-0.032359682;0.047913045;0.34483793
-0.032359682;0.047913045;0.34483793
-0.032359682;0.047913045;0.34483793
-0.032359682;0.047913045;0.34483793
-0.032359682;0.047913045;0.34483793
-0.030383399;0.047913045;0.34483793
-0.032359682;0.047913045;0.33693281
-0.030383399;0.047913045;0.34483793
-0.032359682;0.04988933;0.34483793
-0.032359682;0.047913045;0.34483793
-0.032359682;0.047913045;0.33693281
-0.032359682;0.047913045;0.34483793
-0.032359682;0.04988933;0.34483793
-0.032359682;0.047913045;0.34483793
-0.032359682;0.047913045;0.34483793
-0.030383399;0.04988933;0.33693281
-0.030383399;0.047913045;0.34483793
-0.030383399;0.04988933;0.34483793
-0.030383399;0.04988933;0.34483793
-0.032359682;0.04988933;0.34483793
-0.030383399;0.04988933;0.34483793
-0.032359682;0.04988933;0.34483793
-0.032359682;0.04988933;0.34483793
-0.032359682;0.04988933;0.34483793
-0.032359682;0.04988933;0.33693281
-0.030383399;0.04988933;0.33693281
-0.030383399;0.04988933;0.33693281
-0.030383399;0.04988933;0.33693281
-0.030383399;0.04988933;0.34483793
-0.030383399;0.04988933;0.33693281
-0.030383399;0.04988933;0.33693281
-0.030383399;0.04988933;0.34483793
-0.028407115;0.04988933;0.34483793
-0.028407115;0.04988933;0.33693281
-0.028407115;0.04988933;0.33693281
-0.028407115;0.051865611;0.34483793
-0.028407115;0.051865611;0.34483793
-0.028407115;0.04988933;0.33693281
-0.028407115;0.051865611;0.33693281
-0.028407115;0.051865611;0.33693281
-0.028407115;0.051865611;0.33693281
-0.028407115;0.051865611;0.34483793
-0.030383399;0.051865611;0.34483793
-0.028407115;0.051865611;0.34483793
-0.02643083;0.051865611;0.34483793
-0.028407115;0.051865611;0.34483793
-0.02643083;0.053841896;0.34483793
-0.02643083;0.051865611;0.34483793
-0.02643083;0.051865611;0.33693281
-0.02643083;0.051865611;0.34483793
-0.02643083;0.051865611;0.34483793
-0.02643083;0.051865611;0.33693281
-0.02643083;0.051865611;0.34483793
-0.02643083;0.051865611;0.34483793
-0.024454545;0.051865611;0.34483793
-0.024454545;0.051865611;0.33693281
-0.024454545;0.051865611;0.34483793
-0.024454545;0.053841896;0.34483793
-0.024454545;0.053841896;0.34483793
-0.02247826;0.053841896;0.34483793
-0.024454545;0.053841896;0.34483793
-0.02247826;0.053841896;0.34483793
-0.02247826;0.053841896;0.34483793
-0.02247826;0.051865611;0.34483793
-0.02247826;0.053841896;0.34483793
-0.020501977;0.053841896;0.34483793
-0.02247826;0.055818181;0.34483793
-0.02247826;0.053841896;0.33693281
-0.020501977;0.055818181;0.34483793
-0.020501977;0.055818181;0.33693281
-0.02247826;0.053841896;0.33693281
-0.020501977;0.053841896;0.34483793
-0.020501977;0.053841896;0.34483793
-0.018525692;0.053841896;0.34483793
-0.020501977;0.053841896;0.34483793
-0.020501977;0.055818181;0.34483793
-0.020501977;0.055818181;0.34483793
-0.018525692;0.053841896;0.34483793
-0.016549407;0.055818181;0.33693281
-0.018525692;0.053841896;0.33693281
-0.016549407;0.053841896;0.33693281
-0.016549407;0.053841896;0.33693281
-0.016549407;0.055818181;0.34483793
-0.016549407;0.055818181;0.33693281
-0.014573122;0.055818181;0.34483793
-0.014573122;0.055818181;0.34483793
-0.014573122;0.055818181;0.34483793
-0.014573122;0.055818181;0.33693281
-0.012596838;0.055818181;0.33693281
-0.012596838;0.055818181;0.33693281
-0.012596838;0.055818181;0.33693281
-0.012596838;0.057794467;0.33693281
-0.012596838;0.057794467;0.33693281
-0.012596838;0.055818181;0.34483793
-0.010620553;0.055818181;0.34483793
-0.010620553;0.055818181;0.33693281
-0.010620553;0.055818181;0.34483793
-0.010620553;0.057794467;0.34483793
-0.010620553;0.057794467;0.34483793
-0.0086442688;0.057794467;0.34483793
-0.0086442688;0.055818181;0.34483793
-0.0086442688;0.057794467;0.34483793
-0.0086442688;0.057794467;0.34483793
-0.0066679842;0.057794467;0.34483793
-0.0066679842;0.059770752;0.34483793
-0.0086442688;0.057794467;0.33693281
-0.0066679842;0.057794467;0.34483793
-0.0066679842;0.057794467;0.34483793
-0.0066679842;0.057794467;0.34483793
-0.0046916995;0.057794467;0.34483793
-0.0046916995;0.057794467;0.34483793
-0.0046916995;0.057794467;0.34483793
-0.0027154151;0.057794467;0.34483793
-0.0027154151;0.059770752;0.34483793
-0.0027154151;0.057794467;0.33693281
-0.0027154151;0.059770752;0.33693281
-0.0027154151;0.057794467;0.34483793
-0.00073913042;0.057794467;0.34483793
-0.00073913042;0.057794467;0.33693281
-0.00073913042;0.057794467;0.34483793
-0.00073913042;0.057794467;0.35274309
0.0012371541;0.057794467;0.33693281
0.0012371541;0.057794467;0.34483793
0.0032134387;0.057794467;0.34483793
0.0032134387;0.057794467;0.34483793
0.0032134387;0.057794467;0.33693281
0.0051897233;0.057794467;0.34483793
0.0032134387;0.057794467;0.34483793
0.0051897233;0.057794467;0.34483793
0.0051897233;0.059770752;0.34483793
0.0051897233;0.059770752;0.34483793
0.007166008;0.059770752;0.34483793
0.0051897233;0.059770752;0.34483793
0.007166008;0.059770752;0.34483793
0.007166008;0.057794467;0.34483793
0.007166008;0.059770752;0.33693281
0.0091422927;0.059770752;0.34483793
0.0091422927;0.059770752;0.34483793
0.011118577;0.059770752;0.33693281
0.011118577;0.059770752;0.34483793
0.011118577;0.059770752;0.34483793
0.011118577;0.061747037;0.34483793
0.011118577;0.059770752;0.34483793
0.013094862;0.059770752;0.34483793
0.013094862;0.059770752;0.34483793
0.013094862;0.059770752;0.34483793
0.015071146;0.061747037;0.34483793
0.015071146;0.061747037;0.34483793
0.015071146;0.061747037;0.34483793
0.017047431;0.059770752;0.34483793
0.015071146;0.059770752;0.34483793
0.015071146;0.059770752;0.33693281
0.017047431;0.059770752;0.33693281
0.019023715;0.061747037;0.33693281
0.017047431;0.061747037;0.34483793
0.019023715;0.061747037;0.34483793
0.019023715;0.061747037;0.33693281
0.021;0.061747037;0.33693281
0.019023715;0.061747037;0.34483793
0.021;0.061747037;0.34483793
0.022976285;0.061747037;0.34483793
0.021;0.059770752;0.34483793
0.021;0.061747037;0.33693281
0.022976285;0.061747037;0.34483793
0.022976285;0.061747037;0.34483793
0.02495257;0.061747037;0.33693281
0.026928853;0.061747037;0.33693281
0.02495257;0.061747037;0.34483793
0.026928853;0.061747037;0.34483793
0.026928853;0.061747037;0.34483793
0.026928853;0.059770752;0.34483793
0.026928853;0.063723318;0.34483793
0.028905138;0.061747037;0.33693281
0.028905138;0.061747037;0.34483793
0.030881424;0.063723318;0.34483793
0.030881424;0.061747037;0.34483793
0.030881424;0.061747037;0.34483793
0.030881424;0.061747037;0.33693281
0.030881424;0.061747037;0.33693281
0.030881424;0.063723318;0.33693281
0.032857709;0.061747037;0.33693281
0.032857709;0.061747037;0.34483793
0.030881424;0.063723318;0.34483793
0.034833994;0.061747037;0.33693281
0.032857709;0.061747037;0.34483793
0.034833994;0.065699607;0.34483793
0.036810275;0.061747037;0.33693281
0.036810275;0.061747037;0.34483793
0.036810275;0.061747037;0.34483793
0.036810275;0.063723318;0.34483793
0.03878656;0.063723318;0.34483793
0.03878656;0.063723318;0.34483793
0.03878656;0.063723318;0.34483793
0.040762845;0.063723318;0.34483793
0.040762845;0.063723318;0.34483793
0.040762845;0.063723318;0.34483793
0.042739131;0.063723318;0.34483793
0.040762845;0.063723318;0.33693281
0.040762845;0.063723318;0.34483793
0.042739131;0.063723318;0.34483793
0.044715416;0.063723318;0.33693281
0.044715416;0.063723318;0.34483793
0.042739131;0.063723318;0.33693281
0.044715416;0.063723318;0.34483793
0.046691701;0.065699607;0.34483793
0.046691701;0.063723318;0.33693281
0.046691701;0.063723318;0.33693281
0.046691701;0.065699607;0.33693281
0.046691701;0.063723318;0.33693281
0.046691701;0.063723318;0.34483793
0.046691701;0.063723318;0.33693281
0.048667986;0.065699607;0.34483793
0.048667986;0.063723318;0.34483793
0.048667986;0.065699607;0.33693281
0.050644267;0.063723318;0.33693281
0.050644267;0.063723318;0.33693281
0.050644267;0.063723318;0.34483793
0.052620552;0.065699607;0.34483793
0.052620552;0.065699607;0.34483793
0.052620552;0.065699607;0.34483793
0.052620552;0.063723318;0.34483793
0.054596838;0.063723318;0.34483793
0.054596838;0.063723318;0.34483793
0.054596838;0.065699607;0.33693281
0.054596838;0.065699607;0.34483793
0.054596838;0.065699607;0.33693281
0.054596838;0.065699607;0.34483793
0.056573123;0.065699607;0.33693281
0.056573123;0.065699607;0.34483793
0.056573123;0.065699607;0.33693281
0.056573123;0.065699607;0.33693281
0.056573123;0.065699607;0.34483793
0.058549408;0.065699607;0.33693281
0.058549408;0.065699607;0.33693281
0.058549408;0.065699607;0.34483793
0.058549408;0.065699607;0.33693281
0.060525693;0.063723318;0.34483793
0.060525693;0.065699607;0.33693281
0.060525693;0.065699607;0.33693281
0.060525693;0.065699607;0.34483793
0.062501974;0.065699607;0.34483793
0.062501974;0.065699607;0.34483793
0.062501974;0.067675889;0.34483793
0.062501974;0.065699607;0.34483793
0.062501974;0.065699607;0.34483793
0.064478263;0.067675889;0.34483793
0.062501974;0.065699607;0.34483793
0.064478263;0.065699607;0.34483793
0.064478263;0.067675889;0.34483793
0.064478263;0.065699607;0.34483793
0.064478263;0.065699607;0.33693281
0.064478263;0.065699607;0.34483793
0.064478263;0.067675889;0.33693281
0.064478263;0.065699607;0.33693281
0.066454545;0.065699607;0.34483793
0.066454545;0.067675889;0.34483793
0.066454545;0.067675889;0.34483793
0.068430834;0.067675889;0.34483793
0.068430834;0.067675889;0.34483793
0.068430834;0.065699607;0.33693281
0.066454545;0.065699607;0.33693281
0.068430834;0.067675889;0.34483793
0.068430834;0.067675889;0.33693281
0.068430834;0.067675889;0.33693281
0.068430834;0.067675889;0.34483793
0.068430834;0.067675889;0.34483793
0.070407115;0.065699607;0.33693281
0.070407115;0.065699607;0.34483793
0.072383396;0.067675889;0.34483793
0.070407115;0.067675889;0.34483793
0.072383396;0.067675889;0.34483793
0.072383396;0.067675889;0.34483793
0.070407115;0.065699607;0.34483793
0.072383396;0.067675889;0.34483793
0.072383396;0.067675889;0.34483793
0.072383396;0.067675889;0.34483793
0.072383396;0.067675889;0.34483793
0.072383396;0.067675889;0.34483793
0.074359685;0.067675889;0.34483793
0.072383396;0.065699607;0.34483793
0.074359685;0.067675889;0.34483793
0.074359685;0.067675889;0.34483793
0.072383396;0.067675889;0.34483793
0.074359685;0.067675889;0.33693281
0.074359685;0.067675889;0.34483793
0.074359685;0.067675889;0.34483793
0.076335967;0.067675889;0.34483793
0.074359685;0.067675889;0.33693281
0.074359685;0.067675889;0.33693281
0.074359685;0.067675889;0.33693281
0.076335967;0.067675889;0.33693281
0.076335967;0.065699607;0.33693281
0.076335967;0.067675889;0.34483793
0.076335967;0.067675889;0.34483793
0.076335967;0.069652177;0.34483793
0.076335967;0.067675889;0.33693281
0.076335967;0.067675889;0.33693281
0.076335967;0.067675889;0.34483793
0.076335967;0.067675889;0.33693281
0.076335967;0.067675889;0.34483793
0.076335967;0.067675889;0.33693281
0.076335967;0.069652177;0.34483793
0.078312255;0.069652177;0.34483793
0.076335967;0.069652177;0.33693281
0.076335967;0.069652177;0.33693281
0.076335967;0.067675889;0.34483793
0.078312255;0.067675889;0.34483793
0.076335967;0.067675889;0.34483793
0.078312255;0.069652177;0.34483793
0.078312255;0.069652177;0.34483793
0.076335967;0.067675889;0.34483793
0.078312255;0.067675889;0.34483793
0.076335967;0.067675889;0.34483793
0.076335967;0.067675889;0.34483793
0.078312255;0.069652177;0.34483793
0.076335967;0.067675889;0.34483793
0.076335967;0.067675889;0.33693281
0.078312255;0.067675889;0.33693281
0.076335967;0.067675889;0.34483793
0.076335967;0.067675889;0.34483793
0.076335967;0.067675889;0.33693281
0.078312255;0.069652177;0.34483793
0.076335967;0.069652177;0.34483793
0.076335967;0.067675889;0.34483793
0.078312255;0.067675889;0.34483793
0.078312255;0.069652177;0.33693281
0.076335967;0.067675889;0.34483793
0.076335967;0.067675889;0.33693281
0.076335967;0.067675889;0.33693281
0.076335967;0.067675889;0.34483793
0.076335967;0.067675889;0.34483793
0.076335967;0.067675889;0.33693281
0.076335967;0.067675889;0.33693281
0.076335967;0.069652177;0.33693281
0.076335967;0.067675889;0.33693281
0.074359685;0.067675889;0.34483793
0.074359685;0.069652177;0.33693281
0.076335967;0.067675889;0.34483793
0.074359685;0.067675889;0.34483793
0.074359685;0.069652177;0.33693281
0.074359685;0.069652177;0.34483793
0.074359685;0.069652177;0.34483793
0.074359685;0.069652177;0.34483793
0.074359685;0.067675889;0.33693281
0.074359685;0.069652177;0.34483793
0.074359685;0.067675889;0.34483793
0.074359685;0.067675889;0.33693281
0.074359685;0.069652177;0.34483793
0.074359685;0.067675889;0.33693281
0.072383396;0.069652177;0.34483793
0.072383396;0.069652177;0.33693281
0.074359685;0.069652177;0.34483793
0.074359685;0.069652177;0.34483793
0.072383396;0.069652177;0.34483793
0.072383396;0.069652177;0.34483793
0.072383396;0.069652177;0.34483793
0.072383396;0.069652177;0.34483793
0.072383396;0.069652177;0.34483793
0.070407115;0.069652177;0.34483793
0.072383396;0.069652177;0.34483793
0.072383396;0.069652177;0.34483793
0.072383396;0.067675889;0.34483793
0.070407115;0.067675889;0.34483793
0.070407115;0.067675889;0.34483793
0.070407115;0.069652177;0.34483793
0.070407115;0.069652177;0.34483793
0.070407115;0.069652177;0.34483793
0.068430834;0.069652177;0.34483793
0.068430834;0.069652177;0.34483793
0.068430834;0.069652177;0.34483793
0.068430834;0.067675889;0.34483793
0.068430834;0.067675889;0.34483793
0.066454545;0.069652177;0.33693281
0.066454545;0.069652177;0.34483793
0.066454545;0.067675889;0.34483793
0.066454545;0.069652177;0.34483793
0.066454545;0.069652177;0.34483793
0.064478263;0.069652177;0.33693281
0.064478263;0.069652177;0.34483793
0.064478263;0.069652177;0.34483793
0.064478263;0.069652177;0.33693281
0.064478263;0.069652177;0.34483793
0.064478263;0.069652177;0.34483793
0.064478263;0.069652177;0.33693281
0.062501974;0.069652177;0.34483793
0.062501974;0.067675889;0.34483793
0.062501974;0.069652177;0.34483793
0.062501974;0.067675889;0.33693281
0.062501974;0.067675889;0.34483793
0.060525693;0.069652177;0.34483793
0.060525693;0.069652177;0.34483793
0.060525693;0.069652177;0.34483793
0.060525693;0.069652177;0.34483793
0.058549408;0.067675889;0.34483793
0.058549408;0.069652177;0.33693281
0.056573123;0.069652177;0.33693281
0.058549408;0.069652177;0.33693281
0.056573123;0.069652177;0.34483793
0.056573123;0.069652177;0.34483793
0.058549408;0.069652177;0.33693281
0.056573123;0.069652177;0.33693281
0.056573123;0.069652177;0.34483793
0.056573123;0.069652177;0.34483793
0.054596838;0.069652177;0.34483793
0.054596838;0.069652177;0.33693281
0.054596838;0.069652177;0.33693281
0.054596838;0.069652177;0.34483793
0.054596838;0.067675889;0.33693281
0.052620552;0.069652177;0.33693281
0.052620552;0.069652177;0.34483793
0.052620552;0.069652177;0.34483793
0.052620552;0.069652177;0.33693281
0.050644267;0.069652177;0.34483793
0.050644267;0.069652177;0.34483793
0.050644267;0.069652177;0.34483793
0.048667986;0.069652177;0.33693281
0.050644267;0.069652177;0.33693281
0.048667986;0.069652177;0.34483793
0.048667986;0.069652177;0.34483793
0.048667986;0.069652177;0.33693281
0.046691701;0.067675889;0.34483793
0.046691701;0.069652177;0.33693281
0.046691701;0.069652177;0.34483793
0.046691701;0.069652177;0.34483793
0.044715416;0.069652177;0.34483793
0.044715416;0.069652177;0.34483793
0.046691701;0.069652177;0.34483793
0.044715416;0.067675889;0.34483793
0.042739131;0.069652177;0.34483793
0.040762845;0.067675889;0.34483793
0.042739131;0.069652177;0.34483793
0.042739131;0.069652177;0.34483793
0.040762845;0.067675889;0.34483793
0.042739131;0.067675889;0.33693281
0.03878656;0.069652177;0.33693281
0.03878656;0.069652177;0.34483793
0.03878656;0.069652177;0.33693281
0.03878656;0.069652177;0.34483793
0.03878656;0.067675889;0.34483793
0.036810275;0.069652177;0.33693281
0.036810275;0.069652177;0.34483793
0.036810275;0.067675889;0.34483793
0.034833994;0.067675889;0.34483793
0.034833994;0.069652177;0.34483793
0.034833994;0.067675889;0.34483793
0.032857709;0.069652177;0.33693281
0.032857709;0.069652177;0.34483793
0.034833994;0.069652177;0.34483793
0.032857709;0.069652177;0.34483793
0.030881424;0.067675889;0.34483793
0.032857709;0.067675889;0.34483793
0.030881424;0.067675889;0.34483793
0.030881424;0.067675889;0.34483793
0.030881424;0.069652177;0.34483793
0.030881424;0.067675889;0.34483793
0.028905138;0.067675889;0.33693281
0.028905138;0.069652177;0.34483793
0.030881424;0.069652177;0.33693281
0.026928853;0.069652177;0.34483793
0.026928853;0.067675889;0.34483793
0.028905138;0.069652177;0.33693281
0.028905138;0.067675889;0.33693281
0.02495257;0.067675889;0.33693281
0.02495257;0.067675889;0.34483793
0.02495257;0.067675889;0.34483793
0.02495257;0.067675889;0.34483793
0.022976285;0.067675889;0.34483793
0.022976285;0.067675889;0.33693281
0.021;0.067675889;0.33693281
0.021;0.067675889;0.34483793
0.022976285;0.067675889;0.34483793
0.021;0.067675889;0.34483793
0.019023715;0.069652177;0.34483793
0.019023715;0.067675889;0.33693281
0.019023715;0.067675889;0.34483793
0.019023715;0.067675889;0.34483793
0.019023715;0.067675889;0.33693281
0.017047431;0.067675889;0.34483793
0.017047431;0.065699607;0.34483793
0.017047431;0.067675889;0.33693281
0.015071146;0.067675889;0.34483793
0.015071146;0.067675889;0.34483793
0.015071146;0.067675889;0.33693281
0.013094862;0.067675889;0.34483793
0.013094862;0.067675889;0.33693281
0.013094862;0.067675889;0.34483793
0.013094862;0.067675889;0.33693281
0.013094862;0.067675889;0.33693281
0.013094862;0.067675889;0.34483793
0.011118577;0.069652177;0.34483793
0.011118577;0.067675889;0.33693281
0.0091422927;0.067675889;0.34483793
0.0091422927;0.067675889;0.33693281
0.0091422927;0.067675889;0.34483793
0.0091422927;0.067675889;0.34483793
0.007166008;0.067675889;0.34483793
0.007166008;0.067675889;0.33693281
0.0051897233;0.067675889;0.34483793
0.007166008;0.067675889;0.34483793
0.0051897233;0.067675889;0.33693281
0.0051897233;0.067675889;0.33693281
0.0051897233;0.067675889;0.34483793
0.0051897233;0.067675889;0.34483793
0.0032134387;0.067675889;0.33693281
0.0012371541;0.067675889;0.34483793
0.0032134387;0.067675889;0.34483793
0.0012371541;0.067675889;0.34483793
0.0012371541;0.065699607;0.33693281
0.0012371541;0.067675889;0.34483793
-0.00073913042;0.067675889;0.34483793
-0.00073913042;0.067675889;0.33693281
-0.00073913042;0.065699607;0.34483793
-0.0027154151;0.065699607;0.33693281
-0.00073913042;0.067675889;0.33693281
-0.00073913042;0.067675889;0.34483793
-0.0046916995;0.067675889;0.34483793
-0.0046916995;0.065699607;0.33693281
-0.0046916995;0.065699607;0.34483793
-0.0046916995;0.067675889;0.33693281
-0.0046916995;0.067675889;0.33693281
-0.0066679842;0.067675889;0.34483793
-0.0066679842;0.067675889;0.33693281
-0.0066679842;0.067675889;0.33693281
-0.0066679842;0.067675889;0.34483793
-0.0086442688;0.067675889;0.34483793
-0.0086442688;0.067675889;0.34483793
-0.010620553;0.067675889;0.34483793
-0.0086442688;0.067675889;0.33693281
-0.0086442688;0.067675889;0.34483793
-0.0086442688;0.067675889;0.34483793
-0.0086442688;0.067675889;0.34483793
-0.010620553;0.067675889;0.34483793
-0.010620553;0.065699607;0.33693281
-0.010620553;0.067675889;0.34483793
-0.012596838;0.067675889;0.34483793
-0.012596838;0.065699607;0.34483793
-0.012596838;0.065699607;0.33693281
-0.012596838;0.065699607;0.34483793
-0.012596838;0.065699607;0.34483793
-0.012596838;0.065699607;0.34483793
-0.014573122;0.063723318;0.33693281
-0.014573122;0.067675889;0.34483793
-0.014573122;0.065699607;0.34483793
-0.014573122;0.065699607;0.34483793
-0.014573122;0.063723318;0.34483793
-0.016549407;0.065699607;0.33693281
-0.016549407;0.065699607;0.33693281
-0.016549407;0.065699607;0.34483793
-0.016549407;0.065699607;0.33693281
-0.016549407;0.065699607;0.34483793
-0.018525692;0.065699607;0.33693281
-0.018525692;0.065699607;0.34483793
-0.018525692;0.065699607;0.34483793
-0.020501977;0.065699607;0.34483793
-0.018525692;0.067675889;0.33693281
-0.020501977;0.065699607;0.33693281
-0.020501977;0.065699607;0.33693281
-0.020501977;0.065699607;0.33693281
-0.02247826;0.065699607;0.33693281
-0.020501977;0.065699607;0.33693281
-0.02247826;0.065699607;0.33693281
-0.020501977;0.065699607;0.34483793
-0.020501977;0.065699607;0.34483793
-0.02247826;0.063723318;0.34483793
-0.02247826;0.063723318;0.34483793
-0.02247826;0.065699607;0.33693281
-0.02247826;0.065699607;0.34483793
-0.024454545;0.065699607;0.34483793
-0.024454545;0.065699607;0.34483793
-0.024454545;0.065699607;0.34483793
-0.024454545;0.063723318;0.33693281
-0.02247826;0.063723318;0.34483793
-0.024454545;0.065699607;0.33693281
-0.024454545;0.063723318;0.33693281
-0.02643083;0.063723318;0.34483793
-0.024454545;0.063723318;0.34483793
-0.02643083;0.063723318;0.34483793
-0.02643083;0.063723318;0.33693281
-0.028407115;0.065699607;0.34483793
-0.02643083;0.063723318;0.33693281
-0.02643083;0.063723318;0.34483793
-0.028407115;0.063723318;0.33693281
-0.028407115;0.063723318;0.34483793
-0.028407115;0.063723318;0.34483793
-0.028407115;0.063723318;0.34483793
-0.028407115;0.063723318;0.34483793
-0.028407115;0.063723318;0.34483793
-0.028407115;0.063723318;0.34483793
-0.028407115;0.063723318;0.33693281
-0.030383399;0.063723318;0.33693281
-0.028407115;0.061747037;0.34483793
-0.028407115;0.061747037;0.34483793
-0.028407115;0.061747037;0.34483793
-0.030383399;0.063723318;0.33693281
-0.030383399;0.063723318;0.34483793
-0.030383399;0.063723318;0.34483793
-0.030383399;0.063723318;0.34483793
-0.030383399;0.063723318;0.34483793
-0.030383399;0.061747037;0.34483793
-0.032359682;0.063723318;0.34483793
-0.030383399;0.063723318;0.33693281
-0.030383399;0.063723318;0.34483793
-0.030383399;0.061747037;0.34483793
-0.030383399;0.061747037;0.34483793
-0.030383399;0.063723318;0.34483793
-0.032359682;0.061747037;0.34483793
-0.030383399;0.061747037;0.34483793
-0.030383399;0.061747037;0.34483793
-0.032359682;0.061747037;0.33693281
-0.032359682;0.063723318;0.33693281
-0.032359682;0.063723318;0.33693281
-0.030383399;0.061747037;0.34483793
-0.032359682;0.061747037;0.34483793
-0.032359682;0.063723318;0.33693281
-0.032359682;0.061747037;0.33693281
-0.032359682;0.061747037;0.34483793
-0.032359682;0.061747037;0.34483793
-0.032359682;0.061747037;0.34483793
-0.032359682;0.061747037;0.34483793
-0.030383399;0.061747037;0.34483793
-0.032359682;0.061747037;0.33693281
-0.032359682;0.061747037;0.33693281
-0.030383399;0.061747037;0.34483793
-0.032359682;0.061747037;0.33693281
-0.032359682;0.061747037;0.33693281
-0.032359682;0.061747037;0.34483793
-0.032359682;0.061747037;0.34483793
-0.032359682;0.061747037;0.33693281
-0.030383399;0.061747037;0.33693281
-0.032359682;0.061747037;0.33693281
-0.030383399;0.059770752;0.33693281
-0.032359682;0.061747037;0.34483793
-0.032359682;0.059770752;0.35274309
-0.032359682;0.059770752;0.34483793
-0.032359682;0.061747037;0.34483793
-0.032359682;0.059770752;0.33693281
-0.030383399;0.059770752;0.33693281
-0.030383399;0.059770752;0.34483793
-0.032359682;0.059770752;0.34483793
-0.030383399;0.059770752;0.34483793
-0.030383399;0.061747037;0.34483793
-0.030383399;0.059770752;0.34483793
-0.030383399;0.059770752;0.34483793
-0.028407115;0.057794467;0.34483793
-0.028407115;0.059770752;0.34483793
-0.028407115;0.059770752;0.33693281
-0.030383399;0.059770752;0.33693281
-0.028407115;0.059770752;0.34483793
-0.02643083;0.059770752;0.34483793
-0.028407115;0.059770752;0.33693281
-0.028407115;0.059770752;0.34483793
-0.028407115;0.057794467;0.34483793
-0.028407115;0.059770752;0.34483793
-0.028407115;0.057794467;0.34483793
-0.028407115;0.057794467;0.34483793
-0.028407115;0.059770752;0.34483793
-0.028407115;0.059770752;0.34483793
-0.028407115;0.059770752;0.34483793
-0.02643083;0.059770752;0.34483793
-0.028407115;0.057794467;0.34483793
-0.02643083;0.059770752;0.34483793
-0.02643083;0.057794467;0.34483793
-0.02643083;0.057794467;0.34483793
-0.024454545;0.057794467;0.34483793
-0.024454545;0.057794467;0.33693281
-0.02643083;0.059770752;0.33693281
-0.02643083;0.057794467;0.34483793
-0.024454545;0.057794467;0.34483793
-0.024454545;0.057794467;0.34483793
-0.024454545;0.059770752;0.34483793
-0.024454545;0.057794467;0.33693281
-0.024454545;0.059770752;0.34483793
-0.024454545;0.059770752;0.34483793
-0.024454545;0.057794467;0.34483793
-0.02247826;0.057794467;0.33693281
-0.02247826;0.057794467;0.34483793
-0.02247826;0.057794467;0.34483793
-0.02247826;0.057794467;0.34483793
-0.02247826;0.057794467;0.34483793
-0.020501977;0.055818181;0.34483793
-0.02247826;0.057794467;0.33693281
-0.02247826;0.057794467;0.34483793
-0.020501977;0.055818181;0.34483793
-0.020501977;0.057794467;0.34483793
-0.020501977;0.057794467;0.34483793
-0.020501977;0.055818181;0.33693281
-0.020501977;0.057794467;0.34483793
-0.018525692;0.055818181;0.33693281
-0.018525692;0.055818181;0.34483793
-0.018525692;0.057794467;0.34483793
-0.018525692;0.057794467;0.34483793
-0.016549407;0.057794467;0.33693281
-0.016549407;0.055818181;0.34483793
-0.014573122;0.055818181;0.33693281
-0.014573122;0.055818181;0.34483793
-0.016549407;0.055818181;0.33693281
-0.014573122;0.053841896;0.34483793
-0.014573122;0.055818181;0.35274309
-0.012596838;0.055818181;0.34483793
-0.014573122;0.055818181;0.34483793
-0.012596838;0.055818181;0.34483793
-0.012596838;0.053841896;0.34483793
-0.014573122;0.055818181;0.34483793
-0.012596838;0.055818181;0.33693281
-0.012596838;0.053841896;0.33693281
-0.012596838;0.053841896;0.33693281
-0.012596838;0.053841896;0.33693281
-0.010620553;0.055818181;0.34483793
-0.010620553;0.055818181;0.34483793
-0.0086442688;0.055818181;0.34483793
-0.010620553;0.053841896;0.34483793
-0.0086442688;0.053841896;0.33693281
-0.0086442688;0.053841896;0.34483793
-0.0086442688;0.053841896;0.33693281
-0.0066679842;0.053841896;0.34483793
-0.0066679842;0.055818181;0.34483793
-0.0066679842;0.053841896;0.33693281
-0.0066679842;0.053841896;0.34483793
-0.0066679842;0.053841896;0.33693281
-0.0066679842;0.053841896;0.34483793
-0.0046916995;0.051865611;0.33693281
-0.0046916995;0.053841896;0.34483793
-0.0046916995;0.053841896;0.33693281
-0.0027154151;0.051865611;0.34483793
-0.0046916995;0.053841896;0.34483793
-0.0027154151;0.053841896;0.34483793
-0.0027154151;0.053841896;0.34483793
-0.00073913042;0.053841896;0.34483793
-0.00073913042;0.053841896;0.34483793
-0.00073913042;0.053841896;0.33693281
-0.00073913042;0.053841896;0.34483793
-0.00073913042;0.053841896;0.34483793
0.0012371541;0.051865611;0.34483793
0.0032134387;0.051865611;0.33693281
0.0012371541;0.051865611;0.33693281
0.0012371541;0.051865611;0.34483793
0.0032134387;0.051865611;0.34483793
0.0051897233;0.051865611;0.34483793
0.0051897233;0.051865611;0.34483793
0.0051897233;0.051865611;0.34483793
0.0051897233;0.051865611;0.34483793
0.0051897233;0.051865611;0.34483793
0.007166008;0.051865611;0.34483793
0.007166008;0.04988933;0.34483793
0.007166008;0.051865611;0.34483793
0.007166008;0.051865611;0.33693281
0.0091422927;0.051865611;0.33693281
0.0091422927;0.051865611;0.34483793
0.0091422927;0.051865611;0.34483793
0.011118577;0.051865611;0.34483793
0.0091422927;0.04988933;0.34483793
0.011118577;0.04988933;0.34483793
0.013094862;0.04988933;0.33693281
0.013094862;0.04988933;0.34483793
0.013094862;0.04988933;0.34483793
0.011118577;0.04988933;0.34483793
0.015071146;0.04988933;0.34483793
0.015071146;0.04988933;0.34483793
0.015071146;0.04988933;0.34483793
0.015071146;0.04988933;0.34483793
0.017047431;0.04988933;0.33693281
0.017047431;0.04988933;0.33693281
0.017047431;0.04988933;0.33693281
0.017047431;0.04988933;0.34483793
0.019023715;0.04988933;0.34483793
0.019023715;0.04988933;0.34483793
0.019023715;0.047913045;0.33693281
0.019023715;0.047913045;0.33693281
0.021;0.047913045;0.34483793
0.019023715;0.047913045;0.34483793
0.021;0.047913045;0.33693281
0.021;0.047913045;0.33693281
0.021;0.047913045;0.33693281
0.022976285;0.047913045;0.34483793
0.022976285;0.047913045;0.34483793
0.022976285;0.047913045;0.35274309
0.02495257;0.047913045;0.34483793
0.02495257;0.047913045;0.34483793
0.026928853;0.047913045;0.34483793
0.026928853;0.047913045;0.34483793
0.026928853;0.047913045;0.34483793
0.028905138;0.047913045;0.33693281
0.026928853;0.04988933;0.34483793
0.028905138;0.047913045;0.34483793
0.028905138;0.04988933;0.34483793
0.030881424;0.047913045;0.34483793
0.030881424;0.047913045;0.34483793
0.032857709;0.047913045;0.34483793
0.032857709;0.047913045;0.34483793
0.030881424;0.047913045;0.34483793
0.032857709;0.047913045;0.34483793
0.032857709;0.047913045;0.34483793
0.032857709;0.047913045;0.34483793
0.032857709;0.047913045;0.34483793
0.034833994;0.047913045;0.33693281
0.034833994;0.047913045;0.34483793
0.034833994;0.047913045;0.33693281
0.034833994;0.04593676;0.34483793
0.03878656;0.04593676;0.34483793
0.036810275;0.04593676;0.33693281
0.03878656;0.04593676;0.34483793
0.03878656;0.04593676;0.33693281
0.03878656;0.04593676;0.34483793
0.03878656;0.04593676;0.33693281
0.03878656;0.043960474;0.34483793
0.042739131;0.04593676;0.34483793
0.040762845;0.04593676;0.33693281
0.040762845;0.04593676;0.34483793
0.042739131;0.04593676;0.34483793
0.042739131;0.04593676;0.34483793
0.042739131;0.04593676;0.34483793
0.042739131;0.04593676;0.33693281
0.044715416;0.04593676;0.33693281
0.046691701;0.043960474;0.34483793
0.044715416;0.043960474;0.33693281
0.046691701;0.043960474;0.34483793
0.044715416;0.043960474;0.34483793
0.046691701;0.043960474;0.33693281
0.048667986;0.043960474;0.33693281
0.048667986;0.043960474;0.34483793
0.048667986;0.043960474;0.34483793
0.048667986;0.04593676;0.34483793
0.048667986;0.043960474;0.34483793
0.048667986;0.043960474;0.34483793
0.052620552;0.043960474;0.34483793
0.050644267;0.041984189;0.34483793
0.050644267;0.043960474;0.33693281
0.052620552;0.041984189;0.33693281
0.052620552;0.043960474;0.33693281
0.052620552;0.043960474;0.34483793
0.052620552;0.043960474;0.34483793
0.054596838;0.041984189;0.34483793
0.054596838;0.043960474;0.34483793
0.052620552;0.041984189;0.34483793
0.054596838;0.043960474;0.34483793
0.056573123;0.041984189;0.34483793
0.056573123;0.043960474;0.34483793
0.056573123;0.041984189;0.34483793
0.056573123;0.041984189;0.34483793
0.056573123;0.041984189;0.34483793
0.056573123;0.041984189;0.34483793
0.056573123;0.041984189;0.33693281
0.058549408;0.043960474;0.34483793
0.058549408;0.040007904;0.34483793
0.058549408;0.041984189;0.33693281
0.060525693;0.041984189;0.34483793
0.058549408;0.041984189;0.34483793
0.060525693;0.041984189;0.34483793
0.060525693;0.041984189;0.34483793
0.058549408;0.041984189;0.34483793
0.062501974;0.041984189;0.34483793
0.060525693;0.040007904;0.34483793
0.062501974;0.040007904;0.33693281
0.062501974;0.041984189;0.34483793
0.064478263;0.041984189;0.34483793
0.062501974;0.040007904;0.34483793
0.064478263;0.041984189;0.33693281
0.062501974;0.040007904;0.34483793
0.064478263;0.040007904;0.34483793
0.064478263;0.040007904;0.33693281
0.064478263;0.040007904;0.33693281
0.064478263;0.041984189;0.34483793
0.066454545;0.040007904;0.34483793
0.066454545;0.040007904;0.34483793
0.064478263;0.040007904;0.34483793
0.066454545;0.040007904;0.34483793
0.068430834;0.040007904;0.34483793
0.068430834;0.040007904;0.34483793
0.066454545;0.040007904;0.33693281
0.068430834;0.040007904;0.33693281
0.066454545;0.040007904;0.34483793
0.068430834;0.038031619;0.34483793
0.068430834;0.038031619;0.34483793
0.070407115;0.038031619;0.34483793
0.070407115;0.038031619;0.34483793
0.070407115;0.040007904;0.33693281
0.070407115;0.038031619;0.33693281
0.068430834;0.038031619;0.33693281
0.070407115;0.038031619;0.34483793
0.070407115;0.038031619;0.34483793
0.070407115;0.038031619;0.33693281
0.072383396;0.038031619;0.34483793
0.072383396;0.038031619;0.34483793
0.070407115;0.038031619;0.34483793
0.072383396;0.038031619;0.34483793
0.072383396;0.038031619;0.34483793
0.072383396;0.038031619;0.34483793
0.074359685;0.038031619;0.34483793
0.072383396;0.036055338;0.34483793
0.074359685;0.038031619;0.34483793
0.074359685;0.036055338;0.33693281
0.074359685;0.036055338;0.34483793
0.076335967;0.038031619;0.34483793
0.074359685;0.036055338;0.34483793
0.072383396;0.036055338;0.34483793
0.074359685;0.036055338;0.34483793
0.074359685;0.036055338;0.34483793
0.074359685;0.038031619;0.34483793
0.074359685;0.036055338;0.33693281
0.076335967;0.036055338;0.33693281
0.074359685;0.036055338;0.34483793
0.074359685;0.036055338;0.34483793
0.076335967;0.036055338;0.34483793
0.076335967;0.036055338;0.34483793
0.076335967;0.036055338;0.34483793
0.076335967;0.036055338;0.33693281
0.078312255;0.036055338;0.34483793
0.076335967;0.034079053;0.33693281
0.076335967;0.036055338;0.34483793
0.076335967;0.034079053;0.34483793
0.076335967;0.034079053;0.33693281
0.076335967;0.034079053;0.34483793
0.076335967;0.036055338;0.33693281
0.074359685;0.034079053;0.33693281
0.076335967;0.036055338;0.34483793
0.076335967;0.034079053;0.34483793
0.078312255;0.034079053;0.34483793
0.078312255;0.034079053;0.34483793
0.076335967;0.034079053;0.33693281
0.078312255;0.034079053;0.33693281
0.078312255;0.034079053;0.34483793
0.078312255;0.034079053;0.33693281
0.078312255;0.034079053;0.33693281
0.076335967;0.034079053;0.33693281
0.076335967;0.032102767;0.34483793
0.076335967;0.034079053;0.33693281
0.078312255;0.032102767;0.34483793
0.076335967;0.032102767;0.34483793
0.076335967;0.032102767;0.33693281
0.078312255;0.034079053;0.34483793
0.076335967;0.032102767;0.33693281
0.076335967;0.032102767;0.34483793
0.078312255;0.032102767;0.34483793
0.078312255;0.032102767;0.33693281
0.076335967;0.032102767;0.34483793
0.076335967;0.032102767;0.34483793
0.076335967;0.032102767;0.34483793
0.076335967;0.032102767;0.34483793
0.074359685;0.032102767;0.34483793
0.076335967;0.030126482;0.34483793
0.074359685;0.030126482;0.34483793
0.076335967;0.030126482;0.34483793
0.076335967;0.032102767;0.34483793
0.076335967;0.030126482;0.33693281
0.076335967;0.030126482;0.34483793
0.076335967;0.030126482;0.33693281
0.076335967;0.030126482;0.34483793
0.074359685;0.030126482;0.33693281
0.074359685;0.030126482;0.33693281
0.074359685;0.030126482;0.34483793
0.074359685;0.028150197;0.34483793
0.074359685;0.030126482;0.34483793
0.074359685;0.030126482;0.33693281
0.074359685;0.030126482;0.34483793
0.074359685;0.030126482;0.34483793
0.074359685;0.030126482;0.34483793
0.074359685;0.028150197;0.34483793
0.074359685;0.030126482;0.33693281
0.072383396;0.028150197;0.33693281
0.074359685;0.028150197;0.34483793
0.074359685;0.030126482;0.34483793
0.072383396;0.028150197;0.33693281
0.072383396;0.028150197;0.34483793
0.070407115;0.028150197;0.34483793
0.070407115;0.028150197;0.34483793
0.072383396;0.026173914;0.34483793
0.070407115;0.026173914;0.33693281
0.070407115;0.028150197;0.33693281
0.072383396;0.028150197;0.33693281
0.070407115;0.026173914;0.34483793
0.070407115;0.026173914;0.33693281
0.070407115;0.026173914;0.33693281
0.070407115;0.028150197;0.33693281
0.070407115;0.026173914;0.34483793
0.070407115;0.026173914;0.34483793
0.068430834;0.026173914;0.33693281
0.068430834;0.026173914;0.34483793
0.070407115;0.028150197;0.34483793
0.066454545;0.028150197;0.34483793
0.070407115;0.026173914;0.33693281
0.066454545;0.024197629;0.34483793
0.068430834;0.026173914;0.34483793
0.068430834;0.026173914;0.34483793
0.066454545;0.026173914;0.34483793
0.066454545;0.024197629;0.34483793
0.066454545;0.024197629;0.34483793
0.066454545;0.026173914;0.33693281
0.066454545;0.026173914;0.33693281
0.066454545;0.026173914;0.34483793
0.064478263;0.026173914;0.33693281
0.064478263;0.024197629;0.34483793
0.064478263;0.024197629;0.34483793
0.064478263;0.024197629;0.34483793
0.064478263;0.026173914;0.34483793
0.062501974;0.024197629;0.34483793
0.062501974;0.024197629;0.34483793
0.060525693;0.024197629;0.34483793
0.062501974;0.024197629;0.34483793
0.062501974;0.024197629;0.34483793
0.060525693;0.024197629;0.34483793
0.062501974;0.024197629;0.33693281
0.060525693;0.022221344;0.33693281
0.060525693;0.024197629;0.33693281
0.058549408;0.022221344;0.34483793
0.058549408;0.024197629;0.34483793
0.058549408;0.024197629;0.34483793
0.056573123;0.024197629;0.34483793
0.056573123;0.022221344;0.33693281
0.058549408;0.024197629;0.34483793
0.056573123;0.022221344;0.34483793
0.056573123;0.022221344;0.33693281
0.054596838;0.022221344;0.34483793
0.056573123;0.024197629;0.33693281
0.054596838;0.022221344;0.33693281
0.054596838;0.022221344;0.34483793
0.054596838;0.022221344;0.34483793
0.052620552;0.020245058;0.34483793
0.054596838;0.022221344;0.33693281
0.052620552;0.022221344;0.34483793
0.052620552;0.020245058;0.34483793
0.052620552;0.022221344;0.34483793
0.050644267;0.022221344;0.34483793
0.052620552;0.022221344;0.34483793
0.050644267;0.020245058;0.34483793
0.048667986;0.020245058;0.33693281
0.048667986;0.020245058;0.34483793
0.048667986;0.022221344;0.34483793
0.046691701;0.020245058;0.33693281
0.046691701;0.020245058;0.34483793
0.046691701;0.020245058;0.34483793
0.044715416;0.020245058;0.34483793
0.044715416;0.020245058;0.34483793
0.046691701;0.020245058;0.34483793
0.044715416;0.020245058;0.34483793
0.044715416;0.018268775;0.34483793
0.044715416;0.020245058;0.34483793
0.044715416;0.018268775;0.34483793
0.042739131;0.020245058;0.34483793
0.042739131;0.018268775;0.33693281
0.042739131;0.020245058;0.34483793
0.042739131;0.020245058;0.34483793
0.042739131;0.018268775;0.34483793
0.040762845;0.018268775;0.34483793
0.03878656;0.018268775;0.33693281
0.03878656;0.018268775;0.34483793
0.040762845;0.020245058;0.34483793
0.03878656;0.018268775;0.33693281
0.03878656;0.018268775;0.34483793
0.03878656;0.018268775;0.33693281
0.036810275;0.018268775;0.33693281
0.036810275;0.018268775;0.34483793
0.034833994;0.018268775;0.34483793
0.034833994;0.018268775;0.34483793
0.034833994;0.018268775;0.34483793
0.034833994;0.01629249;0.34483793
0.034833994;0.01629249;0.34483793
0.032857709;0.018268775;0.33693281
0.032857709;0.01629249;0.34483793
0.032857709;0.01629249;0.34483793
0.030881424;0.01629249;0.34483793
0.030881424;0.01629249;0.34483793
0.032857709;0.01629249;0.34483793
0.030881424;0.01629249;0.34483793
0.028905138;0.01629249;0.34483793
0.028905138;0.01629249;0.34483793
0.028905138;0.01629249;0.34483793
0.026928853;0.01629249;0.33693281
0.026928853;0.014316206;0.34483793
0.026928853;0.01629249;0.33693281
0.02495257;0.01629249;0.33693281
0.026928853;0.014316206;0.34483793
0.02495257;0.014316206;0.34483793
0.02495257;0.012339921;0.33693281
0.022976285;0.014316206;0.33693281
0.022976285;0.014316206;0.34483793
0.022976285;0.014316206;0.33693281
0.021;0.012339921;0.34483793
0.021;0.012339921;0.33693281
0.021;0.014316206;0.34483793
0.021;0.014316206;0.34483793
0.021;0.014316206;0.34483793
0.019023715;0.012339921;0.33693281
0.021;0.012339921;0.34483793
0.019023715;0.014316206;0.34483793
0.019023715;0.012339921;0.34483793
0.019023715;0.012339921;0.34483793
0.017047431;0.012339921;0.34483793
0.017047431;0.012339921;0.34483793
0.017047431;0.014316206;0.34483793
0.015071146;0.012339921;0.34483793
0.015071146;0.012339921;0.34483793
0.015071146;0.012339921;0.34483793
0.013094862;0.012339921;0.34483793
0.013094862;0.012339921;0.34483793
0.011118577;0.012339921;0.34483793
0.011118577;0.012339921;0.34483793
0.011118577;0.012339921;0.34483793
0.011118577;0.012339921;0.34483793
0.0091422927;0.010363637;0.34483793
0.011118577;0.010363637;0.34483793
0.011118577;0.010363637;0.34483793
0.0091422927;0.010363637;0.33693281
0.007166008;0.010363637;0.33693281
0.0091422927;0.012339921;0.34483793
0.007166008;0.010363637;0.34483793
0.007166008;0.012339921;0.34483793
0.0051897233;0.010363637;0.34483793
0.0051897233;0.010363637;0.33693281
0.0051897233;0.010363637;0.34483793
0.0032134387;0.010363637;0.34483793
0.0051897233;0.012339921;0.34483793
0.0032134387;0.010363637;0.34483793
0.0012371541;0.010363637;0.34483793
0.0012371541;0.010363637;0.34483793
0.0032134387;0.010363637;0.34483793
0.0012371541;0.0083873514;0.34483793
-0.00073913042;0.0083873514;0.33693281
0.0012371541;0.010363637;0.33693281
-0.0027154151;0.010363637;0.33693281
-0.0027154151;0.010363637;0.34483793
-0.0027154151;0.0083873514;0.34483793
-0.00073913042;0.010363637;0.34483793
-0.0027154151;0.0083873514;0.34483793
-0.0027154151;0.0083873514;0.34483793
-0.0027154151;0.0083873514;0.34483793
-0.0066679842;0.0083873514;0.34483793
-0.0066679842;0.0083873514;0.34483793
-0.0066679842;0.0083873514;0.34483793
-0.0046916995;0.0083873514;0.33693281
-0.0066679842;0.0083873514;0.34483793
-0.0066679842;0.0064110672;0.34483793
-0.0066679842;0.0083873514;0.33693281
-0.0066679842;0.0083873514;0.33693281
-0.0086442688;0.0083873514;0.33693281
-0.0086442688;0.0064110672;0.34483793
-0.010620553;0.0083873514;0.33693281
-0.0086442688;0.0083873514;0.34483793
-0.010620553;0.0083873514;0.33693281
-0.010620553;0.0083873514;0.33693281
-0.010620553;0.0083873514;0.33693281
-0.012596838;0.0064110672;0.34483793
-0.010620553;0.0064110672;0.33693281
-0.010620553;0.0064110672;0.33693281
-0.012596838;0.0064110672;0.34483793
-0.012596838;0.0064110672;0.33693281
-0.014573122;0.0064110672;0.34483793
-0.014573122;0.0064110672;0.34483793
-0.014573122;0.0064110672;0.34483793
-0.014573122;0.0083873514;0.34483793
-0.014573122;0.0044347825;0.34483793
-0.012596838;0.0044347825;0.34483793
-0.016549407;0.0064110672;0.34483793
-0.016549407;0.0064110672;0.34483793
-0.014573122;0.0044347825;0.33693281
-0.016549407;0.0064110672;0.34483793
-0.016549407;0.0044347825;0.33693281
-0.016549407;0.0044347825;0.33693281
-0.018525692;0.0024584981;0.34483793
-0.018525692;0.0044347825;0.33693281
-0.018525692;0.0044347825;0.34483793
-0.020501977;0.0044347825;0.34483793
-0.018525692;0.0044347825;0.34483793
-0.018525692;0.0044347825;0.33693281
-0.020501977;0.0044347825;0.34483793
-0.020501977;0.0024584981;0.34483793
-0.020501977;0.0044347825;0.34483793
-0.02247826;0.0044347825;0.34483793
-0.02247826;0.0024584981;0.34483793
-0.020501977;0.0024584981;0.33693281
-0.020501977;0.0024584981;0.34483793
-0.02247826;0.0024584981;0.33693281
-0.02247826;0.0024584981;0.33693281
-0.02247826;0.0024584981;0.34483793
-0.024454545;0.0024584981;0.34483793
-0.02247826;0.0044347825;0.33693281
-0.024454545;0.0024584981;0.34483793
-0.024454545;0.0024584981;0.34483793
-0.024454545;0.0024584981;0.34483793
-0.024454545;0.0044347825;0.33693281
-0.024454545;0.0024584981;0.34483793
-0.02643083;0.0024584981;0.34483793
-0.02643083;0.0024584981;0.34483793
-0.02643083;0.0024584981;0.34483793
-0.02643083;0.0024584981;0.33693281
-0.02643083;0.0024584981;0.34483793
-0.02643083;0.0024584981;0.34483793
-0.028407115;0.00048221345;0.33693281
-0.028407115;0.00048221345;0.33693281
-0.02643083;0.00048221345;0.34483793
-0.02643083;0.00048221345;0.34483793
-0.028407115;0.00048221345;0.34483793
-0.028407115;0.00048221345;0.34483793
-0.028407115;0.00048221345;0.34483793
-0.028407115;0.00048221345;0.33693281
-0.028407115;0.00048221345;0.34483793
-0.030383399;0.00048221345;0.34483793
-0.028407115;0.00048221345;0.33693281
-0.028407115;0.00048221345;0.34483793
-0.028407115;0.0024584981;0.33693281
-0.028407115;-0.0014940711;0.33693281
-0.030383399;-0.0014940711;0.34483793
-0.028407115;0.00048221345;0.34483793
-0.030383399;0.00048221345;0.34483793
-0.032359682;-0.0014940711;0.33693281
-0.032359682;0.00048221345;0.33693281
-0.030383399;0.00048221345;0.34483793
-0.030383399;0.00048221345;0.34483793
-0.030383399;0.00048221345;0.34483793
-0.032359682;0.00048221345;0.34483793
-0.032359682;0.00048221345;0.34483793
-0.032359682;0.00048221345;0.34483793
-0.030383399;-0.0014940711;0.34483793
-0.032359682;0.00048221345;0.34483793
-0.032359682;-0.0014940711;0.34483793
-0.032359682;0.00048221345;0.34483793
-0.030383399;-0.0014940711;0.33693281
-0.030383399;-0.0014940711;0.34483793
-0.032359682;0.00048221345;0.33693281
-0.032359682;-0.0034703556;0.33693281
-0.032359682;-0.0014940711;0.34483793
-0.032359682;-0.0034703556;0.33693281
-0.032359682;-0.0014940711;0.33693281
-0.030383399;-0.0014940711;0.34483793
-0.032359682;-0.0034703556;0.33693281
-0.032359682;-0.0014940711;0.34483793
-0.032359682;-0.0034703556;0.34483793
-0.030383399;-0.0034703556;0.34483793
-0.032359682;-0.0034703556;0.34483793
-0.032359682;-0.0034703556;0.34483793
-0.032359682;-0.0034703556;0.34483793
-0.032359682;-0.0034703556;0.34483793
-0.032359682;-0.0034703556;0.33693281
-0.030383399;-0.0034703556;0.34483793
-0.032359682;-0.0034703556;0.34483793
-0.030383399;-0.0034703556;0.33693281
-0.032359682;-0.0034703556;0.34483793
-0.032359682;-0.0034703556;0.34483793
-0.032359682;-0.0034703556;0.34483793
-0.032359682;-0.0054466403;0.34483793
-0.032359682;-0.0054466403;0.34483793
-0.032359682;-0.0034703556;0.34483793
-0.030383399;-0.0034703556;0.34483793
-0.030383399;-0.0034703556;0.34483793
-0.030383399;-0.0054466403;0.33693281
-0.030383399;-0.0034703556;0.34483793
-0.030383399;-0.0054466403;0.34483793
-0.030383399;-0.0054466403;0.34483793
-0.028407115;-0.0034703556;0.34483793
-0.030383399;-0.0054466403;0.34483793
-0.030383399;-0.0054466403;0.34483793
-0.030383399;-0.0054466403;0.34483793
-0.028407115;-0.0054466403;0.34483793
-0.028407115;-0.0054466403;0.34483793
-0.028407115;-0.0054466403;0.33693281
-0.028407115;-0.0054466403;0.34483793
-0.028407115;-0.0054466403;0.34483793
-0.028407115;-0.0054466403;0.34483793
-0.030383399;-0.0054466403;0.34483793
-0.030383399;-0.0054466403;0.34483793
-0.028407115;-0.0054466403;0.33693281
-0.030383399;-0.0054466403;0.34483793
-0.028407115;-0.0054466403;0.34483793
-0.028407115;-0.0054466403;0.34483793
-0.028407115;-0.0054466403;0.34483793
-0.02643083;-0.0054466403;0.34483793
-0.028407115;-0.0054466403;0.34483793
-0.02643083;-0.007422925;0.33693281
-0.028407115;-0.007422925;0.33693281
-0.02643083;-0.0054466403;0.33693281
-0.02643083;-0.007422925;0.34483793
-0.02643083;-0.007422925;0.35274309
-0.02643083;-0.007422925;0.34483793
-0.02643083;-0.007422925;0.34483793
-0.024454545;-0.0054466403;0.34483793
-0.024454545;-0.0054466403;0.34483793
-0.024454545;-0.007422925;0.33693281
-0.02247826;-0.007422925;0.33693281
-0.02247826;-0.007422925;0.34483793
-0.02247826;-0.007422925;0.33693281
-0.02247826;-0.007422925;0.34483793
-0.02247826;-0.007422925;0.34483793
-0.02247826;-0.007422925;0.33693281
-0.02247826;-0.007422925;0.33693281
-0.02247826;-0.007422925;0.34483793
-0.02247826;-0.007422925;0.34483793
-0.020501977;-0.0093992092;0.34483793
-0.020501977;-0.007422925;0.34483793
-0.020501977;-0.0093992092;0.33693281
-0.02247826;-0.0093992092;0.33693281
-0.018525692;-0.007422925;0.33693281
-0.020501977;-0.0093992092;0.33693281
-0.018525692;-0.0093992092;0.33693281
-0.018525692;-0.0093992092;0.34483793
-0.018525692;-0.0093992092;0.34483793
-0.018525692;-0.0093992092;0.34483793
-0.018525692;-0.0093992092;0.34483793
-0.018525692;-0.0093992092;0.34483793
-0.016549407;-0.0093992092;0.33693281
-0.016549407;-0.0093992092;0.34483793
-0.016549407;-0.0093992092;0.34483793
-0.014573122;-0.0093992092;0.33693281
-0.014573122;-0.0093992092;0.34483793
-0.014573122;-0.0093992092;0.34483793
-0.014573122;-0.0093992092;0.34483793
-0.014573122;-0.0093992092;0.34483793
-0.014573122;-0.0093992092;0.34483793
-0.012596838;-0.011375494;0.34483793
-0.012596838;-0.0093992092;0.34483793
-0.012596838;-0.0093992092;0.34483793
-0.012596838;-0.0093992092;0.34483793
-0.012596838;-0.0093992092;0.33693281
-0.010620553;-0.011375494;0.34483793
-0.010620553;-0.0093992092;0.33693281
-0.010620553;-0.011375494;0.34483793
-0.010620553;-0.011375494;0.34483793
-0.0086442688;-0.0093992092;0.33693281
-0.010620553;-0.011375494;0.34483793
-0.0086442688;-0.011375494;0.33693281
-0.0086442688;-0.011375494;0.34483793
-0.0086442688;-0.011375494;0.34483793
-0.0066679842;-0.011375494;0.34483793
-0.0066679842;-0.0093992092;0.34483793
-0.0066679842;-0.011375494;0.34483793
-0.0066679842;-0.011375494;0.33693281
-0.0066679842;-0.011375494;0.34483793
-0.0046916995;-0.011375494;0.34483793
-0.0066679842;-0.011375494;0.34483793
-0.0046916995;-0.011375494;0.33693281
-0.0027154151;-0.011375494;0.34483793
-0.0046916995;-0.011375494;0.34483793
-0.00073913042;-0.011375494;0.33693281
-0.0027154151;-0.011375494;0.35274309
-0.00073913042;-0.011375494;0.34483793
-0.00073913042;-0.011375494;0.35274309
-0.00073913042;-0.011375494;0.34483793
0.0012371541;-0.013351778;0.33693281
-0.00073913042;-0.011375494;0.34483793
-0.00073913042;-0.011375494;0.34483793
-0.00073913042;-0.011375494;0.34483793
-0.00073913042;-0.011375494;0.34483793
0.0032134387;-0.013351778;0.34483793
0.0012371541;-0.013351778;0.34483793
0.0032134387;-0.013351778;0.34483793
0.0032134387;-0.011375494;0.33693281
0.0051897233;-0.013351778;0.34483793
0.0051897233;-0.011375494;0.34483793
0.0051897233;-0.013351778;0.33693281
0.0051897233;-0.013351778;0.34483793
0.007166008;-0.011375494;0.34483793
0.0051897233;-0.013351778;0.34483793
0.007166008;-0.013351778;0.34483793
0.007166008;-0.013351778;0.34483793
0.0091422927;-0.013351778;0.34483793
0.0091422927;-0.015328064;0.33693281
0.0091422927;-0.013351778;0.33693281
0.011118577;-0.013351778;0.33693281
0.0091422927;-0.013351778;0.34483793
0.011118577;-0.013351778;0.33693281
0.011118577;-0.013351778;0.34483793
0.013094862;-0.015328064;0.34483793
0.011118577;-0.015328064;0.34483793
0.013094862;-0.013351778;0.34483793
0.015071146;-0.015328064;0.34483793
0.015071146;-0.013351778;0.34483793
0.015071146;-0.015328064;0.33693281
0.015071146;-0.013351778;0.33693281
0.017047431;-0.015328064;0.34483793
0.017047431;-0.013351778;0.34483793
0.017047431;-0.013351778;0.34483793
0.019023715;-0.015328064;0.33693281
0.019023715;-0.015328064;0.34483793
0.019023715;-0.015328064;0.34483793
0.021;-0.015328064;0.34483793
0.019023715;-0.013351778;0.34483793
0.021;-0.013351778;0.33693281
0.021;-0.015328064;0.33693281
0.022976285;-0.013351778;0.34483793
0.021;-0.015328064;0.34483793
0.02495257;-0.015328064;0.34483793
0.022976285;-0.017304348;0.34483793
0.02495257;-0.017304348;0.34483793
0.02495257;-0.015328064;0.34483793
0.02495257;-0.015328064;0.33693281
0.026928853;-0.015328064;0.33693281
0.02495257;-0.017304348;0.34483793
0.026928853;-0.017304348;0.34483793
0.026928853;-0.015328064;0.33693281
0.028905138;-0.015328064;0.34483793
0.028905138;-0.015328064;0.33693281
0.028905138;-0.015328064;0.33693281
0.030881424;-0.017304348;0.34483793
0.030881424;-0.017304348;0.33693281
0.030881424;-0.019280633;0.34483793
0.030881424;-0.017304348;0.34483793
0.030881424;-0.017304348;0.34483793
0.032857709;-0.017304348;0.34483793
0.032857709;-0.017304348;0.33693281
0.032857709;-0.017304348;0.34483793
0.032857709;-0.017304348;0.34483793
0.032857709;-0.017304348;0.34483793
0.032857709;-0.017304348;0.34483793
0.034833994;-0.017304348;0.33693281
0.036810275;-0.017304348;0.34483793
0.036810275;-0.017304348;0.34483793
0.036810275;-0.019280633;0.33693281
0.03878656;-0.017304348;0.34483793
0.03878656;-0.017304348;0.33693281
0.03878656;-0.017304348;0.33693281
0.03878656;-0.017304348;0.34483793
0.03878656;-0.017304348;0.34483793
0.040762845;-0.019280633;0.34483793
0.040762845;-0.019280633;0.34483793
0.042739131;-0.017304348;0.33693281
0.042739131;-0.017304348;0.33693281
0.042739131;-0.019280633;0.34483793
0.044715416;-0.017304348;0.33693281
0.042739131;-0.019280633;0.34483793
0.044715416;-0.017304348;0.34483793
0.044715416;-0.019280633;0.34483793
0.046691701;-0.019280633;0.33693281
0.044715416;-0.017304348;0.33693281
0.046691701;-0.019280633;0.34483793
0.046691701;-0.019280633;0.34483793
0.046691701;-0.019280633;0.34483793
0.046691701;-0.019280633;0.34483793
0.048667986;-0.019280633;0.34483793
0.048667986;-0.019280633;0.34483793
0.050644267;-0.019280633;0.34483793
0.048667986;-0.019280633;0.34483793
0.048667986;-0.019280633;0.34483793
0.052620552;-0.019280633;0.34483793
0.050644267;-0.019280633;0.34483793
0.052620552;-0.019280633;0.33693281
0.052620552;-0.019280633;0.33693281
0.052620552;-0.019280633;0.34483793
0.050644267;-0.019280633;0.33693281
0.054596838;-0.019280633;0.34483793
0.054596838;-0.019280633;0.34483793
0.054596838;-0.019280633;0.34483793
0.054596838;-0.019280633;0.33693281
0.056573123;-0.019280633;0.34483793
0.054596838;-0.019280633;0.34483793
0.056573123;-0.019280633;0.34483793
0.058549408;-0.021256916;0.34483793
0.056573123;-0.021256916;0.34483793
0.058549408;-0.019280633;0.34483793
0.058549408;-0.019280633;0.34483793
0.058549408;-0.021256916;0.34483793
0.058549408;-0.019280633;0.34483793
0.058549408;-0.019280633;0.33693281
0.058549408;-0.021256916;0.34483793
0.060525693;-0.021256916;0.33693281
0.060525693;-0.021256916;0.33693281
0.060525693;-0.021256916;0.33693281
0.062501974;-0.021256916;0.34483793
0.060525693;-0.019280633;0.34483793
0.062501974;-0.021256916;0.34483793
0.062501974;-0.021256916;0.34483793
0.062501974;-0.021256916;0.34483793
0.062501974;-0.021256916;0.34483793
0.064478263;-0.019280633;0.34483793
0.064478263;-0.021256916;0.34483793
0.064478263;-0.019280633;0.33693281
0.064478263;-0.021256916;0.33693281
0.064478263;-0.021256916;0.33693281
0.066454545;-0.021256916;0.33693281
0.066454545;-0.023233201;0.33693281
0.066454545;-0.021256916;0.34483793
0.066454545;-0.021256916;0.34483793
0.066454545;-0.023233201;0.34483793
0.066454545;-0.021256916;0.33693281
0.068430834;-0.021256916;0.34483793
0.068430834;-0.021256916;0.34483793
0.068430834;-0.021256916;0.34483793
0.068430834;-0.021256916;0.33693281
0.068430834;-0.021256916;0.33693281
0.068430834;-0.021256916;0.34483793
0.070407115;-0.021256916;0.33693281
0.068430834;-0.021256916;0.33693281
0.070407115;-0.023233201;0.33693281
0.072383396;-0.023233201;0.34483793
0.070407115;-0.021256916;0.34483793
0.070407115;-0.021256916;0.34483793
0.072383396;-0.023233201;0.34483793
0.072383396;-0.021256916;0.34483793
0.072383396;-0.023233201;0.34483793
0.072383396;-0.023233201;0.34483793
0.072383396;-0.023233201;0.34483793
0.072383396;-0.023233201;0.34483793
0.072383396;-0.023233201;0.34483793
0.072383396;-0.023233201;0.33693281
0.072383396;-0.023233201;0.34483793
0.072383396;-0.023233201;0.34483793
0.074359685;-0.023233201;0.33693281
0.074359685;-0.023233201;0.33693281
0.072383396;-0.023233201;0.34483793
0.074359685;-0.023233201;0.34483793
0.074359685;-0.023233201;0.33693281
0.074359685;-0.023233201;0.34483793
0.074359685;-0.023233201;0.34483793
0.074359685;-0.023233201;0.34483793
0.076335967;-0.023233201;0.34483793
0.074359685;-0.023233201;0.34483793
0.076335967;-0.023233201;0.33693281
0.076335967;-0.023233201;0.33693281
0.074359685;-0.023233201;0.34483793
0.076335967;-0.025209486;0.34483793
0.076335967;-0.023233201;0.34483793
0.076335967;-0.023233201;0.34483793
0.076335967;-0.023233201;0.34483793
0.076335967;-0.023233201;0.34483793
0.074359685;-0.023233201;0.34483793
0.078312255;-0.023233201;0.34483793
0.076335967;-0.023233201;0.34483793
0.076335967;-0.023233201;0.33693281
0.076335967;-0.023233201;0.33693281
0.078312255;-0.023233201;0.33693281
0.076335967;-0.023233201;0.33693281
0.076335967;-0.023233201;0.34483793
0.078312255;-0.023233201;0.34483793
0.076335967;-0.025209486;0.34483793
0.076335967;-0.023233201;0.34483793
0.076335967;-0.023233201;0.34483793
0.076335967;-0.023233201;0.34483793
0.078312255;-0.025209486;0.34483793
0.078312255;-0.023233201;0.34483793
0.078312255;-0.025209486;0.34483793
0.076335967;-0.023233201;0.33693281
0.076335967;-0.023233201;0.33693281
0.080288537;-0.023233201;0.33693281
0.078312255;-0.023233201;0.34483793
0.078312255;-0.023233201;0.33693281
0.078312255;-0.023233201;0.33693281
0.076335967;-0.023233201;0.34483793
0.078312255;-0.023233201;0.33693281
0.076335967;-0.023233201;0.34483793
0.076335967;-0.023233201;0.34483793
0.076335967;-0.023233201;0.34483793
0.076335967;-0.025209486;0.33693281
0.076335967;-0.025209486;0.34483793
0.076335967;-0.023233201;0.34483793
0.076335967;-0.023233201;0.34483793
0.076335967;-0.023233201;0.33693281
0.076335967;-0.023233201;0.34483793
0.076335967;-0.025209486;0.33693281
0.076335967;-0.025209486;0.33693281
0.076335967;-0.025209486;0.33693281
0.074359685;-0.025209486;0.34483793
0.076335967;-0.025209486;0.34483793
0.074359685;-0.025209486;0.34483793
0.074359685;-0.025209486;0.34483793
0.074359685;-0.025209486;0.33693281
0.074359685;-0.025209486;0.33693281
0.074359685;-0.025209486;0.33693281
0.076335967;-0.025209486;0.33693281
0.074359685;-0.025209486;0.34483793
0.074359685;-0.025209486;0.34483793
0.074359685;-0.025209486;0.34483793
0.074359685;-0.025209486;0.34483793
0.076335967;-0.025209486;0.33693281
0.072383396;-0.025209486;0.34483793
0.074359685;-0.025209486;0.33693281
0.074359685;-0.025209486;0.33693281
0.072383396;-0.025209486;0.34483793
0.072383396;-0.025209486;0.33693281
0.074359685;-0.023233201;0.33693281
0.072383396;-0.025209486;0.34483793
0.072383396;-0.025209486;0.33693281
0.072383396;-0.023233201;0.33693281
0.072383396;-0.025209486;0.34483793
0.072383396;-0.025209486;0.34483793
0.070407115;-0.025209486;0.34483793
0.070407115;-0.025209486;0.34483793
0.070407115;-0.025209486;0.33693281
0.070407115;-0.025209486;0.33693281
0.070407115;-0.025209486;0.33693281
0.070407115;-0.025209486;0.34483793
0.068430834;-0.025209486;0.33693281
0.070407115;-0.025209486;0.34483793
0.068430834;-0.025209486;0.34483793
0.066454545;-0.023233201;0.33693281
0.068430834;-0.025209486;0.34483793
0.068430834;-0.025209486;0.34483793
0.068430834;-0.025209486;0.34483793
0.066454545;-0.023233201;0.33693281
0.066454545;-0.025209486;0.34483793
0.064478263;-0.025209486;0.33693281
0.068430834;-0.025209486;0.33693281
0.066454545;-0.025209486;0.34483793
0.064478263;-0.025209486;0.34483793
0.064478263;-0.025209486;0.34483793
0.064478263;-0.025209486;0.34483793
0.064478263;-0.023233201;0.33693281
0.064478263;-0.025209486;0.34483793
0.062501974;-0.025209486;0.34483793
0.062501974;-0.025209486;0.34483793
0.062501974;-0.025209486;0.33693281
0.062501974;-0.025209486;0.34483793
0.062501974;-0.025209486;0.33693281
0.062501974;-0.025209486;0.34483793
0.060525693;-0.025209486;0.34483793
0.062501974;-0.025209486;0.33693281
0.060525693;-0.025209486;0.33693281
0.060525693;-0.025209486;0.34483793
0.058549408;-0.025209486;0.34483793
0.058549408;-0.025209486;0.34483793
0.058549408;-0.025209486;0.34483793
0.058549408;-0.025209486;0.34483793
0.058549408;-0.025209486;0.33693281
0.056573123;-0.025209486;0.33693281
0.058549408;-0.025209486;0.33693281
0.056573123;-0.025209486;0.34483793
0.056573123;-0.025209486;0.33693281
0.056573123;-0.025209486;0.34483793
0.054596838;-0.025209486;0.34483793
0.054596838;-0.027185772;0.33693281
0.054596838;-0.025209486;0.33693281
0.052620552;-0.025209486;0.34483793
0.052620552;-0.025209486;0.33693281
0.052620552;-0.025209486;0.34483793
0.052620552;-0.025209486;0.34483793
0.052620552;-0.025209486;0.33693281
0.052620552;-0.025209486;0.34483793
0.050644267;-0.027185772;0.33693281
0.052620552;-0.025209486;0.34483793
0.050644267;-0.025209486;0.34483793
0.048667986;-0.025209486;0.34483793
0.048667986;-0.025209486;0.34483793
0.048667986;-0.025209486;0.34483793
0.048667986;-0.025209486;0.34483793
0.046691701;-0.025209486;0.33693281
0.046691701;-0.025209486;0.33693281
0.046691701;-0.025209486;0.34483793
0.046691701;-0.025209486;0.34483793
0.046691701;-0.025209486;0.33693281
0.044715416;-0.025209486;0.34483793
0.044715416;-0.025209486;0.34483793
0.044715416;-0.025209486;0.34483793
0.042739131;-0.025209486;0.34483793
0.044715416;-0.025209486;0.34483793
0.042739131;-0.027185772;0.34483793
0.040762845;-0.025209486;0.34483793
0.040762845;-0.025209486;0.34483793
0.040762845;-0.025209486;0.33693281
0.040762845;-0.027185772;0.34483793
0.040762845;-0.025209486;0.34483793
0.03878656;-0.025209486;0.34483793
0.03878656;-0.025209486;0.34483793
0.03878656;-0.025209486;0.33693281
0.036810275;-0.025209486;0.34483793
0.03878656;-0.025209486;0.34483793
0.036810275;-0.025209486;0.34483793
0.036810275;-0.025209486;0.34483793
0.034833994;-0.025209486;0.34483793
0.034833994;-0.025209486;0.33693281
0.032857709;-0.025209486;0.34483793
0.034833994;-0.025209486;0.34483793
0.032857709;-0.025209486;0.33693281
0.032857709;-0.025209486;0.34483793
0.032857709;-0.025209486;0.33693281
0.032857709;-0.027185772;0.34483793
0.030881424;-0.027185772;0.34483793
0.030881424;-0.025209486;0.34483793
0.030881424;-0.027185772;0.34483793
0.028905138;-0.025209486;0.34483793
0.028905138;-0.025209486;0.34483793
0.028905138;-0.025209486;0.34483793
0.028905138;-0.025209486;0.34483793
0.026928853;-0.027185772;0.33693281
0.026928853;-0.025209486;0.33693281
0.026928853;-0.025209486;0.34483793
0.02495257;-0.025209486;0.34483793
0.02495257;-0.027185772;0.34483793
0.02495257;-0.025209486;0.34483793
0.02495257;-0.027185772;0.34483793
0.022976285;-0.025209486;0.33693281
0.02495257;-0.027185772;0.33693281
0.022976285;-0.025209486;0.34483793
0.021;-0.027185772;0.34483793
0.021;-0.025209486;0.34483793
0.021;-0.025209486;0.33693281
0.019023715;-0.027185772;0.33693281
0.021;-0.025209486;0.34483793
0.019023715;-0.025209486;0.33693281
0.019023715;-0.025209486;0.34483793
0.019023715;-0.025209486;0.33693281
0.017047431;-0.025209486;0.34483793
0.019023715;-0.025209486;0.34483793
0.017047431;-0.025209486;0.34483793
0.015071146;-0.025209486;0.34483793
0.015071146;-0.025209486;0.34483793
0.015071146;-0.025209486;0.33693281
0.015071146;-0.025209486;0.33693281
0.013094862;-0.025209486;0.34483793
0.015071146;-0.025209486;0.33693281
0.011118577;-0.027185772;0.34483793
0.013094862;-0.025209486;0.34483793
0.011118577;-0.025209486;0.34483793
0.011118577;-0.025209486;0.34483793
0.011118577;-0.025209486;0.34483793
0.011118577;-0.025209486;0.34483793
0.011118577;-0.025209486;0.34483793
0.0091422927;-0.025209486;0.33693281
0.0091422927;-0.025209486;0.34483793
0.007166008;-0.025209486;0.33693281
0.007166008;-0.023233201;0.33693281
0.007166008;-0.025209486;0.34483793
0.0051897233;-0.025209486;0.34483793
0.0051897233;-0.025209486;0.34483793
0.007166008;-0.025209486;0.34483793
0.0051897233;-0.025209486;0.33693281
0.0032134387;-0.025209486;0.33693281
0.0051897233;-0.025209486;0.34483793
0.0012371541;-0.025209486;0.34483793
0.0012371541;-0.025209486;0.33693281
0.0012371541;-0.025209486;0.33693281
-0.00073913042;-0.025209486;0.34483793
-0.0027154151;-0.025209486;0.34483793
-0.00073913042;-0.025209486;0.34483793
-0.0027154151;-0.025209486;0.34483793
-0.0027154151;-0.025209486;0.34483793
-0.0027154151;-0.025209486;0.33693281
-0.00073913042;-0.025209486;0.33693281
-0.0027154151;-0.023233201;0.34483793
-0.0027154151;-0.025209486;0.33693281
-0.0046916995;-0.025209486;0.34483793
-0.0046916995;-0.025209486;0.34483793
-0.0046916995;-0.025209486;0.34483793
-0.0066679842;-0.025209486;0.34483793
-0.0066679842;-0.025209486;0.33693281
-0.0066679842;-0.025209486;0.34483793
-0.0066679842;-0.025209486;0.34483793
-0.0066679842;-0.025209486;0.33693281
-0.0066679842;-0.025209486;0.34483793
-0.0086442688;-0.023233201;0.33693281
-0.0086442688;-0.025209486;0.34483793
-0.0086442688;-0.025209486;0.34483793
-0.010620553;-0.025209486;0.33693281
-0.0086442688;-0.025209486;0.34483793
-0.010620553;-0.025209486;0.34483793
-0.010620553;-0.023233201;0.33693281
-0.010620553;-0.023233201;0.34483793
-0.012596838;-0.023233201;0.34483793
-0.010620553;-0.025209486;0.34483793
-0.012596838;-0.023233201;0.34483793
-0.012596838;-0.023233201;0.33693281
-0.012596838;-0.023233201;0.33693281
-0.012596838;-0.025209486;0.34483793
-0.012596838;-0.025209486;0.33693281
-0.014573122;-0.025209486;0.34483793
-0.014573122;-0.023233201;0.33693281
-0.014573122;-0.023233201;0.33693281
-0.014573122;-0.023233201;0.33693281
-0.016549407;-0.023233201;0.34483793
-0.018525692;-0.023233201;0.33693281
-0.016549407;-0.023233201;0.34483793
-0.016549407;-0.023233201;0.34483793
-0.018525692;-0.023233201;0.34483793
-0.016549407;-0.025209486;0.34483793
-0.018525692;-0.023233201;0.34483793
-0.018525692;-0.023233201;0.34483793
-0.018525692;-0.023233201;0.34483793
-0.020501977;-0.023233201;0.33693281
-0.020501977;-0.023233201;0.34483793
-0.020501977;-0.025209486;0.34483793
-0.020501977;-0.023233201;0.33693281
-0.020501977;-0.023233201;0.34483793
-0.020501977;-0.023233201;0.33693281
-0.02247826;-0.023233201;0.34483793
-0.020501977;-0.023233201;0.34483793
-0.02247826;-0.023233201;0.34483793
-0.02247826;-0.023233201;0.33693281
-0.02247826;-0.023233201;0.33693281
-0.02247826;-0.023233201;0.34483793
-0.02247826;-0.023233201;0.34483793
-0.02247826;-0.021256916;0.34483793
-0.024454545;-0.021256916;0.34483793
-0.02247826;-0.023233201;0.33693281
-0.02643083;-0.023233201;0.34483793
-0.024454545;-0.023233201;0.33693281
-0.02643083;-0.023233201;0.34483793
-0.024454545;-0.023233201;0.33693281
-0.024454545;-0.021256916;0.34483793
-0.02643083;-0.023233201;0.34483793
-0.024454545;-0.023233201;0.34483793
-0.02643083;-0.023233201;0.34483793
-0.02643083;-0.023233201;0.34483793
-0.024454545;-0.021256916;0.33693281
-0.028407115;-0.023233201;0.34483793
-0.02643083;-0.021256916;0.34483793
-0.028407115;-0.023233201;0.34483793
-0.02643083;-0.021256916;0.34483793
-0.028407115;-0.021256916;0.34483793
-0.028407115;-0.023233201;0.34483793
-0.02643083;-0.023233201;0.33693281
-0.028407115;-0.023233201;0.34483793
-0.028407115;-0.023233201;0.34483793
-0.030383399;-0.023233201;0.34483793
-0.030383399;-0.023233201;0.33693281
-0.028407115;-0.021256916;0.34483793
-0.030383399;-0.021256916;0.33693281
-0.030383399;-0.021256916;0.33693281
-0.030383399;-0.021256916;0.33693281
-0.030383399;-0.021256916;0.34483793
-0.030383399;-0.021256916;0.34483793
-0.030383399;-0.021256916;0.34483793
-0.032359682;-0.021256916;0.34483793
-0.030383399;-0.021256916;0.34483793
-0.030383399;-0.021256916;0.33693281
-0.030383399;-0.021256916;0.34483793
-0.032359682;-0.021256916;0.33693281
-0.032359682;-0.021256916;0.33693281
-0.032359682;-0.021256916;0.34483793
-0.030383399;-0.019280633;0.33693281
-0.032359682;-0.021256916;0.33693281
-0.032359682;-0.023233201;0.33693281
-0.032359682;-0.021256916;0.34483793
-0.032359682;-0.021256916;0.34483793
-0.032359682;-0.021256916;0.34483793
-0.032359682;-0.023233201;0.34483793
-0.032359682;-0.021256916;0.33693281
-0.032359682;-0.021256916;0.33693281
-0.030383399;-0.021256916;0.34483793
-0.032359682;-0.021256916;0.34483793
-0.030383399;-0.021256916;0.33693281
-0.032359682;-0.021256916;0.34483793
-0.032359682;-0.019280633;0.33693281
-0.032359682;-0.021256916;0.34483793
-0.032359682;-0.021256916;0.34483793
-0.032359682;-0.021256916;0.34483793
-0.032359682;-0.019280633;0.33693281
-0.034335967;-0.019280633;0.34483793
-0.032359682;-0.021256916;0.34483793
-0.030383399;-0.021256916;0.34483793
-0.032359682;-0.019280633;0.34483793
-0.032359682;-0.021256916;0.34483793
-0.032359682;-0.021256916;0.33693281
-0.032359682;-0.021256916;0.33693281
-0.030383399;-0.019280633;0.34483793
-0.030383399;-0.019280633;0.33693281
-0.032359682;-0.019280633;0.34483793
-0.032359682;-0.019280633;0.34483793
-0.032359682;-0.019280633;0.33693281
-0.030383399;-0.019280633;0.34483793
-0.030383399;-0.019280633;0.34483793
-0.032359682;-0.019280633;0.33693281
-0.030383399;-0.019280633;0.34483793
-0.030383399;-0.019280633;0.33693281
-0.030383399;-0.019280633;0.34483793
-0.028407115;-0.019280633;0.34483793
-0.030383399;-0.019280633;0.34483793
-0.030383399;-0.019280633;0.34483793
-0.028407115;-0.019280633;0.34483793
-0.028407115;-0.019280633;0.34483793
-0.030383399;-0.019280633;0.34483793
-0.028407115;-0.019280633;0.33693281
-0.028407115;-0.019280633;0.34483793
-0.030383399;-0.017304348;0.34483793
-0.028407115;-0.021256916;0.34483793
-0.02643083;-0.019280633;0.34483793
-0.02643083;-0.019280633;0.34483793
-0.028407115;-0.019280633;0.34483793
-0.028407115;-0.019280633;0.33693281
-0.02643083;-0.019280633;0.34483793
-0.02643083;-0.019280633;0.33693281
-0.028407115;-0.017304348;0.34483793
-0.028407115;-0.019280633;0.33693281
-0.02643083;-0.019280633;0.34483793
-0.024454545;-0.019280633;0.33693281
-0.02643083;-0.017304348;0.34483793
-0.024454545;-0.017304348;0.34483793
-0.02643083;-0.019280633;0.34483793
-0.024454545;-0.017304348;0.33693281
-0.02643083;-0.017304348;0.34483793
-0.02643083;-0.017304348;0.34483793
-0.024454545;-0.019280633;0.34483793
-0.024454545;-0.019280633;0.33693281
-0.02247826;-0.019280633;0.34483793
-0.02247826;-0.019280633;0.34483793
-0.024454545;-0.017304348;0.34483793
-0.02247826;-0.019280633;0.34483793
-0.02247826;-0.015328064;0.34483793
-0.02247826;-0.017304348;0.34483793
-0.02247826;-0.017304348;0.34483793
-0.02247826;-0.017304348;0.34483793
-0.020501977;-0.017304348;0.33693281
-0.020501977;-0.017304348;0.34483793
-0.020501977;-0.017304348;0.34483793
-0.020501977;-0.017304348;0.34483793
-0.020501977;-0.017304348;0.34483793
-0.020501977;-0.017304348;0.34483793
-0.020501977;-0.015328064;0.33693281
-0.018525692;-0.017304348;0.33693281
-0.018525692;-0.017304348;0.34483793
-0.018525692;-0.017304348;0.34483793
-0.018525692;-0.017304348;0.34483793
-0.018525692;-0.015328064;0.34483793
-0.016549407;-0.017304348;0.34483793
-0.016549407;-0.015328064;0.34483793
-0.018525692;-0.017304348;0.34483793
-0.014573122;-0.015328064;0.33693281
-0.014573122;-0.015328064;0.33693281
-0.016549407;-0.015328064;0.34483793
-0.012596838;-0.015328064;0.34483793
-0.012596838;-0.015328064;0.34483793
-0.012596838;-0.017304348;0.33693281
-0.012596838;-0.015328064;0.33693281
-0.012596838;-0.017304348;0.34483793
-0.012596838;-0.015328064;0.34483793
-0.012596838;-0.015328064;0.34483793
-0.010620553;-0.015328064;0.34483793
-0.010620553;-0.015328064;0.34483793
-0.010620553;-0.015328064;0.34483793
-0.0086442688;-0.015328064;0.33693281
-0.0086442688;-0.013351778;0.34483793
-0.010620553;-0.013351778;0.34483793
-0.0086442688;-0.013351778;0.33693281
-0.0086442688;-0.015328064;0.34483793
-0.0086442688;-0.013351778;0.33693281
-0.0086442688;-0.013351778;0.34483793
-0.0066679842;-0.015328064;0.33693281
-0.0066679842;-0.013351778;0.33693281
-0.0086442688;-0.013351778;0.34483793
-0.0066679842;-0.015328064;0.33693281
-0.0066679842;-0.013351778;0.34483793
-0.0046916995;-0.015328064;0.34483793
-0.0046916995;-0.013351778;0.33693281
-0.0046916995;-0.013351778;0.33693281
-0.0027154151;-0.013351778;0.33693281
-0.0027154151;-0.013351778;0.34483793
-0.0027154151;-0.015328064;0.34483793
-0.0027154151;-0.013351778;0.34483793
-0.0027154151;-0.013351778;0.34483793
-0.0027154151;-0.013351778;0.34483793
-0.0027154151;-0.013351778;0.34483793
0.0012371541;-0.011375494;0.33693281
-0.00073913042;-0.011375494;0.34483793
0.0012371541;-0.013351778;0.34483793
0.0012371541;-0.013351778;0.34483793
0.0012371541;-0.013351778;0.33693281
0.0012371541;-0.011375494;0.34483793
0.0032134387;-0.013351778;0.33693281
0.0051897233;-0.013351778;0.34483793
0.0051897233;-0.011375494;0.33693281
0.0051897233;-0.013351778;0.34483793
0.007166008;-0.011375494;0.34483793
0.0051897233;-0.011375494;0.34483793
0.0051897233;-0.013351778;0.33693281
0.007166008;-0.013351778;0.33693281
0.007166008;-0.011375494;0.34483793
0.0091422927;-0.011375494;0.33693281
0.0091422927;-0.013351778;0.34483793
0.0091422927;-0.011375494;0.33693281
0.0091422927;-0.011375494;0.34483793
0.011118577;-0.011375494;0.34483793
0.011118577;-0.011375494;0.33693281
0.011118577;-0.011375494;0.33693281
0.011118577;-0.011375494;0.34483793
0.013094862;-0.011375494;0.34483793
0.013094862;-0.011375494;0.34483793
0.015071146;-0.011375494;0.34483793
0.015071146;-0.011375494;0.34483793
0.015071146;-0.011375494;0.34483793
0.015071146;-0.011375494;0.34483793
0.017047431;-0.011375494;0.34483793
0.017047431;-0.0093992092;0.33693281
0.017047431;-0.0093992092;0.34483793
0.017047431;-0.011375494;0.34483793
0.019023715;-0.011375494;0.34483793
0.019023715;-0.011375494;0.34483793
0.019023715;-0.011375494;0.33693281
0.019023715;-0.011375494;0.33693281
0.021;-0.0093992092;0.33693281
0.021;-0.011375494;0.33693281
0.021;-0.0093992092;0.34483793
0.021;-0.0093992092;0.34483793
0.022976285;-0.0093992092;0.34483793
0.022976285;-0.0093992092;0.33693281
0.022976285;-0.0093992092;0.34483793
0.02495257;-0.0093992092;0.33693281
0.02495257;-0.0093992092;0.34483793
0.02495257;-0.0093992092;0.34483793
0.026928853;-0.0093992092;0.34483793
0.026928853;-0.0093992092;0.34483793
0.02495257;-0.0093992092;0.34483793
0.028905138;-0.007422925;0.33693281
0.028905138;-0.0093992092;0.34483793
0.028905138;-0.0093992092;0.33693281
0.030881424;-0.0093992092;0.34483793
0.028905138;-0.007422925;0.34483793
0.030881424;-0.007422925;0.34483793
0.030881424;-0.007422925;0.33693281
0.032857709;-0.0093992092;0.33693281
0.032857709;-0.007422925;0.34483793
0.032857709;-0.007422925;0.33693281
0.032857709;-0.007422925;0.34483793
0.032857709;-0.007422925;0.34483793
0.034833994;-0.007422925;0.34483793
0.034833994;-0.0093992092;0.34483793
0.034833994;-0.007422925;0.34483793
0.034833994;-0.007422925;0.34483793
0.034833994;-0.007422925;0.33693281
0.036810275;-0.007422925;0.33693281
0.036810275;-0.007422925;0.34483793
0.03878656;-0.007422925;0.33693281
0.040762845;-0.007422925;0.34483793
0.03878656;-0.007422925;0.33693281
0.040762845;-0.007422925;0.33693281
0.040762845;-0.0054466403;0.34483793
0.040762845;-0.0054466403;0.34483793
0.040762845;-0.007422925;0.34483793
0.040762845;-0.0054466403;0.33693281
0.040762845;-0.0054466403;0.34483793
0.042739131;-0.0054466403;0.34483793
0.042739131;-0.0054466403;0.34483793
0.044715416;-0.0054466403;0.34483793
0.044715416;-0.0054466403;0.34483793
0.044715416;-0.0054466403;0.34483793
0.044715416;-0.0054466403;0.33693281
0.044715416;-0.0054466403;0.33693281
0.046691701;-0.0054466403;0.34483793
0.046691701;-0.0054466403;0.34483793
0.046691701;-0.0054466403;0.34483793
0.048667986;-0.0054466403;0.33693281
0.048667986;-0.0054466403;0.33693281
0.048667986;-0.0054466403;0.34483793
0.050644267;-0.0054466403;0.33693281
0.050644267;-0.0054466403;0.34483793
0.050644267;-0.0054466403;0.33693281
0.052620552;-0.0054466403;0.34483793
0.052620552;-0.0054466403;0.34483793
0.052620552;-0.0054466403;0.34483793
0.052620552;-0.0054466403;0.34483793
0.052620552;-0.0054466403;0.33693281
0.052620552;-0.0054466403;0.34483793
0.054596838;-0.0054466403;0.34483793
0.054596838;-0.0054466403;0.34483793
0.054596838;-0.0034703556;0.34483793
0.056573123;-0.0054466403;0.33693281
0.054596838;-0.0054466403;0.34483793
0.056573123;-0.0054466403;0.34483793
0.056573123;-0.0034703556;0.34483793
0.056573123;-0.0034703556;0.33693281
0.056573123;-0.0034703556;0.34483793
0.058549408;-0.0034703556;0.33693281
0.056573123;-0.0034703556;0.33693281
0.058549408;-0.0034703556;0.34483793
0.058549408;-0.0034703556;0.33693281
0.058549408;-0.0054466403;0.34483793
0.058549408;-0.0034703556;0.34483793
0.060525693;-0.0034703556;0.34483793
0.060525693;-0.0034703556;0.34483793
0.060525693;-0.0034703556;0.34483793
0.062501974;-0.0034703556;0.34483793
0.062501974;-0.0034703556;0.34483793
0.062501974;-0.0034703556;0.34483793
0.062501974;-0.0034703556;0.34483793
0.062501974;-0.0034703556;0.34483793
0.062501974;-0.0014940711;0.33693281
0.062501974;-0.0014940711;0.34483793
0.064478263;-0.0014940711;0.34483793
0.064478263;-0.0014940711;0.33693281
0.064478263;-0.0034703556;0.33693281
0.064478263;-0.0034703556;0.34483793
0.066454545;-0.0014940711;0.34483793
0.066454545;-0.0034703556;0.33693281
0.066454545;-0.0014940711;0.34483793
0.066454545;-0.0014940711;0.34483793
0.066454545;-0.0014940711;0.34483793
0.066454545;-0.0014940711;0.34483793
0.066454545;-0.0014940711;0.34483793
0.068430834;0.00048221345;0.33693281
0.066454545;-0.0014940711;0.34483793
0.068430834;-0.0014940711;0.34483793
0.068430834;0.00048221345;0.34483793
0.070407115;-0.0014940711;0.34483793
0.070407115;-0.0014940711;0.34483793
0.070407115;0.00048221345;0.34483793
0.070407115;-0.0014940711;0.34483793
0.070407115;0.00048221345;0.34483793
0.070407115;-0.0014940711;0.34483793
0.072383396;0.00048221345;0.34483793
0.072383396;-0.0014940711;0.34483793
0.070407115;0.00048221345;0.34483793
0.070407115;-0.0014940711;0.34483793
0.072383396;-0.0014940711;0.34483793
0.072383396;0.00048221345;0.34483793
0.072383396;0.00048221345;0.34483793
0.074359685;0.00048221345;0.34483793
0.074359685;0.00048221345;0.34483793
0.072383396;0.00048221345;0.33693281
0.074359685;0.00048221345;0.34483793
0.074359685;0.00048221345;0.34483793
0.074359685;0.00048221345;0.33693281
0.074359685;0.00048221345;0.34483793
0.074359685;0.00048221345;0.33693281
0.074359685;0.00048221345;0.33693281
0.076335967;0.0024584981;0.34483793
0.074359685;0.0024584981;0.33693281
0.076335967;0.00048221345;0.34483793
0.076335967;0.00048221345;0.33693281
0.074359685;0.00048221345;0.34483793
0.076335967;0.0024584981;0.34483793
0.076335967;0.0024584981;0.33693281
0.076335967;0.0024584981;0.35274309
0.076335967;0.0024584981;0.33693281
0.076335967;0.0024584981;0.34483793
0.076335967;0.0024584981;0.34483793
0.076335967;0.0024584981;0.34483793
0.076335967;0.0024584981;0.33693281
0.076335967;0.0024584981;0.34483793
0.076335967;0.0024584981;0.34483793
0.076335967;0.0024584981;0.34483793
0.076335967;0.0024584981;0.33693281
0.076335967;0.0024584981;0.34483793
0.076335967;0.0024584981;0.33693281
0.078312255;0.0024584981;0.34483793
0.076335967;0.0024584981;0.34483793
0.078312255;0.0044347825;0.34483793
0.076335967;0.0044347825;0.34483793
0.076335967;0.0024584981;0.33693281
0.076335967;0.0044347825;0.34483793
0.078312255;0.0044347825;0.33693281
0.078312255;0.0044347825;0.34483793
0.078312255;0.0044347825;0.33693281
0.078312255;0.0044347825;0.34483793
0.078312255;0.0044347825;0.33693281
0.078312255;0.0044347825;0.34483793
0.078312255;0.0044347825;0.33693281
0.078312255;0.0044347825;0.34483793
0.076335967;0.0064110672;0.33693281
0.076335967;0.0044347825;0.34483793
0.078312255;0.0044347825;0.34483793
0.078312255;0.0064110672;0.34483793
0.078312255;0.0044347825;0.34483793
0.078312255;0.0044347825;0.34483793
0.076335967;0.0044347825;0.34483793
0.076335967;0.0064110672;0.34483793
0.078312255;0.0064110672;0.34483793
0.076335967;0.0044347825;0.34483793
0.076335967;0.0064110672;0.34483793
0.076335967;0.0064110672;0.34483793
0.076335967;0.0064110672;0.34483793
0.076335967;0.0064110672;0.34483793
0.076335967;0.0083873514;0.34483793
0.076335967;0.0064110672;0.33693281
0.074359685;0.0064110672;0.34483793
0.074359685;0.0064110672;0.34483793
0.076335967;0.0083873514;0.34483793
0.074359685;0.0064110672;0.33693281
0.074359685;0.0083873514;0.34483793
0.076335967;0.0083873514;0.34483793
0.074359685;0.0064110672;0.34483793
0.074359685;0.0083873514;0.34483793
0.072383396;0.0083873514;0.34483793
0.074359685;0.0083873514;0.33693281
0.074359685;0.0083873514;0.34483793
0.074359685;0.0083873514;0.34483793
0.074359685;0.0083873514;0.34483793
0.072383396;0.0083873514;0.33693281
0.072383396;0.0083873514;0.34483793
0.072383396;0.0083873514;0.34483793
0.072383396;0.0083873514;0.34483793
0.074359685;0.010363637;0.33693281
0.072383396;0.0083873514;0.33693281
0.072383396;0.0083873514;0.34483793
0.072383396;0.0083873514;0.34483793
0.070407115;0.0083873514;0.34483793
0.070407115;0.0083873514;0.34483793
0.070407115;0.010363637;0.34483793
0.070407115;0.0083873514;0.34483793
0.070407115;0.010363637;0.34483793
0.070407115;0.0083873514;0.34483793
0.070407115;0.0083873514;0.34483793
0.068430834;0.010363637;0.34483793
0.070407115;0.010363637;0.33693281
0.068430834;0.010363637;0.34483793
0.068430834;0.010363637;0.33693281
0.068430834;0.010363637;0.34483793
0.066454545;0.0083873514;0.34483793
0.068430834;0.010363637;0.34483793
0.068430834;0.010363637;0.34483793
0.068430834;0.010363637;0.34483793
0.066454545;0.010363637;0.34483793
0.066454545;0.010363637;0.33693281
0.066454545;0.010363637;0.34483793
0.064478263;0.010363637;0.34483793
0.066454545;0.010363637;0.34483793
0.064478263;0.012339921;0.34483793
0.064478263;0.010363637;0.34483793
0.064478263;0.012339921;0.33693281
0.064478263;0.010363637;0.34483793
0.064478263;0.012339921;0.33693281
0.062501974;0.012339921;0.34483793
0.062501974;0.012339921;0.33693281
0.062501974;0.012339921;0.34483793
0.060525693;0.012339921;0.34483793
0.060525693;0.012339921;0.34483793
0.060525693;0.012339921;0.33693281
0.060525693;0.014316206;0.33693281
0.058549408;0.012339921;0.34483793
0.058549408;0.012339921;0.34483793
0.058549408;0.012339921;0.34483793
0.058549408;0.014316206;0.33693281
0.058549408;0.014316206;0.33693281
0.056573123;0.012339921;0.34483793
0.058549408;0.012339921;0.33693281
0.054596838;0.014316206;0.34483793
0.056573123;0.014316206;0.34483793
0.056573123;0.014316206;0.35274309
0.056573123;0.014316206;0.34483793
0.054596838;0.014316206;0.34483793
0.056573123;0.014316206;0.34483793
0.054596838;0.014316206;0.34483793
0.054596838;0.014316206;0.34483793
0.054596838;0.01629249;0.33693281
0.054596838;0.014316206;0.34483793
0.052620552;0.014316206;0.34483793
0.052620552;0.014316206;0.34483793
0.052620552;0.014316206;0.34483793
0.050644267;0.01629249;0.34483793
0.050644267;0.01629249;0.34483793
0.048667986;0.01629249;0.34483793
0.050644267;0.01629249;0.34483793
0.048667986;0.014316206;0.34483793
0.048667986;0.01629249;0.34483793
0.048667986;0.01629249;0.34483793
0.048667986;0.01629249;0.34483793
0.046691701;0.01629249;0.33693281
0.044715416;0.01629249;0.34483793
0.046691701;0.018268775;0.34483793
0.046691701;0.01629249;0.33693281
0.046691701;0.01629249;0.34483793
0.044715416;0.018268775;0.34483793
0.044715416;0.01629249;0.34483793
0.042739131;0.018268775;0.34483793
0.044715416;0.01629249;0.34483793
0.042739131;0.018268775;0.33693281
0.040762845;0.018268775;0.33693281
0.040762845;0.018268775;0.34483793
0.042739131;0.01629249;0.33693281
0.03878656;0.018268775;0.34483793
0.040762845;0.020245058;0.34483793
0.040762845;0.018268775;0.34483793
0.03878656;0.018268775;0.33693281
0.036810275;0.018268775;0.34483793
0.03878656;0.018268775;0.34483793
0.034833994;0.020245058;0.34483793
0.034833994;0.018268775;0.33693281
0.036810275;0.020245058;0.33693281
0.032857709;0.020245058;0.34483793
0.032857709;0.018268775;0.33693281
0.034833994;0.018268775;0.33693281
0.032857709;0.022221344;0.33693281
0.032857709;0.020245058;0.33693281
0.032857709;0.020245058;0.34483793
0.032857709;0.020245058;0.33693281
0.030881424;0.018268775;0.34483793
0.030881424;0.020245058;0.34483793
0.030881424;0.020245058;0.33693281
0.028905138;0.020245058;0.33693281
0.028905138;0.020245058;0.34483793
0.026928853;0.020245058;0.33693281
0.028905138;0.020245058;0.33693281
0.028905138;0.022221344;0.34483793
0.026928853;0.022221344;0.34483793
0.02495257;0.022221344;0.34483793
0.026928853;0.020245058;0.34483793
0.02495257;0.022221344;0.33693281
0.02495257;0.020245058;0.34483793
0.022976285;0.020245058;0.34483793
0.022976285;0.022221344;0.33693281
0.02495257;0.022221344;0.34483793
0.022976285;0.022221344;0.34483793
0.022976285;0.022221344;0.34483793
0.021;0.020245058;0.34483793
0.021;0.022221344;0.34483793
0.021;0.022221344;0.34483793
0.019023715;0.022221344;0.34483793
0.019023715;0.022221344;0.33693281
0.019023715;0.022221344;0.33693281
0.019023715;0.022221344;0.34483793
0.019023715;0.022221344;0.34483793
0.017047431;0.022221344;0.33693281
0.017047431;0.022221344;0.33693281
0.015071146;0.022221344;0.33693281
0.015071146;0.024197629;0.33693281
0.015071146;0.022221344;0.34483793
0.015071146;0.024197629;0.34483793
0.013094862;0.024197629;0.34483793
0.013094862;0.022221344;0.34483793
0.013094862;0.024197629;0.34483793
0.013094862;0.024197629;0.33693281
0.011118577;0.024197629;0.34483793
0.011118577;0.024197629;0.33693281
0.0091422927;0.024197629;0.34483793
0.011118577;0.024197629;0.34483793
0.011118577;0.024197629;0.34483793
0.007166008;0.026173914;0.34483793
0.0091422927;0.026173914;0.34483793
0.0091422927;0.024197629;0.34483793
0.007166008;0.024197629;0.34483793
0.007166008;0.026173914;0.34483793
0.007166008;0.026173914;0.34483793
0.0051897233;0.026173914;0.34483793
0.0051897233;0.026173914;0.34483793
0.0051897233;0.026173914;0.34483793
0.0051897233;0.026173914;0.33693281
0.0051897233;0.026173914;0.34483793
0.0012371541;0.026173914;0.33693281
0.0012371541;0.026173914;0.33693281
0.0012371541;0.026173914;0.33693281
0.0012371541;0.026173914;0.34483793
-0.00073913042;0.026173914;0.33693281
-0.00073913042;0.026173914;0.34483793
-0.00073913042;0.028150197;0.34483793
-0.00073913042;0.026173914;0.34483793
-0.0027154151;0.026173914;0.34483793
-0.0027154151;0.028150197;0.33693281
-0.0027154151;0.028150197;0.34483793
-0.0027154151;0.028150197;0.33693281
-0.0046916995;0.026173914;0.33693281
-0.0066679842;0.028150197;0.34483793
-0.0046916995;0.026173914;0.33693281
-0.0046916995;0.026173914;0.34483793
-0.0066679842;0.028150197;0.33693281
-0.0066679842;0.030126482;0.34483793
-0.0066679842;0.030126482;0.33693281
-0.0086442688;0.028150197;0.34483793
-0.0066679842;0.028150197;0.34483793
-0.0086442688;0.028150197;0.35274309
-0.0086442688;0.030126482;0.34483793
-0.010620553;0.028150197;0.33693281
-0.010620553;0.028150197;0.34483793
-0.010620553;0.030126482;0.34483793
-0.010620553;0.030126482;0.34483793
-0.010620553;0.030126482;0.34483793
-0.010620553;0.028150197;0.34483793
-0.010620553;0.030126482;0.34483793
-0.012596838;0.030126482;0.34483793
-0.012596838;0.030126482;0.33693281
-0.012596838;0.030126482;0.34483793
-0.012596838;0.030126482;0.34483793
-0.012596838;0.030126482;0.33693281
-0.014573122;0.030126482;0.34483793
-0.014573122;0.032102767;0.34483793
-0.014573122;0.032102767;0.34483793
-0.014573122;0.030126482;0.34483793
-0.016549407;0.032102767;0.34483793
-0.014573122;0.032102767;0.33693281
-0.018525692;0.032102767;0.34483793
-0.016549407;0.032102767;0.33693281
-0.018525692;0.032102767;0.34483793
-0.018525692;0.032102767;0.34483793
-0.018525692;0.032102767;0.34483793
-0.018525692;0.030126482;0.34483793
-0.018525692;0.032102767;0.34483793
-0.018525692;0.032102767;0.33693281
-0.020501977;0.032102767;0.33693281
-0.020501977;0.032102767;0.33693281
-0.020501977;0.032102767;0.33693281
-0.018525692;0.032102767;0.34483793
-0.02247826;0.032102767;0.34483793
-0.020501977;0.030126482;0.33693281
-0.020501977;0.032102767;0.34483793
-0.02247826;0.034079053;0.34483793
-0.02247826;0.032102767;0.34483793
-0.020501977;0.032102767;0.34483793
-0.02247826;0.032102767;0.34483793
-0.024454545;0.032102767;0.33693281
-0.02247826;0.034079053;0.33693281
-0.024454545;0.034079053;0.33693281
-0.024454545;0.032102767;0.34483793
-0.024454545;0.034079053;0.33693281
-0.024454545;0.034079053;0.34483793
-0.024454545;0.034079053;0.34483793
-0.024454545;0.034079053;0.34483793
-0.02643083;0.034079053;0.33693281
-0.02643083;0.034079053;0.34483793
-0.02643083;0.034079053;0.34483793
-0.024454545;0.034079053;0.33693281
-0.02643083;0.034079053;0.34483793
-0.02643083;0.036055338;0.34483793
-0.02643083;0.036055338;0.34483793
-0.028407115;0.036055338;0.34483793
-0.028407115;0.036055338;0.34483793
-0.028407115;0.034079053;0.34483793
-0.028407115;0.036055338;0.34483793
-0.028407115;0.036055338;0.34483793
-0.028407115;0.036055338;0.34483793
-0.030383399;0.036055338;0.33693281
-0.028407115;0.036055338;0.34483793
-0.030383399;0.038031619;0.34483793
-0.030383399;0.036055338;0.34483793
-0.030383399;0.036055338;0.34483793
-0.030383399;0.038031619;0.34483793
-0.030383399;0.038031619;0.34483793
-0.030383399;0.038031619;0.34483793
-0.030383399;0.036055338;0.34483793
-0.030383399;0.038031619;0.34483793
-0.030383399;0.038031619;0.34483793
-0.030383399;0.036055338;0.34483793
-0.030383399;0.038031619;0.34483793
-0.030383399;0.038031619;0.34483793
-0.032359682;0.038031619;0.33693281
-0.032359682;0.038031619;0.34483793
-0.032359682;0.038031619;0.34483793
-0.030383399;0.038031619;0.34483793
-0.032359682;0.038031619;0.33693281
-0.030383399;0.038031619;0.34483793
-0.030383399;0.038031619;0.34483793
-0.032359682;0.038031619;0.34483793
-0.032359682;0.038031619;0.34483793
-0.032359682;0.038031619;0.34483793
-0.032359682;0.038031619;0.34483793
-0.032359682;0.038031619;0.34483793
-0.032359682;0.038031619;0.34483793
-0.032359682;0.038031619;0.34483793
-0.032359682;0.038031619;0.33693281
-0.032359682;0.038031619;0.33693281
-0.032359682;0.040007904;0.34483793
-0.032359682;0.038031619;0.34483793
-0.032359682;0.040007904;0.34483793
-0.032359682;0.040007904;0.34483793
-0.032359682;0.038031619;0.34483793
-0.030383399;0.040007904;0.34483793
-0.030383399;0.040007904;0.34483793
-0.032359682;0.040007904;0.34483793
-0.032359682;0.040007904;0.34483793
-0.032359682;0.040007904;0.34483793
-0.032359682;0.040007904;0.33693281
-0.030383399;0.040007904;0.34483793
-0.032359682;0.040007904;0.34483793
-0.030383399;0.040007904;0.33693281
-0.032359682;0.041984189;0.33693281
-0.030383399;0.040007904;0.34483793
-0.030383399;0.040007904;0.34483793
-0.030383399;0.040007904;0.34483793
-0.030383399;0.040007904;0.33693281
-0.030383399;0.040007904;0.33693281
-0.030383399;0.041984189;0.34483793
-0.028407115;0.040007904;0.34483793
-0.030383399;0.041984189;0.33693281
-0.030383399;0.041984189;0.34483793
-0.028407115;0.041984189;0.34483793
-0.028407115;0.041984189;0.33693281
-0.028407115;0.041984189;0.34483793
-0.028407115;0.041984189;0.34483793
-0.028407115;0.041984189;0.34483793
-0.028407115;0.041984189;0.34483793
-0.030383399;0.041984189;0.34483793
-0.028407115;0.041984189;0.34483793
-0.028407115;0.041984189;0.34483793
-0.028407115;0.041984189;0.34483793
-0.028407115;0.041984189;0.33693281
-0.028407115;0.041984189;0.33693281
-0.028407115;0.041984189;0.34483793
-0.02643083;0.041984189;0.34483793
-0.02643083;0.041984189;0.34483793
-0.028407115;0.041984189;0.34483793
-0.028407115;0.041984189;0.33693281
-0.028407115;0.043960474;0.33693281
-0.02643083;0.041984189;0.34483793
-0.02643083;0.043960474;0.34483793
-0.02643083;0.04593676;0.34483793
-0.024454545;0.043960474;0.34483793
-0.02643083;0.043960474;0.34483793
-0.02643083;0.043960474;0.34483793
-0.024454545;0.043960474;0.33693281
-0.024454545;0.043960474;0.34483793
-0.02247826;0.041984189;0.34483793
-0.024454545;0.04593676;0.33693281
-0.02247826;0.043960474;0.34483793
-0.024454545;0.043960474;0.34483793
-0.02247826;0.043960474;0.34483793
-0.02247826;0.043960474;0.34483793
-0.02247826;0.04593676;0.34483793
-0.02247826;0.043960474;0.34483793
-0.02247826;0.04593676;0.34483793
-0.020501977;0.04593676;0.34483793
-0.020501977;0.043960474;0.34483793
-0.020501977;0.04593676;0.33693281
-0.020501977;0.04593676;0.34483793
-0.020501977;0.043960474;0.34483793
-0.020501977;0.043960474;0.34483793
-0.020501977;0.04593676;0.34483793
-0.020501977;0.043960474;0.34483793
-0.018525692;0.04593676;0.34483793
-0.018525692;0.047913045;0.34483793
-0.016549407;0.047913045;0.33693281
-0.018525692;0.04593676;0.34483793
-0.016549407;0.047913045;0.34483793
-0.016549407;0.04593676;0.33693281
-0.016549407;0.047913045;0.33693281
-0.016549407;0.047913045;0.34483793
-0.014573122;0.047913045;0.34483793
-0.012596838;0.047913045;0.33693281
-0.014573122;0.047913045;0.34483793
-0.012596838;0.047913045;0.33693281
-0.014573122;0.047913045;0.34483793
-0.012596838;0.047913045;0.33693281
-0.012596838;0.047913045;0.33693281
-0.012596838;0.047913045;0.33693281
-0.012596838;0.047913045;0.34483793
-0.010620553;0.047913045;0.34483793
-0.012596838;0.047913045;0.34483793
-0.010620553;0.047913045;0.34483793
-0.010620553;0.04988933;0.34483793
-0.010620553;0.04988933;0.34483793
-0.0086442688;0.047913045;0.34483793
-0.0086442688;0.047913045;0.34483793
-0.0086442688;0.04988933;0.34483793
-0.0066679842;0.04988933;0.34483793
-0.0066679842;0.04988933;0.34483793
-0.0086442688;0.047913045;0.34483793
-0.0066679842;0.047913045;0.34483793
-0.0066679842;0.04988933;0.34483793
-0.0066679842;0.04988933;0.33693281
-0.0046916995;0.047913045;0.34483793
-0.0046916995;0.04988933;0.34483793
-0.0027154151;0.04988933;0.34483793
-0.0046916995;0.04988933;0.34483793
-0.0046916995;0.04988933;0.34483793
-0.0027154151;0.04988933;0.34483793
-0.0027154151;0.04988933;0.33693281
-0.0027154151;0.04988933;0.34483793
-0.0027154151;0.047913045;0.34483793
-0.00073913042;0.04988933;0.34483793
0.0012371541;0.04988933;0.34483793
-0.00073913042;0.04988933;0.34483793
-0.00073913042;0.04988933;0.34483793
0.0012371541;0.04988933;0.34483793
0.0012371541;0.04988933;0.34483793
0.0032134387;0.051865611;0.34483793
0.0032134387;0.051865611;0.34483793
0.0051897233;0.051865611;0.33693281
0.0051897233;0.051865611;0.33693281
0.0051897233;0.04988933;0.34483793
0.0051897233;0.04988933;0.34483793
0.007166008;0.04988933;0.34483793
0.007166008;0.051865611;0.34483793
0.0051897233;0.04988933;0.34483793
0.007166008;0.051865611;0.33693281
0.0091422927;0.04988933;0.33693281
0.0091422927;0.051865611;0.33693281
0.0091422927;0.051865611;0.34483793
0.0091422927;0.051865611;0.33693281
0.011118577;0.051865611;0.34483793
0.0091422927;0.051865611;0.34483793
0.011118577;0.051865611;0.34483793
0.011118577;0.051865611;0.34483793
0.013094862;0.051865611;0.34483793
0.013094862;0.051865611;0.34483793
0.013094862;0.053841896;0.34483793
0.015071146;0.051865611;0.34483793
0.015071146;0.051865611;0.34483793
0.017047431;0.051865611;0.33693281
0.017047431;0.051865611;0.34483793
0.015071146;0.053841896;0.34483793
0.017047431;0.051865611;0.34483793
0.017047431;0.053841896;0.34483793
0.019023715;0.053841896;0.34483793
0.019023715;0.053841896;0.34483793
0.019023715;0.053841896;0.34483793
0.019023715;0.051865611;0.33693281
0.021;0.053841896;0.34483793
0.021;0.053841896;0.34483793
0.021;0.051865611;0.34483793
0.021;0.053841896;0.34483793
0.022976285;0.053841896;0.33693281
0.022976285;0.053841896;0.33693281
0.02495257;0.053841896;0.34483793
0.02495257;0.053841896;0.33693281
0.02495257;0.053841896;0.34483793
0.02495257;0.053841896;0.33693281
0.02495257;0.053841896;0.34483793
0.026928853;0.053841896;0.33693281
0.028905138;0.055818181;0.34483793
0.026928853;0.055818181;0.34483793
0.026928853;0.055818181;0.34483793
0.028905138;0.055818181;0.33693281
0.028905138;0.055818181;0.33693281
0.030881424;0.055818181;0.33693281
0.030881424;0.055818181;0.33693281
0.030881424;0.055818181;0.34483793
0.032857709;0.055818181;0.34483793
0.032857709;0.055818181;0.34483793
0.032857709;0.053841896;0.34483793
0.032857709;0.051865611;0.34483793
0.032857709;0.055818181;0.34483793
0.034833994;0.055818181;0.33693281
0.032857709;0.055818181;0.34483793
0.034833994;0.055818181;0.35274309
0.036810275;0.055818181;0.33693281
0.034833994;0.055818181;0.34483793
0.03878656;0.057794467;0.34483793
0.03878656;0.057794467;0.34483793
0.036810275;0.055818181;0.34483793
0.03878656;0.055818181;0.34483793
0.040762845;0.057794467;0.34483793
0.040762845;0.055818181;0.34483793
0.040762845;0.057794467;0.34483793
0.040762845;0.055818181;0.34483793
0.042739131;0.057794467;0.34483793
0.042739131;0.059770752;0.34483793
0.044715416;0.057794467;0.33693281
0.042739131;0.057794467;0.33693281
0.042739131;0.057794467;0.34483793
0.044715416;0.057794467;0.33693281
0.044715416;0.055818181;0.34483793
0.044715416;0.055818181;0.34483793
0.046691701;0.055818181;0.34483793
0.046691701;0.057794467;0.34483793
0.046691701;0.057794467;0.33693281
0.048667986;0.057794467;0.34483793
0.048667986;0.059770752;0.34483793
0.046691701;0.059770752;0.34483793
0.048667986;0.057794467;0.34483793
0.048667986;0.057794467;0.34483793
0.050644267;0.057794467;0.33693281
0.052620552;0.057794467;0.34483793
0.052620552;0.059770752;0.33693281
0.052620552;0.057794467;0.34483793
0.052620552;0.057794467;0.34483793
0.054596838;0.057794467;0.34483793
0.052620552;0.057794467;0.34483793
0.054596838;0.055818181;0.33693281
0.054596838;0.057794467;0.34483793
0.054596838;0.059770752;0.34483793
0.056573123;0.059770752;0.34483793
0.054596838;0.057794467;0.34483793
0.056573123;0.059770752;0.34483793
0.056573123;0.059770752;0.34483793
0.056573123;0.059770752;0.34483793
0.056573123;0.059770752;0.34483793
0.058549408;0.059770752;0.34483793
0.058549408;0.059770752;0.33693281
0.058549408;0.059770752;0.34483793
0.058549408;0.057794467;0.34483793
0.058549408;0.059770752;0.33693281
0.060525693;0.057794467;0.34483793
0.058549408;0.059770752;0.33693281
0.060525693;0.059770752;0.33693281
0.062501974;0.059770752;0.33693281
0.062501974;0.061747037;0.34483793
0.062501974;0.059770752;0.34483793
0.062501974;0.059770752;0.35274309
0.062501974;0.059770752;0.34483793
0.062501974;0.059770752;0.34483793
0.062501974;0.059770752;0.34483793
0.062501974;0.061747037;0.34483793
0.064478263;0.059770752;0.33693281
0.064478263;0.059770752;0.34483793
0.066454545;0.061747037;0.33693281
0.064478263;0.061747037;0.33693281
0.064478263;0.061747037;0.34483793
0.066454545;0.061747037;0.34483793
0.066454545;0.061747037;0.33693281
0.066454545;0.061747037;0.33693281
0.066454545;0.061747037;0.34483793
0.066454545;0.061747037;0.34483793
0.068430834;0.059770752;0.34483793
0.068430834;0.061747037;0.34483793
0.068430834;0.061747037;0.33693281
0.068430834;0.061747037;0.33693281
0.068430834;0.061747037;0.34483793
0.070407115;0.061747037;0.34483793
0.068430834;0.061747037;0.33693281
0.068430834;0.059770752;0.33693281
0.070407115;0.061747037;0.34483793
0.070407115;0.061747037;0.34483793
0.070407115;0.061747037;0.34483793
0.070407115;0.061747037;0.33693281
0.070407115;0.061747037;0.34483793
0.070407115;0.061747037;0.34483793
0.072383396;0.061747037;0.34483793
0.072383396;0.061747037;0.34483793
0.072383396;0.061747037;0.33693281
0.074359685;0.061747037;0.34483793
0.072383396;0.061747037;0.34483793
0.074359685;0.061747037;0.34483793
0.072383396;0.061747037;0.33693281
0.074359685;0.061747037;0.34483793
0.074359685;0.061747037;0.34483793
0.074359685;0.061747037;0.33693281
0.074359685;0.061747037;0.34483793
0.072383396;0.061747037;0.34483793
0.074359685;0.061747037;0.33693281
0.074359685;0.061747037;0.34483793
0.074359685;0.061747037;0.34483793
0.074359685;0.063723318;0.34483793
0.074359685;0.063723318;0.33693281
0.076335967;0.063723318;0.33693281
0.076335967;0.063723318;0.34483793
0.076335967;0.063723318;0.33693281
0.074359685;0.061747037;0.33693281
0.076335967;0.063723318;0.34483793
0.076335967;0.063723318;0.33693281
0.076335967;0.061747037;0.34483793
0.076335967;0.063723318;0.34483793
0.078312255;0.063723318;0.34483793
0.076335967;0.061747037;0.34483793
0.076335967;0.063723318;0.34483793
0.076335967;0.063723318;0.34483793
0.076335967;0.063723318;0.34483793
0.076335967;0.063723318;0.34483793
0.076335967;0.063723318;0.33693281
0.078312255;0.063723318;0.34483793
0.078312255;0.063723318;0.34483793
0.076335967;0.061747037;0.33693281
0.076335967;0.065699607;0.33693281
0.078312255;0.063723318;0.34483793
0.076335967;0.065699607;0.34483793
0.076335967;0.065699607;0.33693281
0.076335967;0.063723318;0.34483793
0.076335967;0.063723318;0.33693281
0.078312255;0.063723318;0.34483793
0.078312255;0.063723318;0.34483793
0.076335967;0.065699607;0.34483793
0.078312255;0.063723318;0.34483793
0.076335967;0.063723318;0.34483793
0.076335967;0.065699607;0.34483793
0.076335967;0.065699607;0.33693281
0.076335967;0.065699607;0.34483793
0.078312255;0.063723318;0.34483793
0.076335967;0.065699607;0.34483793
0.076335967;0.063723318;0.33693281
0.076335967;0.065699607;0.34483793
0.076335967;0.065699607;0.33693281
0.076335967;0.065699607;0.34483793
0.078312255;0.065699607;0.34483793
0.076335967;0.065699607;0.33693281
0.076335967;0.065699607;0.33693281
0.076335967;0.065699607;0.34483793
0.076335967;0.065699607;0.34483793
0.076335967;0.065699607;0.34483793
0.076335967;0.065699607;0.34483793
0.074359685;0.065699607;0.34483793
0.074359685;0.065699607;0.34483793
0.076335967;0.065699607;0.34483793
0.074359685;0.067675889;0.33693281
0.074359685;0.065699607;0.34483793
0.074359685;0.067675889;0.34483793
0.074359685;0.065699607;0.33693281
0.074359685;0.065699607;0.34483793
0.072383396;0.065699607;0.33693281
0.072383396;0.065699607;0.34483793
0.072383396;0.065699607;0.34483793
0.072383396;0.065699607;0.34483793
0.072383396;0.065699607;0.34483793
0.074359685;0.065699607;0.33693281
0.072383396;0.065699607;0.33693281
0.072383396;0.065699607;0.33693281
0.072383396;0.065699607;0.33693281
0.074359685;0.065699607;0.34483793
0.072383396;0.067675889;0.33693281
0.072383396;0.065699607;0.33693281
0.070407115;0.065699607;0.34483793
0.070407115;0.067675889;0.34483793
0.070407115;0.065699607;0.34483793
0.070407115;0.065699607;0.34483793
0.070407115;0.067675889;0.33693281
0.070407115;0.067675889;0.34483793
0.070407115;0.065699607;0.34483793
0.066454545;0.067675889;0.33693281
0.070407115;0.065699607;0.34483793
0.070407115;0.067675889;0.34483793
0.068430834;0.067675889;0.34483793
0.068430834;0.067675889;0.34483793
0.064478263;0.067675889;0.33693281
0.068430834;0.067675889;0.34483793
0.068430834;0.067675889;0.34483793
0.068430834;0.065699607;0.33693281
0.066454545;0.065699607;0.33693281
0.064478263;0.067675889;0.33693281
0.066454545;0.065699607;0.34483793
0.064478263;0.065699607;0.34483793
0.064478263;0.067675889;0.34483793
0.066454545;0.067675889;0.33693281
0.064478263;0.067675889;0.34483793
0.064478263;0.067675889;0.34483793
0.062501974;0.067675889;0.34483793
0.064478263;0.067675889;0.34483793
0.062501974;0.067675889;0.34483793
0.064478263;0.067675889;0.35274309
0.062501974;0.067675889;0.33693281
0.062501974;0.067675889;0.33693281
0.062501974;0.067675889;0.33693281
0.062501974;0.069652177;0.34483793
0.060525693;0.067675889;0.34483793
0.060525693;0.065699607;0.34483793
0.060525693;0.067675889;0.34483793
0.058549408;0.067675889;0.34483793
0.058549408;0.067675889;0.33693281
0.058549408;0.067675889;0.33693281
0.058549408;0.067675889;0.34483793
0.058549408;0.067675889;0.34483793
0.056573123;0.067675889;0.33693281
0.056573123;0.067675889;0.33693281
0.056573123;0.067675889;0.33693281
0.056573123;0.065699607;0.33693281
0.056573123;0.067675889;0.34483793
0.056573123;0.067675889;0.34483793
0.054596838;0.067675889;0.33693281
0.054596838;0.069652177;0.34483793
0.054596838;0.067675889;0.33693281
0.052620552;0.067675889;0.34483793
0.052620552;0.067675889;0.33693281
0.052620552;0.069652177;0.34483793
0.050644267;0.069652177;0.34483793
0.052620552;0.067675889;0.34483793
0.050644267;0.067675889;0.34483793
0.048667986;0.067675889;0.33693281
0.050644267;0.067675889;0.34483793
0.048667986;0.067675889;0.34483793
0.048667986;0.067675889;0.33693281
0.048667986;0.069652177;0.34483793
0.048667986;0.067675889;0.34483793
0.046691701;0.067675889;0.34483793
0.046691701;0.067675889;0.34483793
0.046691701;0.069652177;0.34483793
0.046691701;0.067675889;0.34483793
0.044715416;0.067675889;0.34483793
0.046691701;0.067675889;0.33693281
0.042739131;0.067675889;0.34483793
0.042739131;0.067675889;0.34483793
0.042739131;0.067675889;0.34483793
0.042739131;0.067675889;0.33693281
0.040762845;0.067675889;0.34483793
0.040762845;0.067675889;0.34483793
0.040762845;0.067675889;0.34483793
0.040762845;0.067675889;0.33693281
0.03878656;0.067675889;0.33693281
0.03878656;0.067675889;0.34483793
0.03878656;0.067675889;0.34483793
0.036810275;0.069652177;0.35274309
0.036810275;0.069652177;0.33693281
0.036810275;0.067675889;0.33693281
0.034833994;0.067675889;0.34483793
0.036810275;0.069652177;0.34483793
0.034833994;0.067675889;0.33693281
0.034833994;0.069652177;0.33693281
0.034833994;0.069652177;0.34483793
0.032857709;0.067675889;0.34483793
0.032857709;0.069652177;0.34483793
0.032857709;0.067675889;0.34483793
0.032857709;0.067675889;0.34483793
0.032857709;0.067675889;0.34483793
0.030881424;0.069652177;0.34483793
0.030881424;0.067675889;0.34483793
0.028905138;0.069652177;0.33693281
0.026928853;0.067675889;0.34483793
0.028905138;0.067675889;0.34483793
0.026928853;0.069652177;0.34483793
0.026928853;0.069652177;0.33693281
0.026928853;0.069652177;0.34483793
0.026928853;0.069652177;0.33693281
0.026928853;0.069652177;0.34483793
0.02495257;0.069652177;0.33693281
0.02495257;0.069652177;0.34483793
0.02495257;0.067675889;0.34483793
0.02495257;0.069652177;0.34483793
0.022976285;0.069652177;0.34483793
0.022976285;0.069652177;0.34483793
0.022976285;0.069652177;0.33693281
0.021;0.069652177;0.34483793
0.021;0.069652177;0.33693281
0.021;0.067675889;0.34483793
0.021;0.069652177;0.34483793
0.019023715;0.069652177;0.33693281
0.019023715;0.069652177;0.34483793
0.019023715;0.069652177;0.34483793
0.017047431;0.069652177;0.33693281
0.017047431;0.069652177;0.34483793
0.017047431;0.069652177;0.34483793
0.015071146;0.069652177;0.34483793
0.015071146;0.069652177;0.33693281
0.013094862;0.069652177;0.33693281
0.015071146;0.069652177;0.34483793
0.013094862;0.069652177;0.34483793
0.011118577;0.069652177;0.33693281
0.013094862;0.069652177;0.34483793
0.013094862;0.069652177;0.34483793
0.011118577;0.069652177;0.34483793
0.011118577;0.067675889;0.34483793
0.011118577;0.067675889;0.34483793
0.0091422927;0.069652177;0.33693281
0.0091422927;0.069652177;0.34483793
0.007166008;0.069652177;0.33693281
0.0091422927;0.069652177;0.33693281
0.007166008;0.067675889;0.34483793
0.007166008;0.067675889;0.34483793
0.007166008;0.069652177;0.33693281
0.0051897233;0.069652177;0.33693281
0.007166008;0.069652177;0.34483793
0.0051897233;0.069652177;0.34483793
0.0051897233;0.069652177;0.34483793
0.0032134387;0.067675889;0.34483793
0.0032134387;0.069652177;0.34483793
0.0012371541;0.069652177;0.34483793
-0.00073913042;0.069652177;0.34483793
0.0012371541;0.067675889;0.34483793
-0.00073913042;0.069652177;0.34483793
-0.00073913042;0.067675889;0.34483793
-0.00073913042;0.069652177;0.33693281
-0.0027154151;0.067675889;0.34483793
-0.00073913042;0.067675889;0.33693281
-0.00073913042;0.067675889;0.34483793
-0.0027154151;0.069652177;0.33693281
-0.0027154151;0.069652177;0.34483793
-0.0027154151;0.069652177;0.34483793
-0.0066679842;0.069652177;0.33693281
-0.0066679842;0.069652177;0.33693281
-0.0046916995;0.069652177;0.33693281
-0.0066679842;0.069652177;0.34483793
-0.0066679842;0.069652177;0.34483793
-0.0066679842;0.067675889;0.33693281
-0.0086442688;0.069652177;0.34483793
-0.0086442688;0.067675889;0.34483793
-0.0086442688;0.069652177;0.34483793
-0.0086442688;0.069652177;0.33693281
-0.0086442688;0.069652177;0.33693281
-0.0086442688;0.069652177;0.34483793
-0.010620553;0.067675889;0.34483793
-0.010620553;0.069652177;0.34483793
-0.010620553;0.067675889;0.33693281
-0.010620553;0.069652177;0.34483793
-0.010620553;0.069652177;0.34483793
-0.012596838;0.067675889;0.34483793
-0.012596838;0.067675889;0.34483793
-0.010620553;0.069652177;0.34483793
-0.012596838;0.067675889;0.34483793
-0.014573122;0.069652177;0.34483793
-0.012596838;0.067675889;0.35274309
-0.014573122;0.069652177;0.34483793
-0.014573122;0.069652177;0.34483793
-0.016549407;0.069652177;0.33693281
-0.016549407;0.069652177;0.34483793
-0.016549407;0.067675889;0.33693281
-0.016549407;0.069652177;0.33693281
-0.016549407;0.069652177;0.33693281
-0.018525692;0.067675889;0.33693281
-0.018525692;0.067675889;0.34483793
-0.018525692;0.069652177;0.33693281
-0.018525692;0.069652177;0.34483793
-0.020501977;0.069652177;0.34483793
-0.018525692;0.067675889;0.34483793
-0.020501977;0.069652177;0.34483793
-0.020501977;0.069652177;0.34483793
-0.020501977;0.067675889;0.34483793
-0.020501977;0.069652177;0.34483793
-0.020501977;0.067675889;0.33693281
-0.020501977;0.069652177;0.33693281
-0.02247826;0.067675889;0.34483793
-0.02247826;0.069652177;0.34483793
-0.02247826;0.069652177;0.34483793
-0.02247826;0.067675889;0.33693281
-0.024454545;0.067675889;0.33693281
-0.024454545;0.069652177;0.33693281
-0.024454545;0.067675889;0.34483793
-0.024454545;0.069652177;0.34483793
-0.02247826;0.069652177;0.33693281
-0.02643083;0.067675889;0.34483793
-0.024454545;0.067675889;0.34483793
-0.02643083;0.067675889;0.33693281
-0.024454545;0.067675889;0.34483793
-0.02643083;0.067675889;0.34483793
-0.024454545;0.067675889;0.34483793
-0.028407115;0.067675889;0.34483793
-0.028407115;0.069652177;0.34483793
-0.02643083;0.067675889;0.33693281
-0.028407115;0.067675889;0.33693281
-0.028407115;0.067675889;0.34483793
-0.028407115;0.067675889;0.34483793
-0.028407115;0.067675889;0.33693281
-0.030383399;0.067675889;0.33693281
-0.028407115;0.067675889;0.34483793
-0.028407115;0.067675889;0.34483793
-0.028407115;0.067675889;0.34483793
-0.028407115;0.069652177;0.34483793
-0.030383399;0.067675889;0.33693281
-0.02643083;0.069652177;0.33693281
-0.030383399;0.067675889;0.34483793
-0.030383399;0.067675889;0.33693281
-0.030383399;0.067675889;0.34483793
-0.030383399;0.069652177;0.34483793
-0.028407115;0.067675889;0.34483793
-0.032359682;0.067675889;0.34483793
-0.030383399;0.067675889;0.34483793
-0.030383399;0.067675889;0.34483793
-0.032359682;0.067675889;0.34483793
-0.030383399;0.067675889;0.34483793
-0.030383399;0.067675889;0.34483793
-0.032359682;0.067675889;0.33693281
-0.030383399;0.069652177;0.34483793
-0.032359682;0.067675889;0.33693281
-0.030383399;0.067675889;0.34483793
-0.030383399;0.067675889;0.34483793
-0.032359682;0.067675889;0.34483793
-0.032359682;0.069652177;0.34483793
-0.032359682;0.067675889;0.34483793
-0.032359682;0.067675889;0.34483793
-0.032359682;0.067675889;0.34483793
-0.032359682;0.067675889;0.34483793
-0.032359682;0.067675889;0.34483793
-0.032359682;0.067675889;0.34483793
-0.032359682;0.067675889;0.34483793
-0.032359682;0.067675889;0.34483793
-0.032359682;0.067675889;0.33693281
-0.032359682;0.067675889;0.34483793
-0.032359682;0.067675889;0.34483793
-0.034335967;0.067675889;0.34483793
-0.032359682;0.067675889;0.34483793
-0.032359682;0.065699607;0.34483793
-0.032359682;0.067675889;0.34483793
-0.032359682;0.067675889;0.34483793
-0.030383399;0.067675889;0.34483793
-0.032359682;0.067675889;0.33693281
-0.030383399;0.065699607;0.34483793
-0.032359682;0.067675889;0.34483793
-0.030383399;0.067675889;0.34483793
-0.030383399;0.067675889;0.33693281
-0.032359682;0.067675889;0.34483793
-0.030383399;0.065699607;0.34483793
-0.030383399;0.067675889;0.34483793
-0.030383399;0.067675889;0.34483793
-0.032359682;0.067675889;0.34483793
-0.030383399;0.065699607;0.34483793
-0.030383399;0.065699607;0.33693281
-0.030383399;0.065699607;0.34483793
-0.030383399;0.065699607;0.34483793
-0.030383399;0.067675889;0.34483793
-0.030383399;0.065699607;0.34483793
-0.028407115;0.067675889;0.33693281
-0.028407115;0.067675889;0.34483793
-0.028407115;0.067675889;0.34483793
-0.028407115;0.065699607;0.33693281
-0.028407115;0.067675889;0.34483793
-0.028407115;0.067675889;0.33693281
-0.030383399;0.065699607;0.34483793
-0.028407115;0.065699607;0.33693281
-0.02643083;0.067675889;0.34483793
-0.028407115;0.067675889;0.34483793
-0.028407115;0.067675889;0.34483793
-0.028407115;0.067675889;0.34483793
-0.028407115;0.065699607;0.34483793
-0.028407115;0.065699607;0.34483793
-0.02643083;0.065699607;0.34483793
-0.02643083;0.065699607;0.33693281
-0.02643083;0.065699607;0.34483793
-0.02643083;0.065699607;0.33693281
-0.02643083;0.063723318;0.33693281
-0.02643083;0.065699607;0.34483793
-0.02643083;0.065699607;0.34483793
-0.024454545;0.065699607;0.33693281
-0.024454545;0.065699607;0.33693281
-0.024454545;0.065699607;0.33693281
-0.02247826;0.065699607;0.34483793
-0.024454545;0.065699607;0.34483793
-0.02247826;0.065699607;0.34483793
-0.024454545;0.065699607;0.33693281
-0.02247826;0.065699607;0.34483793
-0.02247826;0.065699607;0.34483793
-0.02247826;0.065699607;0.33693281
-0.02247826;0.063723318;0.34483793
-0.02247826;0.063723318;0.34483793
-0.020501977;0.065699607;0.34483793
-0.020501977;0.065699607;0.33693281
-0.020501977;0.065699607;0.34483793
-0.020501977;0.065699607;0.34483793
-0.02247826;0.065699607;0.34483793
-0.020501977;0.063723318;0.34483793
-0.020501977;0.063723318;0.33693281
-0.018525692;0.063723318;0.34483793
-0.018525692;0.063723318;0.34483793
-0.016549407;0.065699607;0.33693281
-0.018525692;0.065699607;0.34483793
-0.016549407;0.063723318;0.34483793
-0.016549407;0.063723318;0.33693281
-0.016549407;0.063723318;0.33693281
-0.016549407;0.063723318;0.33693281
-0.016549407;0.063723318;0.33693281
-0.016549407;0.063723318;0.33693281
-0.014573122;0.063723318;0.34483793
-0.014573122;0.063723318;0.34483793
-0.014573122;0.063723318;0.33693281
-0.014573122;0.065699607;0.34483793
-0.012596838;0.063723318;0.33693281
-0.012596838;0.063723318;0.34483793
-0.012596838;0.063723318;0.34483793
-0.012596838;0.063723318;0.34483793
-0.010620553;0.063723318;0.34483793
-0.012596838;0.061747037;0.34483793
-0.010620553;0.065699607;0.34483793
-0.012596838;0.063723318;0.34483793
-0.010620553;0.063723318;0.34483793
-0.010620553;0.063723318;0.34483793
-0.0086442688;0.063723318;0.34483793
-0.0086442688;0.063723318;0.34483793
-0.0086442688;0.063723318;0.34483793
-0.0086442688;0.063723318;0.34483793
-0.0086442688;0.061747037;0.34483793
-0.0066679842;0.061747037;0.34483793
-0.0066679842;0.061747037;0.33693281
-0.0066679842;0.063723318;0.33693281
-0.0046916995;0.063723318;0.34483793
-0.0046916995;0.063723318;0.34483793
-0.0046916995;0.061747037;0.34483793
-0.0027154151;0.061747037;0.33693281
-0.0046916995;0.063723318;0.34483793
-0.0027154151;0.061747037;0.33693281
-0.0027154151;0.061747037;0.34483793
-0.0027154151;0.061747037;0.33693281
-0.00073913042;0.061747037;0.33693281
-0.00073913042;0.061747037;0.34483793
-0.00073913042;0.061747037;0.34483793
0.0012371541;0.061747037;0.33693281
-0.00073913042;0.061747037;0.34483793
0.0012371541;0.061747037;0.34483793
0.0012371541;0.061747037;0.34483793
0.0032134387;0.059770752;0.33693281
0.0032134387;0.061747037;0.34483793
0.0032134387;0.061747037;0.33693281
0.0051897233;0.061747037;0.34483793
0.0051897233;0.061747037;0.34483793
0.007166008;0.061747037;0.34483793
0.0032134387;0.061747037;0.34483793
0.0051897233;0.061747037;0.33693281
0.007166008;0.061747037;0.34483793
0.007166008;0.061747037;0.33693281
0.0091422927;0.061747037;0.33693281
0.0091422927;0.061747037;0.34483793
0.0091422927;0.061747037;0.34483793
0.0091422927;0.059770752;0.34483793
0.011118577;0.059770752;0.34483793
0.011118577;0.059770752;0.34483793
0.011118577;0.059770752;0.34483793
0.011118577;0.059770752;0.33693281
0.013094862;0.061747037;0.34483793
0.015071146;0.059770752;0.33693281
0.015071146;0.061747037;0.33693281
0.015071146;0.059770752;0.34483793
0.015071146;0.059770752;0.34483793
0.015071146;0.057794467;0.34483793
0.017047431;0.059770752;0.34483793
0.015071146;0.059770752;0.34483793
0.017047431;0.059770752;0.33693281
0.019023715;0.059770752;0.34483793
0.017047431;0.059770752;0.34483793
0.019023715;0.059770752;0.34483793
0.019023715;0.059770752;0.34483793
0.019023715;0.059770752;0.33693281
0.021;0.059770752;0.34483793
0.021;0.059770752;0.34483793
0.022976285;0.057794467;0.34483793
0.021;0.057794467;0.33693281
0.022976285;0.059770752;0.34483793
0.022976285;0.057794467;0.34483793
0.022976285;0.057794467;0.34483793
0.02495257;0.057794467;0.33693281
0.02495257;0.057794467;0.35274309
0.02495257;0.057794467;0.33693281
0.026928853;0.057794467;0.34483793
0.026928853;0.057794467;0.34483793
0.026928853;0.057794467;0.34483793
0.026928853;0.057794467;0.34483793
0.026928853;0.057794467;0.33693281
0.028905138;0.057794467;0.34483793
0.030881424;0.057794467;0.35274309
0.030881424;0.057794467;0.34483793
0.030881424;0.057794467;0.34483793
0.030881424;0.059770752;0.34483793
0.030881424;0.059770752;0.34483793
0.032857709;0.057794467;0.33693281
0.032857709;0.057794467;0.34483793
0.032857709;0.057794467;0.34483793
0.034833994;0.057794467;0.34483793
0.034833994;0.057794467;0.33693281
0.036810275;0.057794467;0.34483793
0.034833994;0.057794467;0.33693281
0.036810275;0.057794467;0.33693281
0.036810275;0.059770752;0.33693281
0.036810275;0.057794467;0.33693281
0.036810275;0.057794467;0.33693281
0.03878656;0.055818181;0.34483793
0.03878656;0.055818181;0.34483793
0.03878656;0.057794467;0.34483793
0.03878656;0.057794467;0.34483793
0.040762845;0.055818181;0.33693281
0.042739131;0.057794467;0.34483793
0.040762845;0.055818181;0.34483793
0.042739131;0.055818181;0.34483793
0.042739131;0.057794467;0.33693281
0.042739131;0.055818181;0.34483793
0.042739131;0.055818181;0.34483793
0.044715416;0.055818181;0.34483793
0.044715416;0.053841896;0.33693281
0.044715416;0.055818181;0.33693281
0.046691701;0.055818181;0.34483793
0.046691701;0.055818181;0.34483793
0.046691701;0.055818181;0.34483793
0.046691701;0.053841896;0.34483793
0.050644267;0.055818181;0.34483793
0.048667986;0.055818181;0.33693281
0.048667986;0.055818181;0.34483793
0.050644267;0.055818181;0.33693281
0.050644267;0.053841896;0.34483793
0.050644267;0.055818181;0.33693281
0.052620552;0.055818181;0.34483793
0.052620552;0.055818181;0.33693281
0.052620552;0.055818181;0.34483793
0.052620552;0.053841896;0.34483793
0.054596838;0.053841896;0.34483793
0.054596838;0.053841896;0.34483793
0.054596838;0.053841896;0.34483793
0.054596838;0.053841896;0.34483793
0.054596838;0.053841896;0.34483793
0.056573123;0.053841896;0.33693281
0.054596838;0.053841896;0.33693281
0.056573123;0.055818181;0.34483793
0.056573123;0.053841896;0.33693281
0.058549408;0.053841896;0.34483793
0.058549408;0.053841896;0.34483793
0.058549408;0.053841896;0.34483793
0.058549408;0.053841896;0.34483793
0.058549408;0.051865611;0.33693281
0.058549408;0.053841896;0.34483793
0.060525693;0.053841896;0.34483793
0.060525693;0.053841896;0.34483793
0.060525693;0.051865611;0.34483793
0.062501974;0.051865611;0.34483793
0.062501974;0.051865611;0.33693281
0.062501974;0.051865611;0.34483793
0.062501974;0.051865611;0.33693281
0.064478263;0.053841896;0.34483793
0.062501974;0.053841896;0.33693281
0.064478263;0.051865611;0.34483793
0.064478263;0.051865611;0.33693281
0.064478263;0.051865611;0.33693281
0.064478263;0.051865611;0.34483793
0.064478263;0.051865611;0.34483793
0.064478263;0.051865611;0.33693281
0.066454545;0.04988933;0.33693281
0.066454545;0.051865611;0.33693281
0.066454545;0.04988933;0.34483793
0.066454545;0.04988933;0.34483793
0.068430834;0.051865611;0.34483793
0.068430834;0.051865611;0.34483793
0.068430834;0.051865611;0.33693281
0.068430834;0.04988933;0.34483793
0.068430834;0.051865611;0.33693281
0.068430834;0.04988933;0.34483793
0.070407115;0.04988933;0.33693281
0.068430834;0.04988933;0.34483793
0.068430834;0.04988933;0.34483793
0.070407115;0.04988933;0.33693281
0.070407115;0.04988933;0.33693281
0.070407115;0.04988933;0.33693281
0.070407115;0.04988933;0.34483793
0.072383396;0.04988933;0.33693281
0.070407115;0.04988933;0.33693281
0.070407115;0.04988933;0.34483793
0.072383396;0.04988933;0.34483793
0.074359685;0.04988933;0.33693281
0.072383396;0.04988933;0.33693281
0.072383396;0.04988933;0.34483793
0.072383396;0.04988933;0.34483793
0.072383396;0.047913045;0.34483793
0.074359685;0.047913045;0.33693281
0.074359685;0.04988933;0.34483793
0.072383396;0.047913045;0.33693281
0.074359685;0.047913045;0.33693281
0.074359685;0.04988933;0.33693281
0.074359685;0.047913045;0.34483793
0.074359685;0.047913045;0.34483793
0.076335967;0.047913045;0.34483793
0.076335967;0.04988933;0.34483793
0.076335967;0.047913045;0.34483793
0.074359685;0.04593676;0.33693281
0.076335967;0.047913045;0.33693281
0.076335967;0.047913045;0.34483793
0.076335967;0.047913045;0.33693281
0.076335967;0.047913045;0.33693281
0.076335967;0.047913045;0.34483793
0.076335967;0.047913045;0.33693281
0.076335967;0.047913045;0.34483793
0.076335967;0.04593676;0.33693281
0.076335967;0.04593676;0.34483793
0.078312255;0.047913045;0.34483793
0.076335967;0.04593676;0.34483793
0.078312255;0.047913045;0.33693281
0.076335967;0.047913045;0.34483793
0.076335967;0.047913045;0.33693281
0.078312255;0.047913045;0.34483793
0.076335967;0.047913045;0.34483793
0.078312255;0.04593676;0.33693281
0.078312255;0.04593676;0.34483793
0.078312255;0.04593676;0.33693281
0.076335967;0.04593676;0.33693281
0.078312255;0.04593676;0.33693281
0.078312255;0.047913045;0.34483793
0.078312255;0.04593676;0.34483793
0.076335967;0.047913045;0.34483793
0.078312255;0.04593676;0.33693281
0.078312255;0.047913045;0.34483793
0.078312255;0.04593676;0.33693281
0.078312255;0.04593676;0.34483793
0.076335967;0.043960474;0.34483793
0.078312255;0.04593676;0.34483793
0.078312255;0.04593676;0.34483793
0.078312255;0.04593676;0.33693281
0.076335967;0.04593676;0.34483793
0.076335967;0.04593676;0.34483793
0.076335967;0.043960474;0.34483793
0.076335967;0.043960474;0.34483793
0.076335967;0.043960474;0.33693281
0.076335967;0.043960474;0.33693281
0.074359685;0.043960474;0.34483793
0.076335967;0.04593676;0.33693281
0.076335967;0.043960474;0.34483793
0.074359685;0.043960474;0.33693281
0.076335967;0.043960474;0.33693281
0.076335967;0.043960474;0.34483793
0.076335967;0.041984189;0.34483793
0.074359685;0.043960474;0.34483793
0.074359685;0.043960474;0.34483793
0.074359685;0.041984189;0.33693281
0.076335967;0.043960474;0.34483793
0.074359685;0.041984189;0.34483793
0.074359685;0.041984189;0.34483793
0.074359685;0.041984189;0.34483793
0.074359685;0.043960474;0.34483793
0.074359685;0.043960474;0.33693281
0.072383396;0.043960474;0.33693281
0.074359685;0.041984189;0.33693281
0.074359685;0.041984189;0.34483793
0.072383396;0.041984189;0.34483793
0.072383396;0.043960474;0.33693281
0.072383396;0.041984189;0.33693281
0.072383396;0.041984189;0.33693281
0.074359685;0.041984189;0.34483793
0.072383396;0.041984189;0.34483793
0.070407115;0.041984189;0.34483793
0.070407115;0.041984189;0.34483793
0.070407115;0.041984189;0.34483793
0.072383396;0.041984189;0.33693281
0.072383396;0.041984189;0.33693281
0.070407115;0.041984189;0.33693281
0.070407115;0.041984189;0.34483793
0.070407115;0.041984189;0.34483793
0.070407115;0.041984189;0.33693281
0.068430834;0.040007904;0.34483793
0.068430834;0.041984189;0.33693281
0.068430834;0.040007904;0.34483793
0.066454545;0.040007904;0.33693281
0.068430834;0.040007904;0.33693281
0.066454545;0.040007904;0.33693281
0.066454545;0.040007904;0.34483793
0.066454545;0.040007904;0.34483793
0.066454545;0.040007904;0.34483793
0.066454545;0.040007904;0.33693281
0.066454545;0.040007904;0.33693281
0.066454545;0.040007904;0.33693281
0.064478263;0.040007904;0.34483793
0.064478263;0.040007904;0.34483793
0.064478263;0.038031619;0.34483793
0.062501974;0.040007904;0.33693281
0.064478263;0.040007904;0.34483793
0.064478263;0.038031619;0.34483793
0.062501974;0.038031619;0.34483793
0.062501974;0.038031619;0.33693281
0.062501974;0.038031619;0.34483793
0.060525693;0.038031619;0.33693281
0.062501974;0.038031619;0.34483793
0.060525693;0.040007904;0.33693281
0.060525693;0.038031619;0.33693281
0.060525693;0.038031619;0.33693281
0.058549408;0.038031619;0.33693281
0.058549408;0.038031619;0.33693281
0.058549408;0.036055338;0.33693281
0.058549408;0.036055338;0.34483793
0.056573123;0.038031619;0.34483793
0.058549408;0.038031619;0.34483793
0.054596838;0.036055338;0.34483793
0.056573123;0.038031619;0.33693281
0.054596838;0.036055338;0.34483793
0.054596838;0.038031619;0.34483793
0.054596838;0.036055338;0.34483793
0.054596838;0.036055338;0.33693281
0.054596838;0.038031619;0.33693281
0.054596838;0.036055338;0.34483793
0.052620552;0.036055338;0.34483793
0.052620552;0.036055338;0.34483793
0.052620552;0.036055338;0.34483793
0.052620552;0.036055338;0.34483793
0.050644267;0.036055338;0.34483793
0.048667986;0.036055338;0.34483793
0.048667986;0.036055338;0.34483793
0.050644267;0.034079053;0.34483793
0.048667986;0.034079053;0.34483793
0.048667986;0.036055338;0.33693281
0.048667986;0.036055338;0.34483793
0.046691701;0.036055338;0.34483793
0.046691701;0.034079053;0.34483793
0.046691701;0.036055338;0.33693281
0.046691701;0.036055338;0.33693281
0.046691701;0.036055338;0.34483793
0.046691701;0.034079053;0.33693281
0.044715416;0.034079053;0.34483793
0.044715416;0.034079053;0.34483793
0.042739131;0.034079053;0.33693281
0.042739131;0.034079053;0.33693281
0.040762845;0.034079053;0.34483793
0.040762845;0.034079053;0.33693281
0.040762845;0.034079053;0.34483793
0.03878656;0.034079053;0.34483793
0.040762845;0.034079053;0.33693281
0.040762845;0.032102767;0.33693281
0.03878656;0.034079053;0.34483793
0.03878656;0.034079053;0.34483793
0.036810275;0.032102767;0.34483793
0.036810275;0.032102767;0.34483793
0.034833994;0.032102767;0.34483793
0.036810275;0.034079053;0.33693281
0.034833994;0.034079053;0.34483793
0.034833994;0.032102767;0.34483793
0.032857709;0.034079053;0.34483793
0.032857709;0.032102767;0.33693281
0.032857709;0.032102767;0.34483793
0.032857709;0.032102767;0.34483793
0.030881424;0.032102767;0.34483793
0.030881424;0.032102767;0.34483793
0.030881424;0.032102767;0.34483793
0.030881424;0.032102767;0.33693281
0.030881424;0.034079053;0.33693281
0.028905138;0.032102767;0.34483793
0.028905138;0.032102767;0.34483793
0.026928853;0.032102767;0.34483793
0.028905138;0.032102767;0.34483793
0.026928853;0.030126482;0.34483793
0.026928853;0.030126482;0.33693281
0.026928853;0.030126482;0.34483793
0.02495257;0.032102767;0.33693281
0.02495257;0.032102767;0.34483793
0.022976285;0.030126482;0.34483793
0.022976285;0.032102767;0.33693281
0.022976285;0.030126482;0.34483793
0.021;0.030126482;0.33693281
0.022976285;0.030126482;0.34483793
0.019023715;0.030126482;0.34483793
0.019023715;0.030126482;0.33693281
0.019023715;0.030126482;0.34483793
0.021;0.030126482;0.33693281
0.019023715;0.028150197;0.33693281
0.019023715;0.030126482;0.34483793
0.017047431;0.028150197;0.34483793
0.019023715;0.030126482;0.34483793
0.017047431;0.028150197;0.33693281
0.017047431;0.028150197;0.34483793
0.017047431;0.030126482;0.33693281
0.015071146;0.026173914;0.34483793
0.013094862;0.028150197;0.34483793
0.015071146;0.028150197;0.33693281
0.013094862;0.030126482;0.34483793
0.013094862;0.030126482;0.33693281
0.011118577;0.028150197;0.33693281
0.011118577;0.028150197;0.34483793
0.011118577;0.026173914;0.34483793
0.011118577;0.028150197;0.33693281
0.0091422927;0.028150197;0.34483793
0.0091422927;0.028150197;0.34483793
0.0091422927;0.028150197;0.34483793
0.0091422927;0.026173914;0.34483793
0.007166008;0.026173914;0.33693281
0.007166008;0.028150197;0.33693281
0.0051897233;0.026173914;0.34483793
0.0051897233;0.026173914;0.34483793
0.007166008;0.026173914;0.33693281
0.0051897233;0.026173914;0.34483793
0.0032134387;0.026173914;0.34483793
0.0051897233;0.026173914;0.33693281
0.0051897233;0.026173914;0.34483793
0.0012371541;0.024197629;0.34483793
0.0012371541;0.026173914;0.34483793
0.0012371541;0.026173914;0.34483793
-0.00073913042;0.026173914;0.34483793
0.0012371541;0.026173914;0.34483793
-0.00073913042;0.026173914;0.33693281
-0.00073913042;0.024197629;0.34483793
-0.00073913042;0.026173914;0.34483793
-0.0027154151;0.024197629;0.34483793
-0.0027154151;0.024197629;0.34483793
-0.0027154151;0.026173914;0.33693281
-0.0027154151;0.024197629;0.34483793
-0.0066679842;0.022221344;0.34483793
-0.0046916995;0.024197629;0.34483793
-0.0066679842;0.024197629;0.33693281
-0.0066679842;0.024197629;0.34483793
-0.0066679842;0.024197629;0.33693281
-0.0086442688;0.024197629;0.33693281
-0.0086442688;0.022221344;0.34483793
-0.0066679842;0.024197629;0.34483793
-0.0086442688;0.024197629;0.34483793
-0.0086442688;0.022221344;0.34483793
-0.0086442688;0.024197629;0.34483793
-0.010620553;0.024197629;0.34483793
-0.0086442688;0.024197629;0.34483793
-0.010620553;0.024197629;0.33693281
-0.010620553;0.022221344;0.34483793
-0.010620553;0.024197629;0.34483793
-0.010620553;0.022221344;0.34483793
-0.010620553;0.022221344;0.34483793
-0.012596838;0.022221344;0.34483793
-0.012596838;0.022221344;0.34483793
-0.012596838;0.022221344;0.33693281
-0.012596838;0.022221344;0.34483793
-0.012596838;0.022221344;0.33693281
-0.012596838;0.022221344;0.34483793
-0.014573122;0.022221344;0.33693281
-0.014573122;0.020245058;0.34483793
-0.014573122;0.022221344;0.33693281
-0.014573122;0.022221344;0.34483793
-0.016549407;0.022221344;0.33693281
-0.016549407;0.020245058;0.34483793
-0.018525692;0.020245058;0.34483793
-0.016549407;0.022221344;0.34483793
-0.016549407;0.020245058;0.33693281
-0.018525692;0.020245058;0.33693281
-0.018525692;0.020245058;0.34483793
-0.020501977;0.020245058;0.34483793
-0.020501977;0.020245058;0.33693281
-0.020501977;0.020245058;0.34483793
-0.018525692;0.018268775;0.33693281
-0.020501977;0.020245058;0.33693281
-0.02247826;0.020245058;0.34483793
-0.02247826;0.020245058;0.33693281
-0.02247826;0.020245058;0.33693281
-0.02247826;0.020245058;0.34483793
-0.02247826;0.018268775;0.34483793
-0.02247826;0.018268775;0.34483793
-0.02247826;0.020245058;0.33693281
-0.024454545;0.018268775;0.34483793
-0.02247826;0.020245058;0.33693281
-0.02247826;0.018268775;0.34483793
-0.024454545;0.018268775;0.34483793
-0.024454545;0.018268775;0.34483793
-0.024454545;0.018268775;0.34483793
-0.024454545;0.018268775;0.34483793
-0.024454545;0.018268775;0.34483793
-0.028407115;0.018268775;0.34483793
-0.02643083;0.018268775;0.34483793
-0.024454545;0.018268775;0.34483793
-0.02643083;0.018268775;0.33693281
-0.02643083;0.01629249;0.33693281
-0.02643083;0.018268775;0.34483793
-0.02643083;0.018268775;0.34483793
-0.028407115;0.01629249;0.34483793
-0.028407115;0.018268775;0.33693281
-0.028407115;0.01629249;0.34483793
-0.028407115;0.01629249;0.34483793
-0.028407115;0.01629249;0.34483793
-0.028407115;0.018268775;0.34483793
-0.028407115;0.014316206;0.34483793
-0.028407115;0.01629249;0.33693281
-0.030383399;0.01629249;0.34483793
-0.030383399;0.01629249;0.34483793
-0.030383399;0.014316206;0.33693281
-0.028407115;0.01629249;0.34483793
-0.030383399;0.014316206;0.34483793
-0.030383399;0.01629249;0.34483793
-0.030383399;0.01629249;0.33693281
-0.030383399;0.014316206;0.34483793
-0.030383399;0.01629249;0.33693281
-0.030383399;0.014316206;0.34483793
-0.030383399;0.014316206;0.34483793
-0.030383399;0.01629249;0.33693281
-0.032359682;0.014316206;0.34483793
-0.030383399;0.014316206;0.33693281
-0.030383399;0.01629249;0.34483793
-0.032359682;0.014316206;0.34483793
-0.032359682;0.012339921;0.34483793
-0.032359682;0.014316206;0.33693281
-0.030383399;0.014316206;0.34483793
-0.032359682;0.014316206;0.33693281
-0.032359682;0.012339921;0.34483793
-0.032359682;0.014316206;0.33693281
-0.030383399;0.014316206;0.34483793
-0.032359682;0.012339921;0.34483793
-0.034335967;0.012339921;0.34483793
-0.032359682;0.012339921;0.34483793
-0.032359682;0.012339921;0.34483793
-0.032359682;0.014316206;0.34483793
-0.032359682;0.012339921;0.33693281
-0.032359682;0.012339921;0.33693281
-0.032359682;0.010363637;0.34483793
-0.032359682;0.012339921;0.33693281
-0.032359682;0.012339921;0.33693281
-0.032359682;0.012339921;0.34483793
-0.032359682;0.010363637;0.33693281
-0.032359682;0.010363637;0.34483793
-0.032359682;0.012339921;0.34483793
-0.032359682;0.010363637;0.34483793
-0.032359682;0.012339921;0.33693281
-0.032359682;0.012339921;0.34483793
-0.032359682;0.012339921;0.33693281
-0.032359682;0.012339921;0.34483793
-0.030383399;0.010363637;0.33693281
-0.030383399;0.010363637;0.34483793
-0.030383399;0.010363637;0.34483793
-0.032359682;0.012339921;0.34483793
-0.032359682;0.010363637;0.34483793
-0.028407115;0.010363637;0.34483793
-0.030383399;0.010363637;0.33693281
-0.030383399;0.010363637;0.33693281
-0.030383399;0.010363637;0.33693281
-0.030383399;0.010363637;0.33693281
-0.030383399;0.010363637;0.34483793
-0.028407115;0.010363637;0.33693281
-0.030383399;0.012339921;0.35274309
-0.030383399;0.0083873514;0.34483793
-0.030383399;0.010363637;0.34483793
-0.030383399;0.0083873514;0.33693281
-0.028407115;0.010363637;0.34483793
-0.030383399;0.0083873514;0.34483793
-0.030383399;0.010363637;0.34483793
-0.028407115;0.0083873514;0.34483793
-0.028407115;0.0083873514;0.33693281
-0.02643083;0.0083873514;0.34483793
-0.028407115;0.0083873514;0.33693281
-0.02643083;0.0083873514;0.34483793
-0.02643083;0.0083873514;0.33693281
-0.028407115;0.0083873514;0.33693281
-0.02643083;0.0083873514;0.34483793
-0.02643083;0.0083873514;0.34483793
-0.02643083;0.0083873514;0.34483793
-0.02643083;0.0083873514;0.33693281
-0.024454545;0.0083873514;0.33693281
-0.024454545;0.0083873514;0.34483793
-0.024454545;0.0083873514;0.34483793
-0.024454545;0.0083873514;0.33693281
-0.024454545;0.0064110672;0.33693281
-0.02247826;0.0064110672;0.33693281
-0.02247826;0.0064110672;0.34483793
-0.02247826;0.0064110672;0.34483793
-0.02247826;0.0083873514;0.34483793
-0.020501977;0.0064110672;0.34483793
-0.024454545;0.0064110672;0.35274309
-0.020501977;0.0064110672;0.34483793
-0.02247826;0.0064110672;0.33693281
-0.02247826;0.0044347825;0.33693281
-0.02247826;0.0064110672;0.33693281
-0.020501977;0.0064110672;0.34483793
-0.020501977;0.0064110672;0.34483793
-0.020501977;0.0044347825;0.34483793
-0.018525692;0.0044347825;0.34483793
-0.018525692;0.0044347825;0.33693281
-0.020501977;0.0044347825;0.34483793
-0.018525692;0.0044347825;0.34483793
-0.018525692;0.0044347825;0.33693281
-0.018525692;0.0044347825;0.34483793
-0.018525692;0.0024584981;0.34483793
-0.016549407;0.0044347825;0.34483793
-0.016549407;0.0044347825;0.33693281
-0.014573122;0.0044347825;0.34483793
-0.016549407;0.0044347825;0.34483793
-0.014573122;0.0024584981;0.34483793
-0.014573122;0.0024584981;0.34483793
-0.014573122;0.0044347825;0.34483793
-0.014573122;0.0044347825;0.34483793
-0.012596838;0.0024584981;0.33693281
-0.012596838;0.0024584981;0.33693281
-0.010620553;0.0044347825;0.34483793
-0.010620553;0.0024584981;0.33693281
-0.012596838;0.0044347825;0.33693281
-0.010620553;0.0044347825;0.34483793
-0.012596838;0.0024584981;0.33693281
-0.010620553;0.0044347825;0.34483793
-0.010620553;0.0024584981;0.33693281
-0.010620553;0.0024584981;0.33693281
-0.010620553;0.0024584981;0.34483793
-0.0086442688;0.0024584981;0.34483793
-0.0086442688;0.0024584981;0.33693281
-0.0086442688;0.0024584981;0.34483793
-0.0086442688;0.00048221345;0.34483793
-0.0066679842;0.0024584981;0.34483793
-0.0066679842;0.0024584981;0.33693281
-0.0066679842;0.00048221345;0.34483793
-0.0066679842;0.00048221345;0.33693281
-0.0027154151;0.00048221345;0.33693281
-0.0046916995;0.0024584981;0.33693281
-0.0046916995;0.00048221345;0.33693281
-0.0027154151;0.00048221345;0.33693281
-0.0027154151;0.00048221345;0.34483793
-0.0027154151;0.00048221345;0.34483793
-0.00073913042;0.00048221345;0.34483793
-0.00073913042;0.00048221345;0.33693281
-0.00073913042;0.00048221345;0.33693281
-0.00073913042;-0.0014940711;0.33693281
0.0012371541;0.00048221345;0.33693281
-0.00073913042;0.00048221345;0.33693281
0.0012371541;0.00048221345;0.34483793
0.0012371541;0.00048221345;0.33693281
0.0032134387;-0.0014940711;0.34483793
0.0032134387;0.00048221345;0.34483793
0.0032134387;-0.0014940711;0.34483793
0.0051897233;0.00048221345;0.33693281
0.0051897233;-0.0014940711;0.33693281
0.0051897233;0.00048221345;0.34483793
0.0051897233;-0.0014940711;0.34483793
0.007166008;0.00048221345;0.33693281
0.007166008;-0.0014940711;0.34483793
0.007166008;-0.0014940711;0.34483793
0.0091422927;-0.0014940711;0.33693281
0.0091422927;-0.0014940711;0.34483793
0.0091422927;-0.0014940711;0.33693281
0.0091422927;-0.0014940711;0.34483793
0.0091422927;-0.0014940711;0.33693281
0.011118577;-0.0034703556;0.33693281
0.011118577;-0.0014940711;0.33693281
0.011118577;-0.0014940711;0.34483793
0.013094862;-0.0014940711;0.34483793
0.013094862;-0.0014940711;0.33693281
0.013094862;-0.0034703556;0.33693281
0.013094862;-0.0014940711;0.34483793
0.015071146;-0.0014940711;0.34483793
0.015071146;-0.0034703556;0.33693281
0.017047431;-0.0034703556;0.34483793
0.015071146;-0.0034703556;0.34483793
0.017047431;-0.0034703556;0.34483793
0.017047431;-0.0034703556;0.33693281
0.019023715;-0.0034703556;0.34483793
0.019023715;-0.0034703556;0.34483793
0.017047431;-0.0034703556;0.34483793
0.019023715;-0.0034703556;0.34483793
0.021;-0.0034703556;0.33693281
0.021;-0.0034703556;0.33693281
0.021;-0.0034703556;0.33693281
0.022976285;-0.0034703556;0.33693281
0.022976285;-0.0034703556;0.34483793
0.02495257;-0.0034703556;0.33693281
0.02495257;-0.0054466403;0.33693281
0.026928853;-0.0054466403;0.34483793
0.02495257;-0.0034703556;0.33693281
0.02495257;-0.0034703556;0.34483793
0.02495257;-0.0054466403;0.34483793
0.026928853;-0.0054466403;0.34483793
0.026928853;-0.0034703556;0.33693281
0.028905138;-0.0054466403;0.34483793
0.026928853;-0.0054466403;0.33693281
0.030881424;-0.0054466403;0.33693281
0.030881424;-0.0054466403;0.34483793
0.030881424;-0.0054466403;0.33693281
0.030881424;-0.0054466403;0.33693281
0.030881424;-0.0054466403;0.33693281
0.032857709;-0.0054466403;0.34483793
0.032857709;-0.0054466403;0.34483793
0.032857709;-0.0054466403;0.34483793
0.032857709;-0.0054466403;0.34483793
0.034833994;-0.007422925;0.34483793
0.034833994;-0.0054466403;0.34483793
0.034833994;-0.0054466403;0.33693281
0.036810275;-0.0054466403;0.34483793
0.036810275;-0.0054466403;0.34483793
0.03878656;-0.0054466403;0.33693281
0.036810275;-0.007422925;0.33693281
0.03878656;-0.0054466403;0.34483793
0.03878656;-0.0054466403;0.33693281
0.03878656;-0.0054466403;0.33693281
0.03878656;-0.007422925;0.34483793
0.040762845;-0.0054466403;0.34483793
0.040762845;-0.007422925;0.33693281
0.040762845;-0.007422925;0.34483793
0.040762845;-0.0054466403;0.34483793
0.042739131;-0.007422925;0.34483793
0.042739131;-0.007422925;0.34483793
0.042739131;-0.0054466403;0.34483793
0.044715416;-0.007422925;0.34483793
0.044715416;-0.007422925;0.33693281
0.046691701;-0.007422925;0.34483793
0.046691701;-0.007422925;0.33693281
0.046691701;-0.007422925;0.33693281
0.048667986;-0.007422925;0.34483793
0.048667986;-0.007422925;0.34483793
0.048667986;-0.007422925;0.34483793
0.048667986;-0.0093992092;0.34483793
0.048667986;-0.007422925;0.34483793
0.050644267;-0.0093992092;0.33693281
0.050644267;-0.0093992092;0.34483793
0.050644267;-0.007422925;0.34483793
0.050644267;-0.007422925;0.34483793
0.052620552;-0.0093992092;0.34483793
0.052620552;-0.011375494;0.34483793
0.052620552;-0.0093992092;0.33693281
0.052620552;-0.0093992092;0.34483793
0.054596838;-0.0093992092;0.34483793
0.054596838;-0.007422925;0.34483793
0.054596838;-0.007422925;0.34483793
0.054596838;-0.0093992092;0.33693281
0.056573123;-0.0093992092;0.34483793
0.054596838;-0.0093992092;0.34483793
0.056573123;-0.0093992092;0.34483793
0.056573123;-0.0093992092;0.33693281
0.056573123;-0.007422925;0.34483793
0.058549408;-0.0093992092;0.34483793
0.058549408;-0.0093992092;0.33693281
0.060525693;-0.0093992092;0.34483793
0.058549408;-0.0093992092;0.34483793
0.058549408;-0.0093992092;0.34483793
0.060525693;-0.0093992092;0.34483793
0.058549408;-0.0093992092;0.34483793
0.060525693;-0.011375494;0.33693281
0.060525693;-0.0093992092;0.34483793
0.060525693;-0.0093992092;0.34483793
0.062501974;-0.011375494;0.33693281
0.062501974;-0.011375494;0.33693281
0.064478263;-0.0093992092;0.34483793
0.062501974;-0.0093992092;0.33693281
0.064478263;-0.0093992092;0.34483793
0.064478263;-0.011375494;0.34483793
0.064478263;-0.0093992092;0.33693281
0.064478263;-0.0093992092;0.33693281
0.064478263;-0.011375494;0.34483793
0.064478263;-0.0093992092;0.33693281
0.066454545;-0.011375494;0.34483793
0.066454545;-0.011375494;0.33693281
0.066454545;-0.011375494;0.34483793
0.064478263;-0.011375494;0.33693281
0.066454545;-0.011375494;0.34483793
0.068430834;-0.011375494;0.33693281
0.066454545;-0.011375494;0.34483793
0.066454545;-0.011375494;0.34483793
0.068430834;-0.011375494;0.33693281
0.068430834;-0.013351778;0.33693281
0.068430834;-0.011375494;0.34483793
0.068430834;-0.011375494;0.34483793
0.070407115;-0.011375494;0.33693281
0.070407115;-0.011375494;0.34483793
0.070407115;-0.011375494;0.34483793
0.068430834;-0.013351778;0.33693281
0.072383396;-0.011375494;0.34483793
0.070407115;-0.011375494;0.34483793
0.070407115;-0.013351778;0.33693281
0.072383396;-0.013351778;0.33693281
0.070407115;-0.013351778;0.34483793
0.072383396;-0.013351778;0.34483793
0.072383396;-0.013351778;0.33693281
0.074359685;-0.013351778;0.33693281
0.072383396;-0.013351778;0.33693281
0.072383396;-0.013351778;0.34483793
0.072383396;-0.013351778;0.33693281
0.074359685;-0.013351778;0.34483793
0.074359685;-0.013351778;0.34483793
0.074359685;-0.013351778;0.34483793
0.074359685;-0.013351778;0.33693281
0.074359685;-0.013351778;0.34483793
0.074359685;-0.013351778;0.34483793
0.074359685;-0.013351778;0.34483793
0.074359685;-0.013351778;0.33693281
0.076335967;-0.013351778;0.33693281
0.074359685;-0.013351778;0.33693281
0.076335967;-0.015328064;0.33693281
0.076335967;-0.015328064;0.33693281
0.076335967;-0.013351778;0.34483793
0.074359685;-0.015328064;0.34483793
0.076335967;-0.015328064;0.33693281
0.076335967;-0.015328064;0.33693281
0.076335967;-0.015328064;0.34483793
0.078312255;-0.015328064;0.33693281
0.078312255;-0.015328064;0.34483793
0.076335967;-0.015328064;0.34483793
0.076335967;-0.013351778;0.34483793
0.076335967;-0.015328064;0.34483793
0.076335967;-0.013351778;0.33693281
0.076335967;-0.015328064;0.33693281
0.078312255;-0.015328064;0.34483793
0.078312255;-0.015328064;0.33693281
0.078312255;-0.015328064;0.33693281
0.078312255;-0.015328064;0.33693281
0.078312255;-0.017304348;0.34483793
0.076335967;-0.015328064;0.33693281
0.078312255;-0.017304348;0.34483793
0.076335967;-0.015328064;0.33693281
0.078312255;-0.017304348;0.33693281
0.078312255;-0.015328064;0.34483793
0.078312255;-0.017304348;0.34483793
0.076335967;-0.015328064;0.34483793
0.076335967;-0.017304348;0.33693281
0.076335967;-0.015328064;0.34483793
0.076335967;-0.017304348;0.34483793
0.078312255;-0.017304348;0.34483793
0.078312255;-0.015328064;0.33693281
0.078312255;-0.017304348;0.34483793
0.076335967;-0.017304348;0.34483793
0.076335967;-0.017304348;0.34483793
0.078312255;-0.017304348;0.34483793
0.076335967;-0.017304348;0.34483793
0.076335967;-0.015328064;0.34483793
0.076335967;-0.017304348;0.33693281
0.076335967;-0.017304348;0.33693281
0.076335967;-0.017304348;0.34483793
0.076335967;-0.015328064;0.33693281
0.076335967;-0.017304348;0.34483793
0.076335967;-0.019280633;0.34483793
0.076335967;-0.017304348;0.34483793
0.074359685;-0.019280633;0.33693281
0.074359685;-0.017304348;0.33693281
0.074359685;-0.017304348;0.34483793
0.074359685;-0.017304348;0.33693281
0.074359685;-0.017304348;0.34483793
0.074359685;-0.017304348;0.34483793
0.076335967;-0.017304348;0.33693281
0.074359685;-0.017304348;0.34483793
0.072383396;-0.019280633;0.33693281
0.074359685;-0.019280633;0.34483793
0.072383396;-0.019280633;0.33693281
0.074359685;-0.017304348;0.33693281
0.074359685;-0.019280633;0.34483793
0.072383396;-0.019280633;0.34483793
0.072383396;-0.019280633;0.34483793
0.074359685;-0.019280633;0.33693281
0.072383396;-0.017304348;0.34483793
0.070407115;-0.017304348;0.33693281
0.072383396;-0.019280633;0.33693281
0.072383396;-0.019280633;0.33693281
0.074359685;-0.019280633;0.34483793
0.070407115;-0.017304348;0.34483793
0.070407115;-0.019280633;0.33693281
0.070407115;-0.019280633;0.34483793
0.070407115;-0.019280633;0.34483793
0.068430834;-0.019280633;0.34483793
0.070407115;-0.019280633;0.34483793
0.068430834;-0.019280633;0.33693281
0.070407115;-0.019280633;0.32902768
0.070407115;-0.019280633;0.34483793
0.066454545;-0.019280633;0.33693281
0.066454545;-0.019280633;0.33693281
0.066454545;-0.019280633;0.33693281
0.066454545;-0.019280633;0.34483793
0.066454545;-0.019280633;0.33693281
0.066454545;-0.019280633;0.34483793
0.066454545;-0.019280633;0.33693281
0.066454545;-0.021256916;0.34483793
0.064478263;-0.021256916;0.33693281
0.064478263;-0.021256916;0.33693281
0.064478263;-0.019280633;0.33693281
0.062501974;-0.019280633;0.33693281
0.064478263;-0.019280633;0.33693281
0.064478263;-0.021256916;0.33693281
0.062501974;-0.021256916;0.34483793
0.062501974;-0.021256916;0.34483793
0.062501974;-0.021256916;0.33693281
0.060525693;-0.021256916;0.34483793
0.060525693;-0.021256916;0.33693281
0.060525693;-0.021256916;0.34483793
0.060525693;-0.021256916;0.34483793
0.060525693;-0.021256916;0.34483793
0.060525693;-0.019280633;0.34483793
0.058549408;-0.021256916;0.34483793
0.058549408;-0.019280633;0.34483793
0.058549408;-0.021256916;0.34483793
0.056573123;-0.021256916;0.34483793
0.058549408;-0.021256916;0.34483793
0.056573123;-0.021256916;0.33693281
0.056573123;-0.021256916;0.34483793
0.054596838;-0.021256916;0.33693281
0.054596838;-0.021256916;0.33693281
0.054596838;-0.021256916;0.34483793
0.054596838;-0.021256916;0.33693281
0.054596838;-0.021256916;0.34483793
0.052620552;-0.021256916;0.34483793
0.052620552;-0.021256916;0.34483793
0.054596838;-0.021256916;0.34483793
0.050644267;-0.021256916;0.34483793
0.052620552;-0.021256916;0.33693281
0.050644267;-0.021256916;0.34483793
0.050644267;-0.021256916;0.33693281
0.050644267;-0.019280633;0.34483793
0.048667986;-0.021256916;0.34483793
0.048667986;-0.021256916;0.34483793
0.048667986;-0.023233201;0.33693281
0.046691701;-0.021256916;0.34483793
0.048667986;-0.021256916;0.34483793
0.046691701;-0.023233201;0.34483793
0.046691701;-0.021256916;0.34483793
0.046691701;-0.021256916;0.34483793
0.046691701;-0.021256916;0.33693281
0.044715416;-0.023233201;0.33693281
0.044715416;-0.021256916;0.34483793
0.044715416;-0.021256916;0.34483793
0.042739131;-0.021256916;0.33693281
0.042739131;-0.023233201;0.33693281
0.042739131;-0.021256916;0.33693281
0.040762845;-0.023233201;0.34483793
0.040762845;-0.021256916;0.33693281
0.040762845;-0.023233201;0.34483793
0.03878656;-0.023233201;0.34483793
0.040762845;-0.023233201;0.34483793
0.03878656;-0.023233201;0.34483793
0.03878656;-0.023233201;0.35274309
0.036810275;-0.023233201;0.33693281
0.036810275;-0.023233201;0.33693281
0.036810275;-0.023233201;0.34483793
0.034833994;-0.021256916;0.33693281
0.034833994;-0.021256916;0.34483793
0.034833994;-0.023233201;0.34483793
0.034833994;-0.023233201;0.34483793
0.034833994;-0.023233201;0.33693281
0.032857709;-0.023233201;0.34483793
0.032857709;-0.023233201;0.33693281
0.032857709;-0.021256916;0.33693281
0.032857709;-0.023233201;0.34483793
0.030881424;-0.023233201;0.33693281
0.030881424;-0.023233201;0.33693281
0.028905138;-0.021256916;0.34483793
0.028905138;-0.023233201;0.34483793
0.028905138;-0.023233201;0.34483793
0.028905138;-0.023233201;0.33693281
0.026928853;-0.023233201;0.34483793
0.026928853;-0.023233201;0.33693281
0.026928853;-0.023233201;0.33693281
0.026928853;-0.025209486;0.33693281
0.02495257;-0.023233201;0.33693281
0.02495257;-0.023233201;0.34483793
0.02495257;-0.023233201;0.34483793
0.02495257;-0.023233201;0.34483793
0.022976285;-0.023233201;0.34483793
0.022976285;-0.023233201;0.34483793
0.022976285;-0.023233201;0.33693281
0.021;-0.023233201;0.33693281
0.021;-0.023233201;0.34483793
0.021;-0.023233201;0.34483793
0.019023715;-0.023233201;0.33693281
0.019023715;-0.023233201;0.33693281
0.019023715;-0.023233201;0.34483793
0.019023715;-0.023233201;0.33693281
0.017047431;-0.023233201;0.34483793
0.017047431;-0.023233201;0.34483793
0.017047431;-0.023233201;0.34483793
0.017047431;-0.023233201;0.33693281
0.015071146;-0.023233201;0.33693281
0.015071146;-0.023233201;0.34483793
0.013094862;-0.023233201;0.34483793
0.013094862;-0.023233201;0.35274309
0.013094862;-0.023233201;0.34483793
0.011118577;-0.025209486;0.33693281
0.011118577;-0.023233201;0.34483793
0.011118577;-0.023233201;0.34483793
0.011118577;-0.025209486;0.33693281
0.0091422927;-0.025209486;0.33693281
0.0091422927;-0.025209486;0.33693281
0.007166008;-0.025209486;0.34483793
0.007166008;-0.025209486;0.34483793
0.007166008;-0.025209486;0.33693281
0.007166008;-0.023233201;0.34483793
0.007166008;-0.025209486;0.34483793
0.007166008;-0.025209486;0.34483793
0.0051897233;-0.023233201;0.33693281
0.0051897233;-0.025209486;0.34483793
0.0051897233;-0.025209486;0.33693281
0.0032134387;-0.025209486;0.34483793
0.0032134387;-0.025209486;0.34483793
0.0032134387;-0.023233201;0.34483793
0.0032134387;-0.023233201;0.34483793
0.0012371541;-0.023233201;0.33693281
-0.00073913042;-0.025209486;0.34483793
-0.00073913042;-0.023233201;0.34483793
-0.00073913042;-0.023233201;0.33693281
-0.00073913042;-0.025209486;0.33693281
-0.00073913042;-0.023233201;0.33693281
-0.0027154151;-0.023233201;0.34483793
-0.0027154151;-0.025209486;0.34483793
-0.0027154151;-0.025209486;0.34483793
-0.0027154151;-0.025209486;0.33693281
-0.0046916995;-0.025209486;0.33693281
-0.0046916995;-0.025209486;0.34483793
-0.0046916995;-0.025209486;0.33693281
-0.0066679842;-0.025209486;0.34483793
-0.0066679842;-0.025209486;0.33693281
-0.0066679842;-0.025209486;0.33693281
-0.0066679842;-0.023233201;0.34483793
-0.0066679842;-0.025209486;0.34483793
-0.0086442688;-0.025209486;0.34483793
-0.0086442688;-0.023233201;0.34483793
-0.0086442688;-0.025209486;0.33693281
-0.0086442688;-0.025209486;0.34483793
-0.010620553;-0.025209486;0.33693281
-0.010620553;-0.025209486;0.33693281
-0.012596838;-0.025209486;0.34483793
-0.012596838;-0.025209486;0.34483793
-0.010620553;-0.025209486;0.34483793
-0.010620553;-0.023233201;0.33693281
-0.012596838;-0.025209486;0.33693281
-0.012596838;-0.025209486;0.34483793
-0.012596838;-0.025209486;0.34483793
-0.014573122;-0.025209486;0.34483793
-0.014573122;-0.025209486;0.34483793
-0.014573122;-0.025209486;0.33693281
-0.014573122;-0.025209486;0.33693281
-0.016549407;-0.025209486;0.33693281
-0.016549407;-0.027185772;0.34483793
-0.016549407;-0.027185772;0.33693281
-0.016549407;-0.025209486;0.34483793
-0.018525692;-0.023233201;0.34483793
-0.016549407;-0.025209486;0.34483793
-0.018525692;-0.025209486;0.33693281
-0.018525692;-0.025209486;0.34483793
-0.020501977;-0.025209486;0.34483793
-0.020501977;-0.025209486;0.34483793
-0.020501977;-0.025209486;0.34483793
-0.020501977;-0.025209486;0.34483793
-0.020501977;-0.025209486;0.33693281
-0.02247826;-0.025209486;0.34483793
-0.02247826;-0.025209486;0.34483793
-0.02247826;-0.025209486;0.34483793
-0.020501977;-0.027185772;0.34483793
-0.02247826;-0.025209486;0.33693281
-0.02247826;-0.025209486;0.33693281
-0.02247826;-0.025209486;0.34483793
-0.02247826;-0.025209486;0.33693281
-0.02247826;-0.025209486;0.34483793
-0.024454545;-0.025209486;0.33693281
-0.024454545;-0.025209486;0.33693281
-0.024454545;-0.025209486;0.33693281
-0.024454545;-0.025209486;0.33693281
-0.024454545;-0.025209486;0.33693281
-0.024454545;-0.025209486;0.33693281
-0.024454545;-0.025209486;0.34483793
-0.02643083;-0.025209486;0.33693281
-0.02643083;-0.025209486;0.33693281
-0.02643083;-0.027185772;0.34483793
-0.02643083;-0.027185772;0.33693281
-0.02643083;-0.025209486;0.34483793
-0.028407115;-0.025209486;0.34483793
-0.02643083;-0.025209486;0.34483793
-0.028407115;-0.025209486;0.34483793
-0.02643083;-0.025209486;0.34483793
-0.030383399;-0.025209486;0.33693281
-0.028407115;-0.025209486;0.34483793
-0.028407115;-0.025209486;0.34483793
-0.028407115;-0.025209486;0.33693281
-0.028407115;-0.027185772;0.33693281
-0.028407115;-0.025209486;0.34483793
-0.030383399;-0.025209486;0.34483793
-0.030383399;-0.025209486;0.34483793
-0.030383399;-0.025209486;0.34483793
-0.030383399;-0.025209486;0.34483793
-0.030383399;-0.025209486;0.33693281
-0.032359682;-0.025209486;0.33693281
-0.030383399;-0.025209486;0.33693281
-0.030383399;-0.025209486;0.33693281
-0.032359682;-0.025209486;0.34483793
-0.032359682;-0.025209486;0.33693281
-0.030383399;-0.027185772;0.34483793
-0.030383399;-0.025209486;0.33693281
-0.030383399;-0.025209486;0.34483793
-0.032359682;-0.025209486;0.34483793
-0.032359682;-0.025209486;0.34483793
-0.032359682;-0.023233201;0.34483793
-0.032359682;-0.025209486;0.34483793
-0.032359682;-0.025209486;0.34483793
-0.030383399;-0.025209486;0.33693281
-0.032359682;-0.027185772;0.33693281
-0.030383399;-0.025209486;0.34483793
-0.032359682;-0.025209486;0.34483793
-0.030383399;-0.025209486;0.34483793
-0.032359682;-0.025209486;0.33693281
-0.032359682;-0.025209486;0.33693281
-0.032359682;-0.027185772;0.34483793
-0.032359682;-0.025209486;0.33693281
-0.032359682;-0.025209486;0.34483793
-0.032359682;-0.025209486;0.34483793
-0.032359682;-0.025209486;0.34483793
-0.032359682;-0.025209486;0.34483793
-0.030383399;-0.025209486;0.34483793
-0.030383399;-0.025209486;0.34483793
-0.032359682;-0.027185772;0.34483793
-0.032359682;-0.025209486;0.34483793
-0.032359682;-0.025209486;0.33693281
-0.030383399;-0.027185772;0.33693281
-0.032359682;-0.025209486;0.34483793
-0.032359682;-0.027185772;0.34483793
-0.030383399;-0.025209486;0.34483793
-0.032359682;-0.025209486;0.33693281
-0.030383399;-0.025209486;0.34483793
-0.030383399;-0.025209486;0.33693281
-0.030383399;-0.025209486;0.34483793
-0.032359682;-0.025209486;0.33693281
-0.030383399;-0.025209486;0.34483793
-0.030383399;-0.025209486;0.34483793
-0.030383399;-0.025209486;0.33693281
-0.030383399;-0.025209486;0.33693281
-0.030383399;-0.025209486;0.33693281
-0.030383399;-0.023233201;0.34483793
-0.030383399;-0.025209486;0.33693281
-0.030383399;-0.027185772;0.34483793
-0.028407115;-0.025209486;0.33693281
-0.028407115;-0.025209486;0.33693281
-0.028407115;-0.025209486;0.34483793
-0.028407115;-0.023233201;0.34483793
-0.028407115;-0.025209486;0.34483793
-0.028407115;-0.023233201;0.33693281
-0.030383399;-0.025209486;0.33693281
-0.028407115;-0.027185772;0.34483793
-0.028407115;-0.025209486;0.34483793
-0.028407115;-0.023233201;0.33693281
-0.030383399;-0.025209486;0.34483793
-0.028407115;-0.025209486;0.33693281
-0.028407115;-0.025209486;0.33693281
-0.028407115;-0.023233201;0.34483793
-0.02643083;-0.025209486;0.34483793
-0.02643083;-0.025209486;0.34483793
-0.02643083;-0.025209486;0.33693281
-0.02643083;-0.025209486;0.34483793
-0.024454545;-0.025209486;0.33693281
-0.024454545;-0.025209486;0.33693281
-0.024454545;-0.025209486;0.34483793
-0.024454545;-0.025209486;0.33693281
-0.02247826;-0.025209486;0.34483793
-0.02247826;-0.023233201;0.33693281
-0.02247826;-0.025209486;0.33693281
-0.02247826;-0.023233201;0.34483793
-0.02247826;-0.025209486;0.34483793
-0.02247826;-0.025209486;0.34483793
-0.02247826;-0.023233201;0.33693281
-0.02247826;-0.025209486;0.33693281
-0.020501977;-0.023233201;0.34483793
-0.020501977;-0.023233201;0.33693281
-0.020501977;-0.023233201;0.33693281
-0.020501977;-0.025209486;0.33693281
-0.020501977;-0.025209486;0.33693281
-0.020501977;-0.025209486;0.33693281
-0.020501977;-0.025209486;0.33693281
-0.020501977;-0.025209486;0.34483793
-0.018525692;-0.025209486;0.33693281
-0.018525692;-0.025209486;0.34483793
-0.018525692;-0.025209486;0.33693281
-0.016549407;-0.025209486;0.34483793
-0.016549407;-0.023233201;0.33693281
-0.018525692;-0.025209486;0.34483793
-0.016549407;-0.025209486;0.34483793
-0.016549407;-0.025209486;0.34483793
-0.016549407;-0.025209486;0.33693281
-0.014573122;-0.025209486;0.34483793
-0.014573122;-0.025209486;0.33693281
-0.014573122;-0.023233201;0.34483793
-0.012596838;-0.025209486;0.33693281
-0.012596838;-0.025209486;0.34483793
-0.012596838;-0.023233201;0.34483793
-0.012596838;-0.025209486;0.33693281
-0.012596838;-0.023233201;0.34483793
-0.010620553;-0.023233201;0.33693281
-0.012596838;-0.023233201;0.33693281
-0.010620553;-0.023233201;0.34483793
-0.0086442688;-0.025209486;0.34483793
-0.010620553;-0.023233201;0.33693281
-0.010620553;-0.023233201;0.33693281
-0.010620553;-0.023233201;0.34483793
-0.0086442688;-0.023233201;0.34483793
-0.0086442688;-0.023233201;0.34483793
-0.0066679842;-0.023233201;0.34483793
-0.0066679842;-0.023233201;0.33693281
-0.0066679842;-0.025209486;0.34483793
-0.0066679842;-0.023233201;0.34483793
-0.0046916995;-0.023233201;0.33693281
-0.0066679842;-0.023233201;0.33693281
-0.0046916995;-0.023233201;0.34483793
-0.0046916995;-0.023233201;0.34483793
-0.0027154151;-0.021256916;0.33693281
-0.0027154151;-0.023233201;0.34483793
-0.0027154151;-0.025209486;0.34483793
-0.0027154151;-0.023233201;0.33693281
-0.0027154151;-0.023233201;0.34483793
-0.0027154151;-0.023233201;0.33693281
-0.00073913042;-0.023233201;0.34483793
-0.00073913042;-0.023233201;0.33693281
0.0012371541;-0.023233201;0.33693281
-0.00073913042;-0.023233201;0.33693281
0.0032134387;-0.023233201;0.34483793
0.0032134387;-0.021256916;0.34483793
0.0032134387;-0.021256916;0.34483793
0.0012371541;-0.023233201;0.34483793
0.0051897233;-0.023233201;0.34483793
0.0032134387;-0.023233201;0.34483793
0.0051897233;-0.023233201;0.33693281
0.0051897233;-0.023233201;0.33693281
0.0051897233;-0.021256916;0.34483793
0.007166008;-0.021256916;0.33693281
0.0091422927;-0.021256916;0.34483793
0.007166008;-0.021256916;0.34483793
0.0091422927;-0.023233201;0.34483793
0.0091422927;-0.023233201;0.34483793
0.0091422927;-0.023233201;0.33693281
0.0091422927;-0.021256916;0.33693281
0.011118577;-0.021256916;0.34483793
0.011118577;-0.021256916;0.33693281
0.013094862;-0.021256916;0.33693281
0.011118577;-0.023233201;0.34483793
0.013094862;-0.023233201;0.33693281
0.013094862;-0.021256916;0.34483793
0.015071146;-0.021256916;0.34483793
0.015071146;-0.023233201;0.34483793
0.015071146;-0.021256916;0.34483793
0.015071146;-0.021256916;0.34483793
0.017047431;-0.023233201;0.34483793
0.017047431;-0.023233201;0.34483793
0.017047431;-0.021256916;0.33693281
0.019023715;-0.021256916;0.34483793
0.019023715;-0.019280633;0.34483793
0.017047431;-0.021256916;0.34483793
0.019023715;-0.021256916;0.34483793
0.021;-0.021256916;0.34483793
0.019023715;-0.021256916;0.34483793
0.021;-0.021256916;0.33693281
0.022976285;-0.021256916;0.33693281
0.022976285;-0.019280633;0.34483793
0.022976285;-0.021256916;0.33693281
0.02495257;-0.021256916;0.33693281
0.02495257;-0.021256916;0.33693281
0.02495257;-0.021256916;0.34483793
0.02495257;-0.021256916;0.34483793
0.02495257;-0.021256916;0.34483793
0.026928853;-0.021256916;0.33693281
0.026928853;-0.021256916;0.33693281
0.028905138;-0.021256916;0.33693281
0.028905138;-0.021256916;0.34483793
0.028905138;-0.021256916;0.33693281
0.030881424;-0.019280633;0.34483793
0.030881424;-0.021256916;0.34483793
0.032857709;-0.021256916;0.33693281
0.030881424;-0.021256916;0.34483793
0.030881424;-0.021256916;0.33693281
0.032857709;-0.019280633;0.33693281
0.034833994;-0.019280633;0.34483793
0.034833994;-0.021256916;0.33693281
0.034833994;-0.021256916;0.34483793
0.036810275;-0.019280633;0.33693281
0.034833994;-0.021256916;0.33693281
0.036810275;-0.019280633;0.34483793
0.034833994;-0.019280633;0.34483793
0.03878656;-0.019280633;0.33693281
0.036810275;-0.019280633;0.34483793
0.03878656;-0.019280633;0.34483793
0.03878656;-0.019280633;0.33693281
0.03878656;-0.019280633;0.32902768
0.040762845;-0.019280633;0.33693281
0.042739131;-0.019280633;0.33693281
0.040762845;-0.019280633;0.33693281
0.040762845;-0.019280633;0.34483793
0.042739131;-0.019280633;0.34483793
0.042739131;-0.017304348;0.34483793
0.044715416;-0.019280633;0.33693281
0.042739131;-0.019280633;0.34483793
0.044715416;-0.019280633;0.34483793
0.044715416;-0.019280633;0.34483793
0.044715416;-0.019280633;0.33693281
0.044715416;-0.019280633;0.34483793
0.046691701;-0.019280633;0.34483793
0.046691701;-0.019280633;0.34483793
0.048667986;-0.019280633;0.33693281
0.048667986;-0.019280633;0.33693281
0.048667986;-0.019280633;0.33693281
0.050644267;-0.017304348;0.34483793
0.050644267;-0.021256916;0.34483793
0.050644267;-0.019280633;0.33693281
0.050644267;-0.019280633;0.34483793
0.050644267;-0.019280633;0.34483793
0.052620552;-0.017304348;0.34483793
0.052620552;-0.019280633;0.34483793
0.052620552;-0.019280633;0.34483793
0.052620552;-0.017304348;0.34483793
0.054596838;-0.017304348;0.34483793
0.054596838;-0.019280633;0.34483793
0.054596838;-0.015328064;0.33693281
0.054596838;-0.017304348;0.33693281
0.054596838;-0.017304348;0.34483793
0.056573123;-0.019280633;0.33693281
0.056573123;-0.017304348;0.34483793
0.056573123;-0.017304348;0.34483793
0.056573123;-0.017304348;0.33693281
0.056573123;-0.017304348;0.33693281
0.058549408;-0.017304348;0.34483793
0.058549408;-0.017304348;0.33693281
0.060525693;-0.017304348;0.33693281
0.060525693;-0.017304348;0.34483793
0.060525693;-0.017304348;0.33693281
0.062501974;-0.017304348;0.33693281
0.060525693;-0.017304348;0.34483793
0.060525693;-0.017304348;0.33693281
0.060525693;-0.017304348;0.34483793
0.064478263;-0.017304348;0.34483793
0.062501974;-0.015328064;0.34483793
0.064478263;-0.015328064;0.34483793
0.064478263;-0.015328064;0.34483793
0.062501974;-0.015328064;0.34483793
0.064478263;-0.017304348;0.34483793
0.064478263;-0.017304348;0.34483793
0.064478263;-0.017304348;0.33693281
0.066454545;-0.017304348;0.34483793
0.066454545;-0.015328064;0.34483793
0.066454545;-0.017304348;0.34483793
0.066454545;-0.015328064;0.33693281
0.066454545;-0.015328064;0.33693281
0.066454545;-0.015328064;0.34483793
0.068430834;-0.015328064;0.33693281
0.068430834;-0.017304348;0.34483793
0.068430834;-0.015328064;0.34483793
0.068430834;-0.015328064;0.34483793
0.068430834;-0.015328064;0.34483793
0.070407115;-0.015328064;0.34483793
0.070407115;-0.015328064;0.33693281
0.068430834;-0.015328064;0.33693281
0.070407115;-0.015328064;0.34483793
0.070407115;-0.015328064;0.34483793
0.070407115;-0.013351778;0.34483793
0.072383396;-0.015328064;0.34483793
0.072383396;-0.015328064;0.34483793
0.070407115;-0.015328064;0.33693281
0.072383396;-0.017304348;0.33693281
0.070407115;-0.015328064;0.33693281
0.074359685;-0.015328064;0.33693281
0.072383396;-0.015328064;0.33693281
0.072383396;-0.015328064;0.34483793
0.072383396;-0.015328064;0.34483793
0.072383396;-0.015328064;0.33693281
0.074359685;-0.015328064;0.34483793
0.074359685;-0.013351778;0.34483793
0.074359685;-0.013351778;0.34483793
0.072383396;-0.013351778;0.34483793
0.074359685;-0.013351778;0.33693281
0.074359685;-0.013351778;0.34483793
0.074359685;-0.013351778;0.33693281
0.074359685;-0.013351778;0.34483793
0.074359685;-0.013351778;0.34483793
0.076335967;-0.013351778;0.34483793
0.074359685;-0.013351778;0.34483793
0.076335967;-0.013351778;0.33693281
0.074359685;-0.013351778;0.34483793
0.076335967;-0.013351778;0.33693281
0.074359685;-0.013351778;0.34483793
0.076335967;-0.015328064;0.33693281
0.076335967;-0.013351778;0.34483793
0.076335967;-0.013351778;0.33693281
0.078312255;-0.013351778;0.34483793
0.076335967;-0.011375494;0.34483793
0.076335967;-0.011375494;0.34483793
0.076335967;-0.011375494;0.34483793
0.076335967;-0.013351778;0.33693281
0.078312255;-0.013351778;0.34483793
0.078312255;-0.011375494;0.33693281
0.078312255;-0.013351778;0.33693281
0.076335967;-0.011375494;0.33693281
0.076335967;-0.013351778;0.33693281
0.078312255;-0.013351778;0.34483793
0.076335967;-0.011375494;0.34483793
0.076335967;-0.011375494;0.34483793
0.078312255;-0.011375494;0.33693281
0.078312255;-0.011375494;0.34483793
0.078312255;-0.011375494;0.33693281
0.076335967;-0.011375494;0.33693281
0.078312255;-0.011375494;0.34483793
0.076335967;-0.011375494;0.34483793
0.076335967;-0.011375494;0.33693281
0.078312255;-0.011375494;0.34483793
0.076335967;-0.011375494;0.34483793
0.078312255;-0.0093992092;0.33693281
0.076335967;-0.0093992092;0.34483793
0.076335967;-0.011375494;0.33693281
0.076335967;-0.011375494;0.34483793
0.078312255;-0.011375494;0.34483793
0.078312255;-0.011375494;0.34483793
0.076335967;-0.011375494;0.34483793
0.078312255;-0.011375494;0.34483793
0.076335967;-0.0093992092;0.34483793
0.076335967;-0.011375494;0.33693281
0.076335967;-0.0093992092;0.33693281
0.076335967;-0.011375494;0.34483793
0.076335967;-0.0093992092;0.33693281
0.076335967;-0.0093992092;0.33693281
0.074359685;-0.0093992092;0.34483793
0.074359685;-0.011375494;0.34483793
0.074359685;-0.0093992092;0.34483793
0.074359685;-0.0093992092;0.33693281
0.074359685;-0.0093992092;0.34483793
0.074359685;-0.0093992092;0.34483793
0.074359685;-0.0093992092;0.33693281
0.074359685;-0.0093992092;0.34483793
0.076335967;-0.0093992092;0.33693281
0.072383396;-0.0093992092;0.34483793
0.074359685;-0.0093992092;0.33693281
0.074359685;-0.0093992092;0.34483793
0.072383396;-0.0093992092;0.33693281
0.072383396;-0.0093992092;0.33693281
0.072383396;-0.007422925;0.34483793
0.072383396;-0.0093992092;0.34483793
0.072383396;-0.0093992092;0.34483793
0.072383396;-0.007422925;0.34483793
0.072383396;-0.0093992092;0.33693281
0.072383396;-0.007422925;0.33693281
0.072383396;-0.007422925;0.33693281
0.070407115;-0.007422925;0.33693281
0.072383396;-0.007422925;0.34483793
0.070407115;-0.007422925;0.34483793
0.070407115;-0.007422925;0.34483793
0.068430834;-0.007422925;0.34483793
0.068430834;-0.007422925;0.33693281
0.070407115;-0.007422925;0.34483793
0.068430834;-0.007422925;0.33693281
0.068430834;-0.007422925;0.33693281
0.068430834;-0.007422925;0.34483793
0.068430834;-0.007422925;0.34483793
0.068430834;-0.007422925;0.33693281
0.068430834;-0.0054466403;0.34483793
0.064478263;-0.0054466403;0.33693281
0.066454545;-0.007422925;0.34483793
0.066454545;-0.0054466403;0.34483793
0.064478263;-0.0054466403;0.33693281
0.064478263;-0.007422925;0.32902768
0.066454545;-0.0054466403;0.34483793
0.064478263;-0.0054466403;0.33693281
0.064478263;-0.0054466403;0.33693281
0.064478263;-0.0054466403;0.34483793
0.064478263;-0.0054466403;0.34483793
0.064478263;-0.0054466403;0.33693281
0.062501974;-0.0054466403;0.34483793
0.062501974;-0.0054466403;0.33693281
0.062501974;-0.0054466403;0.34483793
0.062501974;-0.0054466403;0.34483793
0.060525693;-0.0054466403;0.33693281
0.060525693;-0.0054466403;0.34483793
0.060525693;-0.0054466403;0.34483793
0.060525693;-0.0054466403;0.33693281
0.056573123;-0.0054466403;0.33693281
0.058549408;-0.0054466403;0.34483793
0.056573123;-0.0054466403;0.33693281
0.056573123;-0.0034703556;0.34483793
0.056573123;-0.0054466403;0.33693281
0.056573123;-0.0054466403;0.34483793
0.056573123;-0.0034703556;0.33693281
0.056573123;-0.0034703556;0.34483793
0.054596838;-0.0034703556;0.33693281
0.056573123;-0.0034703556;0.33693281
0.054596838;-0.0034703556;0.33693281
0.054596838;-0.0034703556;0.33693281
0.054596838;-0.0034703556;0.33693281
0.054596838;-0.0034703556;0.34483793
0.052620552;-0.0034703556;0.34483793
0.052620552;-0.0034703556;0.34483793
0.050644267;-0.0034703556;0.34483793
0.052620552;-0.0034703556;0.33693281
0.050644267;-0.0034703556;0.33693281
0.050644267;-0.0034703556;0.33693281
0.048667986;-0.0034703556;0.34483793
0.048667986;-0.0034703556;0.34483793
0.046691701;-0.0034703556;0.34483793
0.048667986;-0.0034703556;0.34483793
0.048667986;-0.0034703556;0.34483793
0.046691701;-0.0034703556;0.33693281
0.046691701;-0.0014940711;0.34483793
0.044715416;-0.0034703556;0.34483793
0.044715416;-0.0034703556;0.33693281
0.044715416;-0.0034703556;0.34483793
0.042739131;-0.0014940711;0.34483793
0.042739131;-0.0034703556;0.34483793
0.042739131;-0.0014940711;0.34483793
0.042739131;-0.0034703556;0.34483793
0.042739131;-0.0014940711;0.34483793
0.040762845;-0.0014940711;0.34483793
0.040762845;-0.0014940711;0.33693281
0.040762845;0.00048221345;0.34483793
0.040762845;-0.0014940711;0.33693281
0.040762845;-0.0014940711;0.33693281
0.03878656;-0.0014940711;0.34483793
0.03878656;0.00048221345;0.34483793
0.03878656;-0.0014940711;0.33693281
0.036810275;-0.0014940711;0.33693281
0.036810275;-0.0014940711;0.34483793
0.036810275;-0.0014940711;0.33693281
0.036810275;0.00048221345;0.33693281
0.034833994;0.00048221345;0.34483793
0.034833994;0.00048221345;0.34483793
0.032857709;-0.0014940711;0.34483793
0.034833994;-0.0014940711;0.33693281
0.032857709;0.00048221345;0.33693281
0.030881424;-0.0014940711;0.33693281
0.030881424;-0.0014940711;0.34483793
0.032857709;-0.0014940711;0.34483793
0.030881424;0.00048221345;0.34483793
0.030881424;0.00048221345;0.34483793
0.028905138;0.00048221345;0.33693281
0.028905138;0.00048221345;0.34483793
0.028905138;0.00048221345;0.33693281
0.028905138;0.00048221345;0.34483793
0.02495257;0.00048221345;0.33693281
0.026928853;0.0024584981;0.34483793
0.026928853;0.0024584981;0.34483793
0.02495257;0.00048221345;0.33693281
0.02495257;0.0024584981;0.34483793
0.02495257;0.0024584981;0.33693281
0.022976285;0.0024584981;0.33693281
0.022976285;0.00048221345;0.33693281
0.022976285;0.0024584981;0.33693281
0.021;0.0024584981;0.33693281
0.021;0.0024584981;0.33693281
0.021;0.0024584981;0.34483793
0.021;0.0024584981;0.34483793
0.021;0.0024584981;0.34483793
0.019023715;0.0024584981;0.33693281
0.019023715;0.0024584981;0.33693281
0.017047431;0.0024584981;0.33693281
0.017047431;0.0024584981;0.33693281
0.017047431;0.0024584981;0.33693281
0.015071146;0.0024584981;0.33693281
0.017047431;0.0024584981;0.33693281
0.015071146;0.0024584981;0.33693281
0.015071146;0.0024584981;0.34483793
0.015071146;0.0024584981;0.34483793
0.013094862;0.0044347825;0.33693281
0.011118577;0.0044347825;0.34483793
0.013094862;0.0044347825;0.34483793
0.011118577;0.0044347825;0.34483793
0.0091422927;0.0024584981;0.33693281
0.011118577;0.0024584981;0.34483793
0.011118577;0.0044347825;0.33693281
0.0091422927;0.0044347825;0.34483793
0.007166008;0.0044347825;0.33693281
0.007166008;0.0024584981;0.33693281
0.007166008;0.0024584981;0.34483793
0.0051897233;0.0044347825;0.34483793
0.007166008;0.0044347825;0.33693281
0.007166008;0.0044347825;0.34483793
0.0051897233;0.0064110672;0.33693281
0.0051897233;0.0044347825;0.33693281
0.0051897233;0.0064110672;0.33693281
0.0032134387;0.0064110672;0.33693281
0.0012371541;0.0044347825;0.33693281
0.0032134387;0.0044347825;0.34483793
0.0012371541;0.0044347825;0.33693281
-0.00073913042;0.0044347825;0.34483793
-0.00073913042;0.0064110672;0.33693281
-0.00073913042;0.0044347825;0.33693281
-0.0027154151;0.0044347825;0.34483793
-0.00073913042;0.0064110672;0.33693281
-0.0027154151;0.0064110672;0.33693281
-0.0027154151;0.0083873514;0.34483793
-0.0046916995;0.0064110672;0.34483793
-0.0046916995;0.0064110672;0.33693281
-0.0066679842;0.0064110672;0.33693281
-0.0046916995;0.0064110672;0.33693281
-0.0046916995;0.0083873514;0.34483793
-0.0046916995;0.0083873514;0.34483793
-0.0066679842;0.0083873514;0.33693281
-0.0066679842;0.0083873514;0.34483793
-0.0086442688;0.0064110672;0.33693281
-0.0086442688;0.0083873514;0.33693281
-0.0086442688;0.0064110672;0.34483793
-0.0086442688;0.0083873514;0.34483793
-0.0086442688;0.0083873514;0.33693281
-0.010620553;0.0083873514;0.33693281
-0.010620553;0.0083873514;0.33693281
-0.010620553;0.010363637;0.34483793
-0.012596838;0.0083873514;0.34483793
-0.012596838;0.0083873514;0.34483793
-0.010620553;0.0083873514;0.34483793
-0.012596838;0.0083873514;0.34483793
-0.012596838;0.0083873514;0.33693281
-0.014573122;0.0083873514;0.34483793
-0.014573122;0.0083873514;0.33693281
-0.014573122;0.0083873514;0.33693281
-0.014573122;0.0083873514;0.34483793
-0.016549407;0.010363637;0.34483793
-0.016549407;0.010363637;0.34483793
-0.016549407;0.010363637;0.34483793
-0.016549407;0.010363637;0.34483793
-0.018525692;0.010363637;0.33693281
-0.016549407;0.010363637;0.34483793
-0.016549407;0.010363637;0.33693281
-0.016549407;0.010363637;0.33693281
-0.018525692;0.010363637;0.34483793
-0.020501977;0.010363637;0.34483793
-0.018525692;0.010363637;0.33693281
-0.020501977;0.010363637;0.33693281
-0.018525692;0.010363637;0.33693281
-0.020501977;0.010363637;0.34483793
-0.02247826;0.010363637;0.35274309
-0.020501977;0.010363637;0.34483793
-0.020501977;0.010363637;0.33693281
-0.02247826;0.010363637;0.34483793
-0.02247826;0.010363637;0.34483793
-0.02247826;0.010363637;0.34483793
-0.024454545;0.010363637;0.33693281
-0.02247826;0.012339921;0.34483793
-0.02247826;0.012339921;0.33693281
-0.024454545;0.012339921;0.33693281
-0.024454545;0.012339921;0.34483793
-0.024454545;0.012339921;0.34483793
-0.024454545;0.012339921;0.34483793
-0.024454545;0.012339921;0.34483793
-0.02643083;0.012339921;0.33693281
-0.024454545;0.012339921;0.34483793
-0.02643083;0.012339921;0.34483793
-0.028407115;0.014316206;0.33693281
-0.02643083;0.012339921;0.34483793
-0.02643083;0.012339921;0.34483793
-0.02643083;0.012339921;0.34483793
-0.028407115;0.014316206;0.33693281
-0.02643083;0.012339921;0.34483793
-0.028407115;0.014316206;0.33693281
-0.02643083;0.014316206;0.34483793
-0.030383399;0.014316206;0.34483793
-0.028407115;0.014316206;0.34483793
-0.028407115;0.014316206;0.33693281
-0.028407115;0.014316206;0.34483793
-0.028407115;0.014316206;0.34483793
-0.030383399;0.012339921;0.34483793
-0.028407115;0.014316206;0.34483793
-0.028407115;0.014316206;0.34483793
-0.030383399;0.014316206;0.33693281
-0.030383399;0.01629249;0.33693281
-0.028407115;0.01629249;0.34483793
-0.032359682;0.01629249;0.34483793
-0.030383399;0.01629249;0.34483793
-0.030383399;0.01629249;0.34483793
-0.032359682;0.014316206;0.34483793
-0.030383399;0.01629249;0.33693281
-0.032359682;0.01629249;0.33693281
-0.032359682;0.01629249;0.34483793
-0.030383399;0.01629249;0.34483793
-0.032359682;0.01629249;0.34483793
-0.030383399;0.014316206;0.34483793
-0.032359682;0.01629249;0.34483793
-0.032359682;0.018268775;0.34483793
-0.032359682;0.01629249;0.34483793
-0.032359682;0.018268775;0.34483793
-0.032359682;0.018268775;0.34483793
-0.032359682;0.018268775;0.34483793
-0.032359682;0.018268775;0.34483793
-0.032359682;0.018268775;0.33693281
-0.032359682;0.018268775;0.33693281
-0.032359682;0.018268775;0.34483793
-0.032359682;0.020245058;0.34483793
-0.032359682;0.018268775;0.34483793
-0.032359682;0.018268775;0.34483793
-0.034335967;0.018268775;0.33693281
-0.030383399;0.018268775;0.33693281
-0.032359682;0.018268775;0.33693281
-0.032359682;0.018268775;0.34483793
-0.032359682;0.018268775;0.33693281
-0.032359682;0.018268775;0.33693281
-0.032359682;0.018268775;0.34483793
-0.030383399;0.018268775;0.34483793
-0.030383399;0.020245058;0.34483793
-0.032359682;0.018268775;0.34483793
-0.030383399;0.018268775;0.33693281
-0.032359682;0.020245058;0.34483793
-0.030383399;0.020245058;0.34483793
-0.032359682;0.020245058;0.34483793
-0.030383399;0.020245058;0.33693281
-0.032359682;0.020245058;0.34483793
-0.030383399;0.020245058;0.34483793
-0.030383399;0.020245058;0.33693281
-0.030383399;0.020245058;0.33693281
-0.030383399;0.022221344;0.33693281
-0.030383399;0.020245058;0.33693281
-0.030383399;0.020245058;0.34483793
-0.028407115;0.020245058;0.34483793
-0.028407115;0.022221344;0.34483793
-0.030383399;0.022221344;0.33693281
-0.028407115;0.022221344;0.34483793
-0.030383399;0.022221344;0.34483793
-0.030383399;0.022221344;0.34483793
-0.028407115;0.022221344;0.34483793
-0.028407115;0.022221344;0.34483793
-0.030383399;0.022221344;0.33693281
-0.028407115;0.020245058;0.33693281
-0.028407115;0.022221344;0.33693281
-0.028407115;0.022221344;0.34483793
-0.028407115;0.022221344;0.34483793
-0.028407115;0.022221344;0.33693281
-0.02643083;0.022221344;0.34483793
-0.028407115;0.024197629;0.34483793
-0.02643083;0.022221344;0.34483793
-0.02643083;0.022221344;0.34483793
-0.02643083;0.024197629;0.34483793
-0.024454545;0.022221344;0.34483793
-0.02643083;0.024197629;0.34483793
-0.024454545;0.024197629;0.34483793
-0.024454545;0.022221344;0.33693281
-0.024454545;0.024197629;0.34483793
-0.024454545;0.022221344;0.34483793
-0.024454545;0.024197629;0.34483793
-0.024454545;0.024197629;0.34483793
-0.024454545;0.024197629;0.34483793
-0.02247826;0.024197629;0.34483793
-0.02247826;0.024197629;0.34483793
-0.02247826;0.026173914;0.34483793
-0.020501977;0.024197629;0.34483793
-0.02247826;0.026173914;0.33693281
-0.020501977;0.024197629;0.33693281
-0.020501977;0.024197629;0.33693281
-0.020501977;0.024197629;0.34483793
-0.02247826;0.024197629;0.33693281
-0.020501977;0.024197629;0.33693281
-0.020501977;0.026173914;0.33693281
-0.020501977;0.024197629;0.34483793
-0.018525692;0.026173914;0.33693281
-0.020501977;0.026173914;0.33693281
-0.016549407;0.026173914;0.34483793
-0.018525692;0.026173914;0.33693281
-0.016549407;0.026173914;0.33693281
-0.016549407;0.026173914;0.33693281
-0.016549407;0.026173914;0.34483793
-0.016549407;0.026173914;0.34483793
-0.016549407;0.026173914;0.34483793
-0.014573122;0.026173914;0.33693281
-0.016549407;0.028150197;0.33693281
-0.014573122;0.028150197;0.34483793
-0.014573122;0.028150197;0.34483793
-0.012596838;0.026173914;0.34483793
-0.012596838;0.026173914;0.34483793
-0.012596838;0.028150197;0.34483793
-0.012596838;0.026173914;0.33693281
-0.010620553;0.026173914;0.34483793
-0.010620553;0.028150197;0.34483793
-0.012596838;0.028150197;0.34483793
-0.010620553;0.028150197;0.34483793
-0.010620553;0.028150197;0.33693281
-0.0086442688;0.028150197;0.34483793
-0.0086442688;0.028150197;0.34483793
-0.0086442688;0.028150197;0.33693281
-0.0066679842;0.028150197;0.34483793
-0.0086442688;0.028150197;0.34483793
-0.0066679842;0.028150197;0.34483793
-0.0066679842;0.028150197;0.33693281
-0.0086442688;0.030126482;0.34483793
-0.0066679842;0.030126482;0.33693281
-0.0046916995;0.030126482;0.33693281
-0.0046916995;0.030126482;0.34483793
-0.0046916995;0.028150197;0.33693281
-0.0046916995;0.028150197;0.33693281
-0.0046916995;0.030126482;0.34483793
-0.0027154151;0.030126482;0.34483793
-0.0027154151;0.030126482;0.34483793
-0.00073913042;0.030126482;0.34483793
-0.00073913042;0.030126482;0.34483793
0.0012371541;0.030126482;0.34483793
0.0012371541;0.030126482;0.34483793
-0.00073913042;0.032102767;0.34483793
0.0012371541;0.030126482;0.34483793
0.0012371541;0.032102767;0.33693281
0.0012371541;0.032102767;0.34483793
0.0032134387;0.032102767;0.33693281
0.0051897233;0.030126482;0.34483793
0.0032134387;0.030126482;0.33693281
0.0051897233;0.030126482;0.34483793
0.0051897233;0.032102767;0.34483793
0.0051897233;0.032102767;0.34483793
0.0051897233;0.032102767;0.34483793
0.007166008;0.032102767;0.34483793
0.007166008;0.032102767;0.34483793
0.0091422927;0.032102767;0.33693281
0.0091422927;0.034079053;0.33693281
0.0091422927;0.032102767;0.33693281
0.0091422927;0.032102767;0.34483793
0.011118577;0.032102767;0.33693281
0.011118577;0.032102767;0.34483793
0.011118577;0.032102767;0.34483793
0.013094862;0.032102767;0.34483793
0.013094862;0.032102767;0.34483793
0.013094862;0.032102767;0.33693281
0.015071146;0.034079053;0.34483793
0.015071146;0.032102767;0.33693281
0.015071146;0.034079053;0.34483793
0.017047431;0.034079053;0.34483793
0.015071146;0.034079053;0.34483793
0.017047431;0.034079053;0.34483793
0.017047431;0.034079053;0.34483793
0.017047431;0.034079053;0.34483793
0.019023715;0.034079053;0.33693281
0.019023715;0.036055338;0.34483793
0.019023715;0.036055338;0.34483793
0.019023715;0.036055338;0.34483793
0.021;0.036055338;0.34483793
0.021;0.036055338;0.33693281
0.022976285;0.036055338;0.33693281
0.022976285;0.036055338;0.34483793
0.022976285;0.034079053;0.34483793
0.022976285;0.036055338;0.34483793
0.02495257;0.036055338;0.34483793
0.02495257;0.036055338;0.33693281
0.026928853;0.036055338;0.34483793
0.026928853;0.036055338;0.34483793
0.026928853;0.036055338;0.34483793
0.026928853;0.038031619;0.33693281
0.026928853;0.034079053;0.33693281
0.026928853;0.036055338;0.34483793
0.028905138;0.036055338;0.33693281
0.030881424;0.036055338;0.34483793
0.030881424;0.036055338;0.34483793
0.032857709;0.036055338;0.34483793
0.032857709;0.038031619;0.34483793
0.030881424;0.036055338;0.33693281
0.030881424;0.036055338;0.34483793
0.032857709;0.036055338;0.34483793
0.034833994;0.038031619;0.34483793
0.034833994;0.036055338;0.33693281
0.032857709;0.038031619;0.33693281
0.036810275;0.036055338;0.34483793
0.036810275;0.040007904;0.33693281
0.036810275;0.038031619;0.34483793
0.036810275;0.038031619;0.34483793
0.03878656;0.036055338;0.34483793
0.03878656;0.038031619;0.34483793
0.03878656;0.038031619;0.34483793
0.03878656;0.038031619;0.33693281
0.040762845;0.040007904;0.34483793
0.040762845;0.038031619;0.33693281
0.042739131;0.040007904;0.34483793
0.040762845;0.040007904;0.34483793
0.042739131;0.040007904;0.34483793
0.042739131;0.038031619;0.33693281
0.042739131;0.040007904;0.34483793
0.044715416;0.040007904;0.34483793
0.046691701;0.040007904;0.33693281
0.044715416;0.040007904;0.33693281
0.046691701;0.038031619;0.34483793
0.046691701;0.040007904;0.33693281
0.046691701;0.041984189;0.34483793
0.046691701;0.040007904;0.34483793
0.048667986;0.040007904;0.34483793
0.046691701;0.040007904;0.34483793
0.048667986;0.038031619;0.34483793
0.048667986;0.038031619;0.33693281
0.050644267;0.040007904;0.34483793
0.048667986;0.041984189;0.34483793
0.052620552;0.040007904;0.34483793
0.050644267;0.040007904;0.34483793
0.052620552;0.041984189;0.33693281
0.052620552;0.041984189;0.33693281
0.050644267;0.040007904;0.34483793
0.052620552;0.041984189;0.34483793
0.054596838;0.041984189;0.33693281
0.054596838;0.041984189;0.34483793
0.054596838;0.041984189;0.33693281
0.054596838;0.041984189;0.33693281
0.056573123;0.041984189;0.34483793
0.056573123;0.041984189;0.34483793
0.056573123;0.040007904;0.34483793
0.056573123;0.041984189;0.33693281
0.058549408;0.041984189;0.34483793
0.058549408;0.041984189;0.34483793
0.058549408;0.041984189;0.34483793
0.060525693;0.041984189;0.34483793
0.060525693;0.041984189;0.33693281
0.060525693;0.041984189;0.34483793
0.060525693;0.041984189;0.34483793
0.060525693;0.041984189;0.34483793
0.062501974;0.043960474;0.33693281
0.062501974;0.041984189;0.33693281
0.062501974;0.043960474;0.33693281
0.062501974;0.041984189;0.34483793
0.062501974;0.043960474;0.34483793
0.062501974;0.043960474;0.34483793
0.064478263;0.043960474;0.34483793
0.066454545;0.043960474;0.34483793
0.062501974;0.043960474;0.33693281
0.064478263;0.041984189;0.34483793
0.064478263;0.043960474;0.34483793
0.066454545;0.043960474;0.34483793
0.064478263;0.043960474;0.34483793
0.066454545;0.043960474;0.34483793
0.066454545;0.043960474;0.34483793
0.064478263;0.043960474;0.33693281
0.068430834;0.043960474;0.34483793
0.068430834;0.043960474;0.34483793
0.068430834;0.043960474;0.34483793
0.068430834;0.04593676;0.34483793
0.068430834;0.043960474;0.34483793
0.068430834;0.04593676;0.34483793
0.068430834;0.043960474;0.33693281
0.070407115;0.04593676;0.33693281
0.070407115;0.043960474;0.33693281
0.070407115;0.04593676;0.34483793
0.070407115;0.043960474;0.33693281
0.070407115;0.04593676;0.34483793
0.070407115;0.04593676;0.34483793
0.072383396;0.04593676;0.33693281
0.072383396;0.04593676;0.34483793
0.070407115;0.04593676;0.34483793
0.072383396;0.047913045;0.34483793
0.072383396;0.047913045;0.34483793
0.074359685;0.047913045;0.33693281
0.072383396;0.04593676;0.33693281
0.072383396;0.047913045;0.34483793
0.074359685;0.04593676;0.33693281
0.074359685;0.047913045;0.33693281
0.074359685;0.047913045;0.34483793
0.072383396;0.047913045;0.34483793
0.074359685;0.047913045;0.34483793
0.074359685;0.047913045;0.34483793
0.074359685;0.047913045;0.33693281
0.076335967;0.047913045;0.34483793
0.074359685;0.047913045;0.33693281
0.072383396;0.047913045;0.34483793
0.076335967;0.047913045;0.33693281
0.076335967;0.047913045;0.34483793
0.074359685;0.047913045;0.33693281
0.076335967;0.04988933;0.33693281
0.074359685;0.047913045;0.34483793
0.076335967;0.04988933;0.33693281
0.076335967;0.047913045;0.33693281
0.076335967;0.047913045;0.33693281
0.076335967;0.04988933;0.33693281
0.076335967;0.04988933;0.34483793
0.076335967;0.047913045;0.34483793
0.078312255;0.04988933;0.34483793
0.076335967;0.04988933;0.34483793
0.076335967;0.04988933;0.33693281
0.078312255;0.04988933;0.34483793
0.076335967;0.04988933;0.34483793
0.076335967;0.04988933;0.33693281
0.076335967;0.047913045;0.33693281
0.078312255;0.04988933;0.34483793
0.076335967;0.04988933;0.34483793
0.078312255;0.04988933;0.34483793
0.076335967;0.04988933;0.34483793
0.078312255;0.04988933;0.34483793
0.078312255;0.04988933;0.34483793
0.078312255;0.04988933;0.34483793
0.078312255;0.04988933;0.33693281
0.078312255;0.04988933;0.33693281
0.078312255;0.04988933;0.34483793
0.076335967;0.04988933;0.33693281
0.076335967;0.04988933;0.34483793
0.078312255;0.051865611;0.33693281
0.076335967;0.051865611;0.34483793
0.078312255;0.051865611;0.34483793
0.078312255;0.051865611;0.34483793
0.078312255;0.04988933;0.33693281
0.078312255;0.04988933;0.33693281
0.076335967;0.04988933;0.33693281
0.076335967;0.051865611;0.34483793
0.076335967;0.051865611;0.33693281
0.078312255;0.051865611;0.34483793
0.076335967;0.051865611;0.34483793
0.074359685;0.051865611;0.34483793
0.074359685;0.053841896;0.34483793
0.076335967;0.051865611;0.34483793
0.076335967;0.051865611;0.34483793
0.074359685;0.051865611;0.34483793
0.076335967;0.051865611;0.34483793
0.074359685;0.051865611;0.33693281
0.076335967;0.051865611;0.33693281
0.074359685;0.053841896;0.34483793
0.074359685;0.051865611;0.34483793
0.074359685;0.053841896;0.34483793
0.074359685;0.051865611;0.33693281
0.074359685;0.051865611;0.33693281
0.074359685;0.051865611;0.34483793
0.072383396;0.051865611;0.34483793
0.074359685;0.051865611;0.33693281
0.074359685;0.053841896;0.34483793
0.072383396;0.053841896;0.34483793
0.072383396;0.053841896;0.34483793
0.070407115;0.053841896;0.34483793
0.072383396;0.053841896;0.34483793
0.070407115;0.053841896;0.34483793
0.072383396;0.053841896;0.33693281
0.070407115;0.053841896;0.34483793
0.070407115;0.053841896;0.33693281
0.070407115;0.055818181;0.33693281
0.070407115;0.053841896;0.33693281
0.068430834;0.053841896;0.33693281
0.070407115;0.053841896;0.33693281
0.068430834;0.053841896;0.33693281
0.070407115;0.053841896;0.33693281
0.070407115;0.055818181;0.34483793
0.068430834;0.055818181;0.34483793
0.068430834;0.053841896;0.34483793
0.068430834;0.053841896;0.34483793
0.068430834;0.055818181;0.33693281
0.066454545;0.053841896;0.34483793
0.066454545;0.055818181;0.33693281
0.066454545;0.053841896;0.33693281
0.066454545;0.055818181;0.34483793
0.066454545;0.053841896;0.34483793
0.064478263;0.053841896;0.33693281
0.064478263;0.055818181;0.34483793
0.066454545;0.053841896;0.35274309
0.064478263;0.055818181;0.33693281
0.062501974;0.055818181;0.33693281
0.064478263;0.053841896;0.34483793
0.062501974;0.055818181;0.33693281
0.062501974;0.057794467;0.34483793
0.062501974;0.055818181;0.34483793
0.060525693;0.055818181;0.33693281
0.062501974;0.055818181;0.34483793
0.060525693;0.055818181;0.33693281
0.060525693;0.055818181;0.34483793
0.058549408;0.057794467;0.34483793
0.058549408;0.055818181;0.34483793
0.058549408;0.055818181;0.34483793
0.058549408;0.057794467;0.34483793
0.058549408;0.057794467;0.34483793
0.058549408;0.057794467;0.34483793
0.058549408;0.057794467;0.34483793
0.056573123;0.057794467;0.33693281
0.054596838;0.057794467;0.34483793
0.056573123;0.057794467;0.34483793
0.054596838;0.057794467;0.34483793
0.054596838;0.057794467;0.33693281
0.054596838;0.057794467;0.34483793
0.054596838;0.057794467;0.34483793
0.052620552;0.057794467;0.33693281
0.052620552;0.057794467;0.34483793
0.052620552;0.057794467;0.34483793
0.052620552;0.057794467;0.34483793
0.052620552;0.057794467;0.33693281
0.050644267;0.057794467;0.33693281
0.048667986;0.057794467;0.34483793
0.050644267;0.057794467;0.33693281
0.048667986;0.057794467;0.33693281
0.048667986;0.057794467;0.33693281
0.048667986;0.057794467;0.34483793
0.046691701;0.057794467;0.34483793
0.046691701;0.057794467;0.34483793
0.048667986;0.059770752;0.34483793
0.046691701;0.059770752;0.33693281
0.044715416;0.057794467;0.34483793
0.046691701;0.059770752;0.33693281
0.044715416;0.057794467;0.34483793
0.044715416;0.059770752;0.34483793
0.042739131;0.057794467;0.34483793
0.042739131;0.057794467;0.33693281
0.040762845;0.059770752;0.33693281
0.040762845;0.059770752;0.34483793
0.040762845;0.057794467;0.34483793
0.03878656;0.059770752;0.33693281
0.040762845;0.059770752;0.34483793
0.03878656;0.059770752;0.34483793
0.03878656;0.059770752;0.33693281
0.03878656;0.059770752;0.34483793
0.036810275;0.059770752;0.34483793
0.03878656;0.059770752;0.34483793
0.036810275;0.059770752;0.33693281
0.036810275;0.059770752;0.33693281
0.034833994;0.059770752;0.34483793
0.034833994;0.059770752;0.34483793
0.034833994;0.059770752;0.33693281
0.034833994;0.059770752;0.33693281
0.032857709;0.059770752;0.34483793
0.032857709;0.061747037;0.34483793
0.032857709;0.059770752;0.34483793
0.030881424;0.059770752;0.34483793
0.030881424;0.061747037;0.33693281
0.030881424;0.059770752;0.33693281
0.026928853;0.061747037;0.34483793
0.028905138;0.059770752;0.34483793
0.026928853;0.059770752;0.34483793
0.026928853;0.061747037;0.34483793
0.026928853;0.061747037;0.34483793
0.026928853;0.061747037;0.34483793
0.026928853;0.059770752;0.34483793
0.02495257;0.059770752;0.33693281
0.022976285;0.061747037;0.34483793
0.022976285;0.061747037;0.34483793
0.02495257;0.061747037;0.33693281
0.022976285;0.061747037;0.33693281
0.021;0.059770752;0.34483793
0.022976285;0.061747037;0.34483793
0.021;0.061747037;0.34483793
0.021;0.061747037;0.34483793
0.019023715;0.061747037;0.33693281
0.019023715;0.061747037;0.34483793
0.019023715;0.061747037;0.33693281
0.017047431;0.061747037;0.34483793
0.019023715;0.061747037;0.34483793
0.017047431;0.061747037;0.33693281
0.017047431;0.061747037;0.34483793
0.017047431;0.061747037;0.33693281
0.015071146;0.063723318;0.34483793
0.017047431;0.061747037;0.33693281
0.015071146;0.063723318;0.34483793
0.015071146;0.061747037;0.34483793
0.013094862;0.061747037;0.34483793
0.013094862;0.063723318;0.34483793
0.011118577;0.063723318;0.33693281
0.011118577;0.063723318;0.34483793
0.011118577;0.061747037;0.33693281
0.011118577;0.061747037;0.34483793
0.011118577;0.061747037;0.33693281
0.0091422927;0.061747037;0.33693281
0.007166008;0.063723318;0.34483793
0.0091422927;0.063723318;0.34483793
0.007166008;0.063723318;0.34483793
0.007166008;0.063723318;0.33693281
0.007166008;0.063723318;0.34483793
0.0051897233;0.065699607;0.34483793
0.0051897233;0.061747037;0.33693281
0.0051897233;0.063723318;0.33693281
0.0051897233;0.063723318;0.34483793
0.0032134387;0.063723318;0.33693281
0.0012371541;0.063723318;0.33693281
0.0012371541;0.063723318;0.33693281
-0.00073913042;0.063723318;0.34483793
0.0012371541;0.063723318;0.33693281
-0.00073913042;0.063723318;0.33693281
-0.00073913042;0.063723318;0.34483793
-0.0027154151;0.065699607;0.33693281
-0.00073913042;0.063723318;0.33693281
-0.00073913042;0.063723318;0.33693281
-0.0027154151;0.063723318;0.33693281
-0.00073913042;0.063723318;0.33693281
-0.0027154151;0.063723318;0.33693281
-0.0046916995;0.065699607;0.34483793
-0.0046916995;0.065699607;0.34483793
-0.0066679842;0.063723318;0.33693281
-0.0066679842;0.065699607;0.34483793
-0.0066679842;0.063723318;0.34483793
-0.0066679842;0.063723318;0.34483793
-0.0066679842;0.065699607;0.34483793
-0.0086442688;0.065699607;0.34483793
-0.0086442688;0.063723318;0.34483793
-0.0086442688;0.063723318;0.34483793
-0.0086442688;0.065699607;0.34483793
-0.010620553;0.065699607;0.33693281
-0.010620553;0.065699607;0.34483793
-0.010620553;0.065699607;0.33693281
-0.010620553;0.065699607;0.34483793
-0.012596838;0.063723318;0.33693281
-0.012596838;0.065699607;0.34483793
-0.010620553;0.065699607;0.33693281
-0.012596838;0.063723318;0.34483793
-0.012596838;0.065699607;0.33693281
-0.012596838;0.065699607;0.34483793
-0.014573122;0.065699607;0.34483793
-0.014573122;0.065699607;0.34483793
-0.014573122;0.065699607;0.34483793
-0.014573122;0.065699607;0.34483793
-0.014573122;0.065699607;0.34483793
-0.016549407;0.065699607;0.34483793
-0.014573122;0.065699607;0.34483793
-0.016549407;0.065699607;0.34483793
-0.016549407;0.067675889;0.33693281
-0.016549407;0.065699607;0.34483793
-0.016549407;0.065699607;0.33693281
-0.018525692;0.067675889;0.34483793
-0.018525692;0.067675889;0.34483793
-0.020501977;0.065699607;0.33693281
-0.020501977;0.067675889;0.34483793
-0.020501977;0.065699607;0.33693281
-0.020501977;0.065699607;0.33693281
-0.02247826;0.065699607;0.33693281
-0.020501977;0.067675889;0.34483793
-0.020501977;0.065699607;0.33693281
-0.02247826;0.065699607;0.33693281
-0.02247826;0.067675889;0.34483793
-0.02247826;0.065699607;0.34483793
-0.024454545;0.067675889;0.34483793
-0.02247826;0.067675889;0.34483793
-0.02247826;0.065699607;0.34483793
-0.02247826;0.065699607;0.33693281
-0.02247826;0.065699607;0.33693281
-0.024454545;0.065699607;0.33693281
-0.024454545;0.067675889;0.33693281
-0.02643083;0.065699607;0.34483793
-0.024454545;0.067675889;0.33693281
-0.024454545;0.067675889;0.33693281
-0.02643083;0.065699607;0.33693281
-0.02643083;0.067675889;0.34483793
-0.024454545;0.067675889;0.33693281
-0.02643083;0.067675889;0.34483793
-0.02643083;0.067675889;0.34483793
-0.028407115;0.065699607;0.33693281
-0.02643083;0.067675889;0.34483793
-0.030383399;0.067675889;0.34483793
-0.028407115;0.067675889;0.34483793
-0.028407115;0.067675889;0.33693281
-0.028407115;0.067675889;0.34483793
-0.028407115;0.067675889;0.34483793
-0.028407115;0.067675889;0.33693281
-0.030383399;0.067675889;0.33693281
-0.030383399;0.067675889;0.33693281
-0.030383399;0.067675889;0.34483793
-0.028407115;0.067675889;0.33693281
-0.028407115;0.067675889;0.33693281
-0.030383399;0.067675889;0.34483793
-0.030383399;0.067675889;0.33693281
-0.030383399;0.067675889;0.34483793
-0.030383399;0.067675889;0.34483793
-0.030383399;0.067675889;0.34483793
-0.030383399;0.067675889;0.33693281
-0.030383399;0.067675889;0.34483793
-0.030383399;0.067675889;0.34483793
-0.030383399;0.069652177;0.34483793
-0.030383399;0.067675889;0.33693281
-0.032359682;0.067675889;0.34483793
-0.032359682;0.067675889;0.34483793
-0.032359682;0.067675889;0.33693281
-0.032359682;0.067675889;0.33693281
-0.032359682;0.067675889;0.33693281
-0.032359682;0.067675889;0.34483793
-0.032359682;0.067675889;0.34483793
-0.032359682;0.067675889;0.34483793
-0.032359682;0.067675889;0.33693281
-0.032359682;0.067675889;0.34483793
-0.032359682;0.067675889;0.34483793
-0.032359682;0.067675889;0.34483793
-0.030383399;0.067675889;0.34483793
-0.030383399;0.069652177;0.34483793
-0.034335967;0.067675889;0.34483793
-0.030383399;0.067675889;0.34483793
-0.032359682;0.069652177;0.33693281
-0.034335967;0.067675889;0.34483793
-0.032359682;0.069652177;0.33693281
-0.032359682;0.067675889;0.34483793
-0.032359682;0.067675889;0.33693281
-0.032359682;0.067675889;0.33693281
-0.032359682;0.067675889;0.34483793
-0.032359682;0.067675889;0.34483793
-0.030383399;0.067675889;0.34483793
-0.030383399;0.067675889;0.34483793
-0.030383399;0.067675889;0.33693281
-0.032359682;0.067675889;0.34483793
-0.032359682;0.067675889;0.34483793
-0.030383399;0.067675889;0.34483793
-0.030383399;0.069652177;0.33693281
-0.030383399;0.067675889;0.33693281
-0.030383399;0.067675889;0.34483793
-0.030383399;0.067675889;0.34483793
-0.028407115;0.067675889;0.34483793
-0.030383399;0.067675889;0.33693281
-0.028407115;0.067675889;0.33693281
-0.030383399;0.067675889;0.34483793
-0.028407115;0.067675889;0.33693281
-0.028407115;0.067675889;0.33693281
-0.030383399;0.067675889;0.34483793
-0.030383399;0.069652177;0.33693281
-0.030383399;0.069652177;0.33693281
-0.028407115;0.067675889;0.34483793
-0.028407115;0.069652177;0.34483793
-0.028407115;0.067675889;0.34483793
-0.028407115;0.067675889;0.34483793
-0.028407115;0.069652177;0.34483793
-0.028407115;0.069652177;0.34483793
-0.02643083;0.069652177;0.33693281
-0.02643083;0.067675889;0.33693281
-0.028407115;0.069652177;0.33693281
-0.02643083;0.067675889;0.33693281
-0.028407115;0.069652177;0.33693281
-0.024454545;0.069652177;0.34483793
-0.024454545;0.069652177;0.34483793
-0.02643083;0.069652177;0.34483793
-0.02643083;0.069652177;0.33693281
-0.024454545;0.069652177;0.34483793
-0.024454545;0.069652177;0.33693281
-0.02643083;0.067675889;0.34483793
-0.024454545;0.069652177;0.34483793
-0.024454545;0.069652177;0.33693281
-0.024454545;0.069652177;0.33693281
-0.024454545;0.067675889;0.33693281
-0.02247826;0.069652177;0.33693281
-0.02247826;0.069652177;0.33693281
-0.02247826;0.069652177;0.34483793
-0.02247826;0.069652177;0.34483793
-0.02247826;0.069652177;0.33693281
-0.020501977;0.069652177;0.34483793
-0.020501977;0.069652177;0.34483793
-0.020501977;0.069652177;0.34483793
-0.018525692;0.069652177;0.33693281
-0.020501977;0.069652177;0.34483793
-0.018525692;0.069652177;0.34483793
-0.018525692;0.069652177;0.33693281
-0.018525692;0.069652177;0.34483793
-0.018525692;0.069652177;0.34483793
-0.016549407;0.069652177;0.33693281
-0.018525692;0.069652177;0.34483793
-0.016549407;0.069652177;0.33693281
-0.016549407;0.067675889;0.34483793
-0.016549407;0.069652177;0.33693281
-0.014573122;0.069652177;0.34483793
-0.014573122;0.069652177;0.33693281
-0.012596838;0.067675889;0.34483793
-0.012596838;0.069652177;0.34483793
-0.012596838;0.069652177;0.34483793
-0.014573122;0.067675889;0.34483793
-0.012596838;0.069652177;0.34483793
-0.012596838;0.069652177;0.34483793
-0.012596838;0.069652177;0.34483793
-0.010620553;0.069652177;0.33693281
-0.010620553;0.069652177;0.33693281
-0.010620553;0.069652177;0.34483793
-0.010620553;0.069652177;0.34483793
-0.010620553;0.069652177;0.34483793
-0.010620553;0.069652177;0.33693281
-0.0086442688;0.069652177;0.34483793
-0.0086442688;0.069652177;0.33693281
-0.0086442688;0.069652177;0.34483793
-0.0086442688;0.069652177;0.34483793
-0.0066679842;0.069652177;0.33693281
-0.0066679842;0.069652177;0.34483793
-0.0066679842;0.069652177;0.34483793
-0.0046916995;0.069652177;0.34483793
-0.0046916995;0.071628459;0.33693281
-0.0027154151;0.069652177;0.33693281
-0.0027154151;0.067675889;0.33693281
-0.0027154151;0.069652177;0.34483793
-0.0027154151;0.069652177;0.33693281
-0.0027154151;0.069652177;0.34483793
-0.0027154151;0.069652177;0.33693281
-0.00073913042;0.069652177;0.33693281
-0.00073913042;0.069652177;0.34483793
-0.00073913042;0.069652177;0.34483793
-0.00073913042;0.069652177;0.33693281
0.0012371541;0.069652177;0.33693281
0.0012371541;0.069652177;0.34483793
0.0032134387;0.069652177;0.34483793
0.0032134387;0.069652177;0.33693281
0.0032134387;0.069652177;0.33693281
0.0032134387;0.071628459;0.34483793
0.0051897233;0.069652177;0.33693281
0.0032134387;0.069652177;0.33693281
0.007166008;0.067675889;0.33693281
0.007166008;0.069652177;0.33693281
0.007166008;0.067675889;0.33693281
0.007166008;0.069652177;0.34483793
0.007166008;0.067675889;0.34483793
0.0091422927;0.069652177;0.33693281
0.0091422927;0.067675889;0.34483793
0.0091422927;0.069652177;0.33693281
0.0091422927;0.069652177;0.34483793
0.011118577;0.069652177;0.33693281
0.013094862;0.069652177;0.34483793
0.011118577;0.069652177;0.33693281
0.013094862;0.067675889;0.34483793
0.013094862;0.067675889;0.33693281
0.015071146;0.069652177;0.34483793
0.015071146;0.069652177;0.33693281
0.017047431;0.069652177;0.34483793
0.017047431;0.067675889;0.33693281
0.017047431;0.069652177;0.33693281
0.017047431;0.067675889;0.34483793
0.017047431;0.067675889;0.33693281
0.019023715;0.067675889;0.33693281
0.019023715;0.067675889;0.34483793
0.019023715;0.067675889;0.34483793
0.019023715;0.069652177;0.33693281
0.019023715;0.069652177;0.34483793
0.021;0.069652177;0.34483793
0.021;0.067675889;0.34483793
0.022976285;0.069652177;0.34483793
0.022976285;0.067675889;0.33693281
0.022976285;0.067675889;0.33693281
0.02495257;0.067675889;0.34483793
0.02495257;0.069652177;0.34483793
0.02495257;0.069652177;0.34483793
0.026928853;0.067675889;0.34483793
0.026928853;0.067675889;0.34483793
0.026928853;0.067675889;0.34483793
0.028905138;0.067675889;0.34483793
0.028905138;0.067675889;0.34483793
0.028905138;0.069652177;0.33693281
0.028905138;0.067675889;0.33693281
0.028905138;0.067675889;0.33693281
0.030881424;0.069652177;0.34483793
0.030881424;0.067675889;0.34483793
0.030881424;0.067675889;0.34483793
0.032857709;0.067675889;0.34483793
0.032857709;0.069652177;0.34483793
0.032857709;0.067675889;0.33693281
0.034833994;0.067675889;0.33693281
0.034833994;0.067675889;0.34483793
0.034833994;0.067675889;0.33693281
0.034833994;0.067675889;0.33693281
0.036810275;0.067675889;0.34483793
0.036810275;0.067675889;0.34483793
0.036810275;0.067675889;0.33693281
0.036810275;0.067675889;0.34483793
0.03878656;0.067675889;0.34483793
0.03878656;0.067675889;0.34483793
0.03878656;0.069652177;0.34483793
0.040762845;0.069652177;0.33693281
0.040762845;0.069652177;0.33693281
0.040762845;0.067675889;0.33693281
0.040762845;0.067675889;0.34483793
0.042739131;0.069652177;0.33693281
0.042739131;0.067675889;0.34483793
0.042739131;0.067675889;0.33693281
0.044715416;0.067675889;0.34483793
0.044715416;0.067675889;0.34483793
0.046691701;0.069652177;0.34483793
0.046691701;0.067675889;0.34483793
0.044715416;0.067675889;0.33693281
0.046691701;0.067675889;0.33693281
0.046691701;0.067675889;0.33693281
0.048667986;0.067675889;0.34483793
0.048667986;0.067675889;0.34483793
0.048667986;0.067675889;0.33693281
0.050644267;0.065699607;0.33693281
0.050644267;0.067675889;0.34483793
0.050644267;0.067675889;0.33693281
0.050644267;0.067675889;0.33693281
0.052620552;0.067675889;0.33693281
0.052620552;0.067675889;0.34483793
0.052620552;0.067675889;0.34483793
0.054596838;0.067675889;0.33693281
0.054596838;0.067675889;0.34483793
0.054596838;0.067675889;0.33693281
0.054596838;0.067675889;0.33693281
0.054596838;0.065699607;0.33693281
0.054596838;0.065699607;0.34483793
0.056573123;0.067675889;0.34483793
0.056573123;0.067675889;0.33693281
0.056573123;0.065699607;0.34483793
0.056573123;0.065699607;0.34483793
0.058549408;0.067675889;0.34483793
0.058549408;0.067675889;0.33693281
0.058549408;0.067675889;0.34483793
0.060525693;0.065699607;0.34483793
0.060525693;0.067675889;0.33693281
0.060525693;0.067675889;0.33693281
0.060525693;0.065699607;0.33693281
0.062501974;0.067675889;0.34483793
0.062501974;0.065699607;0.34483793
0.062501974;0.067675889;0.34483793
0.064478263;0.065699607;0.34483793
0.062501974;0.067675889;0.34483793
0.062501974;0.067675889;0.33693281
0.062501974;0.067675889;0.33693281
0.064478263;0.065699607;0.34483793
0.064478263;0.065699607;0.34483793
0.064478263;0.067675889;0.33693281
0.064478263;0.065699607;0.33693281
0.064478263;0.067675889;0.34483793
0.066454545;0.067675889;0.33693281
0.064478263;0.065699607;0.33693281
0.066454545;0.065699607;0.34483793
0.066454545;0.067675889;0.33693281
0.066454545;0.065699607;0.34483793
0.068430834;0.065699607;0.33693281
0.068430834;0.065699607;0.34483793
0.068430834;0.065699607;0.34483793
0.070407115;0.067675889;0.34483793
0.070407115;0.065699607;0.34483793
0.070407115;0.065699607;0.34483793
0.070407115;0.065699607;0.34483793
0.070407115;0.065699607;0.34483793
0.070407115;0.065699607;0.33693281
0.070407115;0.065699607;0.33693281
0.072383396;0.065699607;0.34483793
0.072383396;0.065699607;0.34483793
0.072383396;0.065699607;0.33693281
0.072383396;0.065699607;0.33693281
0.072383396;0.065699607;0.34483793
0.072383396;0.065699607;0.34483793
0.072383396;0.065699607;0.33693281
0.074359685;0.065699607;0.34483793
0.072383396;0.065699607;0.33693281
0.074359685;0.063723318;0.34483793
0.072383396;0.065699607;0.33693281
0.074359685;0.063723318;0.34483793
0.074359685;0.065699607;0.34483793
0.074359685;0.065699607;0.34483793
0.074359685;0.063723318;0.34483793
0.074359685;0.063723318;0.34483793
0.074359685;0.065699607;0.34483793
0.074359685;0.065699607;0.33693281
0.074359685;0.067675889;0.34483793
0.074359685;0.065699607;0.33693281
0.076335967;0.065699607;0.34483793
0.076335967;0.065699607;0.33693281
0.076335967;0.065699607;0.33693281
0.076335967;0.063723318;0.33693281
0.076335967;0.065699607;0.34483793
0.076335967;0.063723318;0.34483793
0.076335967;0.063723318;0.33693281
0.076335967;0.063723318;0.34483793
0.076335967;0.065699607;0.33693281
0.076335967;0.063723318;0.34483793
0.076335967;0.063723318;0.35274309
0.076335967;0.065699607;0.34483793
0.076335967;0.065699607;0.33693281
0.076335967;0.063723318;0.34483793
0.076335967;0.063723318;0.33693281
0.078312255;0.063723318;0.34483793
0.078312255;0.063723318;0.34483793
0.078312255;0.063723318;0.34483793
0.078312255;0.063723318;0.34483793
0.076335967;0.063723318;0.34483793
0.076335967;0.061747037;0.34483793
0.078312255;0.063723318;0.34483793
0.078312255;0.061747037;0.34483793
0.078312255;0.063723318;0.34483793
0.078312255;0.061747037;0.34483793
0.078312255;0.063723318;0.34483793
0.078312255;0.061747037;0.34483793
0.078312255;0.063723318;0.34483793
0.078312255;0.061747037;0.34483793
0.076335967;0.061747037;0.34483793
0.076335967;0.061747037;0.33693281
0.078312255;0.061747037;0.34483793
0.076335967;0.063723318;0.33693281
0.076335967;0.063723318;0.33693281
0.078312255;0.063723318;0.34483793
0.076335967;0.061747037;0.34483793
0.076335967;0.061747037;0.34483793
0.076335967;0.061747037;0.33693281
0.076335967;0.061747037;0.33693281
0.076335967;0.061747037;0.33693281
0.076335967;0.061747037;0.33693281
0.076335967;0.063723318;0.34483793
0.076335967;0.061747037;0.34483793
0.076335967;0.063723318;0.34483793
0.076335967;0.061747037;0.34483793
0.076335967;0.061747037;0.34483793
0.074359685;0.061747037;0.33693281
0.074359685;0.061747037;0.34483793
0.074359685;0.061747037;0.34483793
0.074359685;0.061747037;0.34483793
0.074359685;0.061747037;0.34483793
0.074359685;0.061747037;0.33693281
0.074359685;0.061747037;0.34483793
0.072383396;0.061747037;0.34483793
0.074359685;0.061747037;0.33693281
0.072383396;0.061747037;0.33693281
0.072383396;0.059770752;0.34483793
0.074359685;0.061747037;0.33693281
0.074359685;0.061747037;0.34483793
0.072383396;0.061747037;0.33693281
0.070407115;0.059770752;0.34483793
0.072383396;0.061747037;0.34483793
0.070407115;0.061747037;0.33693281
0.072383396;0.059770752;0.33693281
0.072383396;0.061747037;0.34483793
0.070407115;0.061747037;0.34483793
0.070407115;0.059770752;0.33693281
0.070407115;0.061747037;0.34483793
0.070407115;0.059770752;0.33693281
0.068430834;0.059770752;0.33693281
0.068430834;0.059770752;0.33693281
0.068430834;0.059770752;0.34483793
0.066454545;0.059770752;0.34483793
0.068430834;0.059770752;0.33693281
0.068430834;0.059770752;0.34483793
0.066454545;0.059770752;0.34483793
0.066454545;0.059770752;0.34483793
0.066454545;0.061747037;0.33693281
0.066454545;0.059770752;0.34483793
0.066454545;0.059770752;0.33693281
0.064478263;0.059770752;0.34483793
0.064478263;0.059770752;0.34483793
0.064478263;0.059770752;0.34483793
0.064478263;0.059770752;0.34483793
0.064478263;0.059770752;0.34483793
0.064478263;0.059770752;0.34483793
0.064478263;0.059770752;0.33693281
0.064478263;0.057794467;0.34483793
0.062501974;0.059770752;0.33693281
0.060525693;0.057794467;0.33693281
0.062501974;0.057794467;0.33693281
0.062501974;0.059770752;0.34483793
0.060525693;0.057794467;0.34483793
0.060525693;0.057794467;0.35274309
0.060525693;0.057794467;0.34483793
0.058549408;0.057794467;0.34483793
0.060525693;0.057794467;0.34483793
0.058549408;0.057794467;0.33693281
0.058549408;0.057794467;0.33693281
0.058549408;0.057794467;0.33693281
0.058549408;0.057794467;0.34483793
0.056573123;0.057794467;0.34483793
0.056573123;0.057794467;0.34483793
0.056573123;0.057794467;0.34483793
0.054596838;0.057794467;0.33693281
0.054596838;0.057794467;0.34483793
0.054596838;0.057794467;0.34483793
0.054596838;0.057794467;0.34483793
0.054596838;0.057794467;0.33693281
0.052620552;0.055818181;0.33693281
0.052620552;0.057794467;0.33693281
0.052620552;0.057794467;0.33693281
0.050644267;0.057794467;0.34483793
0.050644267;0.057794467;0.33693281
0.048667986;0.057794467;0.34483793
0.048667986;0.055818181;0.33693281
0.050644267;0.055818181;0.33693281
0.046691701;0.057794467;0.33693281
0.048667986;0.055818181;0.34483793
0.048667986;0.057794467;0.33693281
0.046691701;0.057794467;0.32902768
0.046691701;0.055818181;0.34483793
0.046691701;0.057794467;0.34483793
0.044715416;0.055818181;0.34483793
0.044715416;0.055818181;0.33693281
0.044715416;0.055818181;0.34483793
0.044715416;0.055818181;0.34483793
0.044715416;0.055818181;0.33693281
0.042739131;0.055818181;0.33693281
0.040762845;0.055818181;0.33693281
0.040762845;0.055818181;0.34483793
0.040762845;0.055818181;0.34483793
0.040762845;0.055818181;0.34483793
0.040762845;0.053841896;0.34483793
0.03878656;0.055818181;0.33693281
0.03878656;0.055818181;0.34483793
0.03878656;0.055818181;0.33693281
0.03878656;0.053841896;0.33693281
0.03878656;0.053841896;0.33693281
0.036810275;0.055818181;0.34483793
0.034833994;0.053841896;0.33693281
0.034833994;0.055818181;0.34483793
0.034833994;0.055818181;0.34483793
0.032857709;0.053841896;0.34483793
0.032857709;0.053841896;0.34483793
0.032857709;0.053841896;0.33693281
0.032857709;0.053841896;0.34483793
0.030881424;0.053841896;0.34483793
0.032857709;0.053841896;0.34483793
0.030881424;0.053841896;0.34483793
0.030881424;0.053841896;0.34483793
0.030881424;0.053841896;0.33693281
0.028905138;0.053841896;0.34483793
0.028905138;0.053841896;0.33693281
0.026928853;0.053841896;0.34483793
0.026928853;0.051865611;0.34483793
0.026928853;0.053841896;0.33693281
0.02495257;0.053841896;0.34483793
0.026928853;0.053841896;0.33693281
0.02495257;0.051865611;0.33693281
0.02495257;0.051865611;0.34483793
0.02495257;0.051865611;0.34483793
0.021;0.051865611;0.34483793
0.022976285;0.051865611;0.33693281
0.021;0.051865611;0.34483793
0.021;0.051865611;0.33693281
0.021;0.051865611;0.33693281
0.019023715;0.053841896;0.34483793
0.019023715;0.051865611;0.34483793
0.019023715;0.051865611;0.34483793
0.019023715;0.051865611;0.34483793
0.019023715;0.051865611;0.33693281
0.017047431;0.051865611;0.33693281
0.017047431;0.051865611;0.33693281
0.015071146;0.051865611;0.34483793
0.015071146;0.051865611;0.33693281
0.015071146;0.051865611;0.33693281
0.015071146;0.04988933;0.34483793
0.013094862;0.04988933;0.34483793
0.013094862;0.04988933;0.34483793
0.013094862;0.04988933;0.34483793
0.011118577;0.04988933;0.33693281
0.011118577;0.04988933;0.34483793
0.011118577;0.04988933;0.33693281
0.0091422927;0.04988933;0.34483793
0.0091422927;0.04988933;0.33693281
0.0091422927;0.04988933;0.34483793
0.0091422927;0.04988933;0.34483793
0.007166008;0.04988933;0.34483793
0.007166008;0.051865611;0.34483793
0.0051897233;0.04988933;0.34483793
0.0051897233;0.04988933;0.33693281
0.007166008;0.04988933;0.34483793
0.0051897233;0.04988933;0.34483793
0.0051897233;0.04988933;0.33693281
0.0032134387;0.04988933;0.33693281
0.0032134387;0.04988933;0.34483793
0.0012371541;0.04988933;0.33693281
0.0012371541;0.047913045;0.33693281
0.0012371541;0.047913045;0.34483793
0.0012371541;0.047913045;0.33693281
-0.00073913042;0.047913045;0.33693281
-0.00073913042;0.04988933;0.34483793
-0.00073913042;0.047913045;0.34483793
-0.0027154151;0.047913045;0.33693281
-0.0027154151;0.047913045;0.34483793
-0.0027154151;0.047913045;0.33693281
-0.0027154151;0.047913045;0.33693281
-0.0046916995;0.047913045;0.34483793
-0.0046916995;0.047913045;0.34483793
-0.0066679842;0.047913045;0.33693281
-0.0046916995;0.047913045;0.34483793
-0.0066679842;0.047913045;0.34483793
-0.0086442688;0.047913045;0.33693281
-0.0066679842;0.047913045;0.33693281
-0.0086442688;0.047913045;0.34483793
-0.0086442688;0.047913045;0.34483793
-0.0086442688;0.047913045;0.34483793
-0.0086442688;0.047913045;0.34483793
-0.0086442688;0.047913045;0.34483793
-0.010620553;0.047913045;0.33693281
-0.0086442688;0.047913045;0.34483793
-0.012596838;0.04593676;0.33693281
-0.010620553;0.047913045;0.34483793
-0.010620553;0.04593676;0.34483793
-0.012596838;0.047913045;0.33693281
-0.012596838;0.04593676;0.33693281
-0.012596838;0.04593676;0.33693281
-0.012596838;0.047913045;0.33693281
-0.014573122;0.04593676;0.34483793
-0.014573122;0.04593676;0.33693281
-0.014573122;0.047913045;0.34483793
-0.014573122;0.04593676;0.34483793
-0.014573122;0.04593676;0.34483793
-0.016549407;0.04593676;0.34483793
-0.016549407;0.04593676;0.33693281
-0.016549407;0.04593676;0.34483793
-0.016549407;0.043960474;0.34483793
-0.016549407;0.043960474;0.34483793
-0.018525692;0.043960474;0.33693281
-0.016549407;0.04593676;0.33693281
-0.018525692;0.04593676;0.34483793
-0.018525692;0.04593676;0.34483793
-0.020501977;0.043960474;0.34483793
-0.020501977;0.043960474;0.34483793
-0.020501977;0.04593676;0.34483793
-0.02247826;0.043960474;0.34483793
-0.02247826;0.04593676;0.34483793
-0.02247826;0.043960474;0.33693281
-0.02247826;0.043960474;0.33693281
-0.02247826;0.043960474;0.34483793
-0.02247826;0.043960474;0.34483793
-0.02247826;0.043960474;0.33693281
-0.02247826;0.04593676;0.34483793
-0.02247826;0.041984189;0.34483793
-0.02247826;0.043960474;0.34483793
-0.02247826;0.04593676;0.33693281
-0.02643083;0.041984189;0.35274309
-0.024454545;0.041984189;0.34483793
-0.02643083;0.041984189;0.34483793
-0.02643083;0.041984189;0.34483793
-0.02643083;0.041984189;0.34483793
-0.02643083;0.041984189;0.34483793
-0.02643083;0.043960474;0.33693281
-0.02643083;0.041984189;0.34483793
-0.028407115;0.041984189;0.34483793
-0.02643083;0.041984189;0.34483793
-0.028407115;0.041984189;0.34483793
-0.02643083;0.041984189;0.34483793
-0.028407115;0.043960474;0.33693281
-0.028407115;0.041984189;0.34483793
-0.028407115;0.041984189;0.33693281
-0.028407115;0.041984189;0.33693281
-0.030383399;0.041984189;0.33693281
-0.030383399;0.041984189;0.34483793
-0.030383399;0.040007904;0.33693281
-0.030383399;0.041984189;0.34483793
-0.030383399;0.041984189;0.34483793
-0.030383399;0.040007904;0.34483793
-0.030383399;0.041984189;0.33693281
-0.030383399;0.040007904;0.34483793
-0.030383399;0.041984189;0.34483793
-0.032359682;0.040007904;0.34483793
-0.030383399;0.040007904;0.33693281
-0.032359682;0.041984189;0.34483793
-0.032359682;0.040007904;0.34483793
-0.032359682;0.040007904;0.34483793
-0.030383399;0.040007904;0.33693281
-0.032359682;0.040007904;0.34483793
-0.032359682;0.040007904;0.34483793
-0.032359682;0.040007904;0.34483793
-0.032359682;0.040007904;0.34483793
-0.030383399;0.040007904;0.33693281
-0.032359682;0.040007904;0.34483793
-0.030383399;0.040007904;0.34483793
-0.032359682;0.040007904;0.33693281
-0.032359682;0.038031619;0.34483793
-0.030383399;0.038031619;0.34483793
-0.032359682;0.040007904;0.33693281
-0.032359682;0.040007904;0.34483793
-0.034335967;0.038031619;0.34483793
-0.032359682;0.040007904;0.34483793
-0.032359682;0.040007904;0.34483793
-0.032359682;0.038031619;0.34483793
-0.032359682;0.038031619;0.33693281
-0.032359682;0.038031619;0.34483793
-0.032359682;0.040007904;0.34483793
-0.030383399;0.040007904;0.34483793
-0.032359682;0.038031619;0.34483793
-0.032359682;0.038031619;0.34483793
-0.030383399;0.038031619;0.33693281
-0.032359682;0.038031619;0.34483793
-0.030383399;0.036055338;0.34483793
-0.032359682;0.038031619;0.33693281
-0.032359682;0.036055338;0.33693281
-0.030383399;0.038031619;0.33693281
-0.030383399;0.038031619;0.33693281
-0.032359682;0.038031619;0.34483793
-0.032359682;0.038031619;0.34483793
-0.030383399;0.036055338;0.33693281
-0.032359682;0.036055338;0.33693281
-0.030383399;0.036055338;0.33693281
-0.030383399;0.036055338;0.33693281
-0.028407115;0.036055338;0.34483793
-0.030383399;0.036055338;0.34483793
-0.028407115;0.036055338;0.34483793
-0.030383399;0.036055338;0.33693281
-0.028407115;0.036055338;0.34483793
-0.030383399;0.036055338;0.33693281
-0.030383399;0.034079053;0.34483793
-0.030383399;0.034079053;0.34483793
-0.028407115;0.036055338;0.34483793
-0.028407115;0.036055338;0.34483793
-0.028407115;0.036055338;0.33693281
-0.028407115;0.034079053;0.33693281
-0.028407115;0.036055338;0.34483793
-0.02643083;0.034079053;0.34483793
-0.028407115;0.036055338;0.33693281
-0.02643083;0.036055338;0.34483793
-0.028407115;0.034079053;0.34483793
-0.02643083;0.034079053;0.34483793
-0.02643083;0.034079053;0.34483793
-0.02643083;0.036055338;0.33693281
-0.02643083;0.034079053;0.33693281
-0.024454545;0.034079053;0.34483793
-0.024454545;0.034079053;0.34483793
-0.02643083;0.034079053;0.33693281
-0.02247826;0.034079053;0.34483793
-0.02643083;0.034079053;0.34483793
-0.024454545;0.034079053;0.34483793
-0.024454545;0.034079053;0.33693281
-0.02247826;0.034079053;0.33693281
-0.024454545;0.032102767;0.34483793
-0.020501977;0.032102767;0.34483793
-0.02247826;0.034079053;0.34483793
-0.02247826;0.034079053;0.34483793
-0.020501977;0.032102767;0.34483793
-0.02247826;0.032102767;0.34483793
-0.02247826;0.032102767;0.34483793
-0.020501977;0.032102767;0.33693281
-0.02247826;0.032102767;0.34483793
-0.020501977;0.034079053;0.34483793
-0.018525692;0.032102767;0.34483793
-0.018525692;0.032102767;0.34483793
-0.020501977;0.032102767;0.34483793
-0.018525692;0.032102767;0.34483793
-0.018525692;0.032102767;0.33693281
-0.016549407;0.032102767;0.33693281
-0.018525692;0.034079053;0.33693281
-0.018525692;0.032102767;0.34483793
-0.016549407;0.032102767;0.34483793
-0.016549407;0.030126482;0.34483793
-0.014573122;0.032102767;0.33693281
-0.016549407;0.030126482;0.34483793
-0.014573122;0.032102767;0.34483793
-0.014573122;0.030126482;0.34483793
-0.012596838;0.032102767;0.34483793
-0.014573122;0.030126482;0.33693281
-0.012596838;0.030126482;0.34483793
-0.012596838;0.032102767;0.34483793
-0.012596838;0.030126482;0.33693281
-0.012596838;0.030126482;0.34483793
-0.0086442688;0.030126482;0.34483793
-0.010620553;0.030126482;0.33693281
-0.010620553;0.030126482;0.34483793
-0.0086442688;0.030126482;0.32902768
-0.0086442688;0.028150197;0.34483793
-0.010620553;0.028150197;0.33693281
-0.0086442688;0.030126482;0.34483793
-0.0066679842;0.030126482;0.33693281
-0.0086442688;0.030126482;0.33693281
-0.0086442688;0.028150197;0.34483793
-0.0046916995;0.028150197;0.34483793
-0.0066679842;0.030126482;0.33693281
-0.0066679842;0.030126482;0.33693281
-0.0046916995;0.028150197;0.34483793
-0.0046916995;0.030126482;0.34483793
-0.0046916995;0.028150197;0.34483793
-0.0027154151;0.028150197;0.33693281
-0.0027154151;0.026173914;0.34483793
-0.00073913042;0.026173914;0.33693281
-0.0027154151;0.028150197;0.33693281
-0.00073913042;0.026173914;0.34483793
-0.00073913042;0.028150197;0.34483793
-0.00073913042;0.028150197;0.33693281
-0.00073913042;0.026173914;0.34483793
0.0012371541;0.026173914;0.34483793
0.0012371541;0.026173914;0.33693281
0.0012371541;0.026173914;0.34483793
0.0032134387;0.028150197;0.33693281
0.0051897233;0.028150197;0.34483793
0.0032134387;0.026173914;0.33693281
0.0051897233;0.026173914;0.33693281
0.0051897233;0.026173914;0.33693281
0.0051897233;0.026173914;0.34483793
0.007166008;0.026173914;0.34483793
0.007166008;0.026173914;0.33693281
0.007166008;0.026173914;0.34483793
0.007166008;0.026173914;0.33693281
0.0091422927;0.026173914;0.33693281
0.0091422927;0.024197629;0.33693281
0.0091422927;0.026173914;0.34483793
0.011118577;0.024197629;0.32902768
0.011118577;0.024197629;0.34483793
0.011118577;0.024197629;0.34483793
0.013094862;0.026173914;0.34483793
0.011118577;0.024197629;0.34483793
0.013094862;0.026173914;0.33693281
0.015071146;0.024197629;0.34483793
0.015071146;0.024197629;0.33693281
0.015071146;0.024197629;0.34483793
0.017047431;0.024197629;0.33693281
0.017047431;0.024197629;0.34483793
0.017047431;0.024197629;0.33693281
0.017047431;0.024197629;0.33693281
0.019023715;0.024197629;0.34483793
0.019023715;0.024197629;0.33693281
0.021;0.022221344;0.34483793
0.019023715;0.022221344;0.33693281
0.019023715;0.022221344;0.34483793
0.021;0.024197629;0.33693281
0.021;0.022221344;0.34483793
0.021;0.022221344;0.34483793
0.022976285;0.022221344;0.33693281
0.02495257;0.022221344;0.33693281
0.02495257;0.022221344;0.33693281
0.02495257;0.022221344;0.33693281
0.02495257;0.022221344;0.34483793
0.02495257;0.020245058;0.33693281
0.02495257;0.022221344;0.33693281
0.026928853;0.022221344;0.34483793
0.026928853;0.020245058;0.34483793
0.028905138;0.020245058;0.33693281
0.030881424;0.022221344;0.33693281
0.028905138;0.022221344;0.33693281
0.030881424;0.020245058;0.34483793
0.030881424;0.020245058;0.34483793
0.030881424;0.020245058;0.33693281
0.032857709;0.020245058;0.34483793
0.032857709;0.020245058;0.33693281
0.032857709;0.020245058;0.33693281
0.032857709;0.020245058;0.34483793
0.034833994;0.020245058;0.34483793
0.034833994;0.020245058;0.34483793
0.036810275;0.020245058;0.34483793
0.036810275;0.020245058;0.33693281
0.034833994;0.020245058;0.34483793
0.03878656;0.020245058;0.34483793
0.03878656;0.020245058;0.34483793
0.03878656;0.020245058;0.34483793
0.03878656;0.020245058;0.34483793
0.040762845;0.018268775;0.34483793
0.03878656;0.020245058;0.34483793
0.040762845;0.018268775;0.33693281
0.040762845;0.020245058;0.34483793
0.040762845;0.018268775;0.33693281
0.042739131;0.018268775;0.34483793
0.042739131;0.020245058;0.33693281
0.042739131;0.018268775;0.33693281
0.042739131;0.018268775;0.34483793
0.044715416;0.018268775;0.34483793
0.046691701;0.018268775;0.34483793
0.046691701;0.018268775;0.33693281
0.046691701;0.020245058;0.33693281
0.048667986;0.018268775;0.34483793
0.046691701;0.01629249;0.33693281
0.048667986;0.018268775;0.33693281
0.048667986;0.01629249;0.33693281
0.050644267;0.018268775;0.34483793
0.050644267;0.018268775;0.33693281
0.050644267;0.01629249;0.33693281
0.050644267;0.01629249;0.34483793
0.052620552;0.018268775;0.33693281
0.052620552;0.01629249;0.33693281
0.052620552;0.01629249;0.33693281
0.054596838;0.01629249;0.34483793
0.052620552;0.014316206;0.33693281
0.054596838;0.01629249;0.34483793
0.054596838;0.01629249;0.33693281
0.054596838;0.014316206;0.33693281
0.054596838;0.01629249;0.34483793
0.056573123;0.014316206;0.34483793
0.056573123;0.014316206;0.34483793
0.056573123;0.014316206;0.34483793
0.056573123;0.014316206;0.33693281
0.056573123;0.014316206;0.34483793
0.056573123;0.014316206;0.33693281
0.058549408;0.014316206;0.33693281
0.060525693;0.014316206;0.34483793
0.060525693;0.014316206;0.34483793
0.058549408;0.014316206;0.33693281
0.060525693;0.014316206;0.34483793
0.060525693;0.014316206;0.34483793
0.060525693;0.014316206;0.34483793
0.062501974;0.014316206;0.33693281
0.062501974;0.012339921;0.33693281
0.062501974;0.014316206;0.33693281
0.062501974;0.012339921;0.34483793
0.064478263;0.014316206;0.33693281
0.062501974;0.014316206;0.34483793
0.062501974;0.012339921;0.34483793
0.064478263;0.012339921;0.33693281
0.064478263;0.012339921;0.34483793
0.064478263;0.012339921;0.33693281
0.066454545;0.012339921;0.34483793
0.066454545;0.012339921;0.34483793
0.066454545;0.012339921;0.34483793
0.066454545;0.012339921;0.34483793
0.066454545;0.012339921;0.33693281
0.066454545;0.012339921;0.33693281
0.068430834;0.010363637;0.34483793
0.068430834;0.012339921;0.34483793
0.068430834;0.010363637;0.34483793
0.068430834;0.010363637;0.33693281
0.068430834;0.012339921;0.34483793
0.068430834;0.012339921;0.34483793
0.070407115;0.010363637;0.34483793
0.070407115;0.012339921;0.33693281
0.070407115;0.010363637;0.33693281
0.070407115;0.010363637;0.33693281
0.070407115;0.010363637;0.33693281
0.070407115;0.010363637;0.34483793
0.072383396;0.010363637;0.34483793
0.072383396;0.010363637;0.33693281
0.072383396;0.010363637;0.33693281
0.072383396;0.010363637;0.34483793
0.072383396;0.010363637;0.34483793
0.072383396;0.010363637;0.33693281
0.072383396;0.010363637;0.34483793
0.072383396;0.010363637;0.33693281
0.072383396;0.010363637;0.34483793
0.074359685;0.010363637;0.34483793
0.074359685;0.010363637;0.33693281
0.074359685;0.010363637;0.33693281
0.076335967;0.0083873514;0.33693281
0.074359685;0.0083873514;0.34483793
0.076335967;0.0083873514;0.33693281
0.076335967;0.0083873514;0.33693281
0.076335967;0.0083873514;0.34483793
0.076335967;0.0083873514;0.33693281
0.076335967;0.0083873514;0.34483793
0.078312255;0.0083873514;0.34483793
0.076335967;0.0083873514;0.34483793
0.076335967;0.0083873514;0.33693281
0.076335967;0.0083873514;0.33693281
0.076335967;0.0083873514;0.34483793
0.076335967;0.0083873514;0.35274309
0.076335967;0.0083873514;0.33693281
0.076335967;0.0083873514;0.33693281
0.078312255;0.0083873514;0.33693281
0.076335967;0.0083873514;0.33693281
0.076335967;0.0083873514;0.33693281
0.078312255;0.0064110672;0.33693281
0.078312255;0.0064110672;0.33693281
0.078312255;0.0083873514;0.33693281
0.076335967;0.0064110672;0.35274309
0.078312255;0.0064110672;0.33693281
0.076335967;0.0064110672;0.34483793
0.078312255;0.0064110672;0.34483793
0.078312255;0.0064110672;0.34483793
0.078312255;0.0064110672;0.33693281
0.078312255;0.0064110672;0.33693281
0.078312255;0.0064110672;0.33693281
0.076335967;0.0064110672;0.34483793
0.076335967;0.0044347825;0.34483793
0.078312255;0.0064110672;0.33693281
0.078312255;0.0064110672;0.33693281
0.076335967;0.0024584981;0.34483793
0.078312255;0.0064110672;0.33693281
0.078312255;0.0044347825;0.34483793
0.076335967;0.0044347825;0.34483793
0.076335967;0.0064110672;0.33693281
0.076335967;0.0044347825;0.34483793
0.078312255;0.0044347825;0.33693281
0.076335967;0.0044347825;0.34483793
0.076335967;0.0044347825;0.34483793
0.074359685;0.0044347825;0.33693281
0.076335967;0.0044347825;0.33693281
0.076335967;0.0044347825;0.34483793
0.076335967;0.0024584981;0.34483793
0.076335967;0.0024584981;0.33693281
0.076335967;0.0024584981;0.34483793
0.074359685;0.0024584981;0.34483793
0.076335967;0.0044347825;0.33693281
0.076335967;0.0024584981;0.33693281
0.074359685;0.0044347825;0.33693281
0.074359685;0.0024584981;0.33693281
0.074359685;0.0024584981;0.33693281
0.074359685;0.0024584981;0.35274309
0.074359685;0.0024584981;0.34483793
0.074359685;0.0024584981;0.33693281
0.074359685;0.0024584981;0.34483793
0.074359685;0.0024584981;0.34483793
0.074359685;0.0024584981;0.33693281
0.074359685;0.0024584981;0.34483793
0.072383396;0.00048221345;0.34483793
0.074359685;0.00048221345;0.33693281
0.072383396;0.0024584981;0.33693281
0.072383396;0.0024584981;0.33693281
0.072383396;0.00048221345;0.34483793
0.070407115;0.0024584981;0.34483793
0.072383396;0.00048221345;0.34483793
0.070407115;0.00048221345;0.33693281
0.070407115;0.00048221345;0.34483793
0.070407115;0.00048221345;0.33693281
0.070407115;0.00048221345;0.34483793
0.070407115;0.00048221345;0.33693281
0.068430834;0.0024584981;0.34483793
0.070407115;0.00048221345;0.34483793
0.068430834;0.00048221345;0.33693281
0.068430834;0.00048221345;0.34483793
0.068430834;0.00048221345;0.33693281
0.070407115;0.00048221345;0.33693281
0.068430834;0.00048221345;0.34483793
0.066454545;0.00048221345;0.33693281
0.066454545;0.00048221345;0.34483793
0.066454545;-0.0014940711;0.34483793
0.068430834;0.00048221345;0.33693281
0.066454545;0.00048221345;0.33693281
0.064478263;-0.0014940711;0.33693281
0.064478263;-0.0014940711;0.33693281
0.064478263;0.00048221345;0.33693281
0.064478263;-0.0014940711;0.34483793
0.064478263;-0.0014940711;0.33693281
0.064478263;0.00048221345;0.34483793
0.064478263;-0.0014940711;0.34483793
0.062501974;0.00048221345;0.33693281
0.062501974;-0.0014940711;0.34483793
0.062501974;-0.0014940711;0.33693281
0.062501974;-0.0014940711;0.33693281
0.062501974;-0.0014940711;0.33693281
0.062501974;-0.0014940711;0.34483793
0.062501974;-0.0014940711;0.33693281
0.058549408;-0.0034703556;0.33693281
0.060525693;-0.0014940711;0.34483793
0.060525693;-0.0014940711;0.33693281
0.058549408;-0.0034703556;0.33693281
0.058549408;-0.0034703556;0.34483793
0.058549408;-0.0014940711;0.34483793
0.056573123;-0.0034703556;0.34483793
0.056573123;-0.0014940711;0.33693281
0.056573123;-0.0034703556;0.34483793
0.056573123;-0.0014940711;0.34483793
0.054596838;-0.0034703556;0.33693281
0.056573123;-0.0014940711;0.34483793
0.052620552;-0.0034703556;0.34483793
0.052620552;-0.0034703556;0.34483793
0.052620552;-0.0034703556;0.33693281
0.052620552;-0.0034703556;0.33693281
0.050644267;-0.0034703556;0.34483793
0.050644267;-0.0034703556;0.34483793
0.052620552;-0.0054466403;0.34483793
0.050644267;-0.0034703556;0.34483793
0.050644267;-0.0034703556;0.33693281
0.048667986;-0.0034703556;0.33693281
0.048667986;-0.0034703556;0.34483793
0.048667986;-0.0034703556;0.33693281
0.048667986;-0.0054466403;0.34483793
0.048667986;-0.0034703556;0.33693281
0.046691701;-0.0054466403;0.34483793
0.046691701;-0.0054466403;0.34483793
0.044715416;-0.0034703556;0.33693281
0.044715416;-0.0054466403;0.33693281
0.044715416;-0.0054466403;0.34483793
0.042739131;-0.0034703556;0.34483793
0.042739131;-0.0054466403;0.33693281
0.042739131;-0.0054466403;0.33693281
0.042739131;-0.0054466403;0.34483793
0.042739131;-0.0054466403;0.33693281
0.042739131;-0.0054466403;0.34483793
0.040762845;-0.0054466403;0.33693281
0.040762845;-0.0054466403;0.34483793
0.03878656;-0.0054466403;0.33693281
0.040762845;-0.0054466403;0.34483793
0.03878656;-0.0054466403;0.34483793
0.036810275;-0.007422925;0.34483793
0.036810275;-0.0054466403;0.34483793
0.036810275;-0.007422925;0.34483793
0.034833994;-0.007422925;0.33693281
0.034833994;-0.0054466403;0.34483793
0.034833994;-0.0054466403;0.34483793
0.032857709;-0.007422925;0.33693281
0.032857709;-0.0054466403;0.33693281
0.032857709;-0.007422925;0.33693281
0.030881424;-0.007422925;0.34483793
0.030881424;-0.007422925;0.33693281
0.032857709;-0.007422925;0.34483793
0.030881424;-0.007422925;0.34483793
0.030881424;-0.0054466403;0.34483793
0.030881424;-0.007422925;0.33693281
0.030881424;-0.007422925;0.34483793
0.026928853;-0.007422925;0.33693281
0.026928853;-0.007422925;0.33693281
0.026928853;-0.007422925;0.34483793
0.02495257;-0.007422925;0.34483793
0.026928853;-0.007422925;0.34483793
0.02495257;-0.007422925;0.33693281
0.026928853;-0.007422925;0.33693281
0.022976285;-0.007422925;0.33693281
0.02495257;-0.007422925;0.34483793
0.022976285;-0.007422925;0.34483793
0.021;-0.007422925;0.34483793
0.021;-0.0093992092;0.34483793
0.022976285;-0.0093992092;0.33693281
0.021;-0.007422925;0.34483793
0.021;-0.0093992092;0.34483793
0.019023715;-0.0093992092;0.34483793
0.019023715;-0.0093992092;0.34483793
0.019023715;-0.0093992092;0.33693281
0.017047431;-0.0093992092;0.34483793
0.017047431;-0.0093992092;0.34483793
0.017047431;-0.0093992092;0.34483793
0.017047431;-0.0093992092;0.34483793
0.015071146;-0.0093992092;0.34483793
0.015071146;-0.0093992092;0.34483793
0.015071146;-0.0093992092;0.33693281
0.013094862;-0.0093992092;0.34483793
0.013094862;-0.011375494;0.33693281
0.011118577;-0.011375494;0.33693281
0.013094862;-0.0093992092;0.34483793
0.011118577;-0.0093992092;0.34483793
0.0091422927;-0.011375494;0.34483793
0.0091422927;-0.0093992092;0.33693281
0.0051897233;-0.011375494;0.34483793
0.007166008;-0.011375494;0.34483793
0.007166008;-0.011375494;0.33693281
0.007166008;-0.011375494;0.34483793
0.007166008;-0.011375494;0.33693281
0.007166008;-0.011375494;0.34483793
0.007166008;-0.011375494;0.34483793
0.0051897233;-0.011375494;0.33693281
0.0032134387;-0.011375494;0.34483793
0.0051897233;-0.011375494;0.33693281
0.0032134387;-0.011375494;0.33693281
0.0012371541;-0.011375494;0.34483793
0.0032134387;-0.011375494;0.33693281
0.0012371541;-0.011375494;0.34483793
-0.00073913042;-0.011375494;0.34483793
-0.00073913042;-0.011375494;0.34483793
-0.00073913042;-0.011375494;0.33693281
-0.00073913042;-0.011375494;0.34483793
-0.00073913042;-0.011375494;0.33693281
-0.0027154151;-0.011375494;0.33693281
-0.0027154151;-0.011375494;0.33693281
-0.0027154151;-0.011375494;0.33693281
-0.0066679842;-0.011375494;0.33693281
-0.0046916995;-0.011375494;0.33693281
-0.0046916995;-0.013351778;0.33693281
-0.0066679842;-0.013351778;0.33693281
-0.0066679842;-0.011375494;0.33693281
-0.0066679842;-0.013351778;0.33693281
-0.0066679842;-0.013351778;0.34483793
-0.0086442688;-0.013351778;0.34483793
-0.0086442688;-0.013351778;0.34483793
-0.010620553;-0.011375494;0.34483793
-0.0086442688;-0.013351778;0.33693281
-0.0086442688;-0.013351778;0.34483793
-0.010620553;-0.013351778;0.34483793
-0.0086442688;-0.013351778;0.34483793
-0.010620553;-0.013351778;0.34483793
-0.010620553;-0.013351778;0.34483793
-0.010620553;-0.013351778;0.34483793
-0.012596838;-0.013351778;0.34483793
-0.012596838;-0.013351778;0.34483793
-0.012596838;-0.013351778;0.33693281
-0.012596838;-0.013351778;0.34483793
-0.014573122;-0.013351778;0.34483793
-0.014573122;-0.013351778;0.34483793
-0.014573122;-0.013351778;0.34483793
-0.016549407;-0.013351778;0.34483793
-0.014573122;-0.013351778;0.34483793
-0.016549407;-0.015328064;0.34483793
-0.016549407;-0.013351778;0.34483793
-0.016549407;-0.013351778;0.34483793
-0.016549407;-0.013351778;0.33693281
-0.018525692;-0.013351778;0.34483793
-0.018525692;-0.015328064;0.34483793
-0.016549407;-0.015328064;0.34483793
-0.018525692;-0.015328064;0.33693281
-0.020501977;-0.015328064;0.33693281
-0.020501977;-0.013351778;0.33693281
-0.018525692;-0.015328064;0.34483793
-0.020501977;-0.015328064;0.33693281
-0.020501977;-0.015328064;0.33693281
-0.020501977;-0.015328064;0.34483793
-0.020501977;-0.015328064;0.33693281
-0.02247826;-0.015328064;0.33693281
-0.02247826;-0.015328064;0.33693281
-0.02247826;-0.017304348;0.34483793
-0.024454545;-0.015328064;0.33693281
-0.02247826;-0.015328064;0.34483793
-0.024454545;-0.015328064;0.33693281
-0.024454545;-0.015328064;0.34483793
-0.024454545;-0.015328064;0.34483793
-0.024454545;-0.017304348;0.33693281
-0.024454545;-0.015328064;0.33693281
-0.024454545;-0.015328064;0.33693281
-0.02643083;-0.017304348;0.33693281
-0.02643083;-0.017304348;0.33693281
-0.02643083;-0.017304348;0.33693281
-0.02643083;-0.015328064;0.34483793
-0.02643083;-0.015328064;0.34483793
-0.02643083;-0.017304348;0.33693281
-0.028407115;-0.017304348;0.34483793
-0.02643083;-0.017304348;0.33693281
-0.028407115;-0.017304348;0.33693281
-0.028407115;-0.017304348;0.34483793
-0.028407115;-0.017304348;0.33693281
-0.028407115;-0.017304348;0.33693281
-0.028407115;-0.017304348;0.34483793
-0.028407115;-0.017304348;0.33693281
-0.028407115;-0.017304348;0.33693281
-0.030383399;-0.017304348;0.33693281
-0.030383399;-0.017304348;0.33693281
-0.030383399;-0.017304348;0.34483793
-0.030383399;-0.017304348;0.33693281
-0.030383399;-0.017304348;0.33693281
-0.032359682;-0.017304348;0.34483793
-0.032359682;-0.017304348;0.33693281
-0.032359682;-0.019280633;0.33693281
-0.032359682;-0.019280633;0.34483793
-0.030383399;-0.017304348;0.33693281
-0.032359682;-0.017304348;0.33693281
-0.030383399;-0.017304348;0.34483793
-0.030383399;-0.019280633;0.34483793
-0.030383399;-0.017304348;0.33693281
-0.032359682;-0.019280633;0.33693281
-0.032359682;-0.017304348;0.34483793
-0.032359682;-0.017304348;0.34483793
-0.030383399;-0.019280633;0.33693281
-0.032359682;-0.019280633;0.34483793
-0.032359682;-0.017304348;0.34483793
-0.032359682;-0.017304348;0.33693281
-0.032359682;-0.019280633;0.34483793
-0.032359682;-0.019280633;0.33693281
-0.032359682;-0.019280633;0.33693281
-0.032359682;-0.019280633;0.34483793
-0.032359682;-0.019280633;0.34483793
-0.032359682;-0.019280633;0.34483793
-0.032359682;-0.019280633;0.33693281
-0.032359682;-0.019280633;0.34483793
-0.032359682;-0.019280633;0.34483793
-0.032359682;-0.019280633;0.33693281
-0.032359682;-0.019280633;0.33693281
-0.032359682;-0.019280633;0.33693281
-0.032359682;-0.019280633;0.34483793
-0.032359682;-0.019280633;0.33693281
-0.032359682;-0.021256916;0.34483793
-0.032359682;-0.019280633;0.33693281
-0.032359682;-0.019280633;0.34483793
-0.032359682;-0.019280633;0.34483793
-0.030383399;-0.019280633;0.34483793
-0.032359682;-0.019280633;0.34483793
-0.030383399;-0.021256916;0.33693281
-0.032359682;-0.021256916;0.34483793
-0.030383399;-0.019280633;0.34483793
-0.030383399;-0.021256916;0.33693281
-0.028407115;-0.019280633;0.33693281
-0.032359682;-0.021256916;0.33693281
-0.030383399;-0.021256916;0.33693281
-0.030383399;-0.021256916;0.34483793
-0.030383399;-0.019280633;0.33693281
-0.030383399;-0.021256916;0.33693281
-0.030383399;-0.021256916;0.34483793
-0.030383399;-0.019280633;0.34483793
-0.030383399;-0.021256916;0.34483793
-0.030383399;-0.021256916;0.33693281
-0.030383399;-0.021256916;0.34483793
-0.028407115;-0.021256916;0.33693281
-0.030383399;-0.021256916;0.34483793
-0.028407115;-0.019280633;0.34483793
-0.028407115;-0.019280633;0.34483793
-0.028407115;-0.021256916;0.34483793
-0.028407115;-0.021256916;0.33693281
-0.028407115;-0.021256916;0.33693281
-0.02643083;-0.021256916;0.34483793
-0.028407115;-0.021256916;0.34483793
-0.02643083;-0.021256916;0.34483793
-0.02643083;-0.021256916;0.34483793
-0.02643083;-0.021256916;0.33693281
-0.02643083;-0.021256916;0.33693281
-0.024454545;-0.021256916;0.34483793
-0.024454545;-0.021256916;0.33693281
-0.024454545;-0.021256916;0.34483793
-0.024454545;-0.021256916;0.33693281
-0.024454545;-0.021256916;0.33693281
-0.024454545;-0.021256916;0.34483793
-0.024454545;-0.021256916;0.34483793
-0.024454545;-0.021256916;0.34483793
-0.02247826;-0.021256916;0.34483793
-0.02247826;-0.021256916;0.34483793
-0.02247826;-0.021256916;0.34483793
-0.02247826;-0.021256916;0.33693281
-0.02247826;-0.021256916;0.34483793
-0.02247826;-0.023233201;0.34483793
-0.020501977;-0.021256916;0.34483793
-0.020501977;-0.021256916;0.33693281
-0.020501977;-0.021256916;0.33693281
-0.020501977;-0.021256916;0.34483793
-0.020501977;-0.023233201;0.33693281
-0.018525692;-0.021256916;0.33693281
-0.018525692;-0.021256916;0.33693281
-0.018525692;-0.021256916;0.33693281
-0.018525692;-0.023233201;0.33693281
-0.016549407;-0.023233201;0.34483793
-0.018525692;-0.021256916;0.33693281
-0.016549407;-0.023233201;0.34483793
-0.016549407;-0.023233201;0.34483793
-0.014573122;-0.023233201;0.34483793
-0.014573122;-0.023233201;0.34483793
-0.014573122;-0.023233201;0.34483793
-0.012596838;-0.021256916;0.34483793
-0.014573122;-0.021256916;0.34483793
-0.012596838;-0.023233201;0.33693281
-0.012596838;-0.021256916;0.34483793
-0.014573122;-0.021256916;0.33693281
-0.010620553;-0.023233201;0.34483793
-0.010620553;-0.023233201;0.33693281
-0.010620553;-0.023233201;0.34483793
-0.010620553;-0.023233201;0.34483793
-0.010620553;-0.023233201;0.34483793
-0.0086442688;-0.023233201;0.34483793
-0.0086442688;-0.023233201;0.34483793
-0.0086442688;-0.023233201;0.33693281
-0.0086442688;-0.023233201;0.33693281
-0.0066679842;-0.021256916;0.33693281
-0.0066679842;-0.023233201;0.33693281
-0.0086442688;-0.023233201;0.33693281
-0.0046916995;-0.023233201;0.34483793
-0.0046916995;-0.023233201;0.34483793
-0.0046916995;-0.023233201;0.34483793
-0.0046916995;-0.023233201;0.33693281
-0.0046916995;-0.023233201;0.33693281
-0.0046916995;-0.023233201;0.34483793
-0.0027154151;-0.023233201;0.33693281
-0.0027154151;-0.023233201;0.34483793
-0.0027154151;-0.023233201;0.33693281
-0.00073913042;-0.023233201;0.34483793
-0.0027154151;-0.023233201;0.34483793
-0.00073913042;-0.023233201;0.33693281
-0.00073913042;-0.023233201;0.33693281
-0.00073913042;-0.023233201;0.33693281
0.0012371541;-0.023233201;0.34483793
0.0012371541;-0.023233201;0.33693281
0.0012371541;-0.023233201;0.33693281
0.0032134387;-0.023233201;0.34483793
0.0032134387;-0.023233201;0.34483793
0.0051897233;-0.023233201;0.33693281
0.0051897233;-0.025209486;0.34483793
0.0051897233;-0.023233201;0.33693281
0.0051897233;-0.023233201;0.33693281
0.0051897233;-0.025209486;0.33693281
0.007166008;-0.023233201;0.33693281
0.0091422927;-0.025209486;0.34483793
0.007166008;-0.023233201;0.34483793
0.0091422927;-0.023233201;0.33693281
0.0091422927;-0.025209486;0.33693281
0.011118577;-0.025209486;0.34483793
0.011118577;-0.023233201;0.33693281
0.011118577;-0.023233201;0.33693281
0.011118577;-0.025209486;0.33693281
0.011118577;-0.023233201;0.34483793
0.013094862;-0.025209486;0.34483793
0.015071146;-0.023233201;0.33693281
0.015071146;-0.025209486;0.34483793
0.013094862;-0.025209486;0.33693281
0.017047431;-0.025209486;0.33693281
0.017047431;-0.023233201;0.34483793
0.017047431;-0.023233201;0.33693281
0.017047431;-0.025209486;0.33693281
0.017047431;-0.025209486;0.33693281
0.017047431;-0.023233201;0.34483793
0.019023715;-0.025209486;0.33693281
0.019023715;-0.025209486;0.33693281
0.019023715;-0.025209486;0.33693281
0.021;-0.025209486;0.33693281
0.022976285;-0.025209486;0.34483793
0.021;-0.025209486;0.34483793
0.022976285;-0.025209486;0.34483793
0.022976285;-0.025209486;0.34483793
0.022976285;-0.025209486;0.34483793
0.022976285;-0.023233201;0.33693281
0.02495257;-0.025209486;0.34483793
0.02495257;-0.025209486;0.33693281
0.02495257;-0.025209486;0.34483793
0.026928853;-0.023233201;0.34483793
0.026928853;-0.025209486;0.34483793
0.028905138;-0.025209486;0.34483793
0.028905138;-0.025209486;0.33693281
0.028905138;-0.025209486;0.33693281
0.028905138;-0.025209486;0.33693281
0.030881424;-0.025209486;0.34483793
0.030881424;-0.025209486;0.34483793
0.032857709;-0.025209486;0.33693281
0.032857709;-0.025209486;0.34483793
0.032857709;-0.023233201;0.33693281
0.032857709;-0.025209486;0.33693281
0.032857709;-0.025209486;0.33693281
0.034833994;-0.025209486;0.34483793
0.034833994;-0.025209486;0.33693281
0.036810275;-0.025209486;0.34483793
0.036810275;-0.025209486;0.33693281
0.036810275;-0.025209486;0.34483793
0.036810275;-0.023233201;0.33693281
0.03878656;-0.025209486;0.34483793
0.03878656;-0.025209486;0.33693281
0.03878656;-0.025209486;0.33693281
0.03878656;-0.023233201;0.33693281
0.042739131;-0.025209486;0.34483793
0.040762845;-0.025209486;0.33693281
0.040762845;-0.025209486;0.34483793
0.040762845;-0.025209486;0.33693281
0.042739131;-0.025209486;0.33693281
0.042739131;-0.025209486;0.33693281
0.044715416;-0.027185772;0.33693281
0.046691701;-0.027185772;0.34483793
0.044715416;-0.025209486;0.33693281
0.046691701;-0.027185772;0.34483793
0.046691701;-0.025209486;0.33693281
0.046691701;-0.025209486;0.33693281
0.046691701;-0.025209486;0.33693281
0.046691701;-0.025209486;0.33693281
0.048667986;-0.025209486;0.34483793
0.048667986;-0.027185772;0.33693281
0.050644267;-0.025209486;0.33693281
0.050644267;-0.025209486;0.33693281
0.050644267;-0.027185772;0.33693281
0.050644267;-0.025209486;0.34483793
0.052620552;-0.027185772;0.33693281
0.052620552;-0.025209486;0.33693281
0.052620552;-0.027185772;0.33693281
0.054596838;-0.025209486;0.34483793
0.052620552;-0.025209486;0.33693281
0.052620552;-0.027185772;0.33693281
0.054596838;-0.027185772;0.34483793
0.054596838;-0.025209486;0.34483793
0.054596838;-0.025209486;0.34483793
0.056573123;-0.025209486;0.33693281
0.056573123;-0.025209486;0.34483793
0.056573123;-0.027185772;0.33693281
0.056573123;-0.025209486;0.34483793
0.058549408;-0.025209486;0.33693281
0.058549408;-0.025209486;0.34483793
0.058549408;-0.025209486;0.34483793
0.060525693;-0.025209486;0.34483793
0.060525693;-0.025209486;0.34483793
0.060525693;-0.027185772;0.33693281
0.060525693;-0.025209486;0.34483793
0.060525693;-0.025209486;0.34483793
0.062501974;-0.027185772;0.34483793
0.062501974;-0.025209486;0.34483793
0.062501974;-0.025209486;0.34483793
0.062501974;-0.025209486;0.34483793
0.064478263;-0.025209486;0.34483793
0.064478263;-0.025209486;0.34483793
0.064478263;-0.025209486;0.33693281
0.064478263;-0.027185772;0.33693281
0.064478263;-0.025209486;0.33693281
0.064478263;-0.027185772;0.33693281
0.066454545;-0.025209486;0.33693281
0.066454545;-0.025209486;0.34483793
0.066454545;-0.025209486;0.33693281
0.066454545;-0.025209486;0.33693281
0.066454545;-0.025209486;0.33693281
0.068430834;-0.025209486;0.34483793
0.068430834;-0.025209486;0.33693281
0.066454545;-0.025209486;0.33693281
0.068430834;-0.025209486;0.33693281
0.068430834;-0.025209486;0.33693281
0.068430834;-0.025209486;0.34483793
0.070407115;-0.025209486;0.33693281
0.070407115;-0.025209486;0.34483793
0.070407115;-0.027185772;0.33693281
0.072383396;-0.027185772;0.34483793
0.070407115;-0.027185772;0.34483793
0.072383396;-0.025209486;0.33693281
0.072383396;-0.027185772;0.33693281
0.072383396;-0.025209486;0.33693281
0.072383396;-0.025209486;0.34483793
0.074359685;-0.025209486;0.34483793
0.072383396;-0.027185772;0.34483793
0.072383396;-0.025209486;0.34483793
0.072383396;-0.027185772;0.34483793
0.072383396;-0.025209486;0.34483793
0.074359685;-0.025209486;0.34483793
0.074359685;-0.025209486;0.33693281
0.074359685;-0.025209486;0.33693281
0.072383396;-0.027185772;0.33693281
0.074359685;-0.025209486;0.33693281
0.074359685;-0.025209486;0.34483793
0.074359685;-0.025209486;0.34483793
0.076335967;-0.025209486;0.34483793
0.074359685;-0.025209486;0.34483793
0.074359685;-0.027185772;0.34483793
0.076335967;-0.025209486;0.34483793
0.076335967;-0.025209486;0.33693281
0.076335967;-0.027185772;0.33693281
0.076335967;-0.025209486;0.34483793
0.076335967;-0.025209486;0.33693281
0.076335967;-0.025209486;0.33693281
0.076335967;-0.025209486;0.34483793
0.076335967;-0.025209486;0.33693281
0.076335967;-0.025209486;0.33693281
0.076335967;-0.025209486;0.33693281
0.078312255;-0.025209486;0.33693281
0.076335967;-0.027185772;0.34483793
0.076335967;-0.025209486;0.34483793
0.076335967;-0.025209486;0.33693281
0.076335967;-0.025209486;0.34483793
0.078312255;-0.027185772;0.33693281
0.076335967;-0.025209486;0.33693281
0.078312255;-0.025209486;0.34483793
0.078312255;-0.025209486;0.33693281
0.076335967;-0.025209486;0.33693281
0.078312255;-0.025209486;0.33693281
0.076335967;-0.025209486;0.33693281
0.078312255;-0.025209486;0.34483793
0.076335967;-0.025209486;0.33693281
0.076335967;-0.025209486;0.34483793
0.076335967;-0.025209486;0.33693281
0.076335967;-0.025209486;0.33693281
0.076335967;-0.025209486;0.34483793
0.076335967;-0.025209486;0.34483793
0.078312255;-0.025209486;0.33693281
0.078312255;-0.025209486;0.33693281
0.076335967;-0.025209486;0.33693281
0.076335967;-0.025209486;0.34483793
0.076335967;-0.025209486;0.33693281
0.076335967;-0.025209486;0.33693281
0.076335967;-0.023233201;0.34483793
0.074359685;-0.023233201;0.34483793
0.076335967;-0.025209486;0.34483793
0.074359685;-0.025209486;0.33693281
0.076335967;-0.025209486;0.33693281
0.074359685;-0.025209486;0.34483793
0.074359685;-0.025209486;0.33693281
0.076335967;-0.025209486;0.33693281
0.074359685;-0.025209486;0.33693281
0.074359685;-0.023233201;0.33693281
0.074359685;-0.025209486;0.33693281
0.074359685;-0.025209486;0.33693281
0.074359685;-0.025209486;0.34483793
0.074359685;-0.025209486;0.34483793
0.074359685;-0.025209486;0.33693281
0.074359685;-0.025209486;0.34483793
0.074359685;-0.025209486;0.33693281
0.072383396;-0.025209486;0.33693281
0.074359685;-0.023233201;0.33693281
0.072383396;-0.025209486;0.34483793
0.072383396;-0.025209486;0.34483793
0.074359685;-0.025209486;0.34483793
0.072383396;-0.025209486;0.33693281
0.072383396;-0.025209486;0.33693281
0.072383396;-0.025209486;0.34483793
0.072383396;-0.025209486;0.34483793
0.070407115;-0.027185772;0.34483793
0.072383396;-0.025209486;0.33693281
0.072383396;-0.023233201;0.33693281
0.070407115;-0.023233201;0.34483793
0.070407115;-0.023233201;0.34483793
0.070407115;-0.023233201;0.34483793
0.070407115;-0.025209486;0.34483793
0.070407115;-0.023233201;0.34483793
0.070407115;-0.025209486;0.34483793
0.068430834;-0.023233201;0.34483793
0.066454545;-0.023233201;0.33693281
0.068430834;-0.023233201;0.33693281
0.068430834;-0.023233201;0.33693281
0.066454545;-0.023233201;0.33693281
0.066454545;-0.023233201;0.33693281
0.066454545;-0.023233201;0.33693281
0.066454545;-0.023233201;0.33693281
0.066454545;-0.023233201;0.34483793
0.066454545;-0.023233201;0.34483793
0.064478263;-0.023233201;0.34483793
0.064478263;-0.023233201;0.33693281
0.064478263;-0.023233201;0.33693281
0.064478263;-0.025209486;0.33693281
0.064478263;-0.023233201;0.33693281
0.062501974;-0.023233201;0.34483793
0.062501974;-0.025209486;0.33693281
0.062501974;-0.025209486;0.33693281
0.062501974;-0.023233201;0.33693281
0.060525693;-0.023233201;0.33693281
0.062501974;-0.023233201;0.34483793
0.060525693;-0.023233201;0.33693281
0.060525693;-0.023233201;0.34483793
0.058549408;-0.021256916;0.33693281
0.060525693;-0.021256916;0.34483793
0.058549408;-0.023233201;0.34483793
0.058549408;-0.021256916;0.34483793
0.056573123;-0.021256916;0.33693281
0.056573123;-0.023233201;0.33693281
0.056573123;-0.021256916;0.33693281
0.056573123;-0.023233201;0.34483793
0.054596838;-0.021256916;0.34483793
0.056573123;-0.023233201;0.33693281
0.054596838;-0.023233201;0.34483793
0.054596838;-0.023233201;0.33693281
0.054596838;-0.023233201;0.33693281
0.054596838;-0.021256916;0.33693281
0.052620552;-0.021256916;0.33693281
0.052620552;-0.021256916;0.33693281
0.050644267;-0.023233201;0.34483793
0.052620552;-0.023233201;0.34483793
0.050644267;-0.021256916;0.34483793
0.050644267;-0.021256916;0.34483793
0.050644267;-0.023233201;0.33693281
0.048667986;-0.021256916;0.33693281
0.046691701;-0.023233201;0.34483793
0.048667986;-0.021256916;0.33693281
0.046691701;-0.021256916;0.34483793
0.046691701;-0.021256916;0.33693281
0.046691701;-0.021256916;0.33693281
0.044715416;-0.021256916;0.34483793
0.046691701;-0.021256916;0.34483793
0.044715416;-0.021256916;0.33693281
0.044715416;-0.021256916;0.34483793
0.044715416;-0.021256916;0.33693281
0.042739131;-0.021256916;0.34483793
0.042739131;-0.021256916;0.34483793
0.040762845;-0.021256916;0.34483793
0.040762845;-0.021256916;0.33693281
0.040762845;-0.021256916;0.33693281
0.040762845;-0.021256916;0.33693281
0.040762845;-0.021256916;0.33693281
0.03878656;-0.021256916;0.33693281
0.03878656;-0.021256916;0.33693281
0.03878656;-0.021256916;0.34483793
0.036810275;-0.021256916;0.33693281
0.036810275;-0.021256916;0.34483793
0.036810275;-0.021256916;0.34483793
0.034833994;-0.021256916;0.34483793
0.034833994;-0.021256916;0.34483793
0.032857709;-0.021256916;0.33693281
0.032857709;-0.021256916;0.34483793
0.032857709;-0.019280633;0.33693281
0.032857709;-0.019280633;0.33693281
0.032857709;-0.021256916;0.33693281
0.030881424;-0.019280633;0.34483793
0.030881424;-0.019280633;0.33693281
0.028905138;-0.019280633;0.33693281
0.028905138;-0.021256916;0.33693281
0.028905138;-0.019280633;0.33693281
0.028905138;-0.021256916;0.33693281
0.028905138;-0.019280633;0.34483793
0.026928853;-0.019280633;0.34483793
0.026928853;-0.019280633;0.33693281
0.02495257;-0.021256916;0.33693281
0.026928853;-0.019280633;0.34483793
0.02495257;-0.019280633;0.33693281
0.02495257;-0.021256916;0.34483793
0.022976285;-0.019280633;0.34483793
0.022976285;-0.019280633;0.33693281
0.021;-0.019280633;0.33693281
0.021;-0.019280633;0.33693281
0.021;-0.019280633;0.34483793
0.019023715;-0.019280633;0.33693281
0.019023715;-0.019280633;0.33693281
0.019023715;-0.019280633;0.33693281
0.019023715;-0.021256916;0.33693281
0.019023715;-0.019280633;0.33693281
0.017047431;-0.019280633;0.33693281
0.017047431;-0.019280633;0.33693281
0.017047431;-0.019280633;0.34483793
0.017047431;-0.019280633;0.33693281
0.017047431;-0.019280633;0.33693281
0.013094862;-0.019280633;0.33693281
0.015071146;-0.019280633;0.34483793
0.015071146;-0.019280633;0.34483793
0.013094862;-0.019280633;0.33693281
0.013094862;-0.019280633;0.33693281
0.013094862;-0.019280633;0.34483793
0.0091422927;-0.019280633;0.34483793
0.011118577;-0.019280633;0.34483793
0.011118577;-0.019280633;0.33693281
0.007166008;-0.019280633;0.34483793
0.0091422927;-0.019280633;0.34483793
0.007166008;-0.019280633;0.33693281
0.007166008;-0.019280633;0.34483793
0.007166008;-0.019280633;0.34483793
0.007166008;-0.019280633;0.34483793
0.0051897233;-0.017304348;0.33693281
0.0051897233;-0.017304348;0.33693281
0.0051897233;-0.017304348;0.33693281
0.0032134387;-0.017304348;0.33693281
0.0032134387;-0.017304348;0.34483793
0.0012371541;-0.019280633;0.33693281
0.0012371541;-0.017304348;0.34483793
0.0012371541;-0.017304348;0.33693281
0.0032134387;-0.019280633;0.33693281
-0.00073913042;-0.019280633;0.33693281
-0.00073913042;-0.019280633;0.33693281
-0.00073913042;-0.017304348;0.33693281
-0.0027154151;-0.017304348;0.34483793
-0.0027154151;-0.017304348;0.33693281
-0.0027154151;-0.017304348;0.34483793
-0.0027154151;-0.017304348;0.34483793
-0.0046916995;-0.017304348;0.33693281
-0.0046916995;-0.015328064;0.33693281
-0.0066679842;-0.015328064;0.33693281
-0.0066679842;-0.017304348;0.33693281
-0.0066679842;-0.015328064;0.33693281
-0.0066679842;-0.017304348;0.34483793
-0.0066679842;-0.017304348;0.34483793
-0.0086442688;-0.017304348;0.33693281
-0.0086442688;-0.019280633;0.34483793
-0.0086442688;-0.015328064;0.34483793
-0.0086442688;-0.017304348;0.33693281
-0.010620553;-0.017304348;0.33693281
-0.0086442688;-0.015328064;0.33693281
-0.010620553;-0.017304348;0.33693281
-0.010620553;-0.017304348;0.33693281
-0.010620553;-0.015328064;0.34483793
-0.012596838;-0.015328064;0.33693281
-0.012596838;-0.015328064;0.34483793
-0.012596838;-0.015328064;0.33693281
-0.012596838;-0.017304348;0.34483793
-0.012596838;-0.017304348;0.33693281
-0.012596838;-0.015328064;0.34483793
-0.014573122;-0.017304348;0.34483793
-0.014573122;-0.013351778;0.33693281
-0.014573122;-0.015328064;0.34483793
-0.014573122;-0.015328064;0.34483793
-0.016549407;-0.013351778;0.33693281
-0.016549407;-0.015328064;0.34483793
-0.016549407;-0.013351778;0.34483793
-0.018525692;-0.015328064;0.34483793
-0.018525692;-0.015328064;0.33693281
-0.018525692;-0.015328064;0.33693281
-0.018525692;-0.015328064;0.33693281
-0.018525692;-0.015328064;0.34483793
-0.018525692;-0.015328064;0.33693281
-0.020501977;-0.013351778;0.33693281
-0.020501977;-0.013351778;0.34483793
-0.020501977;-0.015328064;0.34483793
-0.020501977;-0.013351778;0.34483793
-0.02247826;-0.015328064;0.33693281
-0.02247826;-0.015328064;0.34483793
-0.02247826;-0.013351778;0.34483793
-0.02247826;-0.013351778;0.33693281
-0.02247826;-0.015328064;0.34483793
-0.02247826;-0.013351778;0.33693281
-0.02247826;-0.013351778;0.33693281
-0.02247826;-0.013351778;0.33693281
-0.024454545;-0.013351778;0.33693281
-0.02247826;-0.013351778;0.33693281
-0.024454545;-0.013351778;0.34483793
-0.02643083;-0.013351778;0.34483793
-0.024454545;-0.013351778;0.33693281
-0.02643083;-0.013351778;0.34483793
-0.02643083;-0.013351778;0.34483793
-0.02643083;-0.013351778;0.34483793
-0.02643083;-0.011375494;0.33693281
-0.02643083;-0.013351778;0.33693281
-0.028407115;-0.013351778;0.33693281
-0.02643083;-0.013351778;0.33693281
-0.028407115;-0.013351778;0.34483793
-0.028407115;-0.013351778;0.34483793
-0.028407115;-0.013351778;0.33693281
-0.028407115;-0.013351778;0.34483793
-0.028407115;-0.013351778;0.34483793
-0.02643083;-0.011375494;0.33693281
-0.028407115;-0.011375494;0.33693281
-0.030383399;-0.011375494;0.33693281
-0.028407115;-0.011375494;0.33693281
-0.028407115;-0.011375494;0.33693281
-0.028407115;-0.011375494;0.33693281
-0.030383399;-0.013351778;0.33693281
-0.030383399;-0.011375494;0.34483793
-0.030383399;-0.011375494;0.33693281
-0.030383399;-0.011375494;0.34483793
-0.030383399;-0.0093992092;0.33693281
-0.030383399;-0.011375494;0.34483793
-0.030383399;-0.011375494;0.34483793
-0.032359682;-0.011375494;0.34483793
-0.030383399;-0.011375494;0.33693281
-0.030383399;-0.011375494;0.34483793
-0.030383399;-0.011375494;0.34483793
-0.032359682;-0.011375494;0.34483793
-0.032359682;-0.011375494;0.33693281
-0.032359682;-0.011375494;0.34483793
-0.032359682;-0.011375494;0.33693281
-0.032359682;-0.0093992092;0.34483793
-0.032359682;-0.0093992092;0.33693281
-0.030383399;-0.011375494;0.34483793
-0.032359682;-0.0093992092;0.33693281
-0.032359682;-0.0093992092;0.34483793
-0.032359682;-0.0093992092;0.33693281
-0.032359682;-0.0093992092;0.34483793
-0.032359682;-0.011375494;0.34483793
-0.032359682;-0.0093992092;0.34483793
-0.032359682;-0.0093992092;0.34483793
-0.032359682;-0.0093992092;0.33693281
-0.032359682;-0.0093992092;0.33693281
-0.032359682;-0.0093992092;0.33693281
-0.032359682;-0.0093992092;0.34483793
-0.032359682;-0.0093992092;0.34483793
-0.032359682;-0.0093992092;0.33693281
-0.032359682;-0.0093992092;0.34483793
-0.032359682;-0.007422925;0.34483793
-0.032359682;-0.0093992092;0.33693281
-0.030383399;-0.007422925;0.34483793
-0.030383399;-0.0093992092;0.33693281
-0.032359682;-0.0093992092;0.33693281
-0.030383399;-0.007422925;0.34483793
-0.032359682;-0.0093992092;0.34483793
-0.032359682;-0.0093992092;0.33693281
-0.030383399;-0.007422925;0.33693281
-0.030383399;-0.007422925;0.33693281
-0.030383399;-0.007422925;0.33693281
-0.030383399;-0.0093992092;0.34483793
-0.028407115;-0.007422925;0.34483793
-0.028407115;-0.007422925;0.33693281
-0.030383399;-0.007422925;0.34483793
-0.028407115;-0.0054466403;0.33693281
-0.030383399;-0.007422925;0.34483793
-0.030383399;-0.007422925;0.33693281
-0.030383399;-0.0054466403;0.34483793
-0.030383399;-0.0054466403;0.34483793
-0.028407115;-0.007422925;0.34483793
-0.028407115;-0.007422925;0.33693281
-0.030383399;-0.0054466403;0.33693281
-0.028407115;-0.0054466403;0.33693281
-0.028407115;-0.0054466403;0.33693281
-0.028407115;-0.0054466403;0.34483793
-0.028407115;-0.0054466403;0.33693281
-0.02643083;-0.0054466403;0.33693281
-0.028407115;-0.0054466403;0.33693281
-0.02643083;-0.0054466403;0.34483793
-0.028407115;-0.0054466403;0.34483793
-0.02643083;-0.0054466403;0.33693281
-0.024454545;-0.0054466403;0.33693281
-0.02643083;-0.0054466403;0.34483793
-0.024454545;-0.0054466403;0.33693281
-0.024454545;-0.0054466403;0.33693281
-0.02247826;-0.0054466403;0.34483793
-0.02247826;-0.0054466403;0.34483793
-0.024454545;-0.0054466403;0.34483793
-0.024454545;-0.0054466403;0.33693281
-0.02247826;-0.0054466403;0.34483793
-0.02247826;-0.0054466403;0.33693281
-0.02247826;-0.0054466403;0.33693281
-0.02247826;-0.0054466403;0.34483793
-0.02247826;-0.0054466403;0.33693281
-0.02247826;-0.0054466403;0.34483793
-0.02247826;-0.0054466403;0.34483793
-0.020501977;-0.0054466403;0.34483793
-0.020501977;-0.0054466403;0.33693281
-0.020501977;-0.0054466403;0.34483793
-0.020501977;-0.0054466403;0.34483793
-0.020501977;-0.0054466403;0.34483793
-0.018525692;-0.0034703556;0.34483793
-0.018525692;-0.0034703556;0.33693281
-0.018525692;-0.0034703556;0.33693281
-0.016549407;-0.0054466403;0.34483793
-0.016549407;-0.0034703556;0.33693281
-0.016549407;-0.0034703556;0.34483793
-0.016549407;-0.0034703556;0.34483793
-0.014573122;-0.0034703556;0.33693281
-0.016549407;-0.0054466403;0.34483793
-0.014573122;-0.0034703556;0.33693281
-0.014573122;-0.0034703556;0.33693281
-0.014573122;-0.0034703556;0.33693281
-0.014573122;-0.0034703556;0.33693281
-0.012596838;-0.0034703556;0.33693281
-0.012596838;-0.0034703556;0.33693281
-0.012596838;-0.0014940711;0.33693281
-0.010620553;-0.0034703556;0.33693281
-0.010620553;-0.0034703556;0.33693281
-0.010620553;-0.0034703556;0.34483793
-0.010620553;-0.0034703556;0.34483793
-0.0086442688;-0.0034703556;0.33693281
-0.0086442688;-0.0034703556;0.33693281
-0.0086442688;-0.0034703556;0.34483793
-0.0086442688;-0.0014940711;0.33693281
-0.0086442688;-0.0034703556;0.34483793
-0.0086442688;-0.0014940711;0.34483793
-0.0066679842;-0.0014940711;0.34483793
-0.0066679842;-0.0014940711;0.34483793
-0.0066679842;-0.0014940711;0.34483793
-0.0066679842;-0.0014940711;0.33693281
-0.0046916995;-0.0014940711;0.33693281
-0.0027154151;-0.0014940711;0.33693281
-0.0046916995;-0.0014940711;0.34483793
-0.0027154151;-0.0014940711;0.34483793
-0.0027154151;-0.0014940711;0.34483793
-0.0027154151;-0.0014940711;0.34483793
-0.00073913042;-0.0014940711;0.33693281
-0.00073913042;0.00048221345;0.34483793
-0.00073913042;-0.0014940711;0.34483793
0.0012371541;-0.0014940711;0.34483793
-0.00073913042;-0.0014940711;0.33693281
-0.00073913042;0.00048221345;0.33693281
0.0012371541;0.00048221345;0.34483793
0.0012371541;0.00048221345;0.33693281
0.0032134387;0.00048221345;0.33693281
0.0032134387;0.00048221345;0.33693281
0.0032134387;0.00048221345;0.34483793
0.0032134387;0.00048221345;0.33693281
0.0032134387;0.00048221345;0.33693281
0.0051897233;0.00048221345;0.33693281
0.0051897233;0.00048221345;0.34483793
0.007166008;0.00048221345;0.34483793
0.0091422927;0.00048221345;0.33693281
0.0091422927;0.00048221345;0.34483793
0.007166008;0.00048221345;0.33693281
0.0091422927;0.00048221345;0.33693281
0.011118577;0.00048221345;0.34483793
0.0091422927;0.00048221345;0.33693281
0.011118577;0.0024584981;0.34483793
0.011118577;0.00048221345;0.33693281
0.013094862;0.00048221345;0.34483793
0.013094862;0.00048221345;0.34483793
0.015071146;0.0024584981;0.34483793
0.015071146;0.0024584981;0.34483793
0.015071146;0.0024584981;0.34483793
0.015071146;0.0024584981;0.33693281
0.015071146;0.0024584981;0.34483793
0.017047431;0.0024584981;0.34483793
0.017047431;0.0024584981;0.34483793
0.017047431;0.0024584981;0.34483793
0.019023715;0.00048221345;0.34483793
0.019023715;0.0024584981;0.33693281
0.019023715;0.0024584981;0.33693281
0.021;0.0024584981;0.34483793
0.021;0.0024584981;0.33693281
0.021;0.0024584981;0.33693281
0.021;0.0024584981;0.33693281
0.022976285;0.0044347825;0.34483793
0.021;0.0044347825;0.34483793
0.022976285;0.0024584981;0.33693281
0.02495257;0.0044347825;0.33693281
0.02495257;0.0044347825;0.34483793
0.026928853;0.0044347825;0.34483793
0.02495257;0.0024584981;0.34483793
0.026928853;0.0044347825;0.34483793
0.026928853;0.0044347825;0.34483793
0.026928853;0.0024584981;0.33693281
0.030881424;0.0044347825;0.33693281
0.028905138;0.0044347825;0.33693281
0.028905138;0.0044347825;0.33693281
0.030881424;0.0064110672;0.33693281
0.032857709;0.0044347825;0.33693281
0.030881424;0.0044347825;0.34483793
0.032857709;0.0064110672;0.34483793
0.032857709;0.0064110672;0.33693281
0.032857709;0.0044347825;0.34483793
0.034833994;0.0044347825;0.34483793
0.032857709;0.0064110672;0.33693281
0.034833994;0.0044347825;0.34483793
0.036810275;0.0064110672;0.33693281
0.036810275;0.0064110672;0.34483793
0.036810275;0.0064110672;0.34483793
0.036810275;0.0064110672;0.34483793
0.03878656;0.0064110672;0.34483793
0.03878656;0.0083873514;0.34483793
0.03878656;0.0064110672;0.34483793
0.03878656;0.0064110672;0.33693281
0.03878656;0.0064110672;0.34483793
0.040762845;0.0064110672;0.34483793
0.042739131;0.0064110672;0.34483793
0.042739131;0.0064110672;0.33693281
0.040762845;0.0064110672;0.34483793
0.042739131;0.0064110672;0.34483793
0.044715416;0.0083873514;0.33693281
0.046691701;0.0064110672;0.34483793
0.046691701;0.0064110672;0.33693281
0.044715416;0.0083873514;0.33693281
0.046691701;0.0083873514;0.33693281
0.048667986;0.0083873514;0.33693281
0.046691701;0.0083873514;0.34483793
0.048667986;0.0083873514;0.33693281
0.050644267;0.0083873514;0.34483793
0.050644267;0.0083873514;0.34483793
0.050644267;0.0083873514;0.33693281
0.050644267;0.010363637;0.34483793
0.052620552;0.0083873514;0.34483793
0.050644267;0.010363637;0.34483793
0.050644267;0.010363637;0.33693281
0.052620552;0.0083873514;0.34483793
0.054596838;0.010363637;0.34483793
0.054596838;0.010363637;0.34483793
0.054596838;0.010363637;0.34483793
0.054596838;0.010363637;0.34483793
0.054596838;0.0083873514;0.34483793
0.054596838;0.010363637;0.33693281
0.056573123;0.010363637;0.33693281
0.056573123;0.010363637;0.33693281
0.056573123;0.010363637;0.33693281
0.058549408;0.010363637;0.34483793
0.056573123;0.010363637;0.33693281
0.058549408;0.010363637;0.33693281
0.058549408;0.010363637;0.33693281
0.060525693;0.010363637;0.34483793
0.058549408;0.010363637;0.33693281
0.060525693;0.012339921;0.34483793
0.060525693;0.010363637;0.34483793
0.060525693;0.012339921;0.33693281
0.062501974;0.010363637;0.34483793
0.062501974;0.010363637;0.34483793
0.062501974;0.012339921;0.33693281
0.062501974;0.012339921;0.34483793
0.064478263;0.012339921;0.33693281
0.064478263;0.012339921;0.34483793
0.064478263;0.010363637;0.34483793
0.064478263;0.012339921;0.34483793
0.064478263;0.012339921;0.34483793
0.064478263;0.012339921;0.33693281
0.064478263;0.012339921;0.34483793
0.066454545;0.012339921;0.34483793
0.064478263;0.012339921;0.33693281
0.066454545;0.012339921;0.34483793
0.066454545;0.012339921;0.33693281
0.068430834;0.014316206;0.33693281
0.066454545;0.012339921;0.33693281
0.068430834;0.014316206;0.34483793
0.066454545;0.012339921;0.34483793
0.068430834;0.012339921;0.34483793
0.068430834;0.014316206;0.33693281
0.068430834;0.014316206;0.34483793
0.070407115;0.014316206;0.34483793
0.068430834;0.014316206;0.34483793
0.070407115;0.012339921;0.33693281
0.072383396;0.014316206;0.34483793
0.072383396;0.014316206;0.34483793
0.072383396;0.014316206;0.33693281
0.070407115;0.014316206;0.33693281
0.072383396;0.01629249;0.33693281
0.072383396;0.01629249;0.33693281
0.074359685;0.01629249;0.34483793
0.072383396;0.01629249;0.34483793
0.072383396;0.01629249;0.33693281
0.074359685;0.01629249;0.33693281
0.074359685;0.01629249;0.33693281
0.072383396;0.01629249;0.33693281
0.074359685;0.01629249;0.34483793
0.072383396;0.014316206;0.33693281
0.074359685;0.01629249;0.34483793
0.074359685;0.01629249;0.33693281
0.074359685;0.018268775;0.33693281
0.074359685;0.01629249;0.34483793
0.076335967;0.018268775;0.34483793
0.076335967;0.018268775;0.34483793
0.076335967;0.018268775;0.33693281
0.076335967;0.01629249;0.33693281
0.076335967;0.018268775;0.34483793
0.076335967;0.01629249;0.34483793
0.076335967;0.018268775;0.34483793
0.076335967;0.018268775;0.34483793
0.076335967;0.01629249;0.34483793
0.076335967;0.018268775;0.33693281
0.076335967;0.018268775;0.34483793
0.076335967;0.018268775;0.34483793
0.076335967;0.020245058;0.33693281
0.076335967;0.018268775;0.34483793
0.078312255;0.018268775;0.34483793
0.076335967;0.018268775;0.34483793
0.078312255;0.018268775;0.33693281
0.078312255;0.018268775;0.35274309
0.078312255;0.018268775;0.33693281
0.078312255;0.018268775;0.34483793
0.078312255;0.018268775;0.33693281
0.078312255;0.020245058;0.33693281
0.078312255;0.020245058;0.33693281
0.078312255;0.020245058;0.34483793
0.078312255;0.018268775;0.33693281
0.078312255;0.018268775;0.34483793
0.078312255;0.020245058;0.34483793
0.078312255;0.020245058;0.34483793
0.078312255;0.020245058;0.34483793
0.076335967;0.020245058;0.34483793
0.078312255;0.020245058;0.33693281
0.076335967;0.018268775;0.33693281
0.078312255;0.020245058;0.33693281
0.076335967;0.020245058;0.33693281
0.076335967;0.020245058;0.34483793
0.078312255;0.020245058;0.33693281
0.076335967;0.020245058;0.34483793
0.078312255;0.020245058;0.34483793
0.078312255;0.020245058;0.34483793
0.076335967;0.022221344;0.34483793
0.076335967;0.020245058;0.33693281
0.076335967;0.022221344;0.33693281
0.076335967;0.022221344;0.33693281
0.074359685;0.022221344;0.34483793
0.076335967;0.022221344;0.34483793
0.074359685;0.022221344;0.34483793
0.076335967;0.022221344;0.34483793
0.074359685;0.022221344;0.33693281
0.076335967;0.022221344;0.34483793
0.074359685;0.022221344;0.34483793
0.074359685;0.022221344;0.33693281
0.076335967;0.022221344;0.33693281
0.074359685;0.022221344;0.34483793
0.072383396;0.022221344;0.34483793
0.074359685;0.024197629;0.34483793
0.074359685;0.024197629;0.34483793
0.072383396;0.024197629;0.34483793
0.072383396;0.022221344;0.34483793
0.074359685;0.024197629;0.33693281
0.074359685;0.024197629;0.34483793
0.072383396;0.024197629;0.33693281
0.072383396;0.022221344;0.34483793
0.072383396;0.024197629;0.34483793
0.072383396;0.024197629;0.33693281
0.070407115;0.024197629;0.34483793
0.070407115;0.026173914;0.34483793
0.072383396;0.026173914;0.33693281
0.068430834;0.024197629;0.34483793
0.068430834;0.026173914;0.34483793
0.070407115;0.026173914;0.34483793
0.068430834;0.024197629;0.33693281
0.068430834;0.026173914;0.34483793
0.068430834;0.024197629;0.34483793
0.070407115;0.026173914;0.33693281
0.068430834;0.026173914;0.33693281
0.068430834;0.024197629;0.34483793
0.066454545;0.026173914;0.33693281
0.066454545;0.024197629;0.34483793
0.066454545;0.026173914;0.33693281
0.066454545;0.026173914;0.34483793
0.066454545;0.026173914;0.34483793
0.064478263;0.026173914;0.33693281
0.064478263;0.026173914;0.34483793
0.064478263;0.026173914;0.33693281
0.062501974;0.026173914;0.33693281
0.062501974;0.026173914;0.34483793
0.062501974;0.026173914;0.34483793
0.062501974;0.026173914;0.34483793
0.062501974;0.026173914;0.33693281
0.062501974;0.026173914;0.34483793
0.062501974;0.026173914;0.34483793
0.060525693;0.028150197;0.34483793
0.060525693;0.028150197;0.33693281
0.060525693;0.028150197;0.33693281
0.060525693;0.026173914;0.32902768
0.060525693;0.028150197;0.33693281
0.058549408;0.028150197;0.33693281
0.058549408;0.028150197;0.34483793
0.058549408;0.028150197;0.34483793
0.056573123;0.028150197;0.33693281
0.056573123;0.028150197;0.33693281
0.056573123;0.028150197;0.34483793
0.054596838;0.028150197;0.34483793
0.054596838;0.028150197;0.34483793
0.054596838;0.030126482;0.34483793
0.054596838;0.030126482;0.33693281
0.054596838;0.028150197;0.33693281
0.052620552;0.030126482;0.34483793
0.052620552;0.030126482;0.33693281
0.052620552;0.028150197;0.34483793
0.052620552;0.030126482;0.34483793
0.050644267;0.030126482;0.33693281
0.050644267;0.030126482;0.33693281
0.050644267;0.030126482;0.33693281
0.050644267;0.030126482;0.34483793
0.048667986;0.030126482;0.33693281
0.048667986;0.030126482;0.33693281
0.048667986;0.030126482;0.34483793
0.046691701;0.030126482;0.33693281
0.048667986;0.032102767;0.34483793
0.046691701;0.032102767;0.34483793
0.046691701;0.032102767;0.33693281
0.044715416;0.032102767;0.33693281
0.044715416;0.032102767;0.33693281
0.042739131;0.032102767;0.34483793
0.042739131;0.030126482;0.34483793
0.042739131;0.032102767;0.34483793
0.042739131;0.032102767;0.34483793
0.042739131;0.032102767;0.34483793
0.042739131;0.032102767;0.32902768
0.040762845;0.032102767;0.33693281
0.040762845;0.032102767;0.34483793
0.03878656;0.032102767;0.33693281
0.03878656;0.034079053;0.33693281
0.03878656;0.034079053;0.34483793
0.036810275;0.034079053;0.34483793
0.036810275;0.034079053;0.33693281
0.03878656;0.032102767;0.33693281
0.036810275;0.032102767;0.33693281
0.036810275;0.034079053;0.33693281
0.034833994;0.034079053;0.34483793
0.034833994;0.032102767;0.33693281
0.032857709;0.034079053;0.34483793
0.032857709;0.034079053;0.34483793
0.030881424;0.034079053;0.33693281
0.032857709;0.034079053;0.33693281
0.032857709;0.034079053;0.33693281
0.030881424;0.034079053;0.33693281
0.030881424;0.034079053;0.34483793
0.030881424;0.034079053;0.34483793
0.030881424;0.034079053;0.34483793
0.028905138;0.036055338;0.35274309
0.026928853;0.034079053;0.34483793
0.02495257;0.036055338;0.34483793
0.02495257;0.036055338;0.33693281
0.026928853;0.036055338;0.33693281
0.02495257;0.036055338;0.34483793
0.022976285;0.034079053;0.34483793
0.022976285;0.036055338;0.34483793
0.022976285;0.036055338;0.33693281
0.022976285;0.036055338;0.34483793
0.022976285;0.036055338;0.34483793
0.022976285;0.036055338;0.33693281
0.021;0.036055338;0.34483793
0.019023715;0.036055338;0.34483793
0.021;0.036055338;0.33693281
0.019023715;0.036055338;0.34483793
0.017047431;0.036055338;0.34483793
0.019023715;0.036055338;0.34483793
0.019023715;0.036055338;0.33693281
0.017047431;0.038031619;0.34483793
0.015071146;0.036055338;0.33693281
0.017047431;0.038031619;0.33693281
0.015071146;0.038031619;0.33693281
0.015071146;0.038031619;0.33693281
0.015071146;0.038031619;0.34483793
0.015071146;0.038031619;0.33693281
0.013094862;0.038031619;0.33693281
0.013094862;0.038031619;0.34483793
0.011118577;0.038031619;0.33693281
0.011118577;0.038031619;0.33693281
0.0091422927;0.038031619;0.33693281
0.0091422927;0.038031619;0.34483793
0.011118577;0.038031619;0.34483793
0.007166008;0.038031619;0.34483793
0.007166008;0.038031619;0.33693281
0.007166008;0.038031619;0.33693281
0.007166008;0.040007904;0.33693281
0.0051897233;0.038031619;0.33693281
0.0051897233;0.040007904;0.33693281
0.0051897233;0.040007904;0.34483793
0.0051897233;0.040007904;0.33693281
0.0032134387;0.040007904;0.34483793
0.0032134387;0.038031619;0.33693281
0.0032134387;0.040007904;0.32902768
0.0012371541;0.040007904;0.34483793
0.0012371541;0.038031619;0.34483793
0.0012371541;0.040007904;0.33693281
-0.00073913042;0.040007904;0.33693281
-0.00073913042;0.040007904;0.33693281
-0.00073913042;0.040007904;0.33693281
-0.0027154151;0.040007904;0.33693281
-0.0027154151;0.040007904;0.34483793
-0.0046916995;0.041984189;0.34483793
-0.0046916995;0.041984189;0.34483793
-0.0046916995;0.041984189;0.34483793
-0.0046916995;0.041984189;0.33693281
-0.0066679842;0.040007904;0.34483793
-0.0066679842;0.041984189;0.34483793
-0.0066679842;0.040007904;0.34483793
-0.0066679842;0.041984189;0.33693281
-0.0066679842;0.041984189;0.34483793
-0.0066679842;0.041984189;0.34483793
-0.0086442688;0.041984189;0.33693281
-0.0086442688;0.041984189;0.33693281
-0.0086442688;0.041984189;0.34483793
-0.010620553;0.041984189;0.33693281
-0.010620553;0.041984189;0.34483793
-0.010620553;0.041984189;0.34483793
-0.010620553;0.041984189;0.34483793
-0.012596838;0.041984189;0.34483793
-0.012596838;0.043960474;0.33693281
-0.012596838;0.041984189;0.34483793
-0.014573122;0.041984189;0.33693281
-0.012596838;0.041984189;0.34483793
-0.012596838;0.041984189;0.33693281
-0.014573122;0.043960474;0.33693281
-0.014573122;0.043960474;0.33693281
-0.016549407;0.041984189;0.33693281
-0.014573122;0.041984189;0.33693281
-0.014573122;0.041984189;0.33693281
-0.016549407;0.043960474;0.34483793
-0.016549407;0.041984189;0.34483793
-0.016549407;0.041984189;0.34483793
-0.016549407;0.043960474;0.34483793
-0.018525692;0.043960474;0.34483793
-0.018525692;0.043960474;0.34483793
-0.018525692;0.041984189;0.34483793
-0.020501977;0.043960474;0.33693281
-0.020501977;0.043960474;0.34483793
-0.020501977;0.043960474;0.34483793
-0.02247826;0.043960474;0.33693281
-0.020501977;0.043960474;0.34483793
-0.02247826;0.04593676;0.34483793
-0.02247826;0.04593676;0.34483793
-0.02247826;0.04593676;0.34483793
-0.02247826;0.04593676;0.34483793
-0.02247826;0.043960474;0.34483793
-0.024454545;0.043960474;0.33693281
-0.02247826;0.043960474;0.34483793
-0.024454545;0.043960474;0.34483793
-0.024454545;0.04593676;0.34483793
-0.02247826;0.043960474;0.34483793
-0.024454545;0.043960474;0.34483793
-0.02643083;0.04593676;0.34483793
-0.024454545;0.043960474;0.34483793
-0.02643083;0.04593676;0.33693281
-0.02643083;0.04593676;0.34483793
-0.02643083;0.047913045;0.34483793
-0.02643083;0.04593676;0.34483793
-0.02643083;0.047913045;0.34483793
-0.02643083;0.047913045;0.34483793
-0.02643083;0.047913045;0.33693281
-0.028407115;0.047913045;0.33693281
-0.028407115;0.04593676;0.34483793
-0.028407115;0.047913045;0.33693281
-0.028407115;0.047913045;0.34483793
-0.028407115;0.047913045;0.33693281
-0.028407115;0.04593676;0.34483793
-0.028407115;0.047913045;0.33693281
-0.028407115;0.043960474;0.33693281
-0.028407115;0.047913045;0.33693281
-0.030383399;0.047913045;0.33693281
-0.028407115;0.047913045;0.34483793
-0.028407115;0.047913045;0.34483793
-0.030383399;0.047913045;0.34483793
-0.030383399;0.047913045;0.33693281
-0.030383399;0.04988933;0.33693281
-0.032359682;0.047913045;0.34483793
-0.030383399;0.047913045;0.33693281
-0.030383399;0.047913045;0.34483793
-0.032359682;0.047913045;0.33693281
-0.032359682;0.047913045;0.34483793
-0.030383399;0.047913045;0.33693281
-0.032359682;0.047913045;0.33693281
-0.032359682;0.04988933;0.33693281
-0.032359682;0.04988933;0.33693281
-0.032359682;0.047913045;0.34483793
-0.032359682;0.04988933;0.34483793
-0.034335967;0.04988933;0.34483793
-0.032359682;0.047913045;0.34483793
-0.032359682;0.04988933;0.34483793
-0.032359682;0.04988933;0.33693281
-0.032359682;0.04988933;0.34483793
-0.032359682;0.04988933;0.33693281
-0.032359682;0.04988933;0.34483793
-0.032359682;0.04988933;0.33693281
-0.032359682;0.04988933;0.33693281
-0.032359682;0.04988933;0.33693281
-0.034335967;0.04988933;0.34483793
-0.032359682;0.04988933;0.34483793
-0.032359682;0.04988933;0.33693281
-0.030383399;0.04988933;0.33693281
-0.032359682;0.04988933;0.34483793
-0.032359682;0.04988933;0.34483793
-0.032359682;0.04988933;0.33693281
-0.032359682;0.04988933;0.34483793
-0.032359682;0.051865611;0.33693281
-0.032359682;0.051865611;0.33693281
-0.030383399;0.04988933;0.34483793
-0.030383399;0.04988933;0.34483793
-0.032359682;0.051865611;0.34483793
-0.030383399;0.051865611;0.33693281
-0.030383399;0.051865611;0.34483793
-0.032359682;0.051865611;0.34483793
-0.030383399;0.051865611;0.33693281
-0.030383399;0.051865611;0.34483793
-0.030383399;0.053841896;0.34483793
-0.030383399;0.051865611;0.33693281
-0.028407115;0.051865611;0.33693281
-0.028407115;0.053841896;0.34483793
-0.028407115;0.051865611;0.33693281
-0.030383399;0.051865611;0.33693281
-0.028407115;0.051865611;0.34483793
-0.028407115;0.053841896;0.33693281
-0.030383399;0.051865611;0.33693281
-0.028407115;0.053841896;0.34483793
-0.028407115;0.053841896;0.32902768
-0.030383399;0.053841896;0.33693281
-0.02643083;0.053841896;0.34483793
-0.02643083;0.051865611;0.33693281
-0.028407115;0.053841896;0.34483793
-0.02643083;0.051865611;0.34483793
-0.028407115;0.053841896;0.33693281
-0.02643083;0.053841896;0.34483793
-0.02643083;0.053841896;0.33693281
-0.02643083;0.053841896;0.34483793
-0.024454545;0.053841896;0.34483793
-0.02643083;0.053841896;0.34483793
-0.024454545;0.053841896;0.34483793
-0.024454545;0.053841896;0.34483793
-0.024454545;0.053841896;0.34483793
-0.024454545;0.053841896;0.34483793
-0.02247826;0.053841896;0.33693281
-0.02247826;0.053841896;0.33693281
-0.024454545;0.053841896;0.34483793
-0.02247826;0.051865611;0.34483793
-0.02247826;0.053841896;0.34483793
-0.02247826;0.053841896;0.33693281
-0.02247826;0.055818181;0.34483793
-0.02247826;0.055818181;0.34483793
-0.02247826;0.053841896;0.34483793
-0.020501977;0.055818181;0.34483793
-0.020501977;0.055818181;0.34483793
-0.020501977;0.053841896;0.33693281
-0.018525692;0.055818181;0.34483793
-0.018525692;0.055818181;0.34483793
-0.018525692;0.055818181;0.34483793
-0.018525692;0.053841896;0.33693281
-0.018525692;0.055818181;0.33693281
-0.016549407;0.055818181;0.34483793
-0.016549407;0.057794467;0.34483793
-0.016549407;0.055818181;0.33693281
-0.014573122;0.055818181;0.33693281
-0.014573122;0.055818181;0.33693281
-0.014573122;0.055818181;0.34483793
-0.014573122;0.057794467;0.33693281
-0.012596838;0.055818181;0.33693281
-0.012596838;0.055818181;0.33693281
-0.014573122;0.055818181;0.33693281
-0.012596838;0.055818181;0.34483793
-0.012596838;0.057794467;0.33693281
-0.010620553;0.055818181;0.34483793
-0.012596838;0.057794467;0.33693281
-0.010620553;0.057794467;0.33693281
-0.012596838;0.057794467;0.34483793
-0.010620553;0.057794467;0.34483793
-0.0086442688;0.057794467;0.34483793
-0.010620553;0.057794467;0.34483793
-0.010620553;0.057794467;0.34483793
-0.0086442688;0.057794467;0.33693281
-0.0086442688;0.057794467;0.33693281
-0.0066679842;0.057794467;0.33693281
-0.0066679842;0.057794467;0.33693281
-0.0086442688;0.057794467;0.33693281
-0.0066679842;0.055818181;0.33693281
-0.0046916995;0.059770752;0.34483793
-0.0066679842;0.059770752;0.33693281
-0.0046916995;0.057794467;0.33693281
-0.0027154151;0.059770752;0.33693281
-0.0027154151;0.059770752;0.33693281
-0.0046916995;0.059770752;0.33693281
-0.00073913042;0.059770752;0.34483793
-0.0027154151;0.059770752;0.34483793
-0.0027154151;0.057794467;0.34483793
-0.00073913042;0.059770752;0.34483793
-0.00073913042;0.057794467;0.33693281
-0.00073913042;0.057794467;0.34483793
-0.00073913042;0.059770752;0.33693281
0.0032134387;0.057794467;0.33693281
0.0012371541;0.059770752;0.34483793
0.0032134387;0.057794467;0.33693281
0.0032134387;0.057794467;0.34483793
0.0051897233;0.057794467;0.33693281
0.0051897233;0.059770752;0.34483793
0.0051897233;0.059770752;0.33693281
0.0051897233;0.057794467;0.33693281
0.0051897233;0.059770752;0.34483793
0.007166008;0.059770752;0.34483793
0.007166008;0.059770752;0.33693281
0.0091422927;0.057794467;0.34483793
0.0091422927;0.061747037;0.34483793
0.011118577;0.059770752;0.33693281
0.011118577;0.061747037;0.34483793
0.011118577;0.059770752;0.33693281
0.011118577;0.059770752;0.34483793
0.011118577;0.059770752;0.33693281
0.013094862;0.059770752;0.34483793
0.011118577;0.061747037;0.34483793
0.015071146;0.061747037;0.34483793
0.015071146;0.061747037;0.34483793
0.015071146;0.061747037;0.34483793
0.015071146;0.061747037;0.33693281
0.017047431;0.059770752;0.34483793
0.017047431;0.061747037;0.34483793
0.017047431;0.061747037;0.35274309
0.019023715;0.061747037;0.33693281
0.019023715;0.061747037;0.34483793
0.019023715;0.059770752;0.34483793
0.019023715;0.061747037;0.34483793
0.021;0.061747037;0.34483793
0.021;0.059770752;0.33693281
0.021;0.061747037;0.33693281
0.022976285;0.061747037;0.33693281
0.022976285;0.061747037;0.34483793
0.022976285;0.061747037;0.34483793
0.02495257;0.061747037;0.34483793
0.02495257;0.061747037;0.33693281
0.026928853;0.061747037;0.34483793
0.026928853;0.061747037;0.33693281
0.026928853;0.061747037;0.33693281
0.028905138;0.061747037;0.34483793
0.026928853;0.061747037;0.34483793
0.028905138;0.061747037;0.33693281
0.030881424;0.061747037;0.33693281
0.028905138;0.061747037;0.33693281
0.030881424;0.061747037;0.33693281
0.032857709;0.061747037;0.33693281
0.030881424;0.061747037;0.34483793
0.030881424;0.061747037;0.33693281
0.030881424;0.061747037;0.34483793
0.034833994;0.061747037;0.33693281
0.032857709;0.061747037;0.33693281
0.032857709;0.061747037;0.34483793
0.034833994;0.063723318;0.35274309
0.034833994;0.061747037;0.33693281
0.036810275;0.061747037;0.34483793
0.03878656;0.061747037;0.33693281
0.036810275;0.061747037;0.33693281
0.03878656;0.061747037;0.33693281
0.03878656;0.061747037;0.33693281
0.03878656;0.063723318;0.33693281
0.040762845;0.063723318;0.33693281
0.040762845;0.063723318;0.34483793
0.040762845;0.065699607;0.34483793
0.040762845;0.063723318;0.34483793
0.042739131;0.063723318;0.33693281
0.042739131;0.063723318;0.34483793
0.044715416;0.063723318;0.33693281
0.044715416;0.063723318;0.33693281
0.046691701;0.065699607;0.34483793
0.046691701;0.065699607;0.34483793
0.046691701;0.063723318;0.34483793
0.044715416;0.063723318;0.33693281
0.048667986;0.065699607;0.34483793
0.046691701;0.063723318;0.34483793
0.046691701;0.065699607;0.33693281
0.048667986;0.063723318;0.34483793
0.048667986;0.063723318;0.34483793
0.048667986;0.063723318;0.34483793
0.052620552;0.065699607;0.34483793
0.050644267;0.063723318;0.33693281
0.052620552;0.065699607;0.34483793
0.052620552;0.065699607;0.33693281
0.052620552;0.065699607;0.34483793
0.052620552;0.065699607;0.33693281
0.052620552;0.065699607;0.33693281
0.054596838;0.065699607;0.33693281
0.054596838;0.065699607;0.34483793
0.054596838;0.065699607;0.34483793
0.054596838;0.065699607;0.33693281
0.056573123;0.065699607;0.33693281
0.056573123;0.063723318;0.33693281
0.056573123;0.065699607;0.34483793
0.056573123;0.065699607;0.33693281
0.058549408;0.065699607;0.33693281
0.056573123;0.065699607;0.34483793
0.058549408;0.065699607;0.33693281
0.058549408;0.065699607;0.33693281
0.060525693;0.065699607;0.34483793
0.060525693;0.065699607;0.33693281
0.060525693;0.065699607;0.34483793
0.062501974;0.065699607;0.33693281
0.062501974;0.065699607;0.33693281
0.062501974;0.065699607;0.33693281
0.062501974;0.065699607;0.34483793
0.064478263;0.065699607;0.34483793
0.064478263;0.065699607;0.34483793
0.062501974;0.065699607;0.33693281
0.064478263;0.065699607;0.34483793
0.062501974;0.065699607;0.34483793
0.064478263;0.067675889;0.33693281
0.064478263;0.067675889;0.33693281
0.066454545;0.065699607;0.33693281
0.066454545;0.065699607;0.34483793
0.066454545;0.067675889;0.34483793
0.066454545;0.065699607;0.33693281
0.066454545;0.065699607;0.34483793
0.066454545;0.065699607;0.33693281
0.066454545;0.065699607;0.33693281
0.070407115;0.067675889;0.34483793
0.068430834;0.065699607;0.33693281
0.068430834;0.067675889;0.34483793
0.068430834;0.065699607;0.33693281
0.068430834;0.067675889;0.34483793
0.068430834;0.067675889;0.34483793
0.068430834;0.067675889;0.34483793
0.070407115;0.065699607;0.34483793
0.070407115;0.065699607;0.33693281
0.070407115;0.065699607;0.34483793
0.070407115;0.065699607;0.34483793
0.072383396;0.067675889;0.34483793
0.072383396;0.065699607;0.34483793
0.072383396;0.067675889;0.34483793
0.072383396;0.067675889;0.34483793
0.072383396;0.067675889;0.33693281
0.072383396;0.067675889;0.34483793
0.074359685;0.065699607;0.33693281
0.072383396;0.067675889;0.33693281
0.074359685;0.067675889;0.34483793
0.074359685;0.067675889;0.34483793
0.076335967;0.067675889;0.34483793
0.074359685;0.067675889;0.33693281
0.074359685;0.067675889;0.34483793
0.074359685;0.067675889;0.34483793
0.074359685;0.067675889;0.33693281
0.076335967;0.065699607;0.34483793
0.076335967;0.067675889;0.33693281
0.076335967;0.067675889;0.34483793
0.076335967;0.067675889;0.33693281
0.076335967;0.067675889;0.34483793
0.074359685;0.067675889;0.34483793
0.076335967;0.067675889;0.34483793
0.078312255;0.067675889;0.34483793
0.076335967;0.067675889;0.34483793
0.076335967;0.067675889;0.34483793
0.076335967;0.067675889;0.34483793
0.078312255;0.067675889;0.34483793
0.076335967;0.067675889;0.34483793
0.078312255;0.067675889;0.34483793
0.078312255;0.065699607;0.33693281
0.076335967;0.065699607;0.33693281
0.078312255;0.067675889;0.33693281
0.076335967;0.067675889;0.33693281
0.078312255;0.067675889;0.33693281
0.078312255;0.067675889;0.34483793
0.078312255;0.067675889;0.33693281
0.076335967;0.069652177;0.34483793
0.076335967;0.067675889;0.34483793
0.078312255;0.067675889;0.33693281
0.078312255;0.067675889;0.33693281
0.076335967;0.067675889;0.34483793
0.078312255;0.069652177;0.34483793
0.076335967;0.067675889;0.33693281
0.078312255;0.067675889;0.33693281
0.078312255;0.067675889;0.34483793
0.076335967;0.067675889;0.34483793
0.076335967;0.067675889;0.34483793
0.078312255;0.067675889;0.33693281
0.076335967;0.067675889;0.34483793
0.078312255;0.067675889;0.34483793
0.076335967;0.067675889;0.34483793
0.076335967;0.067675889;0.33693281
0.076335967;0.069652177;0.33693281
0.076335967;0.067675889;0.34483793
0.076335967;0.067675889;0.33693281
0.076335967;0.067675889;0.34483793
0.076335967;0.067675889;0.34483793
0.074359685;0.069652177;0.33693281
0.076335967;0.067675889;0.33693281
0.076335967;0.067675889;0.33693281
0.074359685;0.067675889;0.34483793
0.074359685;0.069652177;0.33693281
0.074359685;0.069652177;0.33693281
0.074359685;0.067675889;0.33693281
0.074359685;0.067675889;0.33693281
0.074359685;0.069652177;0.33693281
0.074359685;0.067675889;0.34483793
0.074359685;0.067675889;0.33693281
0.074359685;0.069652177;0.33693281
0.074359685;0.067675889;0.34483793
0.074359685;0.067675889;0.33693281
0.072383396;0.067675889;0.34483793
0.072383396;0.067675889;0.34483793
0.072383396;0.067675889;0.33693281
0.072383396;0.069652177;0.33693281
0.072383396;0.069652177;0.33693281
0.072383396;0.067675889;0.34483793
0.072383396;0.067675889;0.33693281
0.070407115;0.067675889;0.34483793
0.072383396;0.069652177;0.33693281
0.070407115;0.067675889;0.34483793
0.070407115;0.069652177;0.34483793
0.072383396;0.069652177;0.34483793
0.070407115;0.067675889;0.34483793
0.070407115;0.069652177;0.33693281
0.070407115;0.067675889;0.33693281
0.068430834;0.069652177;0.34483793
0.068430834;0.069652177;0.33693281
0.068430834;0.067675889;0.34483793
0.068430834;0.069652177;0.34483793
0.066454545;0.069652177;0.33693281
0.066454545;0.069652177;0.33693281
0.068430834;0.069652177;0.33693281
0.066454545;0.069652177;0.33693281
0.066454545;0.067675889;0.33693281
0.064478263;0.067675889;0.34483793
0.064478263;0.069652177;0.34483793
0.064478263;0.069652177;0.34483793
0.064478263;0.069652177;0.33693281
0.064478263;0.067675889;0.33693281
0.062501974;0.069652177;0.33693281
0.062501974;0.067675889;0.34483793
0.062501974;0.069652177;0.34483793
0.062501974;0.069652177;0.33693281
0.062501974;0.069652177;0.34483793
0.062501974;0.069652177;0.34483793
0.058549408;0.069652177;0.34483793
0.058549408;0.069652177;0.34483793
0.058549408;0.069652177;0.34483793
0.058549408;0.067675889;0.33693281
0.060525693;0.069652177;0.34483793
0.058549408;0.069652177;0.34483793
0.058549408;0.069652177;0.33693281
0.058549408;0.069652177;0.33693281
0.056573123;0.067675889;0.34483793
0.056573123;0.067675889;0.34483793
0.058549408;0.069652177;0.34483793
0.054596838;0.069652177;0.34483793
0.054596838;0.069652177;0.34483793
0.054596838;0.069652177;0.34483793
0.052620552;0.069652177;0.33693281
0.052620552;0.069652177;0.34483793
0.052620552;0.067675889;0.34483793
0.050644267;0.069652177;0.33693281
0.050644267;0.067675889;0.33693281
0.050644267;0.069652177;0.34483793
0.050644267;0.069652177;0.34483793
0.050644267;0.069652177;0.34483793
0.048667986;0.069652177;0.34483793
0.050644267;0.069652177;0.33693281
0.048667986;0.069652177;0.33693281
0.048667986;0.069652177;0.34483793
0.048667986;0.067675889;0.34483793
0.048667986;0.069652177;0.33693281
0.046691701;0.069652177;0.34483793
0.046691701;0.069652177;0.34483793
0.044715416;0.069652177;0.33693281
0.042739131;0.069652177;0.33693281
0.044715416;0.069652177;0.33693281
0.044715416;0.069652177;0.33693281
0.042739131;0.069652177;0.33693281
0.040762845;0.069652177;0.33693281
0.040762845;0.069652177;0.33693281
0.040762845;0.069652177;0.33693281
0.040762845;0.069652177;0.33693281
0.040762845;0.069652177;0.34483793
0.040762845;0.067675889;0.34483793
0.03878656;0.069652177;0.33693281
0.03878656;0.067675889;0.34483793
0.03878656;0.069652177;0.33693281
0.036810275;0.069652177;0.33693281
0.036810275;0.069652177;0.33693281
0.034833994;0.069652177;0.33693281
0.034833994;0.069652177;0.34483793
0.034833994;0.069652177;0.33693281
0.032857709;0.069652177;0.33693281
0.032857709;0.067675889;0.33693281
0.032857709;0.069652177;0.34483793
0.032857709;0.069652177;0.33693281
0.030881424;0.069652177;0.33693281
0.030881424;0.069652177;0.33693281
0.030881424;0.069652177;0.34483793
0.028905138;0.069652177;0.34483793
0.030881424;0.069652177;0.34483793
0.028905138;0.069652177;0.34483793
0.028905138;0.069652177;0.34483793
0.026928853;0.069652177;0.33693281
0.026928853;0.069652177;0.33693281
0.02495257;0.069652177;0.34483793
0.02495257;0.069652177;0.33693281
0.02495257;0.069652177;0.33693281
0.022976285;0.067675889;0.33693281
0.022976285;0.067675889;0.33693281
0.021;0.069652177;0.33693281
0.022976285;0.069652177;0.33693281
0.021;0.069652177;0.34483793
0.021;0.069652177;0.33693281
0.019023715;0.067675889;0.34483793
0.021;0.069652177;0.34483793
0.019023715;0.069652177;0.34483793
0.019023715;0.069652177;0.33693281
0.019023715;0.069652177;0.33693281
0.017047431;0.069652177;0.34483793
0.017047431;0.067675889;0.34483793
0.017047431;0.069652177;0.34483793
0.017047431;0.069652177;0.33693281
0.013094862;0.069652177;0.33693281
0.013094862;0.069652177;0.34483793
0.015071146;0.067675889;0.33693281
0.015071146;0.067675889;0.33693281
0.013094862;0.067675889;0.33693281
0.011118577;0.067675889;0.34483793
0.011118577;0.069652177;0.34483793
0.013094862;0.067675889;0.34483793
0.0091422927;0.067675889;0.33693281
0.0091422927;0.067675889;0.33693281
0.0091422927;0.067675889;0.34483793
0.0091422927;0.067675889;0.33693281
0.007166008;0.067675889;0.34483793
0.007166008;0.067675889;0.34483793
0.007166008;0.067675889;0.33693281
0.0051897233;0.067675889;0.33693281
0.007166008;0.067675889;0.34483793
0.0051897233;0.067675889;0.33693281
0.0051897233;0.069652177;0.33693281
0.0051897233;0.067675889;0.34483793
0.0012371541;0.067675889;0.34483793
0.0012371541;0.067675889;0.33693281
-0.00073913042;0.069652177;0.34483793
0.0012371541;0.069652177;0.34483793
0.0012371541;0.067675889;0.34483793
-0.00073913042;0.067675889;0.33693281
-0.00073913042;0.067675889;0.34483793
-0.00073913042;0.067675889;0.33693281
-0.0027154151;0.067675889;0.33693281
-0.0027154151;0.067675889;0.34483793
-0.0027154151;0.067675889;0.33693281
-0.0046916995;0.067675889;0.34483793
-0.0027154151;0.069652177;0.34483793
-0.0046916995;0.069652177;0.33693281
-0.0046916995;0.067675889;0.34483793
-0.0066679842;0.067675889;0.34483793
-0.0086442688;0.067675889;0.34483793
-0.0066679842;0.069652177;0.33693281
-0.0086442688;0.069652177;0.34483793
-0.0066679842;0.067675889;0.34483793
-0.0086442688;0.067675889;0.34483793
-0.0086442688;0.067675889;0.33693281
-0.0086442688;0.067675889;0.33693281
-0.010620553;0.067675889;0.34483793
-0.012596838;0.069652177;0.34483793
-0.010620553;0.067675889;0.33693281
-0.010620553;0.067675889;0.33693281
-0.012596838;0.067675889;0.34483793
-0.012596838;0.065699607;0.33693281
-0.012596838;0.067675889;0.33693281
-0.014573122;0.067675889;0.33693281
-0.014573122;0.067675889;0.34483793
-0.014573122;0.069652177;0.33693281
-0.014573122;0.067675889;0.34483793
-0.016549407;0.069652177;0.34483793
-0.016549407;0.067675889;0.34483793
-0.014573122;0.067675889;0.34483793
-0.016549407;0.067675889;0.33693281
-0.018525692;0.067675889;0.33693281
-0.016549407;0.065699607;0.33693281
-0.018525692;0.067675889;0.34483793
-0.018525692;0.067675889;0.34483793
-0.018525692;0.067675889;0.32902768
-0.018525692;0.067675889;0.33693281
-0.020501977;0.067675889;0.34483793
-0.020501977;0.067675889;0.34483793
-0.020501977;0.067675889;0.34483793
-0.020501977;0.067675889;0.33693281
-0.020501977;0.065699607;0.34483793
-0.020501977;0.065699607;0.34483793
-0.02247826;0.065699607;0.33693281
-0.02247826;0.067675889;0.34483793
-0.020501977;0.067675889;0.33693281
-0.02247826;0.067675889;0.34483793
-0.02247826;0.067675889;0.34483793
-0.02247826;0.067675889;0.34483793
-0.024454545;0.067675889;0.34483793
-0.02247826;0.067675889;0.33693281
-0.024454545;0.067675889;0.33693281
-0.024454545;0.067675889;0.34483793
-0.024454545;0.065699607;0.33693281
-0.024454545;0.065699607;0.33693281
-0.02643083;0.067675889;0.34483793
-0.02643083;0.067675889;0.34483793
-0.02643083;0.065699607;0.34483793
-0.024454545;0.065699607;0.33693281
-0.028407115;0.067675889;0.33693281
-0.02643083;0.065699607;0.34483793
-0.028407115;0.065699607;0.33693281
-0.028407115;0.065699607;0.34483793
-0.02643083;0.067675889;0.34483793
-0.030383399;0.065699607;0.33693281
-0.028407115;0.065699607;0.34483793
-0.028407115;0.065699607;0.34483793
-0.028407115;0.067675889;0.34483793
-0.030383399;0.065699607;0.33693281
-0.028407115;0.065699607;0.34483793
-0.028407115;0.065699607;0.34483793
-0.028407115;0.063723318;0.33693281
-0.030383399;0.065699607;0.33693281
-0.030383399;0.065699607;0.33693281
-0.032359682;0.065699607;0.34483793
-0.030383399;0.065699607;0.33693281
-0.032359682;0.065699607;0.33693281
-0.030383399;0.065699607;0.32902768
-0.030383399;0.063723318;0.34483793
-0.030383399;0.065699607;0.33693281
-0.032359682;0.065699607;0.34483793
-0.032359682;0.063723318;0.34483793
-0.032359682;0.065699607;0.33693281
-0.032359682;0.065699607;0.34483793
-0.032359682;0.063723318;0.33693281
-0.032359682;0.065699607;0.34483793
-0.032359682;0.063723318;0.33693281
-0.032359682;0.065699607;0.34483793
-0.032359682;0.063723318;0.34483793
-0.032359682;0.065699607;0.33693281
-0.030383399;0.065699607;0.33693281
-0.032359682;0.065699607;0.34483793
-0.032359682;0.065699607;0.34483793
-0.032359682;0.065699607;0.33693281
-0.030383399;0.065699607;0.33693281
-0.034335967;0.065699607;0.33693281
-0.030383399;0.065699607;0.33693281
-0.032359682;0.063723318;0.34483793
-0.032359682;0.063723318;0.33693281
-0.032359682;0.063723318;0.34483793
-0.032359682;0.065699607;0.34483793
-0.032359682;0.063723318;0.33693281
-0.030383399;0.063723318;0.34483793
-0.032359682;0.063723318;0.33693281
-0.032359682;0.063723318;0.33693281
-0.032359682;0.065699607;0.34483793
-0.032359682;0.061747037;0.33693281
-0.032359682;0.061747037;0.34483793
-0.032359682;0.063723318;0.34483793
-0.030383399;0.063723318;0.34483793
-0.032359682;0.063723318;0.34483793
-0.030383399;0.063723318;0.33693281
-0.030383399;0.063723318;0.33693281
-0.032359682;0.061747037;0.33693281
-0.030383399;0.063723318;0.33693281
-0.030383399;0.063723318;0.33693281
-0.028407115;0.063723318;0.34483793
-0.030383399;0.063723318;0.34483793
-0.028407115;0.063723318;0.33693281
-0.030383399;0.063723318;0.33693281
-0.030383399;0.063723318;0.33693281
-0.028407115;0.063723318;0.34483793
-0.028407115;0.063723318;0.34483793
-0.030383399;0.063723318;0.33693281
-0.030383399;0.061747037;0.34483793
-0.030383399;0.063723318;0.33693281
-0.030383399;0.063723318;0.33693281
-0.028407115;0.061747037;0.33693281
-0.028407115;0.061747037;0.33693281
-0.028407115;0.061747037;0.34483793
-0.028407115;0.061747037;0.34483793
-0.028407115;0.061747037;0.34483793
-0.02643083;0.063723318;0.33693281
-0.02643083;0.061747037;0.34483793
-0.02643083;0.061747037;0.34483793
-0.024454545;0.063723318;0.33693281
-0.02643083;0.061747037;0.33693281
-0.02643083;0.061747037;0.34483793
-0.024454545;0.061747037;0.34483793
-0.024454545;0.063723318;0.33693281
-0.024454545;0.061747037;0.33693281
-0.024454545;0.061747037;0.33693281
-0.024454545;0.059770752;0.33693281
-0.024454545;0.061747037;0.34483793
-0.020501977;0.061747037;0.34483793
-0.02247826;0.061747037;0.34483793
-0.02247826;0.061747037;0.33693281
-0.02247826;0.061747037;0.34483793
-0.020501977;0.061747037;0.34483793
-0.020501977;0.061747037;0.34483793
-0.020501977;0.059770752;0.33693281
-0.020501977;0.061747037;0.33693281
-0.020501977;0.061747037;0.33693281
-0.018525692;0.063723318;0.34483793
-0.018525692;0.059770752;0.34483793
-0.018525692;0.059770752;0.33693281
-0.018525692;0.061747037;0.34483793
-0.016549407;0.061747037;0.33693281
-0.018525692;0.061747037;0.33693281
-0.016549407;0.061747037;0.34483793
-0.016549407;0.061747037;0.34483793
-0.016549407;0.061747037;0.34483793
-0.016549407;0.061747037;0.33693281
-0.016549407;0.061747037;0.34483793
-0.014573122;0.059770752;0.34483793
-0.014573122;0.059770752;0.34483793
-0.012596838;0.059770752;0.34483793
-0.014573122;0.059770752;0.34483793
-0.012596838;0.059770752;0.33693281
-0.012596838;0.059770752;0.33693281
-0.012596838;0.059770752;0.34483793
-0.012596838;0.061747037;0.34483793
-0.010620553;0.059770752;0.33693281
-0.010620553;0.061747037;0.33693281
-0.012596838;0.059770752;0.34483793
-0.0086442688;0.059770752;0.34483793
-0.0086442688;0.059770752;0.34483793
-0.0086442688;0.059770752;0.34483793
-0.0086442688;0.059770752;0.34483793
-0.0086442688;0.059770752;0.34483793
-0.0086442688;0.057794467;0.34483793
-0.0066679842;0.059770752;0.34483793
-0.0066679842;0.059770752;0.34483793
-0.0046916995;0.059770752;0.33693281
-0.0046916995;0.057794467;0.33693281
-0.0046916995;0.057794467;0.34483793
-0.0027154151;0.059770752;0.33693281
-0.0046916995;0.059770752;0.33693281
-0.0046916995;0.059770752;0.33693281
-0.0027154151;0.059770752;0.34483793
-0.0027154151;0.057794467;0.34483793
-0.0027154151;0.057794467;0.33693281
-0.00073913042;0.057794467;0.34483793
-0.00073913042;0.057794467;0.33693281
-0.00073913042;0.059770752;0.33693281
-0.00073913042;0.057794467;0.34483793
0.0012371541;0.057794467;0.33693281
0.0032134387;0.057794467;0.34483793
0.0012371541;0.059770752;0.33693281
0.0032134387;0.057794467;0.34483793
0.0032134387;0.057794467;0.33693281
0.0051897233;0.057794467;0.34483793
0.0051897233;0.057794467;0.33693281
0.0051897233;0.057794467;0.33693281
0.0051897233;0.057794467;0.33693281
0.007166008;0.055818181;0.33693281
0.007166008;0.055818181;0.34483793
0.007166008;0.055818181;0.34483793
0.0091422927;0.057794467;0.34483793
0.0091422927;0.057794467;0.33693281
0.0091422927;0.057794467;0.34483793
0.011118577;0.055818181;0.34483793
0.0091422927;0.055818181;0.34483793
0.011118577;0.055818181;0.33693281
0.013094862;0.055818181;0.34483793
0.013094862;0.055818181;0.33693281
0.013094862;0.055818181;0.33693281
0.013094862;0.055818181;0.33693281
0.015071146;0.055818181;0.34483793
0.017047431;0.055818181;0.33693281
0.017047431;0.055818181;0.34483793
0.017047431;0.055818181;0.33693281
0.017047431;0.055818181;0.34483793
0.017047431;0.057794467;0.33693281
0.017047431;0.055818181;0.33693281
0.019023715;0.055818181;0.33693281
0.019023715;0.055818181;0.33693281
0.019023715;0.055818181;0.33693281
0.021;0.055818181;0.33693281
0.021;0.055818181;0.33693281
0.022976285;0.053841896;0.33693281
0.022976285;0.055818181;0.34483793
0.02495257;0.053841896;0.34483793
0.022976285;0.055818181;0.34483793
0.02495257;0.053841896;0.34483793
0.02495257;0.055818181;0.34483793
0.02495257;0.053841896;0.33693281
0.026928853;0.053841896;0.33693281
0.026928853;0.053841896;0.34483793
0.026928853;0.053841896;0.34483793
0.028905138;0.053841896;0.34483793
0.028905138;0.053841896;0.34483793
0.028905138;0.051865611;0.34483793
0.030881424;0.051865611;0.34483793
0.030881424;0.053841896;0.34483793
0.030881424;0.053841896;0.34483793
0.032857709;0.055818181;0.33693281
0.030881424;0.053841896;0.34483793
0.032857709;0.053841896;0.34483793
0.034833994;0.053841896;0.34483793
0.034833994;0.053841896;0.33693281
0.034833994;0.051865611;0.33693281
0.036810275;0.053841896;0.33693281
0.036810275;0.051865611;0.34483793
0.036810275;0.051865611;0.34483793
0.03878656;0.053841896;0.34483793
0.03878656;0.051865611;0.33693281
0.03878656;0.051865611;0.33693281
0.03878656;0.051865611;0.34483793
0.040762845;0.051865611;0.34483793
0.03878656;0.053841896;0.33693281
0.040762845;0.053841896;0.33693281
0.042739131;0.053841896;0.33693281
0.040762845;0.04988933;0.33693281
0.042739131;0.051865611;0.33693281
0.042739131;0.051865611;0.34483793
0.044715416;0.051865611;0.34483793
0.044715416;0.04988933;0.34483793
0.044715416;0.051865611;0.34483793
0.044715416;0.051865611;0.34483793
0.046691701;0.04988933;0.34483793
0.046691701;0.051865611;0.34483793
0.046691701;0.051865611;0.33693281
0.048667986;0.051865611;0.33693281
0.048667986;0.051865611;0.33693281
0.050644267;0.04988933;0.33693281
0.050644267;0.051865611;0.33693281
0.050644267;0.04988933;0.33693281
0.050644267;0.04988933;0.33693281
0.050644267;0.04988933;0.33693281
0.052620552;0.04988933;0.34483793
0.052620552;0.04988933;0.33693281
0.052620552;0.04988933;0.34483793
0.052620552;0.04988933;0.34483793
0.054596838;0.047913045;0.33693281
0.054596838;0.04988933;0.33693281
0.054596838;0.04988933;0.34483793
0.054596838;0.04988933;0.33693281
0.054596838;0.047913045;0.34483793
0.054596838;0.04988933;0.34483793
0.056573123;0.047913045;0.34483793
0.056573123;0.04988933;0.34483793
0.056573123;0.04988933;0.33693281
0.058549408;0.04988933;0.33693281
0.058549408;0.04988933;0.34483793
0.060525693;0.04988933;0.34483793
0.060525693;0.047913045;0.33693281
0.058549408;0.047913045;0.33693281
0.060525693;0.047913045;0.34483793
0.060525693;0.047913045;0.34483793
0.060525693;0.047913045;0.34483793
0.062501974;0.047913045;0.34483793
0.062501974;0.047913045;0.33693281
0.062501974;0.047913045;0.33693281
0.064478263;0.047913045;0.33693281
0.062501974;0.047913045;0.33693281
0.062501974;0.047913045;0.33693281
0.066454545;0.047913045;0.34483793
0.064478263;0.047913045;0.33693281
0.064478263;0.047913045;0.34483793
0.066454545;0.047913045;0.34483793
0.066454545;0.047913045;0.33693281
0.066454545;0.04593676;0.34483793
0.066454545;0.047913045;0.34483793
0.066454545;0.047913045;0.34483793
0.068430834;0.047913045;0.34483793
0.066454545;0.047913045;0.34483793
0.068430834;0.047913045;0.33693281
0.068430834;0.047913045;0.34483793
0.066454545;0.04593676;0.34483793
0.068430834;0.047913045;0.33693281
0.070407115;0.047913045;0.34483793
0.070407115;0.04593676;0.33693281
0.070407115;0.047913045;0.33693281
0.070407115;0.04593676;0.33693281
0.072383396;0.04593676;0.33693281
0.072383396;0.04593676;0.33693281
0.072383396;0.047913045;0.34483793
0.072383396;0.04593676;0.33693281
0.072383396;0.04593676;0.33693281
0.074359685;0.043960474;0.34483793
0.072383396;0.04593676;0.33693281
0.072383396;0.04593676;0.34483793
0.072383396;0.043960474;0.34483793
0.074359685;0.04593676;0.33693281
0.074359685;0.043960474;0.34483793
0.074359685;0.043960474;0.34483793
0.074359685;0.04593676;0.33693281
0.076335967;0.04593676;0.33693281
0.074359685;0.043960474;0.34483793
0.074359685;0.043960474;0.34483793
0.074359685;0.04593676;0.34483793
0.074359685;0.043960474;0.33693281
0.076335967;0.043960474;0.34483793
0.076335967;0.043960474;0.34483793
0.074359685;0.043960474;0.34483793
0.074359685;0.041984189;0.34483793
0.076335967;0.043960474;0.34483793
0.076335967;0.043960474;0.33693281
0.076335967;0.043960474;0.34483793
0.076335967;0.041984189;0.34483793
0.076335967;0.041984189;0.34483793
0.076335967;0.043960474;0.34483793
0.076335967;0.041984189;0.34483793
0.076335967;0.043960474;0.33693281
0.076335967;0.043960474;0.33693281
0.076335967;0.043960474;0.33693281
0.078312255;0.041984189;0.33693281
0.078312255;0.041984189;0.34483793
0.076335967;0.043960474;0.33693281
0.076335967;0.043960474;0.34483793
0.078312255;0.041984189;0.34483793
0.076335967;0.041984189;0.33693281
0.078312255;0.041984189;0.34483793
0.076335967;0.041984189;0.34483793
0.078312255;0.041984189;0.34483793
0.078312255;0.041984189;0.34483793
0.078312255;0.041984189;0.33693281
0.078312255;0.041984189;0.33693281
0.078312255;0.041984189;0.34483793
0.076335967;0.040007904;0.33693281
0.078312255;0.041984189;0.34483793
0.076335967;0.040007904;0.34483793
0.078312255;0.041984189;0.34483793
0.078312255;0.041984189;0.33693281
0.076335967;0.041984189;0.34483793
0.078312255;0.041984189;0.34483793
0.076335967;0.040007904;0.34483793
0.078312255;0.041984189;0.33693281
0.076335967;0.040007904;0.34483793
0.076335967;0.040007904;0.34483793
0.076335967;0.040007904;0.34483793
0.076335967;0.040007904;0.34483793
0.076335967;0.040007904;0.33693281
0.076335967;0.040007904;0.34483793
0.074359685;0.040007904;0.33693281
0.074359685;0.040007904;0.33693281
0.074359685;0.040007904;0.34483793
0.074359685;0.040007904;0.33693281
0.074359685;0.040007904;0.34483793
0.076335967;0.040007904;0.33693281
0.072383396;0.040007904;0.33693281
0.074359685;0.038031619;0.34483793
0.074359685;0.040007904;0.34483793
0.074359685;0.038031619;0.34483793
0.074359685;0.040007904;0.33693281
0.072383396;0.040007904;0.34483793
0.072383396;0.038031619;0.34483793
0.072383396;0.038031619;0.33693281
0.074359685;0.038031619;0.34483793
0.070407115;0.038031619;0.33693281
0.072383396;0.040007904;0.34483793
0.070407115;0.038031619;0.33693281
0.072383396;0.038031619;0.33693281
0.072383396;0.036055338;0.34483793
0.070407115;0.038031619;0.34483793
0.070407115;0.038031619;0.33693281
0.070407115;0.036055338;0.33693281
0.070407115;0.038031619;0.33693281
0.070407115;0.038031619;0.34483793
0.070407115;0.038031619;0.34483793
0.068430834;0.038031619;0.33693281
0.068430834;0.038031619;0.33693281
0.068430834;0.038031619;0.33693281
0.068430834;0.034079053;0.34483793
0.068430834;0.038031619;0.33693281
0.070407115;0.036055338;0.34483793
0.068430834;0.036055338;0.34483793
0.066454545;0.036055338;0.34483793
0.066454545;0.036055338;0.33693281
0.066454545;0.038031619;0.34483793
0.066454545;0.036055338;0.34483793
0.066454545;0.036055338;0.33693281
0.064478263;0.036055338;0.33693281
0.064478263;0.036055338;0.33693281
0.062501974;0.036055338;0.34483793
0.064478263;0.036055338;0.34483793
0.062501974;0.036055338;0.34483793
0.062501974;0.036055338;0.33693281
0.060525693;0.036055338;0.34483793
0.062501974;0.034079053;0.34483793
0.062501974;0.036055338;0.33693281
0.060525693;0.034079053;0.33693281
0.060525693;0.034079053;0.34483793
0.058549408;0.036055338;0.34483793
0.058549408;0.036055338;0.34483793
0.058549408;0.036055338;0.33693281
0.058549408;0.036055338;0.34483793
0.056573123;0.034079053;0.34483793
0.058549408;0.034079053;0.34483793
0.056573123;0.036055338;0.33693281
0.056573123;0.034079053;0.33693281
0.056573123;0.034079053;0.34483793
0.056573123;0.034079053;0.33693281
0.054596838;0.034079053;0.33693281
0.054596838;0.034079053;0.34483793
0.054596838;0.034079053;0.33693281
0.052620552;0.032102767;0.34483793
0.052620552;0.034079053;0.34483793
0.054596838;0.034079053;0.33693281
0.052620552;0.032102767;0.34483793
0.050644267;0.034079053;0.34483793
0.052620552;0.032102767;0.34483793
0.048667986;0.032102767;0.34483793
0.048667986;0.030126482;0.34483793
0.048667986;0.032102767;0.34483793
0.048667986;0.032102767;0.34483793
0.048667986;0.032102767;0.34483793
0.046691701;0.032102767;0.34483793
0.048667986;0.032102767;0.34483793
0.046691701;0.032102767;0.33693281
0.046691701;0.032102767;0.33693281
0.044715416;0.032102767;0.34483793
0.044715416;0.032102767;0.33693281
0.044715416;0.032102767;0.33693281
0.044715416;0.030126482;0.33693281
0.042739131;0.030126482;0.33693281
0.042739131;0.030126482;0.33693281
0.040762845;0.030126482;0.34483793
0.040762845;0.032102767;0.34483793
0.040762845;0.030126482;0.34483793
0.042739131;0.030126482;0.34483793
0.03878656;0.030126482;0.34483793
0.03878656;0.030126482;0.33693281
0.040762845;0.030126482;0.33693281
0.036810275;0.030126482;0.34483793
0.036810275;0.030126482;0.34483793
0.036810275;0.030126482;0.33693281
0.034833994;0.030126482;0.34483793
0.036810275;0.030126482;0.33693281
0.034833994;0.030126482;0.33693281
0.032857709;0.028150197;0.34483793
0.034833994;0.030126482;0.34483793
0.032857709;0.028150197;0.34483793
0.032857709;0.028150197;0.33693281
0.032857709;0.030126482;0.33693281
0.030881424;0.028150197;0.33693281
0.030881424;0.028150197;0.34483793
0.028905138;0.028150197;0.33693281
0.030881424;0.028150197;0.33693281
0.030881424;0.028150197;0.33693281
0.026928853;0.028150197;0.34483793
0.026928853;0.028150197;0.34483793
0.026928853;0.026173914;0.33693281
0.026928853;0.026173914;0.33693281
0.02495257;0.026173914;0.33693281
0.02495257;0.028150197;0.33693281
0.02495257;0.028150197;0.33693281
0.022976285;0.026173914;0.33693281
0.022976285;0.028150197;0.34483793
0.022976285;0.028150197;0.34483793
0.022976285;0.026173914;0.33693281
0.021;0.026173914;0.33693281
0.021;0.026173914;0.34483793
0.021;0.026173914;0.34483793
0.021;0.026173914;0.33693281
0.019023715;0.026173914;0.33693281
0.019023715;0.026173914;0.34483793
0.017047431;0.024197629;0.33693281
0.017047431;0.026173914;0.34483793
0.017047431;0.026173914;0.33693281
0.017047431;0.026173914;0.34483793
0.015071146;0.026173914;0.34483793
0.013094862;0.026173914;0.34483793
0.015071146;0.024197629;0.34483793
0.013094862;0.026173914;0.33693281
0.013094862;0.024197629;0.34483793
0.013094862;0.024197629;0.34483793
0.011118577;0.024197629;0.34483793
0.011118577;0.024197629;0.34483793
0.011118577;0.024197629;0.34483793
0.0091422927;0.024197629;0.34483793
0.0091422927;0.024197629;0.34483793
0.007166008;0.024197629;0.34483793
0.007166008;0.024197629;0.34483793
0.0051897233;0.024197629;0.34483793
0.007166008;0.024197629;0.34483793
0.0051897233;0.024197629;0.34483793
0.0051897233;0.024197629;0.34483793
0.0032134387;0.024197629;0.34483793
0.0051897233;0.022221344;0.33693281
0.0032134387;0.024197629;0.33693281
0.0012371541;0.022221344;0.33693281
0.0032134387;0.022221344;0.34483793
0.0012371541;0.022221344;0.34483793
-0.00073913042;0.022221344;0.34483793
-0.00073913042;0.022221344;0.34483793
-0.00073913042;0.022221344;0.33693281
-0.00073913042;0.022221344;0.32902768
-0.0027154151;0.022221344;0.33693281
-0.0027154151;0.022221344;0.34483793
-0.0027154151;0.022221344;0.33693281
-0.0046916995;0.022221344;0.33693281
-0.0046916995;0.022221344;0.34483793
-0.0046916995;0.022221344;0.34483793
-0.0046916995;0.020245058;0.34483793
-0.0046916995;0.022221344;0.33693281
-0.0066679842;0.022221344;0.33693281
-0.0066679842;0.020245058;0.33693281
-0.0046916995;0.022221344;0.34483793
-0.0086442688;0.020245058;0.33693281
-0.0086442688;0.020245058;0.33693281
-0.0086442688;0.020245058;0.34483793
-0.0086442688;0.020245058;0.33693281
-0.010620553;0.020245058;0.34483793
-0.010620553;0.020245058;0.33693281
-0.010620553;0.020245058;0.34483793
-0.010620553;0.020245058;0.34483793
-0.010620553;0.020245058;0.34483793
-0.010620553;0.022221344;0.34483793
-0.012596838;0.020245058;0.34483793
-0.012596838;0.020245058;0.33693281
-0.012596838;0.020245058;0.34483793
-0.014573122;0.018268775;0.33693281
-0.014573122;0.018268775;0.34483793
-0.014573122;0.020245058;0.33693281
-0.014573122;0.018268775;0.33693281
-0.016549407;0.018268775;0.34483793
-0.014573122;0.018268775;0.33693281
-0.016549407;0.020245058;0.34483793
-0.016549407;0.020245058;0.34483793
-0.016549407;0.018268775;0.33693281
-0.018525692;0.018268775;0.34483793
-0.018525692;0.020245058;0.34483793
-0.018525692;0.018268775;0.33693281
-0.018525692;0.018268775;0.34483793
-0.018525692;0.018268775;0.33693281
-0.020501977;0.018268775;0.33693281
-0.020501977;0.018268775;0.34483793
-0.02247826;0.018268775;0.34483793
-0.02247826;0.018268775;0.33693281
-0.02247826;0.018268775;0.33693281
-0.02247826;0.018268775;0.34483793
-0.02247826;0.018268775;0.34483793
-0.02247826;0.01629249;0.33693281
-0.02247826;0.01629249;0.33693281
-0.02247826;0.01629249;0.33693281
-0.024454545;0.01629249;0.33693281
-0.024454545;0.01629249;0.34483793
-0.02643083;0.01629249;0.34483793
-0.024454545;0.01629249;0.34483793
-0.024454545;0.01629249;0.33693281
-0.024454545;0.01629249;0.33693281
-0.024454545;0.01629249;0.34483793
-0.02643083;0.01629249;0.33693281
-0.02643083;0.01629249;0.33693281
-0.02643083;0.014316206;0.33693281
-0.02643083;0.014316206;0.33693281
-0.028407115;0.01629249;0.34483793
-0.028407115;0.014316206;0.33693281
-0.02643083;0.014316206;0.34483793
-0.028407115;0.01629249;0.33693281
-0.028407115;0.014316206;0.34483793
-0.02643083;0.014316206;0.33693281
-0.02643083;0.01629249;0.34483793
-0.030383399;0.014316206;0.33693281
-0.028407115;0.014316206;0.33693281
-0.028407115;0.014316206;0.33693281
-0.028407115;0.012339921;0.34483793
-0.028407115;0.014316206;0.33693281
-0.030383399;0.014316206;0.33693281
-0.030383399;0.014316206;0.34483793
-0.030383399;0.014316206;0.33693281
-0.030383399;0.012339921;0.33693281
-0.030383399;0.014316206;0.34483793
-0.032359682;0.012339921;0.33693281
-0.030383399;0.010363637;0.34483793
-0.032359682;0.010363637;0.33693281
-0.032359682;0.012339921;0.33693281
-0.030383399;0.012339921;0.33693281
-0.032359682;0.012339921;0.34483793
-0.032359682;0.012339921;0.33693281
-0.030383399;0.012339921;0.33693281
-0.032359682;0.012339921;0.34483793
-0.032359682;0.012339921;0.33693281
-0.032359682;0.012339921;0.34483793
-0.030383399;0.012339921;0.34483793
-0.032359682;0.010363637;0.34483793
-0.032359682;0.012339921;0.34483793
-0.032359682;0.012339921;0.34483793
-0.032359682;0.012339921;0.34483793
-0.030383399;0.012339921;0.33693281
-0.032359682;0.010363637;0.33693281
-0.030383399;0.010363637;0.33693281
-0.032359682;0.010363637;0.34483793
-0.032359682;0.010363637;0.34483793
-0.032359682;0.010363637;0.33693281
-0.032359682;0.010363637;0.33693281
-0.032359682;0.010363637;0.34483793
-0.032359682;0.010363637;0.34483793
-0.032359682;0.010363637;0.34483793
-0.032359682;0.010363637;0.33693281
-0.032359682;0.010363637;0.33693281
-0.030383399;0.010363637;0.33693281
-0.032359682;0.010363637;0.34483793
-0.032359682;0.010363637;0.33693281
-0.030383399;0.010363637;0.33693281
-0.030383399;0.010363637;0.33693281
-0.030383399;0.0083873514;0.33693281
-0.030383399;0.0083873514;0.33693281
-0.032359682;0.0083873514;0.34483793
-0.030383399;0.010363637;0.34483793
-0.028407115;0.0083873514;0.34483793
-0.030383399;0.0064110672;0.33693281
-0.028407115;0.0083873514;0.33693281
-0.030383399;0.0083873514;0.34483793
-0.030383399;0.0083873514;0.33693281
-0.030383399;0.0083873514;0.33693281
-0.028407115;0.0083873514;0.33693281
-0.028407115;0.0083873514;0.33693281
-0.028407115;0.0083873514;0.33693281
-0.028407115;0.0064110672;0.34483793
-0.028407115;0.0083873514;0.33693281
-0.028407115;0.0083873514;0.34483793
-0.028407115;0.0064110672;0.34483793
-0.028407115;0.0064110672;0.34483793
-0.02643083;0.0064110672;0.33693281
-0.028407115;0.0064110672;0.34483793
-0.028407115;0.0044347825;0.34483793
-0.028407115;0.0064110672;0.33693281
-0.02643083;0.0064110672;0.34483793
-0.02643083;0.0064110672;0.33693281
-0.02643083;0.0064110672;0.34483793
-0.02643083;0.0064110672;0.33693281
-0.02643083;0.0064110672;0.33693281
-0.024454545;0.0044347825;0.34483793
-0.02643083;0.0064110672;0.33693281
-0.024454545;0.0064110672;0.33693281
-0.024454545;0.0064110672;0.33693281
-0.024454545;0.0064110672;0.33693281
-0.02247826;0.0044347825;0.34483793
-0.02247826;0.0044347825;0.33693281
-0.024454545;0.0044347825;0.34483793
-0.02247826;0.0044347825;0.33693281
-0.02247826;0.0044347825;0.34483793
-0.02247826;0.0064110672;0.33693281
-0.02247826;0.0044347825;0.34483793
-0.020501977;0.0044347825;0.34483793
-0.020501977;0.0024584981;0.34483793
-0.020501977;0.0044347825;0.33693281
-0.020501977;0.0024584981;0.33693281
-0.020501977;0.0044347825;0.33693281
-0.018525692;0.0044347825;0.34483793
-0.018525692;0.0024584981;0.33693281
-0.020501977;0.0044347825;0.34483793
-0.018525692;0.0024584981;0.34483793
-0.016549407;0.0044347825;0.33693281
-0.016549407;0.0024584981;0.34483793
-0.016549407;0.0024584981;0.33693281
-0.016549407;0.0044347825;0.33693281
-0.016549407;0.0044347825;0.34483793
-0.014573122;0.0024584981;0.33693281
-0.014573122;0.0024584981;0.33693281
-0.014573122;0.0024584981;0.33693281
-0.012596838;0.0024584981;0.33693281
-0.014573122;0.0024584981;0.34483793
-0.012596838;0.0024584981;0.33693281
-0.014573122;0.0044347825;0.34483793
-0.012596838;0.0024584981;0.33693281
-0.012596838;0.0024584981;0.33693281
-0.010620553;0.0024584981;0.34483793
-0.012596838;0.0024584981;0.33693281
-0.012596838;0.00048221345;0.34483793
-0.010620553;0.00048221345;0.34483793
-0.010620553;0.0024584981;0.34483793
-0.010620553;0.0024584981;0.34483793
-0.0086442688;0.00048221345;0.34483793
-0.010620553;0.00048221345;0.34483793
-0.0086442688;0.0024584981;0.33693281
-0.0066679842;0.00048221345;0.34483793
-0.0066679842;0.00048221345;0.33693281
-0.0066679842;0.00048221345;0.33693281
-0.0066679842;0.00048221345;0.34483793
-0.0046916995;-0.0014940711;0.34483793
-0.0046916995;0.00048221345;0.34483793
-0.0046916995;-0.0014940711;0.34483793
-0.0027154151;0.00048221345;0.33693281
-0.0027154151;0.00048221345;0.34483793
-0.0027154151;0.00048221345;0.33693281
-0.0027154151;0.00048221345;0.34483793
-0.00073913042;0.00048221345;0.33693281
-0.00073913042;0.00048221345;0.33693281
-0.00073913042;-0.0014940711;0.34483793
-0.00073913042;-0.0014940711;0.34483793
0.0012371541;-0.0014940711;0.34483793
0.0012371541;0.00048221345;0.33693281
0.0032134387;-0.0014940711;0.33693281
0.0051897233;-0.0014940711;0.33693281
0.0051897233;-0.0014940711;0.33693281
0.0051897233;-0.0014940711;0.34483793
0.0051897233;-0.0034703556;0.33693281
0.0051897233;-0.0014940711;0.34483793
0.007166008;-0.0014940711;0.33693281
0.007166008;-0.0014940711;0.34483793
0.0051897233;-0.0014940711;0.33693281
0.007166008;-0.0014940711;0.34483793
0.011118577;-0.0014940711;0.33693281
0.0091422927;-0.0014940711;0.34483793
0.0091422927;-0.0014940711;0.34483793
0.011118577;-0.0014940711;0.34483793
0.011118577;-0.0034703556;0.34483793
0.011118577;-0.0014940711;0.33693281
0.011118577;-0.0014940711;0.33693281
0.015071146;-0.0034703556;0.33693281
0.013094862;-0.0034703556;0.33693281
0.015071146;-0.0034703556;0.34483793
0.015071146;-0.0034703556;0.34483793
0.015071146;-0.0034703556;0.34483793
0.017047431;-0.0034703556;0.34483793
0.015071146;-0.0034703556;0.34483793
0.017047431;-0.0034703556;0.34483793
0.017047431;-0.0034703556;0.34483793
0.019023715;-0.0034703556;0.33693281
0.019023715;-0.0034703556;0.34483793
0.019023715;-0.0034703556;0.33693281
0.019023715;-0.0034703556;0.34483793
0.021;-0.0054466403;0.33693281
0.021;-0.0054466403;0.34483793
0.021;-0.0034703556;0.33693281
0.022976285;-0.0034703556;0.33693281
0.022976285;-0.0054466403;0.34483793
0.022976285;-0.0054466403;0.34483793
0.022976285;-0.0054466403;0.33693281
0.02495257;-0.0054466403;0.34483793
0.02495257;-0.0054466403;0.34483793
0.02495257;-0.0054466403;0.33693281
0.02495257;-0.0054466403;0.33693281
0.026928853;-0.0054466403;0.33693281
0.026928853;-0.0054466403;0.34483793
0.028905138;-0.0054466403;0.34483793
0.030881424;-0.0054466403;0.34483793
0.030881424;-0.0054466403;0.33693281
0.032857709;-0.0054466403;0.34483793
0.030881424;-0.0054466403;0.34483793
0.032857709;-0.0054466403;0.34483793
0.032857709;-0.0054466403;0.33693281
0.034833994;-0.0054466403;0.34483793
0.034833994;-0.0054466403;0.33693281
0.034833994;-0.007422925;0.33693281
0.034833994;-0.0054466403;0.34483793
0.034833994;-0.0054466403;0.34483793
0.036810275;-0.0054466403;0.34483793
0.036810275;-0.007422925;0.33693281
0.03878656;-0.007422925;0.33693281
0.040762845;-0.007422925;0.33693281
0.03878656;-0.0054466403;0.33693281
0.03878656;-0.007422925;0.33693281
0.040762845;-0.007422925;0.33693281
0.040762845;-0.007422925;0.33693281
0.042739131;-0.007422925;0.34483793
0.040762845;-0.007422925;0.33693281
0.040762845;-0.007422925;0.33693281
0.042739131;-0.007422925;0.34483793
0.044715416;-0.007422925;0.34483793
0.044715416;-0.007422925;0.34483793
0.044715416;-0.007422925;0.34483793
0.044715416;-0.0093992092;0.33693281
0.046691701;-0.007422925;0.33693281
0.046691701;-0.007422925;0.33693281
0.048667986;-0.007422925;0.33693281
0.048667986;-0.007422925;0.33693281
0.048667986;-0.0093992092;0.34483793
0.048667986;-0.007422925;0.33693281
0.050644267;-0.007422925;0.34483793
0.050644267;-0.0093992092;0.33693281
0.050644267;-0.007422925;0.33693281
0.050644267;-0.007422925;0.33693281
0.050644267;-0.0093992092;0.34483793
0.052620552;-0.0093992092;0.33693281
0.052620552;-0.007422925;0.33693281
0.052620552;-0.007422925;0.34483793
0.054596838;-0.0093992092;0.33693281
0.054596838;-0.0093992092;0.33693281
0.054596838;-0.0093992092;0.33693281
0.054596838;-0.0093992092;0.34483793
0.056573123;-0.007422925;0.33693281
0.056573123;-0.0093992092;0.33693281
0.056573123;-0.0093992092;0.34483793
0.056573123;-0.0093992092;0.33693281
0.056573123;-0.0093992092;0.33693281
0.058549408;-0.0093992092;0.33693281
0.058549408;-0.0093992092;0.34483793
0.058549408;-0.0093992092;0.34483793
0.058549408;-0.0093992092;0.33693281
0.060525693;-0.0093992092;0.34483793
0.058549408;-0.0093992092;0.34483793
0.060525693;-0.011375494;0.33693281
0.062501974;-0.011375494;0.33693281
0.062501974;-0.011375494;0.33693281
0.060525693;-0.011375494;0.33693281
0.062501974;-0.011375494;0.34483793
0.062501974;-0.011375494;0.34483793
0.064478263;-0.011375494;0.34483793
0.062501974;-0.011375494;0.34483793
0.062501974;-0.011375494;0.33693281
0.064478263;-0.013351778;0.34483793
0.064478263;-0.011375494;0.34483793
0.064478263;-0.0093992092;0.33693281
0.066454545;-0.011375494;0.33693281
0.066454545;-0.011375494;0.34483793
0.066454545;-0.011375494;0.34483793
0.068430834;-0.011375494;0.33693281
0.068430834;-0.011375494;0.34483793
0.066454545;-0.011375494;0.34483793
0.068430834;-0.011375494;0.33693281
0.066454545;-0.011375494;0.33693281
0.068430834;-0.011375494;0.33693281
0.070407115;-0.011375494;0.34483793
0.070407115;-0.011375494;0.34483793
0.068430834;-0.011375494;0.33693281
0.068430834;-0.011375494;0.34483793
0.070407115;-0.013351778;0.34483793
0.070407115;-0.011375494;0.33693281
0.072383396;-0.011375494;0.33693281
0.072383396;-0.011375494;0.33693281
0.072383396;-0.013351778;0.34483793
0.072383396;-0.011375494;0.33693281
0.072383396;-0.013351778;0.33693281
0.074359685;-0.011375494;0.34483793
0.072383396;-0.013351778;0.33693281
0.074359685;-0.013351778;0.33693281
0.074359685;-0.013351778;0.33693281
0.074359685;-0.013351778;0.34483793
0.074359685;-0.013351778;0.33693281
0.074359685;-0.013351778;0.34483793
0.076335967;-0.013351778;0.34483793
0.076335967;-0.013351778;0.34483793
0.074359685;-0.013351778;0.34483793
0.076335967;-0.013351778;0.34483793
0.076335967;-0.015328064;0.33693281
0.076335967;-0.015328064;0.33693281
0.076335967;-0.013351778;0.34483793
0.076335967;-0.013351778;0.33693281
0.076335967;-0.015328064;0.33693281
0.076335967;-0.013351778;0.34483793
0.076335967;-0.015328064;0.34483793
0.078312255;-0.015328064;0.34483793
0.076335967;-0.013351778;0.34483793
0.076335967;-0.013351778;0.33693281
0.076335967;-0.015328064;0.33693281
0.076335967;-0.013351778;0.33693281
0.078312255;-0.013351778;0.34483793
0.076335967;-0.015328064;0.33693281
0.078312255;-0.013351778;0.33693281
0.076335967;-0.013351778;0.33693281
0.076335967;-0.015328064;0.33693281
0.076335967;-0.015328064;0.34483793
0.078312255;-0.015328064;0.33693281
0.078312255;-0.017304348;0.34483793
0.078312255;-0.015328064;0.33693281
0.076335967;-0.015328064;0.34483793
0.078312255;-0.015328064;0.34483793
0.078312255;-0.015328064;0.33693281
0.076335967;-0.015328064;0.33693281
0.078312255;-0.015328064;0.34483793
0.076335967;-0.017304348;0.33693281
0.078312255;-0.015328064;0.34483793
0.076335967;-0.015328064;0.34483793
0.076335967;-0.015328064;0.33693281
0.076335967;-0.017304348;0.34483793
0.076335967;-0.015328064;0.34483793
0.076335967;-0.017304348;0.33693281
0.076335967;-0.017304348;0.33693281
0.076335967;-0.017304348;0.34483793
0.076335967;-0.017304348;0.33693281
0.076335967;-0.015328064;0.33693281
0.078312255;-0.015328064;0.33693281
0.076335967;-0.017304348;0.33693281
0.076335967;-0.017304348;0.33693281
0.076335967;-0.017304348;0.33693281
0.074359685;-0.017304348;0.34483793
0.074359685;-0.017304348;0.34483793
0.076335967;-0.017304348;0.33693281
0.074359685;-0.017304348;0.34483793
0.074359685;-0.019280633;0.33693281
0.076335967;-0.017304348;0.34483793
0.074359685;-0.017304348;0.33693281
0.074359685;-0.017304348;0.34483793
0.074359685;-0.019280633;0.34483793
0.076335967;-0.017304348;0.34483793
0.074359685;-0.017304348;0.33693281
0.074359685;-0.017304348;0.33693281
0.074359685;-0.019280633;0.33693281
0.072383396;-0.017304348;0.33693281
0.074359685;-0.017304348;0.34483793
0.072383396;-0.017304348;0.34483793
0.072383396;-0.017304348;0.33693281
0.072383396;-0.017304348;0.33693281
0.072383396;-0.017304348;0.33693281
0.072383396;-0.017304348;0.33693281
0.072383396;-0.017304348;0.33693281
0.072383396;-0.017304348;0.34483793
0.072383396;-0.019280633;0.33693281
0.070407115;-0.019280633;0.34483793
0.070407115;-0.019280633;0.33693281
0.070407115;-0.017304348;0.33693281
0.070407115;-0.019280633;0.33693281
0.070407115;-0.019280633;0.34483793
0.070407115;-0.019280633;0.34483793
0.068430834;-0.017304348;0.33693281
0.068430834;-0.019280633;0.33693281
0.068430834;-0.019280633;0.33693281
0.068430834;-0.019280633;0.33693281
0.066454545;-0.019280633;0.33693281
0.066454545;-0.019280633;0.33693281
0.066454545;-0.019280633;0.34483793
0.066454545;-0.019280633;0.34483793
0.066454545;-0.019280633;0.33693281
0.066454545;-0.019280633;0.34483793
0.064478263;-0.019280633;0.34483793
0.064478263;-0.019280633;0.33693281
0.064478263;-0.019280633;0.34483793
0.064478263;-0.019280633;0.34483793
0.064478263;-0.019280633;0.34483793
0.064478263;-0.019280633;0.33693281
0.062501974;-0.019280633;0.33693281
0.062501974;-0.019280633;0.33693281
0.062501974;-0.021256916;0.33693281
0.062501974;-0.019280633;0.34483793
0.062501974;-0.019280633;0.33693281
0.060525693;-0.021256916;0.33693281
0.060525693;-0.021256916;0.33693281
0.058549408;-0.021256916;0.33693281
0.060525693;-0.021256916;0.33693281
0.058549408;-0.019280633;0.33693281
0.058549408;-0.019280633;0.34483793
0.056573123;-0.019280633;0.33693281
0.056573123;-0.019280633;0.34483793
0.056573123;-0.019280633;0.34483793
0.056573123;-0.019280633;0.33693281
0.054596838;-0.021256916;0.34483793
0.054596838;-0.019280633;0.34483793
0.054596838;-0.021256916;0.33693281
0.054596838;-0.021256916;0.33693281
0.052620552;-0.019280633;0.33693281
0.052620552;-0.021256916;0.34483793
0.052620552;-0.021256916;0.33693281
0.050644267;-0.021256916;0.33693281
0.050644267;-0.021256916;0.33693281
0.050644267;-0.021256916;0.33693281
0.048667986;-0.021256916;0.34483793
0.048667986;-0.021256916;0.33693281
0.048667986;-0.021256916;0.33693281
0.046691701;-0.021256916;0.34483793
0.048667986;-0.021256916;0.33693281
0.046691701;-0.021256916;0.33693281
0.046691701;-0.021256916;0.33693281
0.046691701;-0.021256916;0.33693281
0.044715416;-0.021256916;0.34483793
0.046691701;-0.021256916;0.34483793
0.042739131;-0.021256916;0.34483793
0.042739131;-0.021256916;0.33693281
0.044715416;-0.021256916;0.33693281
0.042739131;-0.021256916;0.33693281
0.040762845;-0.021256916;0.33693281
0.040762845;-0.021256916;0.34483793
0.040762845;-0.021256916;0.33693281
0.040762845;-0.021256916;0.33693281
0.03878656;-0.021256916;0.33693281
0.03878656;-0.021256916;0.34483793
0.03878656;-0.021256916;0.34483793
0.03878656;-0.021256916;0.33693281
0.036810275;-0.021256916;0.34483793
0.034833994;-0.023233201;0.33693281
0.036810275;-0.021256916;0.34483793
0.034833994;-0.021256916;0.34483793
0.032857709;-0.023233201;0.34483793
0.032857709;-0.021256916;0.33693281
0.032857709;-0.023233201;0.33693281
0.032857709;-0.021256916;0.33693281
0.032857709;-0.023233201;0.33693281
0.030881424;-0.021256916;0.34483793
0.030881424;-0.021256916;0.33693281
0.030881424;-0.021256916;0.33693281
0.028905138;-0.023233201;0.33693281
0.028905138;-0.021256916;0.34483793
0.028905138;-0.021256916;0.34483793
0.028905138;-0.023233201;0.34483793
0.026928853;-0.023233201;0.34483793
0.02495257;-0.023233201;0.33693281
0.026928853;-0.023233201;0.33693281
0.02495257;-0.023233201;0.33693281
0.02495257;-0.023233201;0.33693281
0.022976285;-0.021256916;0.33693281
0.02495257;-0.023233201;0.34483793
0.022976285;-0.023233201;0.33693281
0.022976285;-0.021256916;0.34483793
0.021;-0.023233201;0.34483793
0.021;-0.021256916;0.34483793
0.021;-0.023233201;0.33693281
0.021;-0.023233201;0.34483793
0.019023715;-0.023233201;0.33693281
0.019023715;-0.023233201;0.33693281
0.019023715;-0.023233201;0.34483793
0.017047431;-0.023233201;0.33693281
0.017047431;-0.023233201;0.33693281
0.015071146;-0.023233201;0.34483793
0.015071146;-0.023233201;0.34483793
0.015071146;-0.021256916;0.33693281
0.015071146;-0.023233201;0.34483793
0.013094862;-0.021256916;0.34483793
0.013094862;-0.023233201;0.34483793
0.011118577;-0.023233201;0.34483793
0.013094862;-0.023233201;0.34483793
0.011118577;-0.023233201;0.33693281
0.0091422927;-0.021256916;0.33693281
0.0091422927;-0.023233201;0.33693281
0.011118577;-0.023233201;0.34483793
0.007166008;-0.023233201;0.33693281
0.007166008;-0.023233201;0.33693281
0.007166008;-0.023233201;0.33693281
0.0051897233;-0.023233201;0.34483793
0.0051897233;-0.023233201;0.34483793
0.007166008;-0.023233201;0.33693281
0.0051897233;-0.023233201;0.33693281
0.0051897233;-0.023233201;0.34483793
0.0012371541;-0.023233201;0.33693281
0.0032134387;-0.023233201;0.33693281
0.0012371541;-0.023233201;0.34483793
0.0012371541;-0.023233201;0.33693281
0.0012371541;-0.023233201;0.34483793
0.0012371541;-0.025209486;0.33693281
0.0012371541;-0.023233201;0.33693281
-0.00073913042;-0.023233201;0.34483793
-0.00073913042;-0.025209486;0.34483793
-0.0027154151;-0.023233201;0.33693281
-0.0027154151;-0.025209486;0.33693281
-0.0027154151;-0.023233201;0.33693281
-0.0027154151;-0.023233201;0.33693281
-0.0046916995;-0.023233201;0.34483793
-0.0046916995;-0.025209486;0.34483793
-0.0046916995;-0.025209486;0.34483793
-0.0066679842;-0.025209486;0.33693281
-0.0066679842;-0.023233201;0.33693281
-0.0066679842;-0.025209486;0.33693281
-0.0066679842;-0.025209486;0.33693281
-0.0086442688;-0.025209486;0.33693281
-0.0086442688;-0.023233201;0.33693281
-0.010620553;-0.023233201;0.33693281
-0.010620553;-0.023233201;0.34483793
-0.0086442688;-0.025209486;0.33693281
-0.010620553;-0.023233201;0.33693281
-0.012596838;-0.025209486;0.34483793
-0.010620553;-0.023233201;0.34483793
-0.012596838;-0.025209486;0.34483793
-0.010620553;-0.025209486;0.34483793
-0.012596838;-0.023233201;0.34483793
-0.012596838;-0.025209486;0.33693281
-0.014573122;-0.025209486;0.34483793
-0.014573122;-0.025209486;0.34483793
-0.014573122;-0.023233201;0.33693281
-0.016549407;-0.025209486;0.34483793
-0.014573122;-0.025209486;0.34483793
-0.014573122;-0.025209486;0.34483793
-0.016549407;-0.025209486;0.33693281
-0.016549407;-0.025209486;0.33693281
-0.016549407;-0.023233201;0.33693281
-0.018525692;-0.025209486;0.34483793
-0.018525692;-0.025209486;0.34483793
-0.018525692;-0.023233201;0.33693281
-0.018525692;-0.025209486;0.33693281
-0.018525692;-0.027185772;0.34483793
-0.020501977;-0.025209486;0.34483793
-0.018525692;-0.023233201;0.33693281
-0.020501977;-0.025209486;0.33693281
-0.020501977;-0.025209486;0.33693281
-0.020501977;-0.025209486;0.33693281
-0.02247826;-0.025209486;0.33693281
-0.02247826;-0.025209486;0.33693281
-0.02247826;-0.025209486;0.34483793
-0.02247826;-0.025209486;0.33693281
-0.024454545;-0.025209486;0.34483793
-0.02247826;-0.025209486;0.34483793
-0.02247826;-0.025209486;0.33693281
-0.02247826;-0.023233201;0.34483793
-0.02247826;-0.025209486;0.33693281
-0.02643083;-0.027185772;0.34483793
-0.024454545;-0.025209486;0.33693281
-0.028407115;-0.025209486;0.33693281
-0.024454545;-0.025209486;0.33693281
-0.02643083;-0.025209486;0.33693281
-0.024454545;-0.025209486;0.34483793
-0.028407115;-0.025209486;0.33693281
-0.024454545;-0.025209486;0.34483793
-0.02643083;-0.025209486;0.33693281
-0.02643083;-0.025209486;0.33693281
-0.02643083;-0.025209486;0.34483793
-0.028407115;-0.025209486;0.34483793
-0.028407115;-0.025209486;0.33693281
-0.028407115;-0.025209486;0.33693281
-0.028407115;-0.023233201;0.34483793
-0.030383399;-0.025209486;0.33693281
-0.028407115;-0.025209486;0.33693281
-0.030383399;-0.025209486;0.34483793
-0.030383399;-0.025209486;0.34483793
-0.030383399;-0.025209486;0.34483793
-0.028407115;-0.025209486;0.34483793
-0.030383399;-0.025209486;0.34483793
-0.030383399;-0.025209486;0.34483793
-0.030383399;-0.025209486;0.34483793
-0.032359682;-0.025209486;0.33693281
-0.030383399;-0.025209486;0.34483793
-0.032359682;-0.025209486;0.33693281
-0.030383399;-0.025209486;0.33693281
-0.032359682;-0.025209486;0.34483793
-0.032359682;-0.025209486;0.34483793
-0.030383399;-0.025209486;0.34483793
-0.030383399;-0.025209486;0.34483793
-0.032359682;-0.025209486;0.34483793
-0.032359682;-0.025209486;0.33693281
-0.032359682;-0.025209486;0.34483793
-0.032359682;-0.025209486;0.34483793
-0.032359682;-0.025209486;0.33693281
-0.030383399;-0.025209486;0.33693281
-0.032359682;-0.025209486;0.34483793
-0.032359682;-0.025209486;0.34483793
-0.032359682;-0.025209486;0.34483793
-0.032359682;-0.025209486;0.34483793
-0.032359682;-0.025209486;0.33693281
-0.034335967;-0.025209486;0.33693281
-0.032359682;-0.025209486;0.34483793
-0.032359682;-0.025209486;0.33693281
-0.030383399;-0.025209486;0.33693281
-0.032359682;-0.025209486;0.34483793
-0.032359682;-0.025209486;0.34483793
-0.032359682;-0.025209486;0.34483793
-0.032359682;-0.025209486;0.33693281
-0.032359682;-0.025209486;0.33693281
-0.032359682;-0.025209486;0.34483793
-0.032359682;-0.025209486;0.34483793
-0.032359682;-0.025209486;0.33693281
-0.032359682;-0.025209486;0.34483793
-0.030383399;-0.025209486;0.34483793
-0.030383399;-0.025209486;0.34483793
-0.030383399;-0.025209486;0.33693281
-0.032359682;-0.025209486;0.34483793
-0.030383399;-0.027185772;0.34483793
-0.030383399;-0.025209486;0.33693281
-0.030383399;-0.025209486;0.33693281
-0.028407115;-0.025209486;0.33693281
-0.028407115;-0.025209486;0.34483793
-0.028407115;-0.025209486;0.33693281
-0.028407115;-0.025209486;0.34483793
-0.028407115;-0.025209486;0.34483793
-0.028407115;-0.025209486;0.34483793
-0.030383399;-0.025209486;0.34483793
-0.028407115;-0.025209486;0.34483793
-0.028407115;-0.025209486;0.33693281
-0.028407115;-0.025209486;0.35274309
-0.028407115;-0.025209486;0.34483793
-0.028407115;-0.027185772;0.34483793
-0.028407115;-0.025209486;0.33693281
-0.028407115;-0.027185772;0.33693281
-0.028407115;-0.027185772;0.34483793
-0.028407115;-0.025209486;0.33693281
-0.028407115;-0.025209486;0.34483793
-0.02643083;-0.025209486;0.33693281
-0.02643083;-0.025209486;0.33693281
-0.024454545;-0.025209486;0.33693281
-0.024454545;-0.025209486;0.34483793
-0.024454545;-0.025209486;0.34483793
-0.024454545;-0.025209486;0.33693281
-0.024454545;-0.025209486;0.33693281
-0.02643083;-0.027185772;0.33693281
-0.024454545;-0.025209486;0.34483793
-0.02247826;-0.025209486;0.33693281
-0.02247826;-0.025209486;0.34483793
-0.02247826;-0.023233201;0.34483793
-0.02247826;-0.023233201;0.33693281
-0.02247826;-0.025209486;0.33693281
-0.02247826;-0.025209486;0.34483793
-0.02247826;-0.025209486;0.34483793
-0.02247826;-0.025209486;0.33693281
-0.020501977;-0.025209486;0.34483793
-0.02247826;-0.025209486;0.34483793
-0.020501977;-0.025209486;0.33693281
-0.018525692;-0.023233201;0.34483793
-0.018525692;-0.025209486;0.34483793
-0.018525692;-0.025209486;0.34483793
-0.018525692;-0.025209486;0.33693281
-0.018525692;-0.025209486;0.32902768
-0.018525692;-0.025209486;0.34483793
-0.018525692;-0.025209486;0.34483793
-0.016549407;-0.025209486;0.34483793
-0.014573122;-0.025209486;0.33693281
-0.014573122;-0.025209486;0.34483793
-0.014573122;-0.025209486;0.33693281
-0.014573122;-0.025209486;0.34483793
-0.012596838;-0.025209486;0.34483793
-0.012596838;-0.025209486;0.34483793
-0.014573122;-0.025209486;0.33693281
-0.012596838;-0.025209486;0.34483793
-0.012596838;-0.025209486;0.33693281
-0.010620553;-0.023233201;0.33693281
-0.010620553;-0.025209486;0.33693281
-0.010620553;-0.025209486;0.33693281
-0.0086442688;-0.025209486;0.33693281
-0.010620553;-0.023233201;0.33693281
-0.010620553;-0.025209486;0.33693281
-0.0086442688;-0.023233201;0.33693281
-0.0086442688;-0.025209486;0.34483793
-0.0086442688;-0.025209486;0.33693281
-0.0066679842;-0.025209486;0.33693281
-0.0066679842;-0.025209486;0.33693281
-0.0066679842;-0.025209486;0.33693281
-0.0046916995;-0.025209486;0.33693281
-0.0066679842;-0.025209486;0.34483793
-0.0066679842;-0.025209486;0.34483793
-0.0046916995;-0.025209486;0.33693281
-0.0046916995;-0.023233201;0.33693281
-0.0027154151;-0.025209486;0.33693281
-0.0027154151;-0.023233201;0.34483793
-0.00073913042;-0.023233201;0.33693281
-0.0027154151;-0.025209486;0.34483793
-0.0027154151;-0.023233201;0.34483793
-0.00073913042;-0.023233201;0.34483793
-0.00073913042;-0.025209486;0.34483793
-0.00073913042;-0.023233201;0.34483793
0.0012371541;-0.023233201;0.34483793
0.0032134387;-0.025209486;0.33693281
0.0032134387;-0.023233201;0.34483793
0.0032134387;-0.025209486;0.34483793
0.0051897233;-0.025209486;0.34483793
0.0051897233;-0.023233201;0.34483793
0.0051897233;-0.025209486;0.34483793
0.0051897233;-0.023233201;0.33693281
0.0051897233;-0.023233201;0.34483793
0.007166008;-0.025209486;0.34483793
0.007166008;-0.025209486;0.34483793
0.007166008;-0.023233201;0.34483793
0.007166008;-0.023233201;0.33693281
0.0091422927;-0.023233201;0.33693281
0.011118577;-0.023233201;0.33693281
0.011118577;-0.023233201;0.33693281
0.011118577;-0.025209486;0.34483793
0.011118577;-0.023233201;0.34483793
0.013094862;-0.023233201;0.33693281
0.013094862;-0.023233201;0.33693281
0.013094862;-0.021256916;0.33693281
0.015071146;-0.023233201;0.34483793
0.017047431;-0.023233201;0.34483793
0.017047431;-0.023233201;0.34483793
0.015071146;-0.023233201;0.33693281
0.017047431;-0.021256916;0.34483793
0.017047431;-0.023233201;0.34483793
0.017047431;-0.023233201;0.34483793
0.019023715;-0.023233201;0.34483793
0.021;-0.023233201;0.33693281
0.019023715;-0.023233201;0.34483793
0.021;-0.021256916;0.34483793
0.021;-0.023233201;0.33693281
0.022976285;-0.023233201;0.33693281
0.022976285;-0.023233201;0.33693281
0.022976285;-0.023233201;0.34483793
0.02495257;-0.023233201;0.33693281
0.022976285;-0.023233201;0.33693281
0.02495257;-0.023233201;0.34483793
0.02495257;-0.021256916;0.33693281
0.026928853;-0.023233201;0.33693281
0.026928853;-0.021256916;0.34483793
0.026928853;-0.021256916;0.34483793
0.028905138;-0.021256916;0.34483793
0.028905138;-0.021256916;0.34483793
0.028905138;-0.021256916;0.34483793
0.030881424;-0.021256916;0.34483793
0.030881424;-0.021256916;0.33693281
0.030881424;-0.021256916;0.33693281
0.032857709;-0.023233201;0.34483793
0.032857709;-0.021256916;0.33693281
0.032857709;-0.023233201;0.33693281
0.032857709;-0.021256916;0.34483793
0.034833994;-0.021256916;0.33693281
0.034833994;-0.021256916;0.34483793
0.036810275;-0.021256916;0.33693281
0.036810275;-0.023233201;0.34483793
0.03878656;-0.021256916;0.33693281
0.03878656;-0.021256916;0.34483793
0.03878656;-0.019280633;0.34483793
0.03878656;-0.021256916;0.34483793
0.03878656;-0.021256916;0.33693281
0.040762845;-0.021256916;0.33693281
0.040762845;-0.021256916;0.33693281
0.040762845;-0.021256916;0.34483793
0.042739131;-0.021256916;0.34483793
0.044715416;-0.021256916;0.34483793
0.044715416;-0.021256916;0.34483793
0.044715416;-0.021256916;0.34483793
0.044715416;-0.021256916;0.33693281
0.044715416;-0.021256916;0.34483793
0.044715416;-0.021256916;0.34483793
0.044715416;-0.021256916;0.33693281
0.046691701;-0.021256916;0.33693281
0.046691701;-0.021256916;0.34483793
0.048667986;-0.021256916;0.34483793
0.048667986;-0.021256916;0.34483793
0.048667986;-0.021256916;0.34483793
0.048667986;-0.021256916;0.33693281
0.048667986;-0.021256916;0.34483793
0.050644267;-0.021256916;0.34483793
0.050644267;-0.021256916;0.33693281
0.052620552;-0.019280633;0.33693281
0.052620552;-0.021256916;0.33693281
0.052620552;-0.021256916;0.33693281
0.054596838;-0.019280633;0.33693281
0.054596838;-0.021256916;0.33693281
0.056573123;-0.019280633;0.34483793
0.054596838;-0.021256916;0.33693281
0.056573123;-0.021256916;0.34483793
0.058549408;-0.019280633;0.34483793
0.056573123;-0.021256916;0.34483793
0.056573123;-0.019280633;0.33693281
0.058549408;-0.019280633;0.34483793
0.058549408;-0.021256916;0.34483793
0.058549408;-0.019280633;0.34483793
0.060525693;-0.019280633;0.34483793
0.058549408;-0.019280633;0.34483793
0.060525693;-0.019280633;0.34483793
0.060525693;-0.019280633;0.34483793
0.060525693;-0.019280633;0.33693281
0.060525693;-0.019280633;0.34483793
0.062501974;-0.019280633;0.34483793
0.062501974;-0.019280633;0.33693281
0.062501974;-0.019280633;0.33693281
0.062501974;-0.019280633;0.34483793
0.062501974;-0.019280633;0.34483793
0.062501974;-0.019280633;0.33693281
0.064478263;-0.021256916;0.34483793
0.064478263;-0.019280633;0.34483793
0.064478263;-0.019280633;0.33693281
0.064478263;-0.019280633;0.34483793
0.066454545;-0.019280633;0.34483793
0.066454545;-0.019280633;0.33693281
0.066454545;-0.017304348;0.34483793
0.066454545;-0.017304348;0.33693281
0.066454545;-0.019280633;0.34483793
0.068430834;-0.019280633;0.33693281
0.068430834;-0.019280633;0.33693281
0.070407115;-0.019280633;0.34483793
0.070407115;-0.019280633;0.34483793
0.068430834;-0.019280633;0.33693281
0.070407115;-0.019280633;0.34483793
0.070407115;-0.019280633;0.34483793
0.070407115;-0.019280633;0.34483793
0.070407115;-0.019280633;0.34483793
0.070407115;-0.019280633;0.33693281
0.072383396;-0.019280633;0.34483793
0.070407115;-0.019280633;0.34483793
0.070407115;-0.017304348;0.33693281
0.072383396;-0.017304348;0.33693281
0.072383396;-0.017304348;0.34483793
0.074359685;-0.017304348;0.34483793
0.072383396;-0.017304348;0.34483793
0.074359685;-0.019280633;0.33693281
0.072383396;-0.017304348;0.33693281
0.074359685;-0.017304348;0.34483793
0.074359685;-0.019280633;0.33693281
0.072383396;-0.017304348;0.34483793
0.074359685;-0.017304348;0.33693281
0.074359685;-0.017304348;0.33693281
0.074359685;-0.017304348;0.34483793
0.074359685;-0.019280633;0.34483793
0.076335967;-0.017304348;0.34483793
0.074359685;-0.017304348;0.33693281
0.076335967;-0.017304348;0.34483793
0.078312255;-0.017304348;0.34483793
0.076335967;-0.017304348;0.34483793
0.078312255;-0.017304348;0.34483793
0.076335967;-0.017304348;0.33693281
0.078312255;-0.017304348;0.33693281
0.076335967;-0.015328064;0.33693281
0.076335967;-0.017304348;0.33693281
0.078312255;-0.017304348;0.34483793
0.078312255;-0.017304348;0.34483793
0.076335967;-0.017304348;0.33693281
0.078312255;-0.017304348;0.33693281
0.078312255;-0.017304348;0.35274309
0.078312255;-0.015328064;0.34483793
0.076335967;-0.015328064;0.33693281
0.078312255;-0.015328064;0.34483793
0.078312255;-0.015328064;0.33693281
0.078312255;-0.015328064;0.33693281
0.078312255;-0.017304348;0.34483793
0.076335967;-0.015328064;0.34483793
0.078312255;-0.015328064;0.34483793
0.080288537;-0.015328064;0.34483793
0.076335967;-0.015328064;0.34483793
0.078312255;-0.015328064;0.33693281
0.076335967;-0.015328064;0.34483793
0.078312255;-0.015328064;0.33693281
0.078312255;-0.015328064;0.33693281
0.078312255;-0.015328064;0.34483793
0.078312255;-0.015328064;0.34483793
0.078312255;-0.015328064;0.34483793
0.076335967;-0.015328064;0.34483793
0.078312255;-0.013351778;0.34483793
0.078312255;-0.015328064;0.33693281
0.078312255;-0.015328064;0.34483793
0.076335967;-0.013351778;0.33693281
0.076335967;-0.013351778;0.34483793
0.076335967;-0.015328064;0.34483793
0.076335967;-0.015328064;0.34483793
0.076335967;-0.013351778;0.33693281
0.076335967;-0.013351778;0.34483793
0.076335967;-0.013351778;0.34483793
0.074359685;-0.013351778;0.34483793
0.074359685;-0.013351778;0.34483793
0.076335967;-0.015328064;0.34483793
0.074359685;-0.015328064;0.33693281
0.074359685;-0.013351778;0.33693281
0.074359685;-0.013351778;0.34483793
0.076335967;-0.015328064;0.34483793
0.074359685;-0.013351778;0.34483793
0.074359685;-0.013351778;0.34483793
0.074359685;-0.013351778;0.34483793
0.072383396;-0.013351778;0.34483793
0.074359685;-0.013351778;0.34483793
0.074359685;-0.013351778;0.34483793
0.072383396;-0.013351778;0.33693281
0.072383396;-0.013351778;0.34483793
0.072383396;-0.011375494;0.33693281
0.072383396;-0.013351778;0.34483793
0.072383396;-0.011375494;0.33693281
0.072383396;-0.013351778;0.34483793
0.070407115;-0.013351778;0.34483793
0.070407115;-0.013351778;0.34483793
0.070407115;-0.013351778;0.33693281
0.072383396;-0.011375494;0.33693281
0.070407115;-0.013351778;0.34483793
0.068430834;-0.011375494;0.34483793
0.068430834;-0.011375494;0.33693281
0.070407115;-0.011375494;0.34483793
0.070407115;-0.011375494;0.34483793
0.068430834;-0.011375494;0.34483793
0.068430834;-0.011375494;0.34483793
0.066454545;-0.011375494;0.34483793
0.066454545;-0.011375494;0.33693281
0.068430834;-0.011375494;0.34483793
0.066454545;-0.011375494;0.33693281
0.066454545;-0.011375494;0.33693281
0.064478263;-0.0093992092;0.33693281
0.064478263;-0.011375494;0.34483793
0.064478263;-0.0093992092;0.33693281
0.064478263;-0.011375494;0.34483793
0.064478263;-0.011375494;0.33693281
0.064478263;-0.011375494;0.33693281
0.062501974;-0.0093992092;0.34483793
0.062501974;-0.011375494;0.33693281
0.062501974;-0.0093992092;0.34483793
0.062501974;-0.0093992092;0.34483793
0.062501974;-0.011375494;0.34483793
0.060525693;-0.0093992092;0.34483793
0.062501974;-0.0093992092;0.34483793
0.060525693;-0.0093992092;0.34483793
0.060525693;-0.0093992092;0.33693281
0.058549408;-0.0093992092;0.33693281
0.058549408;-0.0093992092;0.33693281
0.060525693;-0.0093992092;0.34483793
0.056573123;-0.007422925;0.33693281
0.056573123;-0.0093992092;0.34483793
0.056573123;-0.0093992092;0.34483793
0.056573123;-0.007422925;0.34483793
0.054596838;-0.0093992092;0.33693281
0.056573123;-0.0093992092;0.34483793
0.056573123;-0.0093992092;0.33693281
0.054596838;-0.0093992092;0.33693281
0.054596838;-0.007422925;0.34483793
0.052620552;-0.007422925;0.34483793
0.052620552;-0.007422925;0.34483793
0.050644267;-0.007422925;0.34483793
0.048667986;-0.0093992092;0.33693281
0.050644267;-0.007422925;0.34483793
0.048667986;-0.007422925;0.34483793
0.048667986;-0.007422925;0.34483793
0.048667986;-0.007422925;0.34483793
0.048667986;-0.007422925;0.33693281
0.046691701;-0.007422925;0.33693281
0.046691701;-0.007422925;0.33693281
0.048667986;-0.007422925;0.33693281
0.046691701;-0.007422925;0.33693281
0.044715416;-0.007422925;0.33693281
0.044715416;-0.0054466403;0.34483793
0.044715416;-0.007422925;0.34483793
0.044715416;-0.007422925;0.34483793
0.044715416;-0.007422925;0.34483793
0.042739131;-0.0054466403;0.33693281
0.042739131;-0.0054466403;0.34483793
0.040762845;-0.007422925;0.33693281
0.040762845;-0.007422925;0.33693281
0.040762845;-0.007422925;0.34483793
0.040762845;-0.0054466403;0.34483793
0.03878656;-0.0054466403;0.34483793
0.03878656;-0.0054466403;0.34483793
0.03878656;-0.0054466403;0.34483793
0.036810275;-0.0054466403;0.34483793
0.036810275;-0.0054466403;0.33693281
0.036810275;-0.0054466403;0.33693281
0.036810275;-0.007422925;0.33693281
0.034833994;-0.0054466403;0.33693281
0.034833994;-0.0054466403;0.34483793
0.032857709;-0.0054466403;0.34483793
0.032857709;-0.0054466403;0.34483793
0.032857709;-0.0054466403;0.34483793
0.032857709;-0.0054466403;0.34483793
0.030881424;-0.0054466403;0.34483793
0.030881424;-0.0054466403;0.34483793
0.028905138;-0.0054466403;0.33693281
0.030881424;-0.0054466403;0.33693281
0.028905138;-0.0054466403;0.33693281
0.028905138;-0.0054466403;0.33693281
0.028905138;-0.0034703556;0.34483793
0.026928853;-0.0034703556;0.33693281
0.02495257;-0.0034703556;0.33693281
0.02495257;-0.0054466403;0.34483793
0.02495257;-0.0054466403;0.34483793
0.02495257;-0.0034703556;0.33693281
0.022976285;-0.0034703556;0.34483793
0.022976285;-0.0054466403;0.34483793
0.021;-0.0034703556;0.34483793
0.021;-0.0054466403;0.33693281
0.021;-0.0034703556;0.34483793
0.021;-0.0034703556;0.33693281
0.019023715;-0.0054466403;0.34483793
0.021;-0.0034703556;0.34483793
0.019023715;-0.0034703556;0.33693281
0.017047431;-0.0034703556;0.34483793
0.017047431;-0.0034703556;0.34483793
0.017047431;-0.0034703556;0.34483793
0.017047431;-0.0014940711;0.33693281
0.015071146;-0.0014940711;0.34483793
0.015071146;-0.0034703556;0.33693281
0.015071146;-0.0014940711;0.33693281
0.013094862;-0.0034703556;0.33693281
0.015071146;-0.0034703556;0.33693281
0.013094862;-0.0034703556;0.33693281
0.013094862;-0.0034703556;0.34483793
0.011118577;-0.0014940711;0.34483793
0.0091422927;-0.0034703556;0.34483793
0.0091422927;-0.0034703556;0.33693281
0.0091422927;-0.0014940711;0.34483793
0.0091422927;-0.0014940711;0.34483793
0.0091422927;-0.0034703556;0.34483793
0.007166008;-0.0014940711;0.33693281
0.007166008;-0.0014940711;0.33693281
0.0051897233;-0.0014940711;0.34483793
0.0051897233;-0.0014940711;0.34483793
0.007166008;-0.0014940711;0.33693281
0.0051897233;0.00048221345;0.33693281
0.0032134387;-0.0014940711;0.34483793
0.0012371541;-0.0014940711;0.34483793
0.0012371541;-0.0014940711;0.34483793
0.0012371541;-0.0014940711;0.34483793
-0.00073913042;-0.0014940711;0.34483793
-0.00073913042;-0.0014940711;0.34483793
-0.00073913042;-0.0014940711;0.34483793
-0.00073913042;-0.0014940711;0.33693281
-0.00073913042;-0.0014940711;0.33693281
-0.00073913042;0.00048221345;0.33693281
-0.0027154151;0.00048221345;0.34483793
-0.0046916995;-0.0014940711;0.34483793
-0.0027154151;0.00048221345;0.33693281
-0.0027154151;0.00048221345;0.34483793
-0.0066679842;0.00048221345;0.34483793
-0.0066679842;0.00048221345;0.34483793
-0.0046916995;0.00048221345;0.34483793
-0.0066679842;0.00048221345;0.33693281
-0.0086442688;0.00048221345;0.33693281
-0.0086442688;0.00048221345;0.33693281
-0.0066679842;0.00048221345;0.33693281
-0.0086442688;0.00048221345;0.34483793
-0.0086442688;0.0024584981;0.34483793
-0.010620553;0.00048221345;0.32902768
-0.0086442688;0.0024584981;0.34483793
-0.010620553;0.00048221345;0.34483793
-0.010620553;0.00048221345;0.33693281
-0.010620553;0.0024584981;0.34483793
-0.012596838;0.0024584981;0.34483793
-0.010620553;0.0024584981;0.34483793
-0.012596838;0.00048221345;0.34483793
-0.012596838;0.0024584981;0.33693281
-0.014573122;0.0024584981;0.33693281
-0.014573122;0.0024584981;0.34483793
-0.014573122;0.0024584981;0.34483793
-0.014573122;0.0024584981;0.34483793
-0.014573122;0.00048221345;0.33693281
-0.016549407;0.0024584981;0.33693281
-0.016549407;0.0024584981;0.33693281
-0.018525692;0.0024584981;0.34483793
-0.018525692;0.0024584981;0.34483793
-0.016549407;0.0024584981;0.34483793
-0.018525692;0.0024584981;0.33693281
-0.018525692;0.0024584981;0.33693281
-0.018525692;0.0024584981;0.34483793
-0.020501977;0.0044347825;0.33693281
-0.018525692;0.0044347825;0.33693281
-0.020501977;0.0044347825;0.34483793
-0.020501977;0.0044347825;0.34483793
-0.020501977;0.0024584981;0.34483793
-0.02247826;0.0044347825;0.34483793
-0.020501977;0.0044347825;0.33693281
-0.02247826;0.0044347825;0.34483793
-0.024454545;0.0024584981;0.33693281
-0.024454545;0.0044347825;0.33693281
-0.02247826;0.0044347825;0.33693281
-0.024454545;0.0044347825;0.34483793
-0.024454545;0.0044347825;0.33693281
-0.024454545;0.0044347825;0.33693281
-0.024454545;0.0064110672;0.33693281
-0.02643083;0.0044347825;0.33693281
-0.024454545;0.0044347825;0.34483793
-0.02643083;0.0044347825;0.33693281
-0.024454545;0.0044347825;0.33693281
-0.02643083;0.0064110672;0.34483793
-0.02643083;0.0044347825;0.34483793
-0.02643083;0.0044347825;0.33693281
-0.02643083;0.0064110672;0.34483793
-0.02643083;0.0064110672;0.34483793
-0.028407115;0.0064110672;0.33693281
-0.028407115;0.0064110672;0.34483793
-0.030383399;0.0064110672;0.34483793
-0.028407115;0.0064110672;0.33693281
-0.028407115;0.0064110672;0.33693281
-0.028407115;0.0064110672;0.33693281
-0.030383399;0.0083873514;0.33693281
-0.030383399;0.0064110672;0.34483793
-0.030383399;0.0083873514;0.33693281
-0.028407115;0.0064110672;0.34483793
-0.030383399;0.0064110672;0.34483793
-0.032359682;0.0083873514;0.33693281
-0.030383399;0.0064110672;0.33693281
-0.030383399;0.0083873514;0.33693281
-0.030383399;0.0083873514;0.33693281
-0.030383399;0.0064110672;0.34483793
-0.030383399;0.0083873514;0.34483793
-0.032359682;0.0083873514;0.34483793
-0.030383399;0.0083873514;0.34483793
-0.030383399;0.0083873514;0.34483793
-0.030383399;0.0083873514;0.34483793
-0.032359682;0.0083873514;0.33693281
-0.030383399;0.0083873514;0.33693281
-0.032359682;0.0083873514;0.33693281
-0.032359682;0.0083873514;0.34483793
-0.032359682;0.0083873514;0.33693281
-0.030383399;0.0083873514;0.34483793
-0.032359682;0.010363637;0.33693281
-0.032359682;0.0083873514;0.33693281
-0.032359682;0.0083873514;0.33693281
-0.032359682;0.010363637;0.33693281
-0.032359682;0.010363637;0.33693281
-0.032359682;0.010363637;0.33693281
-0.034335967;0.010363637;0.33693281
-0.032359682;0.010363637;0.33693281
-0.032359682;0.010363637;0.33693281
-0.030383399;0.010363637;0.33693281
-0.030383399;0.010363637;0.33693281
-0.032359682;0.010363637;0.33693281
-0.032359682;0.010363637;0.33693281
-0.030383399;0.010363637;0.33693281
-0.032359682;0.010363637;0.34483793
-0.030383399;0.012339921;0.33693281
-0.032359682;0.010363637;0.34483793
-0.030383399;0.010363637;0.33693281
-0.030383399;0.010363637;0.34483793
-0.032359682;0.012339921;0.34483793
-0.030383399;0.010363637;0.33693281
-0.030383399;0.010363637;0.33693281
-0.030383399;0.012339921;0.33693281
-0.030383399;0.012339921;0.34483793
-0.030383399;0.010363637;0.34483793
-0.030383399;0.012339921;0.33693281
-0.028407115;0.012339921;0.34483793
-0.028407115;0.010363637;0.33693281
-0.030383399;0.012339921;0.33693281
-0.028407115;0.012339921;0.33693281
-0.030383399;0.012339921;0.33693281
-0.028407115;0.012339921;0.33693281
-0.030383399;0.012339921;0.33693281
-0.028407115;0.012339921;0.33693281
-0.028407115;0.012339921;0.33693281
-0.028407115;0.012339921;0.33693281
-0.028407115;0.012339921;0.34483793
-0.028407115;0.012339921;0.34483793
-0.028407115;0.012339921;0.34483793
-0.028407115;0.014316206;0.33693281
-0.028407115;0.014316206;0.34483793
-0.02643083;0.014316206;0.33693281
-0.028407115;0.014316206;0.34483793
-0.02643083;0.014316206;0.34483793
-0.028407115;0.014316206;0.34483793
-0.02643083;0.014316206;0.34483793
-0.02643083;0.014316206;0.33693281
-0.024454545;0.014316206;0.34483793
-0.024454545;0.014316206;0.33693281
-0.024454545;0.014316206;0.34483793
-0.024454545;0.014316206;0.34483793
-0.02247826;0.01629249;0.33693281
-0.024454545;0.014316206;0.34483793
-0.02247826;0.01629249;0.34483793
-0.02247826;0.01629249;0.33693281
-0.02247826;0.01629249;0.34483793
-0.020501977;0.01629249;0.34483793
-0.02247826;0.01629249;0.33693281
-0.020501977;0.01629249;0.34483793
-0.020501977;0.01629249;0.34483793
-0.020501977;0.01629249;0.33693281
-0.018525692;0.01629249;0.34483793
-0.018525692;0.018268775;0.33693281
-0.018525692;0.01629249;0.33693281
-0.020501977;0.01629249;0.33693281
-0.018525692;0.01629249;0.33693281
-0.018525692;0.01629249;0.34483793
-0.018525692;0.018268775;0.33693281
-0.016549407;0.01629249;0.34483793
-0.016549407;0.018268775;0.33693281
-0.016549407;0.018268775;0.34483793
-0.016549407;0.01629249;0.34483793
-0.014573122;0.018268775;0.34483793
-0.014573122;0.018268775;0.33693281
-0.012596838;0.018268775;0.33693281
-0.014573122;0.018268775;0.33693281
-0.012596838;0.018268775;0.34483793
-0.012596838;0.018268775;0.33693281
-0.012596838;0.018268775;0.34483793
-0.010620553;0.018268775;0.34483793
-0.010620553;0.018268775;0.34483793
-0.010620553;0.018268775;0.33693281
-0.010620553;0.020245058;0.34483793
-0.010620553;0.020245058;0.33693281
-0.0086442688;0.018268775;0.34483793
-0.0086442688;0.020245058;0.33693281
-0.0086442688;0.020245058;0.34483793
-0.0066679842;0.020245058;0.34483793
-0.0066679842;0.020245058;0.34483793
-0.0066679842;0.020245058;0.33693281
-0.0066679842;0.020245058;0.34483793
-0.0066679842;0.020245058;0.33693281
-0.0046916995;0.020245058;0.34483793
-0.0046916995;0.020245058;0.34483793
-0.0046916995;0.020245058;0.33693281
-0.0046916995;0.022221344;0.33693281
-0.0027154151;0.020245058;0.33693281
-0.0027154151;0.022221344;0.34483793
-0.0027154151;0.022221344;0.34483793
-0.0027154151;0.022221344;0.33693281
-0.00073913042;0.022221344;0.33693281
-0.00073913042;0.022221344;0.33693281
-0.00073913042;0.022221344;0.34483793
-0.00073913042;0.020245058;0.33693281
0.0012371541;0.022221344;0.34483793
0.0012371541;0.022221344;0.34483793
0.0012371541;0.022221344;0.34483793
0.0032134387;0.022221344;0.33693281
0.0032134387;0.024197629;0.33693281
0.0051897233;0.022221344;0.34483793
0.0032134387;0.024197629;0.33693281
0.0051897233;0.022221344;0.34483793
0.007166008;0.022221344;0.34483793
0.007166008;0.022221344;0.33693281
0.0091422927;0.022221344;0.33693281
0.007166008;0.022221344;0.34483793
0.007166008;0.022221344;0.34483793
0.011118577;0.022221344;0.33693281
0.0091422927;0.024197629;0.34483793
0.011118577;0.024197629;0.34483793
0.011118577;0.024197629;0.34483793
0.011118577;0.024197629;0.34483793
0.013094862;0.024197629;0.34483793
0.013094862;0.024197629;0.34483793
0.015071146;0.024197629;0.34483793
0.015071146;0.024197629;0.34483793
0.015071146;0.024197629;0.34483793
0.015071146;0.024197629;0.34483793
0.017047431;0.026173914;0.34483793
0.015071146;0.024197629;0.34483793
0.017047431;0.024197629;0.34483793
0.019023715;0.024197629;0.34483793
0.019023715;0.026173914;0.34483793
0.019023715;0.026173914;0.34483793
0.021;0.026173914;0.33693281
0.021;0.024197629;0.33693281
0.021;0.026173914;0.33693281
0.022976285;0.026173914;0.33693281
0.022976285;0.026173914;0.34483793
0.02495257;0.026173914;0.34483793
0.022976285;0.024197629;0.34483793
0.02495257;0.026173914;0.34483793
0.02495257;0.026173914;0.33693281
0.02495257;0.026173914;0.33693281
0.02495257;0.026173914;0.34483793
0.026928853;0.026173914;0.33693281
0.028905138;0.028150197;0.33693281
0.028905138;0.026173914;0.33693281
0.028905138;0.028150197;0.34483793
0.030881424;0.026173914;0.34483793
0.030881424;0.028150197;0.33693281
0.030881424;0.028150197;0.34483793
0.032857709;0.028150197;0.34483793
0.032857709;0.026173914;0.33693281
0.032857709;0.028150197;0.33693281
0.032857709;0.028150197;0.33693281
0.032857709;0.028150197;0.34483793
0.034833994;0.028150197;0.33693281
0.036810275;0.028150197;0.34483793
0.036810275;0.030126482;0.33693281
0.03878656;0.028150197;0.33693281
0.036810275;0.028150197;0.33693281
0.03878656;0.028150197;0.35274309
0.03878656;0.030126482;0.34483793
0.03878656;0.028150197;0.33693281
0.03878656;0.028150197;0.33693281
0.03878656;0.028150197;0.33693281
0.040762845;0.028150197;0.34483793
0.040762845;0.030126482;0.34483793
0.042739131;0.028150197;0.34483793
0.044715416;0.028150197;0.33693281
0.044715416;0.030126482;0.32902768
0.042739131;0.032102767;0.34483793
0.042739131;0.030126482;0.33693281
0.044715416;0.030126482;0.34483793
0.046691701;0.030126482;0.33693281
0.046691701;0.030126482;0.34483793
0.046691701;0.032102767;0.33693281
0.046691701;0.030126482;0.33693281
0.048667986;0.030126482;0.33693281
0.048667986;0.030126482;0.33693281
0.048667986;0.030126482;0.33693281
0.050644267;0.030126482;0.34483793
0.050644267;0.030126482;0.34483793
0.052620552;0.030126482;0.33693281
0.050644267;0.032102767;0.34483793
0.052620552;0.030126482;0.34483793
0.052620552;0.032102767;0.33693281
0.054596838;0.032102767;0.33693281
0.052620552;0.032102767;0.33693281
0.054596838;0.032102767;0.34483793
0.054596838;0.032102767;0.34483793
0.056573123;0.032102767;0.34483793
0.056573123;0.032102767;0.34483793
0.056573123;0.032102767;0.34483793
0.056573123;0.032102767;0.33693281
0.058549408;0.032102767;0.34483793
0.058549408;0.032102767;0.33693281
0.058549408;0.032102767;0.33693281
0.058549408;0.034079053;0.34483793
0.060525693;0.034079053;0.33693281
0.060525693;0.034079053;0.33693281
0.062501974;0.032102767;0.34483793
0.060525693;0.034079053;0.33693281
0.062501974;0.034079053;0.33693281
0.060525693;0.034079053;0.34483793
0.062501974;0.034079053;0.33693281
0.062501974;0.034079053;0.34483793
0.062501974;0.034079053;0.34483793
0.062501974;0.034079053;0.33693281
0.062501974;0.034079053;0.34483793
0.064478263;0.036055338;0.33693281
0.062501974;0.036055338;0.33693281
0.064478263;0.036055338;0.33693281
0.064478263;0.036055338;0.34483793
0.064478263;0.034079053;0.34483793
0.064478263;0.034079053;0.33693281
0.064478263;0.036055338;0.34483793
0.066454545;0.036055338;0.34483793
0.066454545;0.034079053;0.34483793
0.068430834;0.036055338;0.34483793
0.068430834;0.036055338;0.34483793
0.070407115;0.036055338;0.34483793
0.070407115;0.036055338;0.34483793
0.068430834;0.036055338;0.33693281
0.070407115;0.036055338;0.33693281
0.070407115;0.036055338;0.34483793
0.070407115;0.036055338;0.33693281
0.072383396;0.036055338;0.33693281
0.070407115;0.036055338;0.34483793
0.072383396;0.038031619;0.34483793
0.072383396;0.036055338;0.34483793
0.072383396;0.036055338;0.34483793
0.072383396;0.036055338;0.33693281
0.074359685;0.036055338;0.33693281
0.072383396;0.038031619;0.33693281
0.074359685;0.038031619;0.33693281
0.074359685;0.038031619;0.33693281
0.074359685;0.038031619;0.33693281
0.074359685;0.038031619;0.34483793
0.074359685;0.038031619;0.34483793
0.074359685;0.038031619;0.33693281
0.074359685;0.038031619;0.33693281
0.074359685;0.038031619;0.34483793
0.076335967;0.038031619;0.34483793
0.076335967;0.040007904;0.33693281
0.074359685;0.038031619;0.34483793
0.076335967;0.038031619;0.34483793
0.076335967;0.038031619;0.34483793
0.076335967;0.038031619;0.33693281
0.076335967;0.038031619;0.33693281
0.076335967;0.038031619;0.34483793
0.076335967;0.040007904;0.34483793
0.078312255;0.040007904;0.34483793
0.078312255;0.038031619;0.33693281
0.076335967;0.040007904;0.34483793
0.076335967;0.040007904;0.34483793
0.076335967;0.040007904;0.33693281
0.078312255;0.040007904;0.33693281
0.078312255;0.040007904;0.34483793
0.078312255;0.040007904;0.33693281
0.076335967;0.040007904;0.33693281
0.078312255;0.040007904;0.34483793
0.076335967;0.040007904;0.34483793
0.078312255;0.040007904;0.34483793
0.078312255;0.040007904;0.33693281
0.078312255;0.040007904;0.33693281
0.076335967;0.040007904;0.33693281
0.078312255;0.041984189;0.34483793
0.078312255;0.041984189;0.33693281
0.078312255;0.041984189;0.33693281
0.076335967;0.041984189;0.33693281
0.078312255;0.041984189;0.34483793
0.078312255;0.040007904;0.33693281
0.078312255;0.041984189;0.34483793
0.076335967;0.041984189;0.34483793
0.078312255;0.041984189;0.34483793
0.076335967;0.041984189;0.34483793
0.076335967;0.041984189;0.34483793
0.078312255;0.041984189;0.33693281
0.076335967;0.041984189;0.33693281
0.076335967;0.041984189;0.33693281
0.078312255;0.041984189;0.34483793
0.076335967;0.041984189;0.34483793
0.076335967;0.041984189;0.34483793
0.076335967;0.041984189;0.33693281
0.074359685;0.041984189;0.34483793
0.076335967;0.041984189;0.33693281
0.074359685;0.043960474;0.34483793
0.074359685;0.041984189;0.34483793
0.076335967;0.043960474;0.33693281
0.076335967;0.041984189;0.34483793
0.074359685;0.041984189;0.33693281
0.074359685;0.043960474;0.34483793
0.076335967;0.041984189;0.33693281
0.074359685;0.043960474;0.33693281
0.074359685;0.043960474;0.34483793
0.076335967;0.043960474;0.33693281
0.074359685;0.043960474;0.33693281
0.074359685;0.043960474;0.34483793
0.074359685;0.043960474;0.34483793
0.072383396;0.043960474;0.34483793
0.072383396;0.043960474;0.34483793
0.070407115;0.043960474;0.34483793
0.072383396;0.043960474;0.34483793
0.074359685;0.043960474;0.33693281
0.072383396;0.043960474;0.33693281
0.070407115;0.04593676;0.34483793
0.070407115;0.043960474;0.34483793
0.070407115;0.04593676;0.34483793
0.070407115;0.043960474;0.34483793
0.070407115;0.04593676;0.34483793
0.070407115;0.04593676;0.34483793
0.070407115;0.043960474;0.33693281
0.070407115;0.04593676;0.34483793
0.068430834;0.04593676;0.34483793
0.068430834;0.04593676;0.33693281
0.066454545;0.04593676;0.33693281
0.068430834;0.04593676;0.34483793
0.066454545;0.04593676;0.33693281
0.066454545;0.04593676;0.34483793
0.068430834;0.04593676;0.33693281
0.066454545;0.04593676;0.34483793
0.066454545;0.047913045;0.33693281
0.064478263;0.04593676;0.34483793
0.064478263;0.047913045;0.34483793
0.064478263;0.047913045;0.34483793
0.064478263;0.047913045;0.34483793
0.064478263;0.04593676;0.33693281
0.064478263;0.04593676;0.33693281
0.064478263;0.047913045;0.34483793
0.062501974;0.047913045;0.34483793
0.062501974;0.047913045;0.33693281
0.062501974;0.047913045;0.34483793
0.062501974;0.047913045;0.34483793
0.060525693;0.047913045;0.33693281
0.060525693;0.047913045;0.33693281
0.058549408;0.047913045;0.33693281
0.058549408;0.047913045;0.34483793
0.058549408;0.047913045;0.33693281
0.058549408;0.047913045;0.33693281
0.056573123;0.047913045;0.34483793
0.056573123;0.047913045;0.33693281
0.056573123;0.04988933;0.34483793
0.056573123;0.047913045;0.33693281
0.056573123;0.047913045;0.34483793
0.056573123;0.04988933;0.34483793
0.054596838;0.04988933;0.34483793
0.054596838;0.04988933;0.34483793
0.052620552;0.047913045;0.34483793
0.054596838;0.04988933;0.33693281
0.052620552;0.04988933;0.33693281
0.052620552;0.04988933;0.34483793
0.052620552;0.04988933;0.33693281
0.050644267;0.04988933;0.34483793
0.048667986;0.04988933;0.33693281
0.048667986;0.04988933;0.34483793
0.048667986;0.04988933;0.33693281
0.048667986;0.04988933;0.34483793
0.048667986;0.04988933;0.33693281
0.048667986;0.047913045;0.34483793
0.046691701;0.04988933;0.33693281
0.046691701;0.04988933;0.33693281
0.046691701;0.04988933;0.33693281
0.044715416;0.04988933;0.33693281
0.044715416;0.051865611;0.33693281
0.044715416;0.04988933;0.33693281
0.042739131;0.051865611;0.34483793
0.042739131;0.051865611;0.33693281
0.042739131;0.04988933;0.34483793
0.040762845;0.04988933;0.34483793
0.040762845;0.04988933;0.34483793
0.040762845;0.051865611;0.34483793
0.03878656;0.051865611;0.33693281
0.03878656;0.051865611;0.34483793
0.036810275;0.051865611;0.33693281
0.03878656;0.051865611;0.34483793
0.036810275;0.04988933;0.34483793
0.03878656;0.04988933;0.34483793
0.036810275;0.051865611;0.34483793
0.034833994;0.051865611;0.34483793
0.034833994;0.051865611;0.34483793
0.034833994;0.051865611;0.34483793
0.032857709;0.051865611;0.34483793
0.032857709;0.051865611;0.34483793
0.032857709;0.051865611;0.33693281
0.030881424;0.053841896;0.34483793
0.030881424;0.053841896;0.33693281
0.030881424;0.051865611;0.33693281
0.028905138;0.053841896;0.33693281
0.028905138;0.051865611;0.34483793
0.026928853;0.051865611;0.34483793
0.028905138;0.053841896;0.34483793
0.028905138;0.051865611;0.34483793
0.026928853;0.051865611;0.33693281
0.026928853;0.053841896;0.34483793
0.026928853;0.051865611;0.33693281
0.02495257;0.053841896;0.34483793
0.02495257;0.051865611;0.34483793
0.02495257;0.053841896;0.33693281
0.022976285;0.053841896;0.33693281
0.022976285;0.053841896;0.34483793
0.021;0.053841896;0.34483793
0.021;0.053841896;0.34483793
0.021;0.053841896;0.33693281
0.021;0.053841896;0.33693281
0.019023715;0.053841896;0.34483793
0.019023715;0.055818181;0.33693281
0.017047431;0.053841896;0.34483793
0.017047431;0.053841896;0.33693281
0.015071146;0.053841896;0.34483793
0.017047431;0.053841896;0.34483793
0.015071146;0.055818181;0.33693281
0.015071146;0.053841896;0.34483793
0.013094862;0.055818181;0.34483793
0.013094862;0.053841896;0.33693281
0.013094862;0.053841896;0.34483793
0.011118577;0.055818181;0.34483793
0.011118577;0.055818181;0.34483793
0.011118577;0.055818181;0.33693281
0.0091422927;0.055818181;0.34483793
0.0091422927;0.055818181;0.34483793
0.0091422927;0.055818181;0.33693281
0.007166008;0.055818181;0.33693281
0.007166008;0.055818181;0.34483793
0.007166008;0.057794467;0.34483793
0.007166008;0.055818181;0.34483793
0.007166008;0.057794467;0.33693281
0.0051897233;0.055818181;0.34483793
0.0051897233;0.057794467;0.33693281
0.0012371541;0.055818181;0.33693281
0.0012371541;0.057794467;0.34483793
0.0012371541;0.055818181;0.34483793
0.0032134387;0.055818181;0.33693281
-0.00073913042;0.055818181;0.34483793
0.0012371541;0.055818181;0.34483793
0.0012371541;0.055818181;0.34483793
-0.00073913042;0.057794467;0.33693281
-0.00073913042;0.055818181;0.33693281
-0.0027154151;0.055818181;0.34483793
-0.0027154151;0.057794467;0.34483793
-0.0027154151;0.057794467;0.34483793
-0.0027154151;0.057794467;0.34483793
-0.0027154151;0.057794467;0.34483793
-0.0046916995;0.057794467;0.33693281
-0.0066679842;0.057794467;0.34483793
-0.0066679842;0.057794467;0.33693281
-0.0066679842;0.057794467;0.33693281
-0.0066679842;0.057794467;0.34483793
-0.0066679842;0.057794467;0.33693281
-0.0086442688;0.057794467;0.33693281
-0.0086442688;0.057794467;0.34483793
-0.0086442688;0.057794467;0.33693281
-0.010620553;0.059770752;0.34483793
-0.010620553;0.057794467;0.34483793
-0.010620553;0.059770752;0.34483793
-0.010620553;0.057794467;0.34483793
-0.012596838;0.057794467;0.34483793
-0.012596838;0.059770752;0.34483793
-0.012596838;0.057794467;0.33693281
-0.012596838;0.057794467;0.33693281
-0.012596838;0.059770752;0.33693281
-0.014573122;0.059770752;0.33693281
-0.014573122;0.059770752;0.33693281
-0.016549407;0.057794467;0.33693281
-0.014573122;0.059770752;0.34483793
-0.014573122;0.057794467;0.34483793
-0.016549407;0.059770752;0.34483793
-0.016549407;0.059770752;0.34483793
-0.018525692;0.059770752;0.34483793
-0.016549407;0.057794467;0.34483793
-0.018525692;0.059770752;0.33693281
-0.018525692;0.059770752;0.34483793
-0.020501977;0.059770752;0.33693281
-0.020501977;0.061747037;0.32902768
-0.018525692;0.059770752;0.34483793
-0.020501977;0.059770752;0.34483793
-0.020501977;0.059770752;0.33693281
-0.02247826;0.059770752;0.33693281
-0.02247826;0.061747037;0.34483793
-0.02247826;0.059770752;0.33693281
-0.020501977;0.061747037;0.33693281
-0.02247826;0.059770752;0.33693281
-0.02247826;0.061747037;0.34483793
-0.024454545;0.059770752;0.33693281
-0.02247826;0.059770752;0.33693281
-0.02247826;0.061747037;0.34483793
-0.024454545;0.061747037;0.34483793
-0.024454545;0.059770752;0.34483793
-0.024454545;0.061747037;0.34483793
-0.024454545;0.061747037;0.34483793
-0.024454545;0.061747037;0.33693281
-0.02643083;0.061747037;0.33693281
-0.02643083;0.061747037;0.34483793
-0.02643083;0.061747037;0.34483793
-0.02643083;0.059770752;0.34483793
-0.028407115;0.061747037;0.34483793
-0.028407115;0.061747037;0.34483793
-0.02643083;0.061747037;0.34483793
-0.02643083;0.061747037;0.34483793
-0.030383399;0.061747037;0.33693281
-0.028407115;0.061747037;0.33693281
-0.030383399;0.059770752;0.33693281
-0.028407115;0.061747037;0.33693281
-0.030383399;0.061747037;0.34483793
-0.030383399;0.061747037;0.35274309
-0.028407115;0.061747037;0.34483793
-0.030383399;0.061747037;0.33693281
-0.030383399;0.061747037;0.33693281
-0.030383399;0.061747037;0.34483793
-0.032359682;0.061747037;0.33693281
-0.032359682;0.061747037;0.34483793
-0.032359682;0.061747037;0.34483793
-0.030383399;0.061747037;0.34483793
-0.032359682;0.061747037;0.33693281
-0.032359682;0.061747037;0.33693281
-0.030383399;0.061747037;0.33693281
-0.030383399;0.063723318;0.34483793
-0.030383399;0.061747037;0.34483793
-0.032359682;0.063723318;0.33693281
-0.030383399;0.061747037;0.33693281
-0.032359682;0.063723318;0.34483793
-0.032359682;0.063723318;0.33693281
-0.032359682;0.063723318;0.33693281
-0.032359682;0.065699607;0.34483793
-0.032359682;0.063723318;0.34483793
-0.032359682;0.063723318;0.33693281
-0.032359682;0.063723318;0.33693281
-0.032359682;0.063723318;0.34483793
-0.032359682;0.061747037;0.34483793
-0.032359682;0.063723318;0.34483793
-0.032359682;0.063723318;0.33693281
-0.032359682;0.065699607;0.33693281
-0.032359682;0.063723318;0.33693281
-0.032359682;0.063723318;0.33693281
-0.032359682;0.063723318;0.33693281
-0.032359682;0.063723318;0.34483793
-0.032359682;0.065699607;0.34483793
-0.030383399;0.063723318;0.34483793
-0.030383399;0.063723318;0.34483793
-0.032359682;0.063723318;0.33693281
-0.032359682;0.065699607;0.34483793
-0.030383399;0.063723318;0.34483793
-0.032359682;0.065699607;0.33693281
-0.032359682;0.063723318;0.34483793
-0.030383399;0.063723318;0.34483793
-0.030383399;0.063723318;0.33693281
-0.030383399;0.063723318;0.34483793
-0.030383399;0.063723318;0.34483793
-0.030383399;0.063723318;0.33693281
-0.030383399;0.063723318;0.33693281
-0.030383399;0.065699607;0.33693281
-0.028407115;0.065699607;0.34483793
-0.030383399;0.063723318;0.34483793
-0.028407115;0.063723318;0.33693281
-0.028407115;0.065699607;0.33693281
-0.030383399;0.065699607;0.33693281
-0.030383399;0.063723318;0.34483793
-0.030383399;0.065699607;0.34483793
-0.030383399;0.065699607;0.33693281
-0.02643083;0.065699607;0.33693281
-0.030383399;0.063723318;0.34483793
-0.028407115;0.065699607;0.33693281
-0.028407115;0.065699607;0.33693281
-0.028407115;0.065699607;0.34483793
-0.02643083;0.065699607;0.33693281
-0.02643083;0.065699607;0.34483793
-0.028407115;0.065699607;0.34483793
-0.02643083;0.065699607;0.34483793
-0.02643083;0.065699607;0.33693281
-0.02643083;0.065699607;0.34483793
-0.024454545;0.065699607;0.34483793
-0.02643083;0.065699607;0.33693281
-0.02643083;0.063723318;0.33693281
-0.02643083;0.065699607;0.33693281
-0.024454545;0.065699607;0.34483793
-0.02247826;0.067675889;0.34483793
-0.02247826;0.065699607;0.33693281
-0.02247826;0.067675889;0.34483793
-0.02247826;0.065699607;0.34483793
-0.02247826;0.067675889;0.34483793
-0.02247826;0.067675889;0.34483793
-0.020501977;0.065699607;0.33693281
-0.020501977;0.067675889;0.34483793
-0.02247826;0.067675889;0.33693281
-0.02247826;0.067675889;0.34483793
-0.020501977;0.065699607;0.34483793
-0.020501977;0.065699607;0.33693281
-0.020501977;0.067675889;0.34483793
-0.020501977;0.065699607;0.34483793
-0.018525692;0.065699607;0.33693281
-0.018525692;0.067675889;0.33693281
-0.018525692;0.065699607;0.33693281
-0.016549407;0.065699607;0.33693281
-0.018525692;0.065699607;0.33693281
-0.016549407;0.067675889;0.33693281
-0.016549407;0.067675889;0.33693281
-0.014573122;0.065699607;0.34483793
-0.014573122;0.065699607;0.34483793
-0.014573122;0.067675889;0.33693281
-0.012596838;0.067675889;0.33693281
-0.012596838;0.067675889;0.33693281
-0.014573122;0.067675889;0.33693281
-0.012596838;0.067675889;0.33693281
-0.012596838;0.067675889;0.34483793
-0.012596838;0.067675889;0.34483793
-0.012596838;0.065699607;0.34483793
-0.010620553;0.067675889;0.33693281
-0.010620553;0.067675889;0.33693281
-0.010620553;0.067675889;0.34483793
-0.010620553;0.067675889;0.34483793
-0.0086442688;0.067675889;0.33693281
-0.0086442688;0.067675889;0.34483793
-0.0086442688;0.067675889;0.34483793
-0.0066679842;0.067675889;0.33693281
-0.0066679842;0.067675889;0.33693281
-0.0066679842;0.067675889;0.33693281
-0.0046916995;0.067675889;0.33693281
-0.0066679842;0.067675889;0.34483793
-0.0066679842;0.067675889;0.34483793
-0.0046916995;0.067675889;0.34483793
-0.0046916995;0.067675889;0.33693281
-0.0027154151;0.067675889;0.33693281
-0.00073913042;0.067675889;0.34483793
-0.0027154151;0.067675889;0.34483793
-0.00073913042;0.067675889;0.34483793
-0.00073913042;0.067675889;0.33693281
-0.00073913042;0.067675889;0.33693281
-0.00073913042;0.067675889;0.34483793
0.0012371541;0.069652177;0.33693281
0.0012371541;0.069652177;0.34483793
0.0032134387;0.067675889;0.34483793
0.0032134387;0.067675889;0.33693281
0.0032134387;0.067675889;0.34483793
0.0032134387;0.067675889;0.33693281
0.0051897233;0.067675889;0.34483793
0.0051897233;0.067675889;0.34483793
0.007166008;0.067675889;0.34483793
0.007166008;0.069652177;0.34483793
0.007166008;0.067675889;0.33693281
0.0091422927;0.069652177;0.33693281
0.0091422927;0.069652177;0.33693281
0.0091422927;0.067675889;0.34483793
0.011118577;0.067675889;0.33693281
0.011118577;0.067675889;0.33693281
0.011118577;0.067675889;0.34483793
0.013094862;0.069652177;0.34483793
0.013094862;0.067675889;0.34483793
0.013094862;0.069652177;0.33693281
0.015071146;0.069652177;0.34483793
0.015071146;0.069652177;0.33693281
0.015071146;0.069652177;0.34483793
0.015071146;0.067675889;0.33693281
0.017047431;0.067675889;0.34483793
0.017047431;0.069652177;0.34483793
0.017047431;0.069652177;0.33693281
0.019023715;0.067675889;0.34483793
0.019023715;0.067675889;0.33693281
0.019023715;0.069652177;0.33693281
0.021;0.067675889;0.34483793
0.021;0.067675889;0.33693281
0.022976285;0.067675889;0.33693281
0.022976285;0.067675889;0.33693281
0.022976285;0.069652177;0.33693281
0.022976285;0.067675889;0.34483793
0.02495257;0.067675889;0.33693281
0.02495257;0.067675889;0.34483793
0.02495257;0.067675889;0.33693281
0.026928853;0.067675889;0.34483793
0.026928853;0.069652177;0.33693281
0.026928853;0.069652177;0.33693281
0.026928853;0.067675889;0.33693281
0.028905138;0.067675889;0.33693281
0.028905138;0.067675889;0.33693281
0.030881424;0.067675889;0.33693281
0.030881424;0.067675889;0.33693281
0.030881424;0.067675889;0.33693281
0.032857709;0.067675889;0.33693281
0.032857709;0.069652177;0.33693281
0.032857709;0.067675889;0.33693281
0.034833994;0.067675889;0.33693281
0.032857709;0.067675889;0.33693281
0.034833994;0.067675889;0.34483793
0.034833994;0.069652177;0.33693281
0.036810275;0.069652177;0.33693281
0.036810275;0.069652177;0.33693281
0.036810275;0.069652177;0.34483793
0.040762845;0.069652177;0.34483793
0.040762845;0.069652177;0.34483793
0.03878656;0.069652177;0.33693281
0.03878656;0.069652177;0.33693281
0.040762845;0.069652177;0.33693281
0.040762845;0.069652177;0.33693281
0.042739131;0.067675889;0.33693281
0.042739131;0.067675889;0.34483793
0.042739131;0.069652177;0.33693281
0.044715416;0.069652177;0.34483793
0.044715416;0.069652177;0.34483793
0.044715416;0.069652177;0.34483793
0.044715416;0.069652177;0.33693281
0.048667986;0.069652177;0.33693281
0.046691701;0.069652177;0.34483793
0.048667986;0.069652177;0.34483793
0.046691701;0.069652177;0.33693281
0.046691701;0.069652177;0.33693281
0.048667986;0.069652177;0.34483793
0.050644267;0.069652177;0.34483793
0.050644267;0.069652177;0.33693281
0.052620552;0.069652177;0.33693281
0.052620552;0.069652177;0.33693281
0.050644267;0.069652177;0.33693281
0.052620552;0.069652177;0.34483793
0.052620552;0.069652177;0.33693281
0.054596838;0.069652177;0.33693281
0.054596838;0.069652177;0.34483793
0.054596838;0.069652177;0.34483793
0.054596838;0.067675889;0.33693281
0.056573123;0.069652177;0.34483793
0.056573123;0.069652177;0.33693281
0.056573123;0.069652177;0.34483793
0.058549408;0.069652177;0.34483793
0.058549408;0.069652177;0.34483793
0.058549408;0.069652177;0.33693281
0.058549408;0.069652177;0.33693281
0.058549408;0.069652177;0.33693281
0.060525693;0.067675889;0.33693281
0.062501974;0.067675889;0.33693281
0.060525693;0.069652177;0.34483793
0.062501974;0.069652177;0.34483793
0.062501974;0.069652177;0.33693281
0.062501974;0.069652177;0.33693281
0.062501974;0.069652177;0.34483793
0.062501974;0.069652177;0.34483793
0.064478263;0.069652177;0.34483793
0.064478263;0.069652177;0.34483793
0.064478263;0.069652177;0.34483793
0.064478263;0.069652177;0.34483793
0.064478263;0.067675889;0.34483793
0.066454545;0.067675889;0.33693281
0.064478263;0.069652177;0.34483793
0.066454545;0.067675889;0.34483793
0.066454545;0.069652177;0.34483793
0.066454545;0.069652177;0.33693281
0.068430834;0.069652177;0.33693281
0.068430834;0.067675889;0.33693281
0.068430834;0.069652177;0.34483793
0.068430834;0.069652177;0.34483793
0.070407115;0.069652177;0.34483793
0.070407115;0.069652177;0.33693281
0.070407115;0.069652177;0.34483793
0.070407115;0.069652177;0.33693281
0.070407115;0.069652177;0.34483793
0.070407115;0.069652177;0.34483793
0.070407115;0.069652177;0.33693281
0.070407115;0.069652177;0.34483793
0.070407115;0.069652177;0.33693281
0.070407115;0.069652177;0.33693281
0.072383396;0.069652177;0.33693281
0.074359685;0.069652177;0.33693281
0.072383396;0.071628459;0.34483793
0.072383396;0.067675889;0.34483793
0.074359685;0.069652177;0.34483793
0.074359685;0.069652177;0.34483793
0.074359685;0.069652177;0.33693281
0.074359685;0.069652177;0.33693281
0.072383396;0.069652177;0.34483793
0.074359685;0.069652177;0.34483793
0.074359685;0.069652177;0.34483793
0.076335967;0.069652177;0.34483793
0.076335967;0.069652177;0.33693281
0.076335967;0.067675889;0.34483793
0.076335967;0.067675889;0.33693281
0.076335967;0.067675889;0.34483793
0.076335967;0.067675889;0.33693281
0.076335967;0.069652177;0.33693281
0.076335967;0.067675889;0.34483793
0.076335967;0.069652177;0.34483793
0.078312255;0.069652177;0.34483793
0.076335967;0.069652177;0.34483793
0.078312255;0.067675889;0.33693281
0.078312255;0.069652177;0.34483793
0.076335967;0.067675889;0.33693281
0.076335967;0.067675889;0.34483793
0.076335967;0.067675889;0.33693281
0.078312255;0.067675889;0.34483793
0.076335967;0.069652177;0.33693281
0.076335967;0.067675889;0.33693281
0.076335967;0.067675889;0.33693281
0.076335967;0.067675889;0.33693281
0.078312255;0.069652177;0.34483793
0.078312255;0.067675889;0.34483793
0.078312255;0.067675889;0.34483793
0.078312255;0.069652177;0.34483793
0.076335967;0.069652177;0.33693281
0.078312255;0.069652177;0.34483793
0.078312255;0.067675889;0.33693281
0.078312255;0.067675889;0.34483793
0.078312255;0.069652177;0.34483793
0.078312255;0.067675889;0.34483793
0.078312255;0.067675889;0.33693281
0.078312255;0.067675889;0.33693281
0.076335967;0.067675889;0.34483793
0.076335967;0.069652177;0.33693281
0.078312255;0.067675889;0.34483793
0.076335967;0.067675889;0.34483793
0.078312255;0.067675889;0.33693281
0.078312255;0.067675889;0.33693281
0.076335967;0.067675889;0.33693281
0.076335967;0.067675889;0.33693281
0.076335967;0.067675889;0.34483793
0.076335967;0.067675889;0.33693281
0.076335967;0.067675889;0.33693281
0.074359685;0.069652177;0.33693281
0.076335967;0.067675889;0.33693281
0.074359685;0.067675889;0.33693281
0.076335967;0.067675889;0.33693281
0.076335967;0.069652177;0.33693281
0.074359685;0.067675889;0.33693281
0.074359685;0.067675889;0.34483793
0.074359685;0.067675889;0.34483793
0.074359685;0.067675889;0.33693281
0.074359685;0.069652177;0.34483793
0.074359685;0.069652177;0.33693281
0.074359685;0.067675889;0.33693281
0.072383396;0.067675889;0.33693281
0.072383396;0.067675889;0.33693281
0.072383396;0.067675889;0.34483793
0.072383396;0.067675889;0.34483793
0.072383396;0.067675889;0.33693281
0.072383396;0.067675889;0.33693281
0.072383396;0.067675889;0.33693281
0.072383396;0.067675889;0.34483793
0.070407115;0.067675889;0.34483793
0.070407115;0.067675889;0.34483793
0.070407115;0.067675889;0.34483793
0.070407115;0.067675889;0.34483793
0.070407115;0.067675889;0.33693281
0.070407115;0.067675889;0.34483793
0.070407115;0.067675889;0.33693281
0.068430834;0.067675889;0.33693281
0.068430834;0.067675889;0.33693281
0.070407115;0.067675889;0.34483793
0.068430834;0.067675889;0.34483793
0.068430834;0.067675889;0.33693281
0.066454545;0.067675889;0.34483793
0.066454545;0.067675889;0.33693281
0.066454545;0.067675889;0.34483793
0.066454545;0.067675889;0.33693281
0.066454545;0.067675889;0.33693281
0.064478263;0.067675889;0.33693281
0.064478263;0.065699607;0.34483793
0.064478263;0.067675889;0.33693281
0.062501974;0.067675889;0.33693281
0.062501974;0.067675889;0.33693281
0.064478263;0.067675889;0.33693281
0.062501974;0.067675889;0.34483793
0.062501974;0.067675889;0.34483793
0.062501974;0.067675889;0.34483793
0.060525693;0.067675889;0.34483793
0.060525693;0.067675889;0.34483793
0.060525693;0.067675889;0.34483793
0.060525693;0.065699607;0.33693281
0.058549408;0.065699607;0.34483793
0.058549408;0.067675889;0.34483793
0.058549408;0.065699607;0.34483793
0.056573123;0.067675889;0.33693281
0.058549408;0.065699607;0.33693281
0.058549408;0.067675889;0.33693281
0.056573123;0.067675889;0.33693281
0.056573123;0.067675889;0.33693281
0.056573123;0.067675889;0.34483793
0.054596838;0.065699607;0.33693281
0.054596838;0.065699607;0.34483793
0.054596838;0.065699607;0.33693281
0.052620552;0.067675889;0.33693281
0.052620552;0.067675889;0.34483793
0.052620552;0.065699607;0.34483793
0.052620552;0.065699607;0.34483793
0.052620552;0.065699607;0.34483793
0.050644267;0.065699607;0.33693281
0.050644267;0.067675889;0.34483793
0.048667986;0.065699607;0.33693281
0.048667986;0.065699607;0.34483793
0.048667986;0.065699607;0.33693281
0.046691701;0.065699607;0.34483793
0.046691701;0.065699607;0.33693281
0.046691701;0.065699607;0.33693281
0.044715416;0.065699607;0.34483793
0.046691701;0.065699607;0.34483793
0.044715416;0.065699607;0.34483793
0.042739131;0.065699607;0.34483793
0.042739131;0.063723318;0.33693281
0.042739131;0.065699607;0.33693281
0.042739131;0.063723318;0.34483793
0.03878656;0.065699607;0.34483793
0.040762845;0.063723318;0.33693281
0.040762845;0.063723318;0.34483793
0.03878656;0.065699607;0.34483793
0.03878656;0.063723318;0.33693281
0.03878656;0.065699607;0.33693281
0.034833994;0.065699607;0.34483793
0.03878656;0.063723318;0.34483793
0.036810275;0.065699607;0.33693281
0.034833994;0.065699607;0.34483793
0.032857709;0.065699607;0.33693281
0.034833994;0.063723318;0.34483793
0.034833994;0.063723318;0.33693281
0.032857709;0.063723318;0.33693281
0.032857709;0.063723318;0.33693281
0.032857709;0.063723318;0.33693281
0.032857709;0.065699607;0.34483793
0.030881424;0.065699607;0.34483793
0.028905138;0.063723318;0.33693281
0.028905138;0.063723318;0.33693281
0.028905138;0.063723318;0.33693281
0.026928853;0.063723318;0.33693281
0.026928853;0.061747037;0.34483793
0.026928853;0.063723318;0.33693281
0.026928853;0.063723318;0.34483793
0.02495257;0.063723318;0.34483793
0.022976285;0.063723318;0.34483793
0.022976285;0.061747037;0.34483793
0.022976285;0.061747037;0.34483793
0.022976285;0.063723318;0.34483793
0.022976285;0.063723318;0.33693281
0.021;0.063723318;0.33693281
0.021;0.063723318;0.34483793
0.021;0.063723318;0.34483793
0.019023715;0.063723318;0.33693281
0.019023715;0.063723318;0.33693281
0.019023715;0.061747037;0.34483793
0.019023715;0.061747037;0.33693281
0.017047431;0.063723318;0.34483793
0.015071146;0.061747037;0.33693281
0.017047431;0.061747037;0.34483793
0.017047431;0.063723318;0.33693281
0.015071146;0.063723318;0.33693281
0.013094862;0.061747037;0.33693281
0.015071146;0.063723318;0.34483793
0.013094862;0.063723318;0.34483793
0.011118577;0.061747037;0.33693281
0.011118577;0.061747037;0.33693281
0.011118577;0.061747037;0.34483793
0.011118577;0.061747037;0.33693281
0.0091422927;0.061747037;0.34483793
0.007166008;0.061747037;0.33693281
0.0091422927;0.061747037;0.33693281
0.007166008;0.061747037;0.34483793
0.007166008;0.061747037;0.33693281
0.0051897233;0.061747037;0.33693281
0.0051897233;0.061747037;0.34483793
0.0051897233;0.061747037;0.33693281
0.0051897233;0.059770752;0.34483793
0.0032134387;0.059770752;0.34483793
0.0032134387;0.061747037;0.33693281
0.0032134387;0.061747037;0.33693281
0.0012371541;0.059770752;0.34483793
-0.00073913042;0.059770752;0.34483793
-0.00073913042;0.061747037;0.33693281
-0.00073913042;0.061747037;0.34483793
-0.00073913042;0.061747037;0.34483793
-0.00073913042;0.059770752;0.33693281
-0.0027154151;0.061747037;0.34483793
-0.0027154151;0.061747037;0.34483793
-0.0046916995;0.059770752;0.34483793
-0.0027154151;0.059770752;0.33693281
-0.0046916995;0.059770752;0.33693281
-0.0066679842;0.061747037;0.34483793
-0.0066679842;0.061747037;0.33693281
-0.0066679842;0.061747037;0.33693281
-0.0066679842;0.059770752;0.33693281
-0.0066679842;0.061747037;0.33693281
-0.0066679842;0.059770752;0.34483793
-0.0086442688;0.059770752;0.34483793
-0.0086442688;0.061747037;0.34483793
-0.0086442688;0.059770752;0.33693281
-0.010620553;0.059770752;0.33693281
-0.010620553;0.059770752;0.34483793
-0.010620553;0.061747037;0.34483793
-0.010620553;0.059770752;0.33693281
-0.010620553;0.059770752;0.33693281
-0.012596838;0.059770752;0.34483793
-0.012596838;0.059770752;0.33693281
-0.014573122;0.059770752;0.33693281
-0.012596838;0.059770752;0.33693281
-0.014573122;0.059770752;0.34483793
-0.014573122;0.059770752;0.34483793
-0.016549407;0.059770752;0.34483793
-0.016549407;0.059770752;0.33693281
-0.016549407;0.059770752;0.33693281
-0.016549407;0.057794467;0.33693281
-0.016549407;0.057794467;0.34483793
-0.018525692;0.057794467;0.33693281
-0.018525692;0.057794467;0.33693281
-0.018525692;0.057794467;0.34483793
-0.018525692;0.057794467;0.34483793
-0.018525692;0.057794467;0.34483793
-0.020501977;0.057794467;0.33693281
-0.020501977;0.057794467;0.34483793
-0.020501977;0.057794467;0.34483793
-0.02247826;0.059770752;0.34483793
-0.02247826;0.057794467;0.33693281
-0.02247826;0.057794467;0.33693281
-0.02247826;0.057794467;0.34483793
-0.020501977;0.057794467;0.34483793
-0.02247826;0.057794467;0.33693281
-0.02247826;0.057794467;0.34483793
-0.024454545;0.059770752;0.33693281
-0.02247826;0.057794467;0.33693281
-0.024454545;0.057794467;0.34483793
-0.024454545;0.057794467;0.34483793
-0.024454545;0.057794467;0.33693281
-0.02247826;0.057794467;0.34483793
-0.024454545;0.057794467;0.33693281
-0.02643083;0.057794467;0.33693281
-0.028407115;0.057794467;0.33693281
-0.02643083;0.057794467;0.34483793
-0.02643083;0.057794467;0.34483793
-0.02643083;0.055818181;0.33693281
-0.02643083;0.055818181;0.33693281
-0.02643083;0.057794467;0.34483793
-0.02643083;0.055818181;0.34483793
-0.028407115;0.057794467;0.34483793
-0.028407115;0.055818181;0.33693281
-0.028407115;0.055818181;0.33693281
-0.028407115;0.055818181;0.33693281
-0.028407115;0.057794467;0.33693281
-0.030383399;0.055818181;0.33693281
-0.028407115;0.055818181;0.33693281
-0.028407115;0.055818181;0.34483793
-0.030383399;0.057794467;0.33693281
-0.030383399;0.055818181;0.33693281
-0.032359682;0.055818181;0.34483793
-0.030383399;0.057794467;0.33693281
-0.030383399;0.055818181;0.34483793
-0.030383399;0.053841896;0.34483793
-0.030383399;0.055818181;0.33693281
-0.030383399;0.055818181;0.34483793
-0.032359682;0.053841896;0.33693281
-0.034335967;0.053841896;0.33693281
-0.030383399;0.053841896;0.34483793
-0.030383399;0.053841896;0.34483793
-0.032359682;0.055818181;0.33693281
-0.032359682;0.053841896;0.34483793
-0.032359682;0.053841896;0.33693281
-0.032359682;0.053841896;0.33693281
-0.030383399;0.053841896;0.34483793
-0.032359682;0.053841896;0.33693281
-0.032359682;0.053841896;0.33693281
-0.032359682;0.053841896;0.34483793
-0.032359682;0.051865611;0.33693281
-0.032359682;0.053841896;0.34483793
-0.032359682;0.055818181;0.33693281
-0.032359682;0.053841896;0.33693281
-0.032359682;0.053841896;0.34483793
-0.032359682;0.053841896;0.33693281
-0.032359682;0.053841896;0.33693281
-0.032359682;0.053841896;0.34483793
-0.032359682;0.051865611;0.33693281
-0.032359682;0.053841896;0.34483793
-0.032359682;0.053841896;0.33693281
-0.032359682;0.051865611;0.34483793
-0.030383399;0.053841896;0.32902768
-0.032359682;0.053841896;0.34483793
-0.030383399;0.051865611;0.34483793
-0.032359682;0.051865611;0.34483793
-0.032359682;0.04988933;0.33693281
-0.030383399;0.051865611;0.33693281
-0.030383399;0.053841896;0.34483793
-0.030383399;0.051865611;0.33693281
-0.030383399;0.051865611;0.33693281
-0.032359682;0.051865611;0.34483793
-0.030383399;0.051865611;0.33693281
-0.030383399;0.051865611;0.33693281
-0.030383399;0.051865611;0.33693281
-0.030383399;0.051865611;0.33693281
-0.030383399;0.051865611;0.33693281
-0.030383399;0.051865611;0.33693281
-0.030383399;0.04988933;0.33693281
-0.028407115;0.051865611;0.33693281
-0.028407115;0.051865611;0.34483793
-0.028407115;0.04988933;0.33693281
-0.028407115;0.04988933;0.34483793
-0.028407115;0.04988933;0.33693281
-0.028407115;0.04988933;0.33693281
-0.028407115;0.04988933;0.34483793
-0.028407115;0.04988933;0.33693281
-0.028407115;0.04988933;0.34483793
-0.028407115;0.051865611;0.34483793
-0.028407115;0.04988933;0.34483793
-0.028407115;0.04988933;0.33693281
-0.024454545;0.04988933;0.34483793
-0.02643083;0.04988933;0.34483793
-0.02643083;0.04988933;0.34483793
-0.02643083;0.047913045;0.33693281
-0.024454545;0.04988933;0.33693281
-0.024454545;0.04988933;0.33693281
-0.02247826;0.04988933;0.33693281
-0.02247826;0.047913045;0.34483793
-0.02247826;0.047913045;0.33693281
-0.02247826;0.04988933;0.34483793
-0.02247826;0.047913045;0.34483793
-0.02247826;0.047913045;0.33693281
-0.02247826;0.047913045;0.34483793
-0.02247826;0.04988933;0.34483793
-0.02247826;0.04988933;0.33693281
-0.020501977;0.047913045;0.34483793
-0.020501977;0.047913045;0.33693281
-0.020501977;0.04988933;0.34483793
-0.020501977;0.047913045;0.33693281
-0.020501977;0.047913045;0.34483793
-0.018525692;0.047913045;0.33693281
-0.018525692;0.047913045;0.33693281
-0.018525692;0.04593676;0.34483793
-0.018525692;0.047913045;0.33693281
-0.016549407;0.047913045;0.34483793
-0.016549407;0.047913045;0.33693281
-0.014573122;0.047913045;0.33693281
-0.014573122;0.047913045;0.33693281
-0.014573122;0.047913045;0.34483793
-0.014573122;0.047913045;0.34483793
-0.014573122;0.047913045;0.33693281
-0.012596838;0.047913045;0.34483793
-0.012596838;0.047913045;0.34483793
-0.012596838;0.047913045;0.33693281
-0.012596838;0.047913045;0.34483793
-0.010620553;0.047913045;0.33693281
-0.010620553;0.04593676;0.33693281
-0.010620553;0.047913045;0.34483793
-0.010620553;0.047913045;0.33693281
-0.010620553;0.04593676;0.34483793
-0.010620553;0.04593676;0.34483793
-0.0086442688;0.043960474;0.33693281
-0.0086442688;0.043960474;0.33693281
-0.0086442688;0.04593676;0.34483793
-0.0066679842;0.04593676;0.33693281
-0.0066679842;0.04593676;0.33693281
-0.0066679842;0.043960474;0.33693281
-0.0066679842;0.04593676;0.34483793
-0.0046916995;0.043960474;0.33693281
-0.0046916995;0.04593676;0.33693281
-0.0046916995;0.04593676;0.33693281
-0.0027154151;0.043960474;0.33693281
-0.0027154151;0.04593676;0.33693281
-0.0027154151;0.04593676;0.33693281
-0.00073913042;0.04593676;0.34483793
-0.0027154151;0.041984189;0.34483793
-0.00073913042;0.043960474;0.34483793
0.0012371541;0.043960474;0.33693281
-0.00073913042;0.041984189;0.33693281
0.0012371541;0.043960474;0.33693281
0.0012371541;0.04593676;0.33693281
0.0012371541;0.043960474;0.34483793
0.0032134387;0.043960474;0.33693281
0.0032134387;0.043960474;0.33693281
0.0051897233;0.043960474;0.33693281
0.0051897233;0.043960474;0.34483793
0.0051897233;0.043960474;0.33693281
0.007166008;0.043960474;0.33693281
0.007166008;0.041984189;0.34483793
0.007166008;0.041984189;0.33693281
0.0091422927;0.041984189;0.33693281
0.0091422927;0.043960474;0.33693281
0.0091422927;0.043960474;0.33693281
0.011118577;0.041984189;0.33693281
0.0091422927;0.041984189;0.33693281
0.011118577;0.043960474;0.32902768
0.011118577;0.041984189;0.34483793
0.015071146;0.040007904;0.34483793
0.013094862;0.041984189;0.33693281
0.015071146;0.041984189;0.34483793
0.015071146;0.041984189;0.34483793
0.015071146;0.041984189;0.33693281
0.017047431;0.041984189;0.34483793
0.017047431;0.041984189;0.33693281
0.017047431;0.041984189;0.34483793
0.019023715;0.041984189;0.33693281
0.019023715;0.041984189;0.34483793
0.019023715;0.041984189;0.34483793
0.021;0.041984189;0.34483793
0.019023715;0.041984189;0.33693281
0.021;0.041984189;0.34483793
0.022976285;0.041984189;0.33693281
0.021;0.041984189;0.33693281
0.022976285;0.040007904;0.34483793
0.02495257;0.041984189;0.33693281
0.02495257;0.040007904;0.33693281
0.02495257;0.040007904;0.33693281
0.02495257;0.040007904;0.33693281
0.026928853;0.040007904;0.34483793
0.026928853;0.040007904;0.33693281
0.026928853;0.040007904;0.34483793
0.026928853;0.040007904;0.33693281
0.028905138;0.040007904;0.33693281
0.028905138;0.040007904;0.33693281
0.032857709;0.040007904;0.33693281
0.030881424;0.040007904;0.34483793
0.032857709;0.038031619;0.34483793
0.030881424;0.038031619;0.34483793
0.030881424;0.040007904;0.33693281
0.032857709;0.038031619;0.34483793
0.034833994;0.040007904;0.34483793
0.034833994;0.038031619;0.34483793
0.034833994;0.040007904;0.34483793
0.034833994;0.040007904;0.33693281
0.036810275;0.038031619;0.33693281
0.034833994;0.040007904;0.33693281
0.03878656;0.038031619;0.34483793
0.03878656;0.038031619;0.34483793
0.03878656;0.038031619;0.33693281
0.040762845;0.038031619;0.33693281
0.040762845;0.038031619;0.33693281
0.040762845;0.038031619;0.33693281
0.040762845;0.038031619;0.33693281
0.042739131;0.038031619;0.33693281
0.042739131;0.040007904;0.33693281
0.044715416;0.038031619;0.33693281
0.044715416;0.038031619;0.33693281
0.042739131;0.038031619;0.34483793
0.044715416;0.036055338;0.33693281
0.046691701;0.036055338;0.33693281
0.046691701;0.036055338;0.33693281
0.048667986;0.036055338;0.34483793
0.048667986;0.036055338;0.34483793
0.046691701;0.038031619;0.33693281
0.050644267;0.036055338;0.34483793
0.048667986;0.036055338;0.34483793
0.050644267;0.036055338;0.33693281
0.050644267;0.036055338;0.34483793
0.052620552;0.034079053;0.34483793
0.052620552;0.036055338;0.33693281
0.050644267;0.036055338;0.33693281
0.052620552;0.036055338;0.33693281
0.052620552;0.036055338;0.34483793
0.054596838;0.036055338;0.34483793
0.054596838;0.034079053;0.33693281
0.054596838;0.036055338;0.33693281
0.054596838;0.036055338;0.34483793
0.056573123;0.036055338;0.33693281
0.056573123;0.036055338;0.34483793
0.056573123;0.032102767;0.33693281
0.056573123;0.034079053;0.33693281
0.058549408;0.034079053;0.34483793
0.058549408;0.034079053;0.34483793
0.058549408;0.034079053;0.34483793
0.060525693;0.034079053;0.34483793
0.060525693;0.034079053;0.34483793
0.060525693;0.034079053;0.33693281
0.060525693;0.034079053;0.33693281
0.062501974;0.034079053;0.34483793
0.062501974;0.034079053;0.34483793
0.062501974;0.032102767;0.33693281
0.062501974;0.032102767;0.33693281
0.062501974;0.032102767;0.34483793
0.064478263;0.034079053;0.33693281
0.064478263;0.034079053;0.33693281
0.064478263;0.034079053;0.34483793
0.064478263;0.032102767;0.33693281
0.066454545;0.032102767;0.34483793
0.066454545;0.032102767;0.34483793
0.066454545;0.032102767;0.34483793
0.066454545;0.032102767;0.34483793
0.066454545;0.032102767;0.33693281
0.066454545;0.034079053;0.34483793
0.066454545;0.032102767;0.34483793
0.068430834;0.032102767;0.33693281
0.068430834;0.032102767;0.33693281
0.070407115;0.032102767;0.34483793
0.068430834;0.030126482;0.33693281
0.070407115;0.032102767;0.34483793
0.070407115;0.032102767;0.33693281
0.070407115;0.030126482;0.34483793
0.070407115;0.030126482;0.33693281
0.070407115;0.032102767;0.34483793
0.072383396;0.030126482;0.33693281
0.072383396;0.030126482;0.33693281
0.070407115;0.030126482;0.34483793
0.072383396;0.032102767;0.33693281
0.072383396;0.032102767;0.33693281
0.072383396;0.030126482;0.33693281
0.072383396;0.030126482;0.34483793
0.074359685;0.030126482;0.34483793
0.074359685;0.032102767;0.33693281
0.074359685;0.030126482;0.33693281
0.074359685;0.030126482;0.33693281
0.074359685;0.030126482;0.33693281
0.074359685;0.030126482;0.34483793
0.074359685;0.030126482;0.33693281
0.074359685;0.028150197;0.33693281
0.074359685;0.028150197;0.34483793
0.074359685;0.030126482;0.33693281
0.076335967;0.028150197;0.33693281
0.076335967;0.028150197;0.34483793
0.076335967;0.028150197;0.33693281
0.076335967;0.028150197;0.34483793
0.076335967;0.028150197;0.34483793
0.076335967;0.028150197;0.34483793
0.076335967;0.030126482;0.33693281
0.076335967;0.028150197;0.34483793
0.076335967;0.028150197;0.33693281
0.076335967;0.028150197;0.33693281
0.078312255;0.026173914;0.34483793
0.078312255;0.028150197;0.33693281
0.076335967;0.028150197;0.33693281
0.076335967;0.028150197;0.33693281
0.078312255;0.028150197;0.34483793
0.078312255;0.026173914;0.34483793
0.078312255;0.028150197;0.34483793
0.076335967;0.028150197;0.33693281
0.078312255;0.026173914;0.33693281
0.078312255;0.026173914;0.33693281
0.076335967;0.026173914;0.34483793
0.078312255;0.024197629;0.34483793
0.078312255;0.026173914;0.33693281
0.076335967;0.026173914;0.33693281
0.076335967;0.026173914;0.33693281
0.078312255;0.026173914;0.34483793
0.078312255;0.024197629;0.33693281
0.078312255;0.024197629;0.33693281
0.076335967;0.024197629;0.34483793
0.076335967;0.026173914;0.33693281
0.076335967;0.024197629;0.33693281
0.076335967;0.026173914;0.33693281
0.076335967;0.026173914;0.33693281
0.078312255;0.024197629;0.33693281
0.076335967;0.024197629;0.33693281
0.076335967;0.024197629;0.34483793
0.076335967;0.024197629;0.33693281
0.076335967;0.024197629;0.34483793
0.076335967;0.024197629;0.33693281
0.076335967;0.024197629;0.33693281
0.076335967;0.026173914;0.34483793
0.076335967;0.026173914;0.34483793
0.076335967;0.024197629;0.33693281
0.076335967;0.024197629;0.33693281
0.076335967;0.024197629;0.34483793
0.076335967;0.024197629;0.34483793
0.076335967;0.024197629;0.33693281
0.074359685;0.022221344;0.33693281
0.074359685;0.024197629;0.33693281
0.074359685;0.022221344;0.34483793
0.074359685;0.022221344;0.34483793
0.074359685;0.024197629;0.33693281
0.072383396;0.022221344;0.33693281
0.074359685;0.024197629;0.33693281
0.074359685;0.022221344;0.33693281
0.072383396;0.022221344;0.33693281
0.072383396;0.022221344;0.33693281
0.072383396;0.022221344;0.33693281
0.072383396;0.022221344;0.34483793
0.072383396;0.022221344;0.34483793
0.070407115;0.022221344;0.33693281
0.072383396;0.020245058;0.34483793
0.070407115;0.020245058;0.33693281
0.070407115;0.020245058;0.34483793
0.070407115;0.022221344;0.34483793
0.070407115;0.020245058;0.33693281
0.070407115;0.020245058;0.33693281
0.070407115;0.020245058;0.34483793
0.068430834;0.020245058;0.34483793
0.068430834;0.020245058;0.33693281
0.066454545;0.020245058;0.33693281
0.066454545;0.020245058;0.33693281
0.068430834;0.020245058;0.34483793
0.066454545;0.020245058;0.34483793
0.064478263;0.020245058;0.33693281
0.066454545;0.020245058;0.33693281
0.064478263;0.018268775;0.33693281
0.066454545;0.020245058;0.33693281
0.064478263;0.020245058;0.33693281
0.066454545;0.018268775;0.33693281
0.062501974;0.018268775;0.33693281
0.062501974;0.020245058;0.33693281
0.062501974;0.020245058;0.34483793
0.062501974;0.018268775;0.34483793
0.062501974;0.018268775;0.33693281
0.060525693;0.020245058;0.34483793
0.060525693;0.018268775;0.33693281
0.060525693;0.020245058;0.33693281
0.060525693;0.020245058;0.34483793
0.058549408;0.018268775;0.34483793
0.058549408;0.018268775;0.33693281
0.058549408;0.018268775;0.34483793
0.058549408;0.018268775;0.34483793
0.058549408;0.018268775;0.34483793
0.056573123;0.018268775;0.33693281
0.056573123;0.01629249;0.33693281
0.058549408;0.018268775;0.33693281
0.054596838;0.018268775;0.33693281
0.056573123;0.01629249;0.34483793
0.054596838;0.01629249;0.34483793
0.054596838;0.01629249;0.34483793
0.054596838;0.01629249;0.33693281
0.054596838;0.01629249;0.33693281
0.054596838;0.01629249;0.33693281
0.050644267;0.01629249;0.33693281
0.050644267;0.014316206;0.33693281
0.048667986;0.01629249;0.33693281
0.048667986;0.01629249;0.34483793
0.048667986;0.01629249;0.34483793
0.048667986;0.014316206;0.34483793
0.048667986;0.01629249;0.34483793
0.048667986;0.01629249;0.34483793
0.046691701;0.014316206;0.33693281
0.046691701;0.01629249;0.33693281
0.046691701;0.01629249;0.34483793
0.044715416;0.01629249;0.33693281
0.044715416;0.014316206;0.33693281
0.044715416;0.01629249;0.34483793
0.042739131;0.014316206;0.33693281
0.042739131;0.014316206;0.34483793
0.042739131;0.014316206;0.34483793
0.042739131;0.01629249;0.33693281
0.040762845;0.014316206;0.33693281
0.040762845;0.014316206;0.33693281
0.040762845;0.014316206;0.34483793
0.03878656;0.014316206;0.33693281
0.03878656;0.012339921;0.33693281
0.03878656;0.012339921;0.34483793
0.036810275;0.012339921;0.34483793
0.036810275;0.012339921;0.33693281
0.034833994;0.014316206;0.34483793
0.034833994;0.012339921;0.33693281
0.034833994;0.010363637;0.34483793
0.032857709;0.012339921;0.34483793
0.034833994;0.012339921;0.34483793
0.032857709;0.012339921;0.33693281
0.032857709;0.012339921;0.33693281
0.030881424;0.012339921;0.34483793
0.030881424;0.012339921;0.33693281
0.028905138;0.012339921;0.33693281
0.030881424;0.010363637;0.33693281
0.028905138;0.010363637;0.34483793
0.028905138;0.010363637;0.34483793
0.028905138;0.010363637;0.34483793
0.028905138;0.010363637;0.33693281
0.026928853;0.010363637;0.34483793
0.026928853;0.012339921;0.33693281
0.02495257;0.012339921;0.34483793
0.02495257;0.010363637;0.33693281
0.02495257;0.010363637;0.34483793
0.02495257;0.010363637;0.33693281
0.022976285;0.010363637;0.34483793
0.022976285;0.010363637;0.33693281
0.021;0.010363637;0.33693281
0.021;0.010363637;0.33693281
0.021;0.010363637;0.34483793
0.021;0.010363637;0.34483793
0.021;0.010363637;0.33693281
0.019023715;0.010363637;0.34483793
0.019023715;0.0083873514;0.33693281
0.017047431;0.010363637;0.33693281
0.017047431;0.010363637;0.33693281
0.015071146;0.010363637;0.33693281
0.015071146;0.010363637;0.33693281
0.013094862;0.0083873514;0.34483793
0.015071146;0.0083873514;0.33693281
0.013094862;0.010363637;0.33693281
0.013094862;0.0083873514;0.33693281
0.011118577;0.0083873514;0.34483793
0.011118577;0.0083873514;0.34483793
0.0091422927;0.0083873514;0.33693281
0.011118577;0.0083873514;0.34483793
0.0091422927;0.0083873514;0.33693281
0.0091422927;0.0064110672;0.34483793
0.007166008;0.0064110672;0.34483793
0.007166008;0.0083873514;0.34483793
0.007166008;0.0083873514;0.34483793
0.007166008;0.0083873514;0.33693281
0.0051897233;0.0083873514;0.33693281
0.0032134387;0.0083873514;0.33693281
0.0051897233;0.0064110672;0.33693281
0.0032134387;0.0064110672;0.33693281
0.0032134387;0.0083873514;0.33693281
0.0012371541;0.0064110672;0.34483793
-0.00073913042;0.0064110672;0.33693281
0.0012371541;0.0064110672;0.33693281
0.0012371541;0.0064110672;0.34483793
-0.00073913042;0.0064110672;0.33693281
-0.00073913042;0.0064110672;0.34483793
-0.0027154151;0.0064110672;0.33693281
-0.00073913042;0.0064110672;0.34483793
-0.0027154151;0.0064110672;0.34483793
-0.0046916995;0.0064110672;0.34483793
-0.0046916995;0.0064110672;0.34483793
-0.0046916995;0.0064110672;0.33693281
-0.0066679842;0.0044347825;0.34483793
-0.0046916995;0.0064110672;0.33693281
-0.0066679842;0.0044347825;0.34483793
-0.0066679842;0.0044347825;0.34483793
-0.0086442688;0.0044347825;0.33693281
-0.0086442688;0.0044347825;0.33693281
-0.0086442688;0.0064110672;0.33693281
-0.0086442688;0.0044347825;0.33693281
-0.010620553;0.0044347825;0.34483793
-0.010620553;0.0044347825;0.33693281
-0.010620553;0.0064110672;0.33693281
-0.010620553;0.0044347825;0.34483793
-0.010620553;0.0044347825;0.34483793
-0.012596838;0.0044347825;0.33693281
-0.012596838;0.0044347825;0.34483793
-0.014573122;0.0044347825;0.34483793
-0.014573122;0.0044347825;0.33693281
-0.014573122;0.0044347825;0.33693281
-0.014573122;0.0044347825;0.33693281
-0.016549407;0.0024584981;0.34483793
-0.016549407;0.0044347825;0.34483793
-0.014573122;0.0024584981;0.34483793
-0.016549407;0.0024584981;0.34483793
-0.016549407;0.0044347825;0.33693281
-0.016549407;0.0024584981;0.34483793
-0.016549407;0.0024584981;0.33693281
-0.018525692;0.0024584981;0.34483793
-0.020501977;0.0024584981;0.33693281
-0.018525692;0.0024584981;0.34483793
-0.018525692;0.0024584981;0.34483793
-0.020501977;0.0024584981;0.33693281
-0.020501977;0.0024584981;0.33693281
-0.020501977;0.0024584981;0.34483793
-0.020501977;0.00048221345;0.34483793
-0.020501977;0.00048221345;0.34483793
-0.02247826;0.00048221345;0.33693281
-0.02247826;0.00048221345;0.34483793
-0.02247826;0.00048221345;0.33693281
-0.02247826;0.00048221345;0.34483793
-0.02247826;0.00048221345;0.33693281
-0.024454545;0.00048221345;0.33693281
-0.024454545;0.00048221345;0.34483793
-0.024454545;0.00048221345;0.34483793
-0.02247826;0.00048221345;0.34483793
-0.024454545;0.00048221345;0.34483793
-0.024454545;0.00048221345;0.33693281
-0.02643083;0.00048221345;0.34483793
-0.02643083;0.00048221345;0.34483793
-0.02643083;0.00048221345;0.33693281
-0.028407115;0.00048221345;0.34483793
-0.02643083;0.00048221345;0.33693281
-0.02643083;-0.0014940711;0.33693281
-0.028407115;-0.0014940711;0.33693281
-0.02643083;0.00048221345;0.34483793
-0.030383399;-0.0014940711;0.34483793
-0.02643083;0.00048221345;0.34483793
-0.02643083;-0.0014940711;0.34483793
-0.028407115;-0.0014940711;0.34483793
-0.030383399;-0.0014940711;0.33693281
-0.030383399;-0.0014940711;0.33693281
-0.028407115;-0.0014940711;0.33693281
-0.030383399;-0.0014940711;0.33693281
-0.030383399;-0.0014940711;0.33693281
-0.030383399;-0.0014940711;0.34483793
-0.030383399;-0.0014940711;0.33693281
-0.032359682;-0.0014940711;0.33693281
-0.030383399;-0.0014940711;0.33693281
-0.030383399;-0.0014940711;0.34483793
-0.030383399;-0.0014940711;0.33693281
-0.032359682;-0.0014940711;0.34483793
-0.032359682;-0.0034703556;0.34483793
-0.032359682;-0.0014940711;0.33693281
-0.032359682;-0.0034703556;0.33693281
-0.032359682;-0.0034703556;0.34483793
-0.032359682;-0.0034703556;0.33693281
-0.030383399;-0.0034703556;0.33693281
-0.032359682;-0.0014940711;0.33693281
-0.032359682;-0.0034703556;0.34483793
-0.032359682;-0.0034703556;0.33693281
-0.032359682;-0.0014940711;0.33693281
-0.034335967;-0.0034703556;0.34483793
-0.032359682;-0.0034703556;0.34483793
-0.032359682;-0.0034703556;0.34483793
-0.034335967;-0.0034703556;0.33693281
-0.032359682;-0.0034703556;0.34483793
-0.032359682;-0.0034703556;0.33693281
-0.032359682;-0.0034703556;0.33693281
-0.032359682;-0.0054466403;0.34483793
-0.032359682;-0.0034703556;0.33693281
-0.032359682;-0.0054466403;0.34483793
-0.032359682;-0.0054466403;0.34483793
-0.032359682;-0.0034703556;0.33693281
-0.032359682;-0.0034703556;0.33693281
-0.032359682;-0.0054466403;0.34483793
-0.032359682;-0.0054466403;0.33693281
-0.032359682;-0.0054466403;0.33693281
-0.032359682;-0.0054466403;0.33693281
-0.032359682;-0.0054466403;0.34483793
-0.032359682;-0.0054466403;0.33693281
-0.030383399;-0.007422925;0.33693281
-0.030383399;-0.0054466403;0.34483793
-0.032359682;-0.0054466403;0.34483793
-0.030383399;-0.0054466403;0.33693281
-0.030383399;-0.0054466403;0.33693281
-0.028407115;-0.0054466403;0.34483793
-0.030383399;-0.0054466403;0.33693281
-0.028407115;-0.0054466403;0.33693281
-0.030383399;-0.0054466403;0.34483793
-0.030383399;-0.0054466403;0.33693281
-0.030383399;-0.0054466403;0.34483793
-0.030383399;-0.0054466403;0.33693281
-0.028407115;-0.007422925;0.33693281
-0.030383399;-0.0054466403;0.33693281
-0.028407115;-0.007422925;0.34483793
-0.028407115;-0.0054466403;0.33693281
-0.028407115;-0.007422925;0.33693281
-0.028407115;-0.0054466403;0.33693281
-0.02643083;-0.007422925;0.33693281
-0.02643083;-0.007422925;0.33693281
-0.02643083;-0.007422925;0.33693281
-0.028407115;-0.007422925;0.33693281
-0.02643083;-0.007422925;0.34483793
-0.02643083;-0.007422925;0.34483793
-0.02643083;-0.0054466403;0.34483793
-0.02643083;-0.007422925;0.34483793
-0.02643083;-0.007422925;0.34483793
-0.024454545;-0.007422925;0.33693281
-0.024454545;-0.007422925;0.34483793
-0.024454545;-0.007422925;0.33693281
-0.024454545;-0.007422925;0.33693281
-0.024454545;-0.007422925;0.33693281
-0.024454545;-0.007422925;0.33693281
-0.02247826;-0.0093992092;0.34483793
-0.024454545;-0.0093992092;0.34483793
-0.02247826;-0.0093992092;0.33693281
-0.02247826;-0.0093992092;0.33693281
-0.020501977;-0.007422925;0.34483793
-0.020501977;-0.0093992092;0.34483793
-0.020501977;-0.007422925;0.34483793
-0.020501977;-0.0093992092;0.33693281
-0.02247826;-0.007422925;0.33693281
-0.018525692;-0.007422925;0.34483793
-0.018525692;-0.0093992092;0.34483793
-0.018525692;-0.0093992092;0.33693281
-0.018525692;-0.0093992092;0.34483793
-0.018525692;-0.0093992092;0.33693281
-0.016549407;-0.007422925;0.34483793
-0.016549407;-0.0093992092;0.33693281
-0.016549407;-0.0093992092;0.33693281
-0.014573122;-0.0093992092;0.33693281
-0.016549407;-0.0093992092;0.34483793
-0.016549407;-0.0093992092;0.34483793
-0.012596838;-0.0093992092;0.34483793
-0.012596838;-0.0093992092;0.34483793
-0.012596838;-0.0093992092;0.33693281
-0.014573122;-0.011375494;0.34483793
-0.012596838;-0.0093992092;0.34483793
-0.012596838;-0.011375494;0.33693281
-0.010620553;-0.0093992092;0.33693281
-0.012596838;-0.0093992092;0.34483793
-0.010620553;-0.011375494;0.33693281
-0.010620553;-0.011375494;0.34483793
-0.0086442688;-0.011375494;0.34483793
-0.0086442688;-0.011375494;0.34483793
-0.0086442688;-0.0093992092;0.34483793
-0.0086442688;-0.011375494;0.34483793
-0.0066679842;-0.011375494;0.34483793
-0.0066679842;-0.011375494;0.33693281
-0.0066679842;-0.011375494;0.33693281
-0.0066679842;-0.011375494;0.33693281
-0.0046916995;-0.011375494;0.34483793
-0.0027154151;-0.011375494;0.34483793
-0.0046916995;-0.011375494;0.33693281
-0.0046916995;-0.011375494;0.33693281
-0.0027154151;-0.011375494;0.34483793
-0.0027154151;-0.011375494;0.34483793
-0.0027154151;-0.011375494;0.33693281
-0.00073913042;-0.011375494;0.34483793
-0.00073913042;-0.011375494;0.34483793
-0.00073913042;-0.011375494;0.33693281
0.0012371541;-0.011375494;0.33693281
0.0012371541;-0.011375494;0.33693281
0.0012371541;-0.011375494;0.34483793
0.0012371541;-0.011375494;0.33693281
0.0012371541;-0.011375494;0.33693281
0.0032134387;-0.011375494;0.33693281
0.0032134387;-0.011375494;0.34483793
0.0051897233;-0.011375494;0.33693281
0.0051897233;-0.013351778;0.34483793
0.007166008;-0.013351778;0.34483793
0.007166008;-0.013351778;0.34483793
0.007166008;-0.013351778;0.34483793
0.007166008;-0.011375494;0.33693281
0.007166008;-0.013351778;0.34483793
0.0091422927;-0.013351778;0.33693281
0.011118577;-0.013351778;0.33693281
0.011118577;-0.013351778;0.34483793
0.013094862;-0.013351778;0.34483793
0.011118577;-0.013351778;0.34483793
0.013094862;-0.013351778;0.33693281
0.013094862;-0.013351778;0.33693281
0.015071146;-0.013351778;0.33693281
0.015071146;-0.013351778;0.34483793
0.015071146;-0.013351778;0.34483793
0.015071146;-0.015328064;0.33693281
0.017047431;-0.013351778;0.33693281
0.017047431;-0.013351778;0.34483793
0.017047431;-0.015328064;0.33693281
0.019023715;-0.013351778;0.33693281
0.017047431;-0.013351778;0.34483793
0.019023715;-0.015328064;0.34483793
0.019023715;-0.013351778;0.33693281
0.021;-0.013351778;0.34483793
0.022976285;-0.013351778;0.34483793
0.022976285;-0.015328064;0.33693281
0.022976285;-0.013351778;0.33693281
0.022976285;-0.013351778;0.34483793
0.02495257;-0.015328064;0.33693281
0.02495257;-0.015328064;0.33693281
0.026928853;-0.015328064;0.33693281
0.02495257;-0.013351778;0.34483793
0.026928853;-0.013351778;0.34483793
0.026928853;-0.015328064;0.33693281
0.028905138;-0.015328064;0.33693281
0.028905138;-0.015328064;0.33693281
0.030881424;-0.015328064;0.33693281
0.030881424;-0.017304348;0.33693281
0.030881424;-0.015328064;0.34483793
0.032857709;-0.017304348;0.33693281
0.032857709;-0.015328064;0.34483793
0.032857709;-0.015328064;0.33693281
0.032857709;-0.015328064;0.33693281
0.032857709;-0.015328064;0.34483793
0.034833994;-0.015328064;0.33693281
0.036810275;-0.017304348;0.33693281
0.036810275;-0.015328064;0.33693281
0.036810275;-0.015328064;0.33693281
0.036810275;-0.015328064;0.33693281
0.03878656;-0.017304348;0.33693281
0.03878656;-0.017304348;0.34483793
0.040762845;-0.017304348;0.33693281
0.040762845;-0.017304348;0.34483793
0.03878656;-0.017304348;0.34483793
0.040762845;-0.017304348;0.34483793
0.040762845;-0.017304348;0.34483793
0.042739131;-0.015328064;0.33693281
0.042739131;-0.015328064;0.33693281
0.044715416;-0.017304348;0.33693281
0.042739131;-0.017304348;0.33693281
0.046691701;-0.017304348;0.33693281
0.044715416;-0.017304348;0.34483793
0.046691701;-0.017304348;0.33693281
0.046691701;-0.019280633;0.33693281
0.046691701;-0.017304348;0.34483793
0.046691701;-0.019280633;0.34483793
0.046691701;-0.017304348;0.33693281
0.046691701;-0.017304348;0.34483793
0.048667986;-0.019280633;0.33693281
0.048667986;-0.019280633;0.34483793
0.050644267;-0.017304348;0.33693281
0.050644267;-0.019280633;0.34483793
0.052620552;-0.017304348;0.34483793
0.050644267;-0.019280633;0.33693281
0.052620552;-0.019280633;0.33693281
0.052620552;-0.017304348;0.33693281
0.054596838;-0.017304348;0.34483793
0.054596838;-0.019280633;0.33693281
0.054596838;-0.017304348;0.34483793
0.054596838;-0.019280633;0.34483793
0.056573123;-0.017304348;0.33693281
0.056573123;-0.017304348;0.34483793
0.056573123;-0.019280633;0.33693281
0.056573123;-0.019280633;0.34483793
0.058549408;-0.019280633;0.33693281
0.058549408;-0.019280633;0.34483793
0.058549408;-0.019280633;0.34483793
0.058549408;-0.019280633;0.34483793
0.060525693;-0.019280633;0.33693281
0.060525693;-0.019280633;0.34483793
0.060525693;-0.019280633;0.33693281
0.062501974;-0.019280633;0.34483793
0.062501974;-0.019280633;0.34483793
0.062501974;-0.019280633;0.33693281
0.064478263;-0.019280633;0.34483793
0.062501974;-0.019280633;0.33693281
0.064478263;-0.019280633;0.33693281
0.064478263;-0.019280633;0.33693281
0.064478263;-0.019280633;0.33693281
0.066454545;-0.021256916;0.33693281
0.064478263;-0.019280633;0.33693281
0.066454545;-0.019280633;0.33693281
0.066454545;-0.021256916;0.33693281
0.068430834;-0.021256916;0.33693281
0.068430834;-0.019280633;0.33693281
0.066454545;-0.021256916;0.33693281
0.066454545;-0.019280633;0.33693281
0.068430834;-0.019280633;0.33693281
0.068430834;-0.021256916;0.33693281
0.068430834;-0.019280633;0.34483793
0.070407115;-0.019280633;0.33693281
0.070407115;-0.019280633;0.33693281
0.070407115;-0.021256916;0.33693281
0.068430834;-0.019280633;0.33693281
0.072383396;-0.021256916;0.33693281
0.070407115;-0.021256916;0.33693281
0.070407115;-0.021256916;0.34483793
0.072383396;-0.019280633;0.34483793
0.072383396;-0.021256916;0.33693281
0.072383396;-0.021256916;0.34483793
0.072383396;-0.021256916;0.34483793
0.072383396;-0.021256916;0.33693281
0.074359685;-0.021256916;0.33693281
0.074359685;-0.021256916;0.33693281
0.072383396;-0.021256916;0.33693281
0.074359685;-0.021256916;0.33693281
0.074359685;-0.021256916;0.34483793
0.074359685;-0.021256916;0.34483793
0.074359685;-0.021256916;0.34483793
0.074359685;-0.021256916;0.33693281
0.076335967;-0.021256916;0.34483793
0.074359685;-0.021256916;0.34483793
0.076335967;-0.021256916;0.33693281
0.076335967;-0.021256916;0.34483793
0.076335967;-0.021256916;0.33693281
0.076335967;-0.021256916;0.33693281
0.078312255;-0.023233201;0.34483793
0.076335967;-0.021256916;0.33693281
0.078312255;-0.021256916;0.34483793
0.076335967;-0.021256916;0.33693281
0.076335967;-0.021256916;0.33693281
0.076335967;-0.023233201;0.33693281
0.078312255;-0.021256916;0.33693281
0.076335967;-0.021256916;0.34483793
0.078312255;-0.021256916;0.32902768
0.078312255;-0.021256916;0.34483793
0.078312255;-0.021256916;0.33693281
0.078312255;-0.023233201;0.33693281
0.078312255;-0.021256916;0.33693281
0.078312255;-0.025209486;0.33693281
0.078312255;-0.023233201;0.33693281
0.078312255;-0.021256916;0.34483793
0.078312255;-0.023233201;0.34483793
0.078312255;-0.021256916;0.34483793
0.078312255;-0.023233201;0.33693281
0.078312255;-0.021256916;0.34483793
0.078312255;-0.021256916;0.34483793
0.078312255;-0.023233201;0.34483793
0.078312255;-0.021256916;0.33693281
0.078312255;-0.023233201;0.34483793
0.078312255;-0.023233201;0.33693281
0.078312255;-0.023233201;0.34483793
0.078312255;-0.023233201;0.34483793
0.076335967;-0.023233201;0.34483793
0.078312255;-0.023233201;0.33693281
0.076335967;-0.023233201;0.33693281
0.076335967;-0.025209486;0.34483793
0.076335967;-0.023233201;0.33693281
0.076335967;-0.023233201;0.33693281
0.076335967;-0.025209486;0.33693281
0.076335967;-0.023233201;0.33693281
0.074359685;-0.023233201;0.33693281
0.076335967;-0.023233201;0.33693281
0.076335967;-0.023233201;0.34483793
0.076335967;-0.023233201;0.33693281
0.076335967;-0.025209486;0.34483793
0.076335967;-0.023233201;0.34483793
0.074359685;-0.023233201;0.33693281
0.076335967;-0.023233201;0.33693281
0.074359685;-0.025209486;0.34483793
0.074359685;-0.023233201;0.34483793
0.074359685;-0.023233201;0.33693281
0.074359685;-0.023233201;0.34483793
0.072383396;-0.023233201;0.34483793
0.074359685;-0.023233201;0.34483793
0.072383396;-0.023233201;0.33693281
0.074359685;-0.023233201;0.34483793
0.072383396;-0.023233201;0.33693281
0.072383396;-0.023233201;0.33693281
0.072383396;-0.023233201;0.33693281
0.072383396;-0.023233201;0.34483793
0.072383396;-0.023233201;0.33693281
0.072383396;-0.023233201;0.33693281
0.070407115;-0.023233201;0.33693281
0.070407115;-0.021256916;0.33693281
0.070407115;-0.023233201;0.33693281
0.068430834;-0.023233201;0.34483793
0.068430834;-0.023233201;0.33693281
0.068430834;-0.023233201;0.34483793
0.068430834;-0.023233201;0.34483793
0.066454545;-0.023233201;0.34483793
0.068430834;-0.023233201;0.33693281
0.068430834;-0.025209486;0.34483793
0.066454545;-0.023233201;0.34483793
0.066454545;-0.025209486;0.33693281
0.066454545;-0.025209486;0.32902768
0.066454545;-0.023233201;0.34483793
0.064478263;-0.023233201;0.33693281
0.066454545;-0.025209486;0.33693281
0.064478263;-0.025209486;0.34483793
0.064478263;-0.025209486;0.33693281
0.064478263;-0.023233201;0.33693281
0.064478263;-0.023233201;0.33693281
0.062501974;-0.023233201;0.33693281
0.062501974;-0.025209486;0.34483793
0.062501974;-0.025209486;0.33693281
0.060525693;-0.025209486;0.33693281
0.060525693;-0.023233201;0.34483793
0.060525693;-0.023233201;0.33693281
0.060525693;-0.023233201;0.33693281
0.060525693;-0.025209486;0.33693281
0.060525693;-0.023233201;0.34483793
0.058549408;-0.025209486;0.34483793
0.058549408;-0.025209486;0.33693281
0.058549408;-0.025209486;0.33693281
0.058549408;-0.025209486;0.33693281
0.056573123;-0.025209486;0.34483793
0.056573123;-0.023233201;0.34483793
0.054596838;-0.025209486;0.34483793
0.054596838;-0.025209486;0.33693281
0.054596838;-0.025209486;0.34483793
0.054596838;-0.025209486;0.33693281
0.052620552;-0.023233201;0.34483793
0.054596838;-0.025209486;0.34483793
0.052620552;-0.023233201;0.33693281
0.052620552;-0.025209486;0.34483793
0.050644267;-0.025209486;0.34483793
0.052620552;-0.023233201;0.34483793
0.050644267;-0.023233201;0.33693281
0.048667986;-0.025209486;0.33693281
0.048667986;-0.025209486;0.34483793
0.048667986;-0.025209486;0.33693281
0.048667986;-0.025209486;0.34483793
0.046691701;-0.025209486;0.33693281
0.046691701;-0.025209486;0.33693281
0.046691701;-0.025209486;0.33693281
0.044715416;-0.025209486;0.34483793
0.044715416;-0.025209486;0.33693281
0.044715416;-0.025209486;0.33693281
0.044715416;-0.025209486;0.34483793
0.042739131;-0.025209486;0.34483793
0.042739131;-0.025209486;0.33693281
0.042739131;-0.025209486;0.33693281
0.042739131;-0.025209486;0.34483793
0.040762845;-0.025209486;0.33693281
0.03878656;-0.027185772;0.33693281
0.03878656;-0.027185772;0.33693281
0.040762845;-0.025209486;0.33693281
0.03878656;-0.025209486;0.34483793
0.036810275;-0.025209486;0.33693281
0.036810275;-0.025209486;0.34483793
0.036810275;-0.025209486;0.33693281
0.034833994;-0.025209486;0.33693281
0.034833994;-0.025209486;0.33693281
0.032857709;-0.027185772;0.33693281
0.034833994;-0.027185772;0.34483793
0.032857709;-0.025209486;0.34483793
0.032857709;-0.025209486;0.33693281
0.030881424;-0.027185772;0.33693281
0.030881424;-0.025209486;0.34483793
0.030881424;-0.025209486;0.33693281
0.028905138;-0.025209486;0.33693281
0.028905138;-0.025209486;0.34483793
0.026928853;-0.025209486;0.34483793
0.026928853;-0.025209486;0.34483793
0.026928853;-0.025209486;0.33693281
0.026928853;-0.025209486;0.34483793
0.026928853;-0.025209486;0.33693281
0.02495257;-0.025209486;0.34483793
0.026928853;-0.025209486;0.34483793
0.022976285;-0.025209486;0.33693281
0.022976285;-0.025209486;0.34483793
0.022976285;-0.025209486;0.34483793
0.022976285;-0.025209486;0.34483793
0.021;-0.025209486;0.34483793
0.021;-0.025209486;0.33693281
0.021;-0.025209486;0.34483793
0.021;-0.027185772;0.34483793
0.019023715;-0.025209486;0.34483793
0.019023715;-0.025209486;0.34483793
0.017047431;-0.025209486;0.33693281
0.019023715;-0.023233201;0.33693281
0.017047431;-0.025209486;0.34483793
0.017047431;-0.025209486;0.34483793
0.015071146;-0.027185772;0.33693281
0.015071146;-0.025209486;0.34483793
0.015071146;-0.025209486;0.33693281
0.013094862;-0.025209486;0.33693281
0.013094862;-0.025209486;0.33693281
0.011118577;-0.025209486;0.33693281
0.0091422927;-0.025209486;0.34483793
0.011118577;-0.025209486;0.34483793
0.011118577;-0.025209486;0.34483793
0.0091422927;-0.027185772;0.33693281
0.0091422927;-0.025209486;0.33693281
0.007166008;-0.025209486;0.33693281
0.0051897233;-0.025209486;0.33693281
0.0051897233;-0.025209486;0.33693281
0.007166008;-0.025209486;0.34483793
0.0051897233;-0.025209486;0.33693281
0.0051897233;-0.025209486;0.34483793
0.0032134387;-0.025209486;0.33693281
0.0032134387;-0.025209486;0.34483793
0.0032134387;-0.025209486;0.33693281
0.0012371541;-0.027185772;0.33693281
0.0012371541;-0.025209486;0.33693281
0.0012371541;-0.025209486;0.33693281
-0.00073913042;-0.025209486;0.33693281
-0.00073913042;-0.027185772;0.33693281
-0.00073913042;-0.027185772;0.33693281
-0.0027154151;-0.025209486;0.34483793
-0.0027154151;-0.025209486;0.34483793
-0.0046916995;-0.025209486;0.34483793
-0.0046916995;-0.027185772;0.34483793
-0.0066679842;-0.025209486;0.33693281
-0.0066679842;-0.025209486;0.34483793
-0.0066679842;-0.025209486;0.34483793
-0.0066679842;-0.025209486;0.34483793
-0.0086442688;-0.027185772;0.33693281
-0.0086442688;-0.025209486;0.34483793
-0.0086442688;-0.025209486;0.34483793
-0.0086442688;-0.025209486;0.34483793
-0.0086442688;-0.025209486;0.33693281
-0.0086442688;-0.025209486;0.34483793
-0.010620553;-0.027185772;0.33693281
-0.010620553;-0.027185772;0.33693281
-0.012596838;-0.025209486;0.34483793
-0.010620553;-0.025209486;0.34483793
-0.010620553;-0.027185772;0.34483793
-0.010620553;-0.025209486;0.34483793
-0.014573122;-0.025209486;0.33693281
-0.012596838;-0.025209486;0.33693281
-0.012596838;-0.025209486;0.33693281
-0.014573122;-0.027185772;0.33693281
-0.014573122;-0.025209486;0.34483793
-0.014573122;-0.025209486;0.34483793
-0.014573122;-0.025209486;0.33693281
-0.016549407;-0.025209486;0.33693281
-0.016549407;-0.025209486;0.33693281
-0.016549407;-0.025209486;0.33693281
-0.018525692;-0.025209486;0.34483793
-0.018525692;-0.025209486;0.34483793
-0.018525692;-0.025209486;0.33693281
-0.018525692;-0.025209486;0.34483793
-0.020501977;-0.025209486;0.33693281
-0.020501977;-0.027185772;0.34483793
-0.020501977;-0.025209486;0.34483793
-0.020501977;-0.025209486;0.33693281
-0.020501977;-0.025209486;0.34483793
-0.020501977;-0.025209486;0.33693281
-0.02247826;-0.025209486;0.34483793
-0.02247826;-0.025209486;0.33693281
-0.02247826;-0.025209486;0.33693281
-0.02247826;-0.023233201;0.33693281
-0.02247826;-0.025209486;0.33693281
-0.02247826;-0.025209486;0.34483793
-0.024454545;-0.025209486;0.33693281
-0.024454545;-0.025209486;0.33693281
-0.024454545;-0.025209486;0.33693281
-0.02643083;-0.023233201;0.34483793
-0.024454545;-0.025209486;0.34483793
-0.02643083;-0.025209486;0.33693281
-0.024454545;-0.025209486;0.34483793
-0.02643083;-0.027185772;0.33693281
-0.02643083;-0.025209486;0.34483793
-0.02643083;-0.027185772;0.33693281
-0.02643083;-0.025209486;0.34483793
-0.028407115;-0.025209486;0.33693281
-0.028407115;-0.025209486;0.34483793
-0.028407115;-0.025209486;0.34483793
-0.028407115;-0.025209486;0.34483793
-0.028407115;-0.025209486;0.34483793
-0.028407115;-0.025209486;0.33693281
-0.028407115;-0.023233201;0.33693281
-0.028407115;-0.025209486;0.33693281
-0.028407115;-0.025209486;0.34483793
-0.028407115;-0.023233201;0.34483793
-0.030383399;-0.025209486;0.33693281
-0.030383399;-0.025209486;0.33693281
-0.030383399;-0.023233201;0.33693281
-0.030383399;-0.025209486;0.34483793
-0.030383399;-0.025209486;0.33693281
-0.030383399;-0.025209486;0.33693281
-0.030383399;-0.023233201;0.33693281
-0.032359682;-0.023233201;0.34483793
-0.030383399;-0.023233201;0.34483793
-0.030383399;-0.025209486;0.34483793
-0.032359682;-0.023233201;0.33693281
-0.030383399;-0.023233201;0.33693281
-0.032359682;-0.023233201;0.34483793
-0.032359682;-0.023233201;0.34483793
-0.032359682;-0.023233201;0.33693281
-0.032359682;-0.025209486;0.33693281
-0.034335967;-0.023233201;0.34483793
-0.032359682;-0.023233201;0.34483793
-0.032359682;-0.023233201;0.33693281
-0.032359682;-0.025209486;0.33693281
-0.032359682;-0.023233201;0.34483793
-0.032359682;-0.023233201;0.33693281
-0.032359682;-0.025209486;0.34483793
-0.032359682;-0.023233201;0.33693281
-0.032359682;-0.025209486;0.34483793
-0.032359682;-0.023233201;0.33693281
-0.032359682;-0.023233201;0.34483793
-0.032359682;-0.023233201;0.34483793
-0.032359682;-0.025209486;0.34483793
-0.030383399;-0.023233201;0.33693281
-0.032359682;-0.023233201;0.34483793
-0.030383399;-0.023233201;0.33693281
-0.032359682;-0.023233201;0.33693281
-0.032359682;-0.023233201;0.33693281
-0.030383399;-0.023233201;0.34483793
-0.032359682;-0.023233201;0.33693281
-0.030383399;-0.023233201;0.33693281
-0.030383399;-0.025209486;0.34483793
-0.030383399;-0.023233201;0.33693281
-0.032359682;-0.025209486;0.33693281
-0.030383399;-0.023233201;0.33693281
-0.030383399;-0.023233201;0.34483793
-0.030383399;-0.023233201;0.34483793
-0.028407115;-0.023233201;0.33693281
-0.032359682;-0.023233201;0.33693281
-0.030383399;-0.025209486;0.33693281
-0.030383399;-0.023233201;0.34483793
-0.030383399;-0.023233201;0.33693281
-0.030383399;-0.023233201;0.33693281
-0.028407115;-0.023233201;0.33693281
-0.028407115;-0.023233201;0.33693281
-0.028407115;-0.023233201;0.34483793
-0.028407115;-0.021256916;0.33693281
-0.028407115;-0.023233201;0.34483793
-0.028407115;-0.021256916;0.34483793
-0.028407115;-0.023233201;0.33693281
-0.028407115;-0.023233201;0.34483793
-0.028407115;-0.021256916;0.33693281
-0.028407115;-0.023233201;0.34483793
-0.02643083;-0.023233201;0.33693281
-0.024454545;-0.023233201;0.34483793
-0.02643083;-0.021256916;0.33693281
-0.02643083;-0.023233201;0.34483793
-0.02643083;-0.023233201;0.33693281
-0.02643083;-0.021256916;0.33693281
-0.024454545;-0.023233201;0.33693281
-0.024454545;-0.021256916;0.34483793
-0.02247826;-0.023233201;0.33693281
-0.024454545;-0.023233201;0.34483793
-0.024454545;-0.021256916;0.34483793
-0.024454545;-0.021256916;0.33693281
-0.02247826;-0.021256916;0.34483793
-0.02247826;-0.021256916;0.34483793
-0.02247826;-0.021256916;0.34483793
-0.02247826;-0.021256916;0.33693281
-0.020501977;-0.023233201;0.34483793
-0.020501977;-0.021256916;0.34483793
-0.020501977;-0.021256916;0.34483793
-0.020501977;-0.021256916;0.34483793
-0.020501977;-0.021256916;0.34483793
-0.020501977;-0.021256916;0.33693281
-0.018525692;-0.021256916;0.33693281
-0.018525692;-0.021256916;0.34483793
-0.016549407;-0.021256916;0.34483793
-0.016549407;-0.021256916;0.34483793
-0.016549407;-0.021256916;0.33693281
-0.016549407;-0.023233201;0.33693281
-0.014573122;-0.021256916;0.34483793
-0.014573122;-0.021256916;0.33693281
-0.014573122;-0.021256916;0.33693281
-0.014573122;-0.021256916;0.34483793
-0.012596838;-0.021256916;0.34483793
-0.012596838;-0.021256916;0.34483793
-0.012596838;-0.021256916;0.34483793
-0.010620553;-0.021256916;0.33693281
-0.012596838;-0.021256916;0.33693281
-0.010620553;-0.021256916;0.33693281
-0.0086442688;-0.019280633;0.33693281
-0.010620553;-0.021256916;0.34483793
-0.010620553;-0.021256916;0.34483793
-0.0086442688;-0.021256916;0.33693281
-0.0086442688;-0.021256916;0.34483793
-0.0086442688;-0.021256916;0.34483793
-0.0066679842;-0.021256916;0.34483793
-0.0066679842;-0.019280633;0.33693281
-0.0066679842;-0.019280633;0.33693281
-0.0066679842;-0.019280633;0.34483793
-0.0046916995;-0.021256916;0.33693281
-0.0046916995;-0.019280633;0.33693281
-0.0046916995;-0.019280633;0.34483793
-0.0046916995;-0.021256916;0.33693281
-0.0027154151;-0.019280633;0.34483793
-0.0027154151;-0.019280633;0.33693281
-0.0027154151;-0.019280633;0.34483793
-0.00073913042;-0.019280633;0.33693281
-0.00073913042;-0.019280633;0.33693281
-0.00073913042;-0.021256916;0.33693281
-0.00073913042;-0.019280633;0.34483793
-0.00073913042;-0.017304348;0.33693281
0.0012371541;-0.019280633;0.33693281
0.0032134387;-0.019280633;0.34483793
0.0032134387;-0.019280633;0.33693281
0.0051897233;-0.019280633;0.33693281
0.0012371541;-0.019280633;0.33693281
0.0051897233;-0.019280633;0.33693281
0.0051897233;-0.019280633;0.33693281
0.007166008;-0.019280633;0.34483793
0.007166008;-0.019280633;0.33693281
0.007166008;-0.019280633;0.34483793
0.0091422927;-0.019280633;0.33693281
0.007166008;-0.019280633;0.33693281
0.011118577;-0.019280633;0.34483793
0.0091422927;-0.017304348;0.33693281
0.011118577;-0.019280633;0.34483793
0.011118577;-0.019280633;0.34483793
0.013094862;-0.019280633;0.33693281
0.011118577;-0.019280633;0.34483793
0.013094862;-0.019280633;0.33693281
0.013094862;-0.017304348;0.34483793
0.015071146;-0.017304348;0.34483793
0.015071146;-0.017304348;0.33693281
0.015071146;-0.019280633;0.34483793
0.017047431;-0.017304348;0.34483793
0.017047431;-0.017304348;0.34483793
0.019023715;-0.017304348;0.34483793
0.019023715;-0.019280633;0.34483793
0.019023715;-0.017304348;0.33693281
0.017047431;-0.017304348;0.34483793
0.021;-0.017304348;0.33693281
0.021;-0.017304348;0.34483793
0.021;-0.017304348;0.34483793
0.022976285;-0.017304348;0.34483793
0.022976285;-0.017304348;0.33693281
0.02495257;-0.017304348;0.33693281
0.022976285;-0.017304348;0.34483793
0.02495257;-0.017304348;0.33693281
0.02495257;-0.017304348;0.33693281
0.026928853;-0.017304348;0.34483793
0.026928853;-0.015328064;0.33693281
0.026928853;-0.015328064;0.33693281
0.028905138;-0.017304348;0.34483793
0.028905138;-0.015328064;0.34483793
0.030881424;-0.017304348;0.33693281
0.030881424;-0.015328064;0.33693281
0.030881424;-0.015328064;0.34483793
0.030881424;-0.017304348;0.33693281
0.030881424;-0.017304348;0.33693281
0.032857709;-0.017304348;0.34483793
0.034833994;-0.017304348;0.33693281
0.034833994;-0.015328064;0.34483793
0.034833994;-0.017304348;0.33693281
0.034833994;-0.017304348;0.34483793
0.034833994;-0.015328064;0.34483793
0.03878656;-0.015328064;0.33693281
0.036810275;-0.015328064;0.33693281
0.03878656;-0.017304348;0.33693281
0.03878656;-0.015328064;0.34483793
0.03878656;-0.015328064;0.33693281
0.040762845;-0.015328064;0.33693281
0.040762845;-0.015328064;0.33693281
0.040762845;-0.015328064;0.33693281
0.042739131;-0.015328064;0.34483793
0.042739131;-0.015328064;0.33693281
0.042739131;-0.015328064;0.34483793
0.042739131;-0.013351778;0.33693281
0.046691701;-0.015328064;0.34483793
0.042739131;-0.015328064;0.33693281
0.044715416;-0.015328064;0.34483793
0.046691701;-0.017304348;0.33693281
0.046691701;-0.015328064;0.34483793
0.046691701;-0.015328064;0.34483793
0.048667986;-0.015328064;0.34483793
0.048667986;-0.015328064;0.34483793
0.050644267;-0.013351778;0.34483793
0.048667986;-0.015328064;0.33693281
0.050644267;-0.013351778;0.34483793
0.050644267;-0.015328064;0.34483793
0.052620552;-0.013351778;0.33693281
0.052620552;-0.013351778;0.33693281
0.052620552;-0.013351778;0.33693281
0.054596838;-0.013351778;0.33693281
0.054596838;-0.013351778;0.34483793
0.054596838;-0.013351778;0.33693281
0.056573123;-0.013351778;0.34483793
0.056573123;-0.013351778;0.33693281
0.056573123;-0.013351778;0.34483793
0.056573123;-0.013351778;0.33693281
0.056573123;-0.011375494;0.33693281
0.058549408;-0.013351778;0.33693281
0.058549408;-0.013351778;0.34483793
0.058549408;-0.011375494;0.33693281
0.058549408;-0.011375494;0.33693281
0.058549408;-0.013351778;0.34483793
0.060525693;-0.013351778;0.34483793
0.060525693;-0.013351778;0.33693281
0.060525693;-0.011375494;0.33693281
0.062501974;-0.011375494;0.33693281
0.062501974;-0.013351778;0.33693281
0.062501974;-0.013351778;0.33693281
0.062501974;-0.013351778;0.34483793
0.064478263;-0.013351778;0.34483793
0.064478263;-0.011375494;0.33693281
0.064478263;-0.013351778;0.33693281
0.064478263;-0.011375494;0.33693281
0.064478263;-0.011375494;0.33693281
0.066454545;-0.013351778;0.33693281
0.066454545;-0.013351778;0.34483793
0.066454545;-0.011375494;0.33693281
0.066454545;-0.013351778;0.33693281
0.068430834;-0.013351778;0.33693281
0.068430834;-0.011375494;0.34483793
0.068430834;-0.011375494;0.33693281
0.068430834;-0.011375494;0.33693281
0.068430834;-0.0093992092;0.33693281
0.068430834;-0.011375494;0.33693281
0.068430834;-0.011375494;0.33693281
0.070407115;-0.0093992092;0.34483793
0.068430834;-0.011375494;0.33693281
0.070407115;-0.011375494;0.33693281
0.070407115;-0.011375494;0.34483793
0.072383396;-0.011375494;0.34483793
0.070407115;-0.0093992092;0.33693281
0.072383396;-0.011375494;0.34483793
0.072383396;-0.0093992092;0.33693281
0.072383396;-0.011375494;0.34483793
0.072383396;-0.011375494;0.34483793
0.074359685;-0.0093992092;0.34483793
0.074359685;-0.011375494;0.33693281
0.074359685;-0.0093992092;0.33693281
0.072383396;-0.0093992092;0.34483793
0.074359685;-0.0093992092;0.34483793
0.074359685;-0.0093992092;0.34483793
0.074359685;-0.0093992092;0.33693281
0.074359685;-0.0093992092;0.33693281
0.074359685;-0.0093992092;0.33693281
0.076335967;-0.0093992092;0.33693281
0.074359685;-0.0093992092;0.33693281
0.076335967;-0.0093992092;0.34483793
0.076335967;-0.0093992092;0.33693281
0.076335967;-0.0093992092;0.34483793
0.078312255;-0.0093992092;0.33693281
0.076335967;-0.007422925;0.33693281
0.076335967;-0.0093992092;0.34483793
0.076335967;-0.0093992092;0.34483793
0.078312255;-0.0093992092;0.33693281
0.076335967;-0.0093992092;0.34483793
0.078312255;-0.007422925;0.33693281
0.078312255;-0.007422925;0.34483793
0.078312255;-0.007422925;0.34483793
0.076335967;-0.007422925;0.34483793
0.076335967;-0.007422925;0.34483793
0.076335967;-0.007422925;0.34483793
0.076335967;-0.007422925;0.33693281
0.078312255;-0.007422925;0.33693281
0.076335967;-0.007422925;0.33693281
0.076335967;-0.007422925;0.34483793
0.078312255;-0.007422925;0.34483793
0.078312255;-0.007422925;0.33693281
0.078312255;-0.0054466403;0.34483793
0.078312255;-0.007422925;0.34483793
0.078312255;-0.007422925;0.34483793
0.078312255;-0.0054466403;0.33693281
0.078312255;-0.0054466403;0.33693281
0.076335967;-0.0054466403;0.33693281
0.078312255;-0.0054466403;0.33693281
0.078312255;-0.0054466403;0.33693281
0.078312255;-0.0054466403;0.33693281
0.078312255;-0.0054466403;0.33693281
0.076335967;-0.0054466403;0.33693281
0.078312255;-0.0054466403;0.34483793
0.076335967;-0.0054466403;0.33693281
0.078312255;-0.0054466403;0.33693281
0.076335967;-0.0054466403;0.34483793
0.074359685;-0.0054466403;0.33693281
0.076335967;-0.0054466403;0.34483793
0.076335967;-0.0054466403;0.33693281
0.076335967;-0.0054466403;0.33693281
0.076335967;-0.0054466403;0.33693281
0.076335967;-0.0054466403;0.34483793
0.076335967;-0.0054466403;0.33693281
0.076335967;-0.0054466403;0.33693281
0.074359685;-0.0054466403;0.34483793
0.076335967;-0.0054466403;0.34483793
0.074359685;-0.0034703556;0.33693281
0.074359685;-0.0054466403;0.33693281
0.074359685;-0.0054466403;0.33693281
0.074359685;-0.0034703556;0.34483793
0.074359685;-0.0054466403;0.33693281
0.072383396;-0.0054466403;0.33693281
0.074359685;-0.0054466403;0.33693281
0.074359685;-0.0054466403;0.34483793
0.074359685;-0.0054466403;0.33693281
0.072383396;-0.0054466403;0.33693281
0.072383396;-0.0034703556;0.33693281
0.072383396;-0.0054466403;0.33693281
0.072383396;-0.0034703556;0.34483793
0.072383396;-0.0034703556;0.34483793
0.070407115;-0.0034703556;0.33693281
0.070407115;-0.0034703556;0.33693281
0.072383396;-0.0034703556;0.34483793
0.070407115;-0.0034703556;0.34483793
0.070407115;-0.0034703556;0.34483793
0.070407115;-0.0034703556;0.34483793
0.068430834;-0.0034703556;0.33693281
0.068430834;-0.0034703556;0.34483793
0.068430834;-0.0034703556;0.34483793
0.068430834;-0.0014940711;0.34483793
0.066454545;-0.0034703556;0.33693281
0.066454545;-0.0034703556;0.33693281
0.066454545;-0.0034703556;0.33693281
0.066454545;-0.0034703556;0.34483793
0.066454545;-0.0034703556;0.33693281
0.066454545;-0.0034703556;0.34483793
0.066454545;-0.0034703556;0.33693281
0.064478263;-0.0034703556;0.34483793
0.064478263;-0.0014940711;0.34483793
0.064478263;-0.0034703556;0.33693281
0.064478263;0.00048221345;0.33693281
0.062501974;-0.0014940711;0.34483793
0.062501974;-0.0014940711;0.33693281
0.062501974;-0.0034703556;0.34483793
0.060525693;-0.0014940711;0.33693281
0.060525693;-0.0014940711;0.34483793
0.060525693;-0.0014940711;0.34483793
0.060525693;-0.0014940711;0.34483793
0.060525693;-0.0014940711;0.33693281
0.058549408;-0.0014940711;0.34483793
0.058549408;0.00048221345;0.33693281
0.058549408;0.00048221345;0.34483793
0.058549408;-0.0014940711;0.33693281
0.058549408;-0.0014940711;0.34483793
0.056573123;-0.0014940711;0.34483793
0.056573123;0.00048221345;0.33693281
0.054596838;-0.0014940711;0.33693281
0.054596838;0.00048221345;0.33693281
0.054596838;0.00048221345;0.34483793
0.054596838;-0.0014940711;0.34483793
0.052620552;0.0024584981;0.33693281
0.052620552;0.00048221345;0.34483793
0.052620552;0.00048221345;0.34483793
0.050644267;0.00048221345;0.33693281
0.050644267;0.00048221345;0.33693281
0.050644267;0.00048221345;0.34483793
0.048667986;0.00048221345;0.33693281
0.048667986;0.00048221345;0.34483793
0.048667986;0.0024584981;0.33693281
0.048667986;0.00048221345;0.34483793
0.046691701;0.00048221345;0.33693281
0.046691701;0.00048221345;0.34483793
0.046691701;0.0024584981;0.33693281
0.046691701;0.00048221345;0.33693281
0.044715416;0.00048221345;0.34483793
0.044715416;0.00048221345;0.33693281
0.044715416;0.0024584981;0.33693281
0.042739131;0.0024584981;0.34483793
0.042739131;0.0024584981;0.34483793
0.042739131;0.0024584981;0.34483793
0.040762845;0.0024584981;0.34483793
0.040762845;0.0024584981;0.34483793
0.040762845;0.0024584981;0.34483793
0.03878656;0.0024584981;0.33693281
0.03878656;0.0024584981;0.34483793
0.03878656;0.0024584981;0.33693281
0.036810275;0.0024584981;0.33693281
0.03878656;0.0024584981;0.35274309
0.036810275;0.0024584981;0.34483793
0.034833994;0.0024584981;0.34483793
0.034833994;0.0044347825;0.33693281
0.034833994;0.0024584981;0.34483793
0.034833994;0.0024584981;0.34483793
0.032857709;0.0024584981;0.34483793
0.032857709;0.0044347825;0.33693281
0.032857709;0.0044347825;0.34483793
0.030881424;0.0044347825;0.33693281
0.028905138;0.0044347825;0.34483793
0.030881424;0.0044347825;0.33693281
0.028905138;0.0024584981;0.33693281
0.028905138;0.0044347825;0.34483793
0.028905138;0.0064110672;0.34483793
0.028905138;0.0044347825;0.33693281
0.026928853;0.0064110672;0.34483793
0.026928853;0.0064110672;0.33693281
0.026928853;0.0044347825;0.34483793
0.02495257;0.0044347825;0.33693281
0.02495257;0.0064110672;0.34483793
0.022976285;0.0044347825;0.34483793
0.022976285;0.0064110672;0.33693281
0.022976285;0.0044347825;0.33693281
0.022976285;0.0064110672;0.34483793
0.021;0.0064110672;0.34483793
0.021;0.0064110672;0.34483793
0.021;0.0044347825;0.33693281
0.019023715;0.0083873514;0.33693281
0.019023715;0.0044347825;0.34483793
0.019023715;0.0064110672;0.34483793
0.017047431;0.0064110672;0.33693281
0.015071146;0.0064110672;0.34483793
0.017047431;0.0083873514;0.34483793
0.015071146;0.0064110672;0.33693281
0.015071146;0.0064110672;0.33693281
0.015071146;0.0064110672;0.34483793
0.013094862;0.0083873514;0.34483793
0.011118577;0.0083873514;0.34483793
0.011118577;0.0064110672;0.33693281
0.013094862;0.0064110672;0.33693281
0.011118577;0.0083873514;0.33693281
0.0091422927;0.0083873514;0.33693281
0.0091422927;0.0083873514;0.33693281
0.0091422927;0.0083873514;0.34483793
0.0091422927;0.0083873514;0.33693281
0.007166008;0.0083873514;0.34483793
0.007166008;0.0083873514;0.34483793
0.0051897233;0.0083873514;0.34483793
0.007166008;0.0083873514;0.34483793
0.0051897233;0.0083873514;0.33693281
0.0051897233;0.0083873514;0.34483793
0.0032134387;0.0083873514;0.33693281
0.0051897233;0.0083873514;0.33693281
0.0012371541;0.010363637;0.34483793
-0.00073913042;0.010363637;0.33693281
0.0012371541;0.010363637;0.33693281
-0.00073913042;0.010363637;0.34483793
-0.00073913042;0.010363637;0.33693281
-0.00073913042;0.0083873514;0.33693281
-0.0027154151;0.010363637;0.34483793
-0.0027154151;0.010363637;0.33693281
-0.0027154151;0.010363637;0.34483793
-0.0046916995;0.010363637;0.33693281
-0.0046916995;0.010363637;0.34483793
-0.0046916995;0.012339921;0.33693281
-0.0066679842;0.010363637;0.34483793
-0.0066679842;0.010363637;0.33693281
-0.0066679842;0.010363637;0.34483793
-0.0066679842;0.010363637;0.33693281
-0.0086442688;0.012339921;0.33693281
-0.0086442688;0.012339921;0.33693281
-0.0086442688;0.010363637;0.34483793
-0.010620553;0.010363637;0.34483793
-0.010620553;0.010363637;0.34483793
-0.010620553;0.012339921;0.33693281
-0.012596838;0.012339921;0.33693281
-0.010620553;0.012339921;0.33693281
-0.010620553;0.010363637;0.32902768
-0.010620553;0.010363637;0.34483793
-0.012596838;0.012339921;0.34483793
-0.014573122;0.012339921;0.33693281
-0.012596838;0.012339921;0.33693281
-0.012596838;0.012339921;0.33693281
-0.014573122;0.012339921;0.34483793
-0.014573122;0.014316206;0.34483793
-0.014573122;0.012339921;0.33693281
-0.016549407;0.012339921;0.33693281
-0.014573122;0.012339921;0.33693281
-0.018525692;0.012339921;0.33693281
-0.018525692;0.012339921;0.34483793
-0.018525692;0.014316206;0.33693281
-0.018525692;0.014316206;0.33693281
-0.020501977;0.014316206;0.34483793
-0.020501977;0.014316206;0.33693281
-0.020501977;0.014316206;0.34483793
-0.020501977;0.014316206;0.34483793
-0.020501977;0.014316206;0.33693281
-0.020501977;0.014316206;0.33693281
-0.02247826;0.014316206;0.33693281
-0.02247826;0.014316206;0.34483793
-0.020501977;0.014316206;0.33693281
-0.02247826;0.014316206;0.34483793
-0.02247826;0.014316206;0.34483793
-0.024454545;0.01629249;0.33693281
-0.02247826;0.014316206;0.33693281
-0.024454545;0.014316206;0.34483793
-0.024454545;0.01629249;0.33693281
-0.024454545;0.01629249;0.34483793
-0.024454545;0.01629249;0.32902768
-0.02643083;0.01629249;0.34483793
-0.02643083;0.01629249;0.33693281
-0.02643083;0.01629249;0.33693281
-0.02643083;0.01629249;0.33693281
-0.02643083;0.01629249;0.34483793
-0.02643083;0.01629249;0.34483793
-0.02643083;0.018268775;0.34483793
-0.02643083;0.018268775;0.33693281
-0.028407115;0.01629249;0.34483793
-0.02643083;0.01629249;0.34483793
-0.028407115;0.018268775;0.33693281
-0.030383399;0.018268775;0.33693281
-0.028407115;0.018268775;0.33693281
-0.028407115;0.018268775;0.34483793
-0.028407115;0.018268775;0.33693281
-0.030383399;0.018268775;0.33693281
-0.030383399;0.018268775;0.34483793
-0.028407115;0.018268775;0.34483793
-0.032359682;0.018268775;0.33693281
-0.030383399;0.018268775;0.34483793
-0.032359682;0.018268775;0.33693281
-0.030383399;0.018268775;0.33693281
-0.030383399;0.018268775;0.33693281
-0.030383399;0.018268775;0.34483793
-0.030383399;0.018268775;0.34483793
-0.030383399;0.018268775;0.33693281
-0.030383399;0.018268775;0.33693281
-0.032359682;0.018268775;0.33693281
-0.032359682;0.020245058;0.33693281
-0.032359682;0.018268775;0.34483793
-0.030383399;0.018268775;0.33693281
-0.032359682;0.020245058;0.34483793
-0.032359682;0.020245058;0.34483793
-0.032359682;0.020245058;0.33693281
-0.032359682;0.018268775;0.33693281
-0.032359682;0.020245058;0.34483793
-0.032359682;0.020245058;0.33693281
-0.032359682;0.020245058;0.34483793
-0.032359682;0.020245058;0.33693281
-0.032359682;0.020245058;0.33693281
-0.032359682;0.022221344;0.33693281
-0.032359682;0.020245058;0.34483793
-0.032359682;0.020245058;0.34483793
-0.032359682;0.022221344;0.33693281
-0.032359682;0.022221344;0.34483793
-0.032359682;0.022221344;0.33693281
-0.030383399;0.022221344;0.33693281
-0.032359682;0.022221344;0.34483793
-0.032359682;0.022221344;0.34483793
-0.032359682;0.022221344;0.33693281
-0.032359682;0.020245058;0.33693281
-0.030383399;0.022221344;0.34483793
-0.030383399;0.022221344;0.33693281
-0.032359682;0.022221344;0.34483793
-0.030383399;0.022221344;0.34483793
-0.030383399;0.022221344;0.33693281
-0.030383399;0.022221344;0.34483793
-0.030383399;0.022221344;0.34483793
-0.030383399;0.022221344;0.33693281
-0.030383399;0.022221344;0.33693281
-0.030383399;0.022221344;0.34483793
-0.030383399;0.022221344;0.34483793
-0.030383399;0.022221344;0.33693281
-0.030383399;0.024197629;0.33693281
-0.030383399;0.024197629;0.33693281
-0.028407115;0.024197629;0.34483793
-0.030383399;0.024197629;0.33693281
-0.028407115;0.024197629;0.34483793
-0.030383399;0.024197629;0.33693281
-0.028407115;0.024197629;0.34483793
-0.028407115;0.024197629;0.34483793
-0.030383399;0.024197629;0.34483793
-0.02643083;0.024197629;0.33693281
-0.02643083;0.024197629;0.34483793
-0.02643083;0.024197629;0.33693281
-0.02643083;0.024197629;0.33693281
-0.02643083;0.026173914;0.34483793
-0.02643083;0.026173914;0.34483793
-0.024454545;0.024197629;0.33693281
-0.024454545;0.024197629;0.34483793
-0.024454545;0.026173914;0.33693281
-0.024454545;0.026173914;0.33693281
-0.024454545;0.026173914;0.33693281
-0.024454545;0.026173914;0.33693281
-0.024454545;0.026173914;0.33693281
-0.02247826;0.026173914;0.33693281
-0.024454545;0.026173914;0.34483793
-0.020501977;0.026173914;0.34483793
-0.02247826;0.026173914;0.33693281
-0.020501977;0.026173914;0.33693281
-0.02247826;0.026173914;0.34483793
-0.02247826;0.028150197;0.34483793
-0.02247826;0.026173914;0.34483793
-0.020501977;0.026173914;0.33693281
-0.018525692;0.026173914;0.33693281
-0.018525692;0.026173914;0.33693281
-0.018525692;0.026173914;0.34483793
-0.018525692;0.028150197;0.33693281
-0.018525692;0.026173914;0.34483793
-0.016549407;0.028150197;0.34483793
-0.016549407;0.028150197;0.34483793
-0.016549407;0.028150197;0.33693281
-0.016549407;0.028150197;0.34483793
-0.014573122;0.028150197;0.33693281
-0.014573122;0.028150197;0.33693281
-0.014573122;0.028150197;0.33693281
-0.014573122;0.028150197;0.34483793
-0.012596838;0.028150197;0.34483793
-0.012596838;0.030126482;0.33693281
-0.012596838;0.030126482;0.33693281
-0.010620553;0.030126482;0.33693281
-0.012596838;0.030126482;0.33693281
-0.012596838;0.028150197;0.34483793
-0.010620553;0.030126482;0.34483793
-0.010620553;0.030126482;0.34483793
-0.0086442688;0.030126482;0.34483793
-0.0086442688;0.030126482;0.33693281
-0.0066679842;0.030126482;0.33693281
-0.0066679842;0.030126482;0.33693281
-0.0066679842;0.030126482;0.33693281
-0.0086442688;0.030126482;0.33693281
-0.0066679842;0.030126482;0.33693281
-0.0066679842;0.030126482;0.34483793
-0.0046916995;0.030126482;0.33693281
-0.0066679842;0.030126482;0.33693281
-0.0046916995;0.030126482;0.33693281
-0.0027154151;0.030126482;0.33693281
-0.0027154151;0.030126482;0.34483793
-0.0027154151;0.030126482;0.33693281
-0.0027154151;0.032102767;0.33693281
-0.00073913042;0.032102767;0.34483793
-0.00073913042;0.030126482;0.34483793
-0.00073913042;0.032102767;0.33693281
-0.00073913042;0.032102767;0.33693281
-0.00073913042;0.032102767;0.34483793
0.0012371541;0.030126482;0.33693281
0.0012371541;0.032102767;0.33693281
0.0032134387;0.032102767;0.33693281
0.0051897233;0.032102767;0.34483793
0.0032134387;0.030126482;0.33693281
0.0051897233;0.032102767;0.34483793
0.0051897233;0.032102767;0.33693281
0.007166008;0.032102767;0.34483793
0.007166008;0.032102767;0.33693281
0.007166008;0.032102767;0.33693281
0.0091422927;0.032102767;0.34483793
0.0091422927;0.034079053;0.34483793
0.0091422927;0.032102767;0.33693281
0.011118577;0.032102767;0.33693281
0.011118577;0.032102767;0.33693281
0.011118577;0.034079053;0.33693281
0.013094862;0.034079053;0.33693281
0.013094862;0.034079053;0.33693281
0.013094862;0.034079053;0.34483793
0.013094862;0.036055338;0.34483793
0.015071146;0.034079053;0.33693281
0.017047431;0.034079053;0.33693281
0.017047431;0.034079053;0.33693281
0.019023715;0.034079053;0.34483793
0.017047431;0.034079053;0.33693281
0.017047431;0.034079053;0.34483793
0.019023715;0.036055338;0.33693281
0.019023715;0.036055338;0.33693281
0.019023715;0.036055338;0.34483793
0.019023715;0.036055338;0.33693281
0.021;0.036055338;0.34483793
0.021;0.036055338;0.33693281
0.022976285;0.034079053;0.33693281
0.022976285;0.036055338;0.33693281
0.022976285;0.036055338;0.33693281
0.02495257;0.036055338;0.33693281
0.02495257;0.036055338;0.33693281
0.026928853;0.036055338;0.34483793
0.026928853;0.036055338;0.33693281
0.026928853;0.036055338;0.33693281
0.028905138;0.036055338;0.33693281
0.028905138;0.036055338;0.33693281
0.030881424;0.038031619;0.33693281
0.030881424;0.036055338;0.33693281
0.030881424;0.036055338;0.33693281
0.032857709;0.038031619;0.33693281
0.032857709;0.038031619;0.33693281
0.032857709;0.038031619;0.34483793
0.032857709;0.038031619;0.34483793
0.034833994;0.038031619;0.34483793
0.034833994;0.036055338;0.33693281
0.034833994;0.038031619;0.33693281
0.036810275;0.038031619;0.34483793
0.034833994;0.038031619;0.34483793
0.036810275;0.040007904;0.33693281
0.036810275;0.040007904;0.34483793
0.03878656;0.038031619;0.34483793
0.03878656;0.040007904;0.33693281
0.03878656;0.040007904;0.34483793
0.040762845;0.038031619;0.34483793
0.040762845;0.038031619;0.33693281
0.042739131;0.038031619;0.33693281
0.040762845;0.038031619;0.34483793
0.042739131;0.038031619;0.33693281
0.044715416;0.040007904;0.33693281
0.044715416;0.038031619;0.34483793
0.046691701;0.040007904;0.33693281
0.044715416;0.040007904;0.33693281
0.048667986;0.038031619;0.34483793
0.046691701;0.040007904;0.33693281
0.046691701;0.040007904;0.33693281
0.048667986;0.040007904;0.33693281
0.048667986;0.040007904;0.34483793
0.048667986;0.040007904;0.33693281
0.048667986;0.040007904;0.34483793
0.050644267;0.040007904;0.33693281
0.050644267;0.040007904;0.33693281
0.050644267;0.040007904;0.33693281
0.052620552;0.040007904;0.34483793
0.052620552;0.041984189;0.33693281
0.054596838;0.040007904;0.33693281
0.052620552;0.041984189;0.34483793
0.054596838;0.040007904;0.34483793
0.054596838;0.041984189;0.33693281
0.054596838;0.041984189;0.33693281
0.056573123;0.041984189;0.34483793
0.056573123;0.041984189;0.33693281
0.056573123;0.041984189;0.34483793
0.056573123;0.041984189;0.34483793
0.058549408;0.041984189;0.34483793
0.058549408;0.041984189;0.33693281
0.058549408;0.041984189;0.33693281
0.058549408;0.041984189;0.33693281
0.060525693;0.041984189;0.34483793
0.058549408;0.041984189;0.33693281
0.060525693;0.041984189;0.33693281
0.062501974;0.043960474;0.33693281
0.062501974;0.041984189;0.34483793
0.062501974;0.043960474;0.33693281
0.062501974;0.041984189;0.34483793
0.062501974;0.043960474;0.33693281
0.064478263;0.043960474;0.33693281
0.064478263;0.041984189;0.34483793
0.064478263;0.043960474;0.34483793
0.064478263;0.041984189;0.33693281
0.064478263;0.043960474;0.33693281
0.064478263;0.04593676;0.34483793
0.066454545;0.043960474;0.33693281
0.066454545;0.043960474;0.33693281
0.068430834;0.043960474;0.34483793
0.066454545;0.043960474;0.34483793
0.068430834;0.043960474;0.34483793
0.068430834;0.043960474;0.33693281
0.068430834;0.04593676;0.34483793
0.068430834;0.043960474;0.34483793
0.070407115;0.043960474;0.34483793
0.068430834;0.043960474;0.33693281
0.070407115;0.04593676;0.34483793
0.070407115;0.04593676;0.33693281
0.072383396;0.04593676;0.34483793
0.072383396;0.04593676;0.34483793
0.072383396;0.04593676;0.34483793
0.072383396;0.04593676;0.34483793
0.072383396;0.04593676;0.34483793
0.072383396;0.04593676;0.34483793
0.072383396;0.04593676;0.33693281
0.074359685;0.043960474;0.33693281
0.074359685;0.04593676;0.33693281
0.072383396;0.04593676;0.33693281
0.074359685;0.04593676;0.33693281
0.074359685;0.047913045;0.34483793
0.074359685;0.047913045;0.34483793
0.074359685;0.04593676;0.33693281
0.074359685;0.047913045;0.33693281
0.074359685;0.04593676;0.33693281
0.074359685;0.04593676;0.33693281
0.076335967;0.047913045;0.33693281
0.076335967;0.047913045;0.34483793
0.074359685;0.04593676;0.34483793
0.076335967;0.047913045;0.34483793
0.076335967;0.047913045;0.34483793
0.076335967;0.047913045;0.33693281
0.076335967;0.047913045;0.33693281
0.074359685;0.047913045;0.34483793
0.076335967;0.047913045;0.33693281
0.078312255;0.047913045;0.34483793
0.076335967;0.047913045;0.33693281
0.076335967;0.047913045;0.33693281
0.076335967;0.047913045;0.33693281
0.078312255;0.047913045;0.33693281
0.076335967;0.04988933;0.33693281
0.078312255;0.047913045;0.33693281
0.076335967;0.047913045;0.34483793
0.078312255;0.047913045;0.34483793
0.078312255;0.047913045;0.33693281
0.078312255;0.047913045;0.34483793
0.078312255;0.047913045;0.33693281
0.078312255;0.04988933;0.34483793
0.078312255;0.047913045;0.33693281
0.078312255;0.047913045;0.33693281
0.078312255;0.04988933;0.34483793
0.076335967;0.04988933;0.34483793
0.076335967;0.04988933;0.33693281
0.076335967;0.04988933;0.34483793
0.076335967;0.04988933;0.34483793
0.078312255;0.04988933;0.33693281
0.076335967;0.04988933;0.33693281
0.078312255;0.04988933;0.34483793
0.078312255;0.04988933;0.34483793
0.078312255;0.04988933;0.33693281
0.076335967;0.04988933;0.34483793
0.078312255;0.04988933;0.34483793
0.076335967;0.04988933;0.34483793
0.076335967;0.04988933;0.33693281
0.076335967;0.04988933;0.33693281
0.076335967;0.04988933;0.34483793
0.076335967;0.04988933;0.34483793
0.076335967;0.051865611;0.33693281
0.074359685;0.04988933;0.34483793
0.074359685;0.051865611;0.34483793
0.076335967;0.04988933;0.33693281
0.076335967;0.04988933;0.33693281
0.076335967;0.051865611;0.34483793
0.074359685;0.051865611;0.34483793
0.074359685;0.051865611;0.34483793
0.076335967;0.04988933;0.33693281
0.074359685;0.051865611;0.34483793
0.072383396;0.051865611;0.34483793
0.074359685;0.051865611;0.33693281
0.074359685;0.051865611;0.33693281
0.072383396;0.051865611;0.33693281
0.072383396;0.051865611;0.33693281
0.072383396;0.051865611;0.33693281
0.072383396;0.051865611;0.34483793
0.072383396;0.051865611;0.34483793
0.072383396;0.053841896;0.33693281
0.070407115;0.053841896;0.33693281
0.072383396;0.053841896;0.34483793
0.072383396;0.053841896;0.34483793
0.070407115;0.051865611;0.33693281
0.070407115;0.053841896;0.33693281
0.070407115;0.051865611;0.34483793
0.070407115;0.053841896;0.33693281
0.068430834;0.053841896;0.33693281
0.070407115;0.053841896;0.33693281
0.066454545;0.053841896;0.34483793
0.068430834;0.053841896;0.33693281
0.066454545;0.053841896;0.34483793
0.068430834;0.053841896;0.34483793
0.064478263;0.053841896;0.33693281
0.066454545;0.053841896;0.33693281
0.066454545;0.053841896;0.34483793
0.066454545;0.053841896;0.34483793
0.064478263;0.053841896;0.33693281
0.064478263;0.053841896;0.33693281
0.064478263;0.053841896;0.33693281
0.064478263;0.055818181;0.33693281
0.062501974;0.053841896;0.33693281
0.062501974;0.055818181;0.34483793
0.062501974;0.053841896;0.34483793
0.060525693;0.055818181;0.34483793
0.060525693;0.055818181;0.33693281
0.060525693;0.055818181;0.33693281
0.060525693;0.055818181;0.33693281
0.058549408;0.055818181;0.33693281
0.058549408;0.053841896;0.34483793
0.058549408;0.055818181;0.34483793
0.058549408;0.055818181;0.33693281
0.058549408;0.055818181;0.34483793
0.056573123;0.055818181;0.33693281
0.056573123;0.055818181;0.34483793
0.054596838;0.055818181;0.34483793
0.054596838;0.055818181;0.34483793
0.054596838;0.055818181;0.34483793
0.054596838;0.055818181;0.33693281
0.054596838;0.055818181;0.34483793
0.054596838;0.055818181;0.34483793
0.052620552;0.055818181;0.34483793
0.052620552;0.055818181;0.34483793
0.052620552;0.055818181;0.34483793
0.050644267;0.057794467;0.34483793
0.048667986;0.057794467;0.33693281
0.048667986;0.055818181;0.34483793
0.050644267;0.055818181;0.34483793
0.046691701;0.057794467;0.34483793
0.048667986;0.055818181;0.33693281
0.048667986;0.057794467;0.34483793
0.046691701;0.055818181;0.33693281
0.046691701;0.057794467;0.34483793
0.044715416;0.057794467;0.33693281
0.044715416;0.057794467;0.33693281
0.044715416;0.057794467;0.34483793
0.042739131;0.057794467;0.33693281
0.042739131;0.055818181;0.34483793
0.042739131;0.057794467;0.34483793
0.042739131;0.057794467;0.33693281
0.040762845;0.057794467;0.34483793
0.040762845;0.059770752;0.33693281
0.040762845;0.057794467;0.34483793
0.03878656;0.059770752;0.34483793
0.03878656;0.059770752;0.33693281
0.03878656;0.057794467;0.34483793
0.03878656;0.057794467;0.33693281
0.03878656;0.057794467;0.34483793
0.036810275;0.057794467;0.34483793
0.034833994;0.057794467;0.33693281
0.034833994;0.059770752;0.34483793
0.034833994;0.059770752;0.33693281
0.034833994;0.059770752;0.33693281
0.034833994;0.057794467;0.33693281
0.032857709;0.057794467;0.33693281
0.030881424;0.057794467;0.33693281
0.030881424;0.059770752;0.34483793
0.030881424;0.059770752;0.33693281
0.028905138;0.059770752;0.34483793
0.028905138;0.059770752;0.33693281
0.028905138;0.059770752;0.34483793
0.026928853;0.059770752;0.33693281
0.026928853;0.057794467;0.33693281
0.026928853;0.059770752;0.33693281
0.026928853;0.059770752;0.33693281
0.02495257;0.059770752;0.34483793
0.02495257;0.059770752;0.33693281
0.022976285;0.059770752;0.33693281
0.02495257;0.059770752;0.33693281
0.021;0.059770752;0.34483793
0.021;0.059770752;0.34483793
0.022976285;0.059770752;0.33693281
0.021;0.059770752;0.33693281
0.021;0.059770752;0.34483793
0.019023715;0.061747037;0.33693281
0.019023715;0.059770752;0.33693281
0.017047431;0.059770752;0.34483793
0.017047431;0.059770752;0.33693281
0.017047431;0.059770752;0.33693281
0.017047431;0.061747037;0.33693281
0.017047431;0.059770752;0.34483793
0.015071146;0.059770752;0.33693281
0.013094862;0.061747037;0.33693281
0.015071146;0.061747037;0.34483793
0.013094862;0.059770752;0.33693281
0.011118577;0.059770752;0.33693281
0.013094862;0.061747037;0.34483793
0.011118577;0.061747037;0.34483793
0.011118577;0.061747037;0.34483793
0.0091422927;0.061747037;0.34483793
0.0091422927;0.061747037;0.34483793
0.0091422927;0.061747037;0.34483793
0.007166008;0.061747037;0.34483793
0.007166008;0.061747037;0.33693281
0.007166008;0.061747037;0.34483793
0.0051897233;0.061747037;0.34483793
0.0051897233;0.059770752;0.34483793
0.0032134387;0.061747037;0.33693281
0.0012371541;0.061747037;0.34483793
0.0051897233;0.061747037;0.33693281
0.0032134387;0.061747037;0.33693281
0.0012371541;0.061747037;0.33693281
-0.00073913042;0.061747037;0.33693281
-0.00073913042;0.061747037;0.33693281
-0.00073913042;0.061747037;0.34483793
-0.00073913042;0.063723318;0.34483793
-0.0027154151;0.061747037;0.33693281
-0.00073913042;0.061747037;0.33693281
-0.0027154151;0.061747037;0.33693281
-0.0066679842;0.061747037;0.33693281
-0.0046916995;0.061747037;0.34483793
-0.0066679842;0.063723318;0.33693281
-0.0046916995;0.061747037;0.34483793
-0.0066679842;0.061747037;0.34483793
-0.0066679842;0.061747037;0.34483793
-0.0066679842;0.061747037;0.34483793
-0.0066679842;0.061747037;0.33693281
-0.0086442688;0.063723318;0.33693281
-0.0086442688;0.063723318;0.34483793
-0.0086442688;0.063723318;0.33693281
-0.0086442688;0.063723318;0.33693281
-0.010620553;0.063723318;0.34483793
-0.012596838;0.063723318;0.34483793
-0.010620553;0.065699607;0.33693281
-0.012596838;0.063723318;0.34483793
-0.012596838;0.061747037;0.34483793
-0.012596838;0.065699607;0.34483793
-0.012596838;0.063723318;0.33693281
-0.014573122;0.061747037;0.34483793
-0.014573122;0.063723318;0.34483793
-0.014573122;0.063723318;0.34483793
-0.014573122;0.065699607;0.33693281
-0.016549407;0.063723318;0.33693281
-0.014573122;0.063723318;0.34483793
-0.016549407;0.065699607;0.33693281
-0.016549407;0.063723318;0.34483793
-0.016549407;0.065699607;0.33693281
-0.018525692;0.063723318;0.34483793
-0.020501977;0.065699607;0.34483793
-0.018525692;0.063723318;0.33693281
-0.020501977;0.063723318;0.33693281
-0.020501977;0.063723318;0.33693281
-0.020501977;0.065699607;0.34483793
-0.020501977;0.063723318;0.33693281
-0.020501977;0.063723318;0.34483793
-0.020501977;0.063723318;0.33693281
-0.02247826;0.065699607;0.34483793
-0.02247826;0.063723318;0.33693281
-0.02247826;0.065699607;0.33693281
-0.02247826;0.065699607;0.34483793
-0.02247826;0.063723318;0.33693281
-0.024454545;0.063723318;0.34483793
-0.024454545;0.063723318;0.34483793
-0.024454545;0.063723318;0.33693281
-0.024454545;0.063723318;0.34483793
-0.02643083;0.065699607;0.34483793
-0.024454545;0.063723318;0.34483793
-0.02643083;0.065699607;0.33693281
-0.02643083;0.065699607;0.34483793
-0.02643083;0.065699607;0.34483793
-0.02643083;0.065699607;0.34483793
-0.028407115;0.065699607;0.34483793
-0.02643083;0.065699607;0.33693281
-0.028407115;0.065699607;0.34483793
-0.028407115;0.065699607;0.34483793
-0.028407115;0.065699607;0.33693281
-0.028407115;0.065699607;0.34483793
-0.028407115;0.065699607;0.34483793
-0.028407115;0.067675889;0.33693281
-0.030383399;0.067675889;0.34483793
-0.030383399;0.065699607;0.33693281
-0.030383399;0.067675889;0.33693281
-0.030383399;0.067675889;0.33693281
-0.030383399;0.065699607;0.33693281
-0.030383399;0.065699607;0.33693281
-0.030383399;0.065699607;0.34483793
-0.030383399;0.065699607;0.34483793
-0.030383399;0.067675889;0.34483793
-0.030383399;0.067675889;0.33693281
-0.030383399;0.067675889;0.34483793
-0.030383399;0.067675889;0.33693281
-0.032359682;0.065699607;0.33693281
-0.030383399;0.067675889;0.33693281
-0.032359682;0.065699607;0.34483793
-0.032359682;0.067675889;0.34483793
-0.032359682;0.067675889;0.34483793
-0.032359682;0.065699607;0.34483793
-0.032359682;0.067675889;0.33693281
-0.034335967;0.065699607;0.34483793
-0.032359682;0.067675889;0.34483793
-0.032359682;0.065699607;0.33693281
-0.032359682;0.067675889;0.33693281
-0.032359682;0.067675889;0.33693281
-0.032359682;0.067675889;0.33693281
-0.032359682;0.067675889;0.34483793
-0.034335967;0.067675889;0.33693281
-0.032359682;0.065699607;0.33693281
-0.032359682;0.067675889;0.34483793
-0.032359682;0.065699607;0.34483793
-0.032359682;0.067675889;0.33693281
-0.032359682;0.067675889;0.33693281
-0.032359682;0.067675889;0.33693281
-0.032359682;0.067675889;0.33693281
-0.032359682;0.067675889;0.33693281
-0.032359682;0.067675889;0.33693281
-0.032359682;0.067675889;0.34483793
-0.032359682;0.067675889;0.34483793
-0.030383399;0.067675889;0.34483793
-0.030383399;0.067675889;0.33693281
-0.032359682;0.067675889;0.33693281
-0.030383399;0.067675889;0.33693281
-0.030383399;0.067675889;0.33693281
-0.030383399;0.069652177;0.34483793
-0.030383399;0.067675889;0.33693281
-0.030383399;0.067675889;0.33693281
-0.030383399;0.067675889;0.33693281
-0.028407115;0.067675889;0.33693281
-0.030383399;0.067675889;0.34483793
-0.030383399;0.067675889;0.33693281
-0.030383399;0.067675889;0.33693281
-0.030383399;0.067675889;0.33693281
-0.028407115;0.067675889;0.34483793
-0.030383399;0.067675889;0.33693281
-0.030383399;0.069652177;0.34483793
-0.028407115;0.067675889;0.33693281
-0.028407115;0.065699607;0.33693281
-0.02643083;0.067675889;0.34483793
-0.028407115;0.067675889;0.34483793
-0.028407115;0.067675889;0.33693281
-0.028407115;0.067675889;0.34483793
-0.02643083;0.067675889;0.34483793
-0.02643083;0.067675889;0.34483793
-0.02643083;0.067675889;0.33693281
-0.02643083;0.067675889;0.33693281
-0.024454545;0.067675889;0.33693281
-0.024454545;0.067675889;0.33693281
-0.024454545;0.067675889;0.34483793
-0.024454545;0.067675889;0.34483793
-0.024454545;0.067675889;0.33693281
-0.024454545;0.067675889;0.33693281
-0.02247826;0.067675889;0.33693281
-0.02247826;0.067675889;0.34483793
-0.02247826;0.067675889;0.33693281
-0.02247826;0.067675889;0.34483793
-0.02247826;0.067675889;0.33693281
-0.020501977;0.067675889;0.33693281
-0.020501977;0.067675889;0.34483793
-0.02247826;0.069652177;0.33693281
-0.020501977;0.067675889;0.33693281
-0.020501977;0.067675889;0.34483793
-0.018525692;0.069652177;0.33693281
-0.018525692;0.067675889;0.34483793
-0.018525692;0.067675889;0.34483793
-0.018525692;0.067675889;0.34483793
-0.018525692;0.067675889;0.33693281
-0.016549407;0.067675889;0.34483793
-0.016549407;0.067675889;0.33693281
-0.014573122;0.067675889;0.34483793
-0.014573122;0.067675889;0.34483793
-0.012596838;0.069652177;0.33693281
-0.014573122;0.067675889;0.33693281
-0.012596838;0.067675889;0.33693281
-0.014573122;0.069652177;0.33693281
-0.012596838;0.069652177;0.34483793
-0.010620553;0.069652177;0.33693281
-0.012596838;0.067675889;0.34483793
-0.012596838;0.069652177;0.33693281
-0.010620553;0.067675889;0.33693281
-0.0086442688;0.069652177;0.34483793
-0.010620553;0.069652177;0.34483793
-0.010620553;0.067675889;0.34483793
-0.0086442688;0.067675889;0.33693281
-0.0086442688;0.067675889;0.34483793
-0.0086442688;0.067675889;0.34483793
-0.0086442688;0.067675889;0.34483793
-0.0066679842;0.067675889;0.34483793
-0.0066679842;0.069652177;0.34483793
-0.0066679842;0.067675889;0.33693281
-0.0066679842;0.067675889;0.34483793
-0.0046916995;0.069652177;0.33693281
-0.0046916995;0.067675889;0.34483793
-0.0046916995;0.069652177;0.33693281
-0.0027154151;0.067675889;0.34483793
-0.0027154151;0.069652177;0.33693281
-0.00073913042;0.067675889;0.34483793
-0.00073913042;0.069652177;0.33693281
-0.00073913042;0.069652177;0.34483793
-0.00073913042;0.069652177;0.33693281
-0.00073913042;0.069652177;0.34483793
0.0012371541;0.067675889;0.33693281
0.0012371541;0.069652177;0.34483793
0.0012371541;0.067675889;0.34483793
0.0051897233;0.069652177;0.33693281
0.0032134387;0.067675889;0.33693281
0.0051897233;0.069652177;0.33693281
0.0051897233;0.069652177;0.34483793
0.0051897233;0.069652177;0.33693281
0.0051897233;0.069652177;0.34483793
0.007166008;0.069652177;0.33693281
0.007166008;0.069652177;0.34483793
0.0091422927;0.069652177;0.33693281
0.0091422927;0.069652177;0.34483793
0.0091422927;0.069652177;0.33693281
0.011118577;0.067675889;0.33693281
0.011118577;0.067675889;0.34483793
0.011118577;0.069652177;0.33693281
0.013094862;0.069652177;0.34483793
0.011118577;0.069652177;0.33693281
0.013094862;0.067675889;0.33693281
0.015071146;0.069652177;0.34483793
0.013094862;0.069652177;0.33693281
0.015071146;0.069652177;0.33693281
0.015071146;0.067675889;0.34483793
0.017047431;0.069652177;0.33693281
0.017047431;0.067675889;0.33693281
0.019023715;0.069652177;0.33693281
0.019023715;0.069652177;0.34483793
0.019023715;0.069652177;0.33693281
0.021;0.069652177;0.35274309
0.021;0.069652177;0.33693281
0.021;0.069652177;0.33693281
0.021;0.069652177;0.34483793
0.022976285;0.069652177;0.33693281
0.022976285;0.069652177;0.34483793
0.022976285;0.069652177;0.34483793
0.02495257;0.067675889;0.33693281
0.02495257;0.067675889;0.34483793
0.02495257;0.067675889;0.33693281
0.02495257;0.069652177;0.34483793
0.028905138;0.067675889;0.34483793
0.028905138;0.069652177;0.33693281
0.028905138;0.069652177;0.33693281
0.030881424;0.069652177;0.34483793
0.030881424;0.067675889;0.34483793
0.028905138;0.069652177;0.33693281
0.030881424;0.069652177;0.34483793
0.032857709;0.069652177;0.34483793
0.030881424;0.069652177;0.33693281
0.032857709;0.069652177;0.33693281
0.034833994;0.069652177;0.33693281
0.034833994;0.067675889;0.34483793
0.032857709;0.069652177;0.34483793
0.036810275;0.067675889;0.33693281
0.036810275;0.067675889;0.33693281
0.03878656;0.069652177;0.34483793
0.03878656;0.069652177;0.33693281
0.03878656;0.069652177;0.34483793
0.03878656;0.069652177;0.34483793
0.040762845;0.069652177;0.34483793
0.040762845;0.069652177;0.33693281
0.040762845;0.069652177;0.33693281
0.042739131;0.069652177;0.33693281
0.042739131;0.069652177;0.34483793
0.042739131;0.069652177;0.34483793
0.044715416;0.069652177;0.34483793
0.044715416;0.067675889;0.32902768
0.046691701;0.069652177;0.33693281
0.046691701;0.067675889;0.33693281
0.046691701;0.067675889;0.33693281
0.046691701;0.067675889;0.34483793
0.048667986;0.067675889;0.33693281
0.046691701;0.067675889;0.33693281
0.048667986;0.069652177;0.33693281
0.050644267;0.067675889;0.33693281
0.050644267;0.069652177;0.33693281
0.050644267;0.069652177;0.33693281
0.050644267;0.067675889;0.33693281
0.050644267;0.069652177;0.33693281
0.050644267;0.067675889;0.33693281
0.054596838;0.069652177;0.34483793
0.054596838;0.069652177;0.34483793
0.054596838;0.069652177;0.33693281
0.054596838;0.069652177;0.34483793
0.054596838;0.069652177;0.34483793
0.056573123;0.069652177;0.34483793
0.056573123;0.067675889;0.34483793
0.056573123;0.067675889;0.33693281
0.058549408;0.067675889;0.34483793
0.058549408;0.067675889;0.34483793
0.058549408;0.069652177;0.33693281
0.058549408;0.069652177;0.33693281
0.058549408;0.067675889;0.34483793
0.060525693;0.067675889;0.33693281
0.060525693;0.067675889;0.34483793
0.060525693;0.067675889;0.34483793
0.062501974;0.067675889;0.34483793
0.062501974;0.067675889;0.33693281
0.062501974;0.069652177;0.33693281
0.064478263;0.067675889;0.33693281
0.064478263;0.067675889;0.33693281
0.062501974;0.067675889;0.33693281
0.064478263;0.067675889;0.34483793
0.064478263;0.069652177;0.34483793
0.066454545;0.067675889;0.33693281
0.064478263;0.067675889;0.33693281
0.066454545;0.069652177;0.34483793
0.066454545;0.067675889;0.34483793
0.066454545;0.067675889;0.33693281
0.068430834;0.069652177;0.33693281
0.066454545;0.067675889;0.34483793
0.068430834;0.067675889;0.33693281
0.066454545;0.067675889;0.34483793
0.068430834;0.067675889;0.34483793
0.068430834;0.067675889;0.34483793
0.070407115;0.067675889;0.33693281
0.070407115;0.069652177;0.33693281
0.070407115;0.069652177;0.33693281
0.070407115;0.069652177;0.34483793
0.070407115;0.067675889;0.33693281
0.072383396;0.067675889;0.33693281
0.072383396;0.067675889;0.33693281
0.070407115;0.067675889;0.33693281
0.072383396;0.067675889;0.33693281
0.072383396;0.067675889;0.33693281
0.074359685;0.067675889;0.33693281
0.072383396;0.067675889;0.34483793
0.074359685;0.067675889;0.34483793
0.074359685;0.067675889;0.33693281
0.072383396;0.067675889;0.34483793
0.074359685;0.067675889;0.33693281
0.074359685;0.067675889;0.34483793
0.076335967;0.067675889;0.34483793
0.074359685;0.067675889;0.34483793
0.076335967;0.067675889;0.34483793
0.074359685;0.067675889;0.34483793
0.076335967;0.067675889;0.33693281
0.076335967;0.067675889;0.33693281
0.076335967;0.065699607;0.34483793
0.076335967;0.065699607;0.33693281
0.076335967;0.067675889;0.33693281
0.078312255;0.067675889;0.34483793
0.078312255;0.067675889;0.34483793
0.076335967;0.067675889;0.33693281
0.076335967;0.067675889;0.34483793
0.078312255;0.067675889;0.33693281
0.076335967;0.067675889;0.33693281
0.076335967;0.067675889;0.34483793
0.076335967;0.065699607;0.34483793
0.078312255;0.067675889;0.33693281
0.078312255;0.065699607;0.33693281
0.078312255;0.067675889;0.33693281
0.078312255;0.067675889;0.33693281
0.078312255;0.065699607;0.33693281
0.076335967;0.067675889;0.34483793
0.076335967;0.067675889;0.33693281
0.078312255;0.067675889;0.33693281
0.078312255;0.067675889;0.34483793
0.078312255;0.065699607;0.33693281
0.078312255;0.065699607;0.33693281
0.076335967;0.065699607;0.33693281
0.076335967;0.067675889;0.33693281
0.078312255;0.067675889;0.33693281
0.078312255;0.067675889;0.33693281
0.078312255;0.067675889;0.34483793
0.078312255;0.065699607;0.33693281
0.078312255;0.067675889;0.33693281
0.078312255;0.067675889;0.33693281
0.076335967;0.067675889;0.33693281
0.078312255;0.067675889;0.33693281
0.076335967;0.067675889;0.33693281
0.076335967;0.065699607;0.33693281
0.076335967;0.065699607;0.33693281
0.076335967;0.065699607;0.33693281
0.074359685;0.065699607;0.34483793
0.076335967;0.065699607;0.34483793
0.076335967;0.065699607;0.33693281
0.076335967;0.065699607;0.34483793
0.076335967;0.067675889;0.33693281
0.076335967;0.067675889;0.33693281
0.076335967;0.067675889;0.34483793
0.074359685;0.065699607;0.33693281
0.076335967;0.065699607;0.33693281
0.074359685;0.065699607;0.33693281
0.074359685;0.065699607;0.34483793
0.074359685;0.065699607;0.34483793
0.074359685;0.065699607;0.34483793
0.074359685;0.065699607;0.33693281
0.074359685;0.065699607;0.33693281
0.072383396;0.065699607;0.33693281
0.072383396;0.065699607;0.33693281
0.072383396;0.065699607;0.33693281
0.072383396;0.065699607;0.34483793
0.072383396;0.065699607;0.33693281
0.072383396;0.065699607;0.33693281
0.072383396;0.063723318;0.33693281
0.070407115;0.065699607;0.33693281
0.070407115;0.063723318;0.34483793
0.070407115;0.063723318;0.34483793
0.070407115;0.065699607;0.33693281
0.070407115;0.063723318;0.33693281
0.070407115;0.063723318;0.34483793
0.070407115;0.065699607;0.33693281
0.070407115;0.065699607;0.33693281
0.068430834;0.065699607;0.34483793
0.066454545;0.065699607;0.33693281
0.066454545;0.065699607;0.34483793
0.068430834;0.063723318;0.34483793
0.066454545;0.063723318;0.33693281
0.066454545;0.063723318;0.33693281
0.066454545;0.065699607;0.33693281
0.066454545;0.063723318;0.33693281
0.064478263;0.063723318;0.33693281
0.064478263;0.065699607;0.33693281
0.064478263;0.063723318;0.34483793
0.062501974;0.063723318;0.33693281
0.064478263;0.063723318;0.34483793
0.062501974;0.063723318;0.34483793
0.062501974;0.063723318;0.33693281
0.060525693;0.063723318;0.34483793
0.062501974;0.063723318;0.34483793
0.060525693;0.063723318;0.33693281
0.060525693;0.063723318;0.33693281
0.060525693;0.063723318;0.33693281
0.058549408;0.065699607;0.34483793
0.058549408;0.061747037;0.34483793
0.058549408;0.063723318;0.33693281
0.058549408;0.063723318;0.34483793
0.058549408;0.061747037;0.33693281
0.058549408;0.061747037;0.33693281
0.054596838;0.063723318;0.33693281
0.056573123;0.063723318;0.33693281
0.056573123;0.063723318;0.33693281
0.054596838;0.061747037;0.33693281
0.052620552;0.063723318;0.33693281
0.054596838;0.061747037;0.34483793
0.052620552;0.063723318;0.33693281
0.052620552;0.063723318;0.33693281
0.050644267;0.063723318;0.33693281
0.050644267;0.061747037;0.34483793
0.048667986;0.061747037;0.34483793
0.048667986;0.061747037;0.33693281
0.048667986;0.063723318;0.34483793
0.048667986;0.061747037;0.33693281
0.048667986;0.061747037;0.34483793
0.048667986;0.061747037;0.33693281
0.046691701;0.063723318;0.33693281
0.046691701;0.061747037;0.33693281
0.046691701;0.061747037;0.33693281
0.046691701;0.061747037;0.33693281
0.044715416;0.061747037;0.34483793
0.042739131;0.061747037;0.34483793
0.042739131;0.061747037;0.33693281
0.042739131;0.061747037;0.33693281
0.042739131;0.061747037;0.33693281
0.040762845;0.061747037;0.34483793
0.042739131;0.061747037;0.34483793
0.040762845;0.061747037;0.34483793
0.03878656;0.061747037;0.33693281
0.03878656;0.061747037;0.33693281
0.03878656;0.061747037;0.34483793
0.03878656;0.059770752;0.33693281
0.036810275;0.061747037;0.33693281
0.036810275;0.061747037;0.33693281
0.034833994;0.061747037;0.33693281
0.034833994;0.061747037;0.33693281
0.034833994;0.061747037;0.33693281
0.034833994;0.059770752;0.34483793
0.032857709;0.061747037;0.34483793
0.034833994;0.061747037;0.33693281
0.032857709;0.061747037;0.34483793
0.030881424;0.059770752;0.34483793
0.030881424;0.061747037;0.34483793
0.030881424;0.059770752;0.33693281
0.028905138;0.059770752;0.33693281
0.028905138;0.059770752;0.34483793
0.028905138;0.059770752;0.33693281
0.026928853;0.061747037;0.34483793
0.028905138;0.059770752;0.33693281
0.02495257;0.059770752;0.33693281
0.02495257;0.059770752;0.33693281
0.02495257;0.059770752;0.33693281
0.022976285;0.059770752;0.34483793
0.02495257;0.059770752;0.33693281
0.022976285;0.059770752;0.33693281
0.021;0.059770752;0.33693281
0.022976285;0.059770752;0.33693281
0.021;0.059770752;0.34483793
0.021;0.057794467;0.33693281
0.019023715;0.059770752;0.33693281
0.019023715;0.059770752;0.34483793
0.017047431;0.059770752;0.34483793
0.019023715;0.057794467;0.34483793
0.019023715;0.059770752;0.34483793
0.015071146;0.059770752;0.33693281
0.015071146;0.057794467;0.33693281
0.015071146;0.057794467;0.33693281
0.015071146;0.057794467;0.33693281
0.015071146;0.057794467;0.34483793
0.013094862;0.057794467;0.33693281
0.013094862;0.059770752;0.34483793
0.011118577;0.057794467;0.34483793
0.0091422927;0.057794467;0.33693281
0.0091422927;0.057794467;0.34483793
0.0091422927;0.057794467;0.34483793
0.007166008;0.059770752;0.33693281
0.007166008;0.057794467;0.34483793
0.007166008;0.057794467;0.33693281
0.007166008;0.057794467;0.34483793
0.007166008;0.057794467;0.33693281
0.0051897233;0.057794467;0.33693281
0.0051897233;0.057794467;0.33693281
0.0032134387;0.057794467;0.33693281
0.0032134387;0.057794467;0.33693281
0.0032134387;0.057794467;0.34483793
0.0012371541;0.057794467;0.33693281
0.0012371541;0.057794467;0.34483793
0.0012371541;0.057794467;0.34483793
-0.00073913042;0.057794467;0.34483793
-0.00073913042;0.057794467;0.33693281
-0.0027154151;0.057794467;0.33693281
-0.00073913042;0.055818181;0.33693281
-0.0027154151;0.057794467;0.34483793
-0.0027154151;0.055818181;0.33693281
-0.0046916995;0.055818181;0.33693281
-0.0046916995;0.057794467;0.33693281
-0.0066679842;0.055818181;0.34483793
-0.0066679842;0.055818181;0.34483793
-0.0066679842;0.055818181;0.33693281
-0.0046916995;0.055818181;0.33693281
-0.0066679842;0.055818181;0.33693281
-0.0086442688;0.055818181;0.33693281
-0.0086442688;0.055818181;0.34483793
-0.0086442688;0.055818181;0.33693281
-0.0086442688;0.057794467;0.33693281
-0.010620553;0.055818181;0.34483793
-0.010620553;0.055818181;0.33693281
-0.010620553;0.055818181;0.33693281
-0.012596838;0.055818181;0.33693281
-0.012596838;0.055818181;0.33693281
-0.012596838;0.055818181;0.33693281
-0.012596838;0.053841896;0.34483793
-0.012596838;0.053841896;0.34483793
-0.012596838;0.053841896;0.33693281
-0.016549407;0.055818181;0.33693281
-0.014573122;0.053841896;0.33693281
-0.016549407;0.053841896;0.33693281
-0.016549407;0.053841896;0.33693281
-0.016549407;0.053841896;0.33693281
-0.016549407;0.053841896;0.33693281
-0.018525692;0.053841896;0.33693281
-0.018525692;0.053841896;0.33693281
-0.018525692;0.053841896;0.34483793
-0.020501977;0.051865611;0.34483793
-0.018525692;0.053841896;0.33693281
-0.020501977;0.053841896;0.33693281
-0.018525692;0.053841896;0.34483793
-0.020501977;0.053841896;0.34483793
-0.020501977;0.053841896;0.33693281
-0.02247826;0.053841896;0.33693281
-0.020501977;0.053841896;0.33693281
-0.02247826;0.053841896;0.34483793
-0.02247826;0.053841896;0.33693281
-0.02247826;0.051865611;0.33693281
-0.02247826;0.053841896;0.33693281
-0.02247826;0.051865611;0.34483793
-0.024454545;0.051865611;0.34483793
-0.024454545;0.051865611;0.34483793
-0.02643083;0.051865611;0.33693281
-0.02643083;0.051865611;0.34483793
-0.024454545;0.051865611;0.33693281
-0.02643083;0.051865611;0.33693281
-0.02643083;0.051865611;0.33693281
-0.02643083;0.051865611;0.34483793
-0.02643083;0.051865611;0.33693281
-0.02643083;0.051865611;0.33693281
-0.02643083;0.051865611;0.33693281
-0.02643083;0.051865611;0.33693281
-0.028407115;0.051865611;0.34483793
-0.030383399;0.051865611;0.33693281
-0.028407115;0.04988933;0.33693281
-0.028407115;0.051865611;0.33693281
-0.02643083;0.04988933;0.34483793
-0.028407115;0.051865611;0.33693281
-0.028407115;0.04988933;0.33693281
-0.030383399;0.051865611;0.33693281
-0.030383399;0.04988933;0.34483793
-0.028407115;0.04988933;0.34483793
-0.030383399;0.04988933;0.33693281
-0.030383399;0.04988933;0.33693281
-0.032359682;0.04988933;0.34483793
-0.030383399;0.04988933;0.33693281
-0.032359682;0.04988933;0.33693281
-0.032359682;0.04988933;0.33693281
-0.032359682;0.04988933;0.34483793
-0.032359682;0.047913045;0.33693281
-0.032359682;0.04988933;0.33693281
-0.032359682;0.04988933;0.33693281
-0.032359682;0.047913045;0.33693281
-0.032359682;0.04988933;0.33693281
-0.032359682;0.047913045;0.33693281
-0.032359682;0.04988933;0.34483793
-0.032359682;0.047913045;0.33693281
-0.032359682;0.047913045;0.33693281
-0.032359682;0.047913045;0.34483793
-0.032359682;0.04988933;0.34483793
-0.032359682;0.047913045;0.34483793
-0.032359682;0.04988933;0.34483793
-0.032359682;0.047913045;0.34483793
-0.032359682;0.047913045;0.34483793
-0.032359682;0.047913045;0.34483793
-0.032359682;0.047913045;0.33693281
-0.032359682;0.047913045;0.33693281
-0.032359682;0.047913045;0.34483793
-0.032359682;0.047913045;0.33693281
-0.032359682;0.047913045;0.33693281
-0.032359682;0.047913045;0.34483793
-0.032359682;0.047913045;0.34483793
-0.032359682;0.047913045;0.33693281
-0.032359682;0.047913045;0.34483793
-0.032359682;0.047913045;0.34483793
-0.030383399;0.047913045;0.33693281
-0.030383399;0.047913045;0.33693281
-0.030383399;0.047913045;0.33693281
-0.030383399;0.047913045;0.33693281
-0.030383399;0.047913045;0.34483793
-0.030383399;0.047913045;0.34483793
-0.030383399;0.04593676;0.33693281
-0.030383399;0.047913045;0.34483793
-0.030383399;0.047913045;0.33693281
-0.030383399;0.04593676;0.34483793
-0.028407115;0.047913045;0.34483793
-0.030383399;0.04593676;0.33693281
-0.030383399;0.047913045;0.33693281
-0.028407115;0.04593676;0.34483793
-0.028407115;0.04593676;0.34483793
-0.030383399;0.04593676;0.34483793
-0.030383399;0.04593676;0.33693281
-0.028407115;0.043960474;0.34483793
-0.028407115;0.04593676;0.34483793
-0.028407115;0.04593676;0.33693281
-0.028407115;0.04593676;0.33693281
-0.028407115;0.04593676;0.33693281
-0.028407115;0.04593676;0.33693281
-0.02643083;0.043960474;0.33693281
-0.02643083;0.04593676;0.34483793
-0.02643083;0.043960474;0.33693281
-0.02643083;0.04593676;0.33693281
-0.024454545;0.04593676;0.34483793
-0.02643083;0.04593676;0.33693281
-0.02643083;0.043960474;0.34483793
-0.024454545;0.043960474;0.34483793
-0.024454545;0.043960474;0.33693281
-0.024454545;0.043960474;0.34483793
-0.024454545;0.043960474;0.34483793
-0.02247826;0.043960474;0.33693281
-0.02247826;0.043960474;0.34483793
-0.024454545;0.043960474;0.33693281
-0.02247826;0.043960474;0.34483793
-0.02247826;0.043960474;0.34483793
-0.02247826;0.043960474;0.34483793
-0.02247826;0.043960474;0.33693281
-0.020501977;0.043960474;0.33693281
-0.020501977;0.043960474;0.33693281
-0.018525692;0.043960474;0.33693281
-0.018525692;0.043960474;0.34483793
-0.020501977;0.043960474;0.33693281
-0.018525692;0.043960474;0.34483793
-0.016549407;0.043960474;0.34483793
-0.016549407;0.041984189;0.33693281
-0.016549407;0.043960474;0.34483793
-0.014573122;0.041984189;0.33693281
-0.014573122;0.041984189;0.33693281
-0.014573122;0.041984189;0.33693281
-0.014573122;0.041984189;0.33693281
-0.014573122;0.041984189;0.33693281
-0.012596838;0.041984189;0.34483793
-0.012596838;0.041984189;0.33693281
-0.014573122;0.041984189;0.33693281
-0.012596838;0.041984189;0.34483793
-0.010620553;0.041984189;0.33693281
-0.012596838;0.041984189;0.33693281
-0.010620553;0.041984189;0.33693281
-0.010620553;0.041984189;0.33693281
-0.0086442688;0.041984189;0.34483793
-0.0086442688;0.041984189;0.33693281
-0.0086442688;0.041984189;0.33693281
-0.0086442688;0.040007904;0.33693281
-0.0086442688;0.040007904;0.33693281
-0.0066679842;0.041984189;0.33693281
-0.0066679842;0.040007904;0.34483793
-0.0066679842;0.040007904;0.34483793
-0.0046916995;0.040007904;0.33693281
-0.0046916995;0.040007904;0.33693281
-0.0046916995;0.040007904;0.33693281
-0.0027154151;0.041984189;0.33693281
-0.0027154151;0.040007904;0.34483793
-0.0027154151;0.040007904;0.34483793
-0.0027154151;0.040007904;0.33693281
-0.00073913042;0.040007904;0.34483793
-0.00073913042;0.040007904;0.34483793
-0.00073913042;0.038031619;0.34483793
0.0012371541;0.038031619;0.33693281
0.0012371541;0.040007904;0.34483793
0.0012371541;0.040007904;0.33693281
0.0032134387;0.038031619;0.34483793
0.0032134387;0.038031619;0.33693281
0.0051897233;0.040007904;0.34483793
0.0051897233;0.038031619;0.33693281
0.0051897233;0.038031619;0.33693281
0.007166008;0.038031619;0.33693281
0.007166008;0.038031619;0.34483793
0.007166008;0.040007904;0.33693281
0.007166008;0.038031619;0.33693281
0.0091422927;0.038031619;0.33693281
0.0091422927;0.038031619;0.33693281
0.0091422927;0.038031619;0.33693281
0.011118577;0.038031619;0.34483793
0.011118577;0.038031619;0.34483793
0.011118577;0.038031619;0.33693281
0.013094862;0.038031619;0.34483793
0.015071146;0.038031619;0.33693281
0.013094862;0.036055338;0.33693281
0.017047431;0.038031619;0.33693281
0.015071146;0.038031619;0.34483793
0.017047431;0.038031619;0.34483793
0.017047431;0.036055338;0.33693281
0.017047431;0.036055338;0.33693281
0.017047431;0.038031619;0.33693281
0.019023715;0.036055338;0.34483793
0.019023715;0.036055338;0.34483793
0.019023715;0.036055338;0.33693281
0.021;0.036055338;0.34483793
0.021;0.036055338;0.33693281
0.022976285;0.036055338;0.33693281
0.022976285;0.036055338;0.33693281
0.02495257;0.036055338;0.34483793
0.022976285;0.036055338;0.34483793
0.02495257;0.036055338;0.34483793
0.02495257;0.036055338;0.34483793
0.026928853;0.036055338;0.34483793
0.026928853;0.036055338;0.34483793
0.028905138;0.034079053;0.33693281
0.028905138;0.034079053;0.34483793
0.028905138;0.034079053;0.34483793
0.030881424;0.034079053;0.34483793
0.030881424;0.036055338;0.33693281
0.030881424;0.034079053;0.33693281
0.030881424;0.032102767;0.34483793
0.030881424;0.034079053;0.33693281
0.032857709;0.036055338;0.34483793
0.034833994;0.034079053;0.33693281
0.034833994;0.034079053;0.33693281
0.036810275;0.034079053;0.34483793
0.034833994;0.034079053;0.33693281
0.036810275;0.032102767;0.33693281
0.03878656;0.036055338;0.33693281
0.036810275;0.034079053;0.34483793
0.03878656;0.034079053;0.34483793
0.03878656;0.034079053;0.33693281
0.03878656;0.032102767;0.33693281
0.040762845;0.032102767;0.33693281
0.040762845;0.034079053;0.33693281
0.040762845;0.032102767;0.34483793
0.042739131;0.032102767;0.33693281
0.044715416;0.032102767;0.34483793
0.042739131;0.032102767;0.33693281
0.044715416;0.034079053;0.33693281
0.044715416;0.032102767;0.33693281
0.044715416;0.032102767;0.34483793
0.044715416;0.032102767;0.33693281
0.046691701;0.032102767;0.33693281
0.046691701;0.032102767;0.33693281
0.046691701;0.032102767;0.34483793
0.048667986;0.032102767;0.34483793
0.048667986;0.032102767;0.34483793
0.050644267;0.032102767;0.33693281
0.048667986;0.032102767;0.33693281
0.048667986;0.030126482;0.33693281
0.052620552;0.032102767;0.34483793
0.052620552;0.030126482;0.33693281
0.052620552;0.030126482;0.33693281
0.052620552;0.030126482;0.33693281
0.054596838;0.030126482;0.34483793
0.054596838;0.030126482;0.34483793
0.054596838;0.030126482;0.33693281
0.056573123;0.030126482;0.34483793
0.054596838;0.028150197;0.33693281
0.056573123;0.030126482;0.33693281
0.056573123;0.030126482;0.33693281
0.056573123;0.028150197;0.33693281
0.058549408;0.028150197;0.34483793
0.056573123;0.028150197;0.33693281
0.058549408;0.028150197;0.34483793
0.060525693;0.028150197;0.34483793
0.060525693;0.030126482;0.34483793
0.060525693;0.030126482;0.34483793
0.060525693;0.028150197;0.33693281
0.060525693;0.028150197;0.34483793
0.062501974;0.028150197;0.33693281
0.062501974;0.028150197;0.33693281
0.062501974;0.028150197;0.33693281
0.064478263;0.028150197;0.33693281
0.064478263;0.028150197;0.34483793
0.064478263;0.028150197;0.33693281
0.064478263;0.028150197;0.33693281
0.064478263;0.028150197;0.33693281
0.066454545;0.026173914;0.33693281
0.064478263;0.028150197;0.33693281
0.066454545;0.028150197;0.34483793
0.066454545;0.028150197;0.33693281
0.066454545;0.028150197;0.33693281
0.070407115;0.026173914;0.33693281
0.066454545;0.026173914;0.33693281
0.068430834;0.026173914;0.33693281
0.068430834;0.026173914;0.33693281
0.068430834;0.024197629;0.33693281
0.068430834;0.024197629;0.34483793
0.070407115;0.026173914;0.33693281
0.070407115;0.026173914;0.33693281
0.070407115;0.026173914;0.33693281
0.070407115;0.026173914;0.33693281
0.070407115;0.026173914;0.33693281
0.072383396;0.026173914;0.34483793
0.072383396;0.026173914;0.33693281
0.072383396;0.026173914;0.33693281
0.072383396;0.026173914;0.33693281
0.072383396;0.026173914;0.34483793
0.072383396;0.024197629;0.33693281
0.072383396;0.024197629;0.33693281
0.072383396;0.024197629;0.34483793
0.074359685;0.024197629;0.33693281
0.074359685;0.024197629;0.33693281
0.076335967;0.024197629;0.33693281
0.074359685;0.024197629;0.34483793
0.074359685;0.024197629;0.34483793
0.074359685;0.024197629;0.33693281
0.076335967;0.022221344;0.33693281
0.076335967;0.024197629;0.34483793
0.076335967;0.022221344;0.34483793
0.076335967;0.022221344;0.34483793
0.076335967;0.022221344;0.33693281
0.076335967;0.024197629;0.33693281
0.076335967;0.022221344;0.33693281
0.076335967;0.022221344;0.33693281
0.076335967;0.022221344;0.33693281
0.076335967;0.022221344;0.34483793
0.076335967;0.022221344;0.33693281
0.076335967;0.024197629;0.34483793
0.076335967;0.022221344;0.33693281
0.078312255;0.022221344;0.33693281
0.078312255;0.020245058;0.33693281
0.076335967;0.022221344;0.33693281
0.078312255;0.022221344;0.34483793
0.078312255;0.022221344;0.33693281
0.078312255;0.022221344;0.33693281
0.078312255;0.022221344;0.34483793
0.076335967;0.022221344;0.33693281
0.078312255;0.022221344;0.33693281
0.078312255;0.022221344;0.34483793
0.078312255;0.020245058;0.33693281
0.078312255;0.020245058;0.34483793
0.078312255;0.020245058;0.33693281
0.078312255;0.020245058;0.33693281
0.078312255;0.022221344;0.34483793
0.076335967;0.020245058;0.34483793
0.078312255;0.020245058;0.34483793
0.076335967;0.022221344;0.34483793
0.078312255;0.020245058;0.34483793
0.076335967;0.020245058;0.33693281
0.078312255;0.020245058;0.33693281
0.078312255;0.020245058;0.34483793
0.076335967;0.020245058;0.33693281
0.076335967;0.020245058;0.33693281
0.076335967;0.020245058;0.33693281
0.074359685;0.020245058;0.33693281
0.074359685;0.018268775;0.34483793
0.076335967;0.020245058;0.33693281
0.076335967;0.020245058;0.34483793
0.076335967;0.020245058;0.34483793
0.074359685;0.018268775;0.34483793
0.076335967;0.018268775;0.34483793
0.076335967;0.018268775;0.33693281
0.074359685;0.018268775;0.34483793
0.072383396;0.018268775;0.33693281
0.074359685;0.018268775;0.33693281
0.074359685;0.018268775;0.33693281
0.074359685;0.020245058;0.33693281
0.072383396;0.018268775;0.34483793
0.074359685;0.018268775;0.33693281
0.072383396;0.018268775;0.33693281
0.072383396;0.01629249;0.33693281
0.070407115;0.018268775;0.33693281
0.072383396;0.018268775;0.34483793
0.072383396;0.01629249;0.34483793
0.072383396;0.01629249;0.33693281
0.074359685;0.01629249;0.33693281
0.070407115;0.018268775;0.34483793
0.070407115;0.01629249;0.33693281
0.072383396;0.01629249;0.34483793
0.070407115;0.01629249;0.34483793
0.070407115;0.01629249;0.34483793
0.068430834;0.01629249;0.34483793
0.068430834;0.01629249;0.33693281
0.068430834;0.014316206;0.33693281
0.068430834;0.01629249;0.34483793
0.066454545;0.014316206;0.34483793
0.068430834;0.01629249;0.33693281
0.068430834;0.014316206;0.34483793
0.066454545;0.01629249;0.33693281
0.066454545;0.014316206;0.33693281
0.064478263;0.014316206;0.34483793
0.066454545;0.014316206;0.34483793
0.066454545;0.014316206;0.33693281
0.064478263;0.014316206;0.33693281
0.062501974;0.014316206;0.33693281
0.064478263;0.012339921;0.34483793
0.064478263;0.014316206;0.34483793
0.062501974;0.014316206;0.33693281
0.062501974;0.012339921;0.34483793
0.064478263;0.014316206;0.33693281
0.062501974;0.012339921;0.34483793
0.060525693;0.014316206;0.33693281
0.060525693;0.012339921;0.34483793
0.060525693;0.012339921;0.33693281
0.058549408;0.012339921;0.34483793
0.058549408;0.012339921;0.33693281
0.058549408;0.012339921;0.34483793
0.058549408;0.012339921;0.34483793
0.056573123;0.012339921;0.34483793
0.054596838;0.012339921;0.33693281
0.056573123;0.012339921;0.33693281
0.056573123;0.012339921;0.34483793
0.054596838;0.012339921;0.34483793
0.054596838;0.012339921;0.33693281
0.052620552;0.012339921;0.33693281
0.054596838;0.012339921;0.33693281
0.054596838;0.012339921;0.33693281
0.054596838;0.010363637;0.34483793
0.052620552;0.012339921;0.34483793
0.050644267;0.010363637;0.33693281
0.050644267;0.012339921;0.33693281
0.050644267;0.012339921;0.33693281
0.050644267;0.0083873514;0.33693281
0.048667986;0.010363637;0.32902768
0.048667986;0.010363637;0.33693281
0.046691701;0.010363637;0.33693281
0.044715416;0.010363637;0.33693281
0.046691701;0.012339921;0.34483793
0.044715416;0.010363637;0.33693281
0.044715416;0.010363637;0.33693281
0.044715416;0.010363637;0.33693281
0.044715416;0.010363637;0.34483793
0.042739131;0.0083873514;0.34483793
0.042739131;0.010363637;0.34483793
0.040762845;0.0083873514;0.33693281
0.040762845;0.010363637;0.33693281
0.040762845;0.010363637;0.34483793
0.03878656;0.010363637;0.33693281
0.03878656;0.0083873514;0.33693281
0.03878656;0.0083873514;0.34483793
0.03878656;0.0083873514;0.33693281
0.036810275;0.0083873514;0.33693281
0.036810275;0.0083873514;0.34483793
0.036810275;0.0083873514;0.33693281
0.036810275;0.0083873514;0.34483793
0.034833994;0.0083873514;0.34483793
0.032857709;0.0064110672;0.33693281
0.034833994;0.0083873514;0.33693281
0.032857709;0.0083873514;0.33693281
0.030881424;0.0083873514;0.34483793
0.030881424;0.0083873514;0.33693281
0.028905138;0.0083873514;0.33693281
0.030881424;0.0083873514;0.34483793
0.028905138;0.0064110672;0.33693281
0.028905138;0.0064110672;0.33693281
0.026928853;0.0064110672;0.33693281
0.026928853;0.0064110672;0.34483793
0.026928853;0.0064110672;0.33693281
0.02495257;0.0083873514;0.33693281
0.02495257;0.0064110672;0.33693281
0.02495257;0.0064110672;0.33693281
0.022976285;0.0064110672;0.33693281
0.022976285;0.0064110672;0.33693281
0.022976285;0.0064110672;0.33693281
0.021;0.0064110672;0.34483793
0.022976285;0.0064110672;0.33693281
0.021;0.0064110672;0.33693281
0.021;0.0064110672;0.34483793
0.019023715;0.0044347825;0.33693281
0.019023715;0.0044347825;0.34483793
0.019023715;0.0044347825;0.34483793
0.017047431;0.0064110672;0.33693281
0.017047431;0.0044347825;0.33693281
0.017047431;0.0044347825;0.34483793
0.015071146;0.0044347825;0.33693281
0.015071146;0.0064110672;0.33693281
0.015071146;0.0044347825;0.33693281
0.013094862;0.0044347825;0.34483793
0.013094862;0.0044347825;0.33693281
0.011118577;0.0044347825;0.34483793
0.011118577;0.0024584981;0.33693281
0.011118577;0.0044347825;0.34483793
0.011118577;0.0044347825;0.33693281
0.0091422927;0.0024584981;0.32902768
0.0091422927;0.0024584981;0.33693281
0.0091422927;0.0024584981;0.34483793
0.007166008;0.0044347825;0.33693281
0.007166008;0.0024584981;0.33693281
0.0051897233;0.0024584981;0.34483793
0.0051897233;0.0044347825;0.34483793
0.0051897233;0.0044347825;0.33693281
0.0032134387;0.0024584981;0.33693281
0.0032134387;0.0024584981;0.33693281
0.0012371541;0.0024584981;0.33693281
0.0012371541;0.0024584981;0.34483793
0.0012371541;0.0044347825;0.33693281
0.0012371541;0.0024584981;0.33693281
-0.00073913042;0.0024584981;0.33693281
-0.00073913042;0.0024584981;0.33693281
-0.00073913042;0.0024584981;0.34483793
-0.00073913042;0.00048221345;0.34483793
-0.0027154151;0.0024584981;0.34483793
-0.0027154151;0.00048221345;0.34483793
-0.0027154151;0.00048221345;0.33693281
-0.0046916995;0.00048221345;0.33693281
-0.0066679842;0.00048221345;0.33693281
-0.0046916995;0.00048221345;0.34483793
-0.0066679842;0.00048221345;0.34483793
-0.0066679842;0.00048221345;0.34483793
-0.0086442688;0.00048221345;0.33693281
-0.0086442688;0.00048221345;0.33693281
-0.0086442688;0.00048221345;0.34483793
-0.0086442688;0.00048221345;0.33693281
-0.0086442688;-0.0014940711;0.33693281
-0.010620553;-0.0014940711;0.34483793
-0.010620553;0.00048221345;0.34483793
-0.010620553;0.00048221345;0.33693281
-0.012596838;-0.0014940711;0.34483793
-0.010620553;0.00048221345;0.33693281
-0.012596838;-0.0014940711;0.33693281
-0.012596838;-0.0014940711;0.33693281
-0.012596838;0.00048221345;0.34483793
-0.014573122;-0.0014940711;0.34483793
-0.014573122;-0.0014940711;0.33693281
-0.016549407;-0.0014940711;0.34483793
-0.014573122;-0.0014940711;0.33693281
-0.016549407;-0.0014940711;0.33693281
-0.016549407;-0.0014940711;0.33693281
-0.016549407;-0.0014940711;0.34483793
-0.016549407;-0.0014940711;0.34483793
-0.018525692;-0.0034703556;0.33693281
-0.018525692;-0.0014940711;0.33693281
-0.020501977;-0.0014940711;0.33693281
-0.018525692;-0.0034703556;0.33693281
-0.020501977;-0.0014940711;0.34483793
-0.020501977;-0.0034703556;0.33693281
-0.020501977;-0.0014940711;0.34483793
-0.02247826;-0.0014940711;0.34483793
-0.02247826;-0.0014940711;0.33693281
-0.02247826;-0.0014940711;0.34483793
-0.02247826;-0.0034703556;0.34483793
-0.02247826;-0.0034703556;0.33693281
-0.02247826;-0.0034703556;0.34483793
-0.02247826;-0.0034703556;0.33693281
-0.02247826;-0.0034703556;0.34483793
-0.024454545;-0.0014940711;0.33693281
-0.024454545;-0.0034703556;0.33693281
-0.024454545;-0.0034703556;0.34483793
-0.024454545;-0.0034703556;0.34483793
-0.02643083;-0.0034703556;0.34483793
-0.02643083;-0.0034703556;0.33693281
-0.02643083;-0.0034703556;0.34483793
-0.024454545;-0.0054466403;0.33693281
-0.02643083;-0.0034703556;0.33693281
-0.02643083;-0.0034703556;0.33693281
-0.02643083;-0.0034703556;0.33693281
-0.028407115;-0.0034703556;0.33693281
-0.028407115;-0.0034703556;0.33693281
-0.028407115;-0.0034703556;0.34483793
-0.028407115;-0.0034703556;0.34483793
-0.030383399;-0.0054466403;0.34483793
-0.028407115;-0.0034703556;0.34483793
-0.030383399;-0.0034703556;0.33693281
-0.030383399;-0.0054466403;0.34483793
-0.028407115;-0.0034703556;0.34483793
-0.030383399;-0.0054466403;0.33693281
-0.030383399;-0.0034703556;0.33693281
-0.030383399;-0.0054466403;0.33693281
-0.030383399;-0.0054466403;0.33693281
-0.032359682;-0.0054466403;0.34483793
-0.030383399;-0.0054466403;0.34483793
-0.030383399;-0.007422925;0.33693281
-0.032359682;-0.0054466403;0.34483793
-0.032359682;-0.0054466403;0.33693281
-0.032359682;-0.0054466403;0.34483793
-0.032359682;-0.0054466403;0.33693281
-0.032359682;-0.0054466403;0.33693281
-0.032359682;-0.0054466403;0.33693281
-0.034335967;-0.0054466403;0.33693281
-0.032359682;-0.0054466403;0.33693281
-0.032359682;-0.0054466403;0.33693281
-0.032359682;-0.0054466403;0.34483793
-0.032359682;-0.007422925;0.34483793
-0.032359682;-0.007422925;0.33693281
-0.032359682;-0.007422925;0.33693281
-0.032359682;-0.007422925;0.33693281
-0.032359682;-0.007422925;0.33693281
-0.032359682;-0.0054466403;0.33693281
-0.030383399;-0.0054466403;0.33693281
-0.034335967;-0.007422925;0.34483793
-0.032359682;-0.007422925;0.34483793
-0.032359682;-0.0054466403;0.34483793
-0.032359682;-0.007422925;0.34483793
-0.030383399;-0.007422925;0.33693281
-0.030383399;-0.007422925;0.33693281
-0.032359682;-0.007422925;0.34483793
-0.032359682;-0.007422925;0.34483793
-0.032359682;-0.0093992092;0.34483793
-0.032359682;-0.007422925;0.33693281
-0.032359682;-0.007422925;0.34483793
-0.030383399;-0.007422925;0.32902768
-0.030383399;-0.007422925;0.33693281
-0.030383399;-0.007422925;0.33693281
-0.030383399;-0.007422925;0.34483793
-0.030383399;-0.007422925;0.34483793
-0.028407115;-0.007422925;0.33693281
-0.030383399;-0.0093992092;0.33693281
-0.030383399;-0.0093992092;0.33693281
-0.030383399;-0.0093992092;0.33693281
-0.030383399;-0.007422925;0.33693281
-0.030383399;-0.0093992092;0.34483793
-0.030383399;-0.0093992092;0.33693281
-0.028407115;-0.0093992092;0.33693281
-0.028407115;-0.0093992092;0.33693281
-0.028407115;-0.0093992092;0.33693281
-0.028407115;-0.0093992092;0.34483793
-0.028407115;-0.0093992092;0.33693281
-0.028407115;-0.007422925;0.34483793
-0.028407115;-0.0093992092;0.34483793
-0.028407115;-0.0093992092;0.33693281
-0.02643083;-0.0093992092;0.33693281
-0.028407115;-0.0093992092;0.34483793
-0.028407115;-0.0093992092;0.33693281
-0.02643083;-0.0093992092;0.33693281
-0.02643083;-0.011375494;0.33693281
-0.024454545;-0.0093992092;0.34483793
-0.024454545;-0.011375494;0.34483793
-0.02643083;-0.011375494;0.34483793
-0.02643083;-0.0093992092;0.33693281
-0.024454545;-0.0093992092;0.34483793
-0.024454545;-0.011375494;0.34483793
-0.024454545;-0.011375494;0.33693281
-0.024454545;-0.0093992092;0.33693281
-0.02247826;-0.011375494;0.33693281
-0.02247826;-0.0093992092;0.33693281
-0.02247826;-0.011375494;0.34483793
-0.02247826;-0.0093992092;0.33693281
-0.020501977;-0.011375494;0.34483793
-0.02247826;-0.011375494;0.33693281
-0.02247826;-0.011375494;0.34483793
-0.018525692;-0.011375494;0.34483793
-0.020501977;-0.011375494;0.33693281
-0.020501977;-0.0093992092;0.33693281
-0.018525692;-0.011375494;0.34483793
-0.020501977;-0.011375494;0.32902768
-0.018525692;-0.011375494;0.33693281
-0.018525692;-0.011375494;0.34483793
-0.016549407;-0.011375494;0.33693281
-0.016549407;-0.011375494;0.33693281
-0.014573122;-0.011375494;0.34483793
-0.016549407;-0.011375494;0.34483793
-0.014573122;-0.011375494;0.34483793
-0.014573122;-0.011375494;0.33693281
-0.014573122;-0.013351778;0.33693281
-0.012596838;-0.011375494;0.33693281
-0.012596838;-0.011375494;0.34483793
-0.012596838;-0.011375494;0.33693281
-0.010620553;-0.013351778;0.34483793
-0.012596838;-0.013351778;0.34483793
-0.012596838;-0.013351778;0.33693281
-0.010620553;-0.013351778;0.34483793
-0.0086442688;-0.015328064;0.33693281
-0.010620553;-0.013351778;0.33693281
-0.0086442688;-0.013351778;0.33693281
-0.010620553;-0.013351778;0.33693281
-0.0086442688;-0.011375494;0.34483793
-0.0066679842;-0.013351778;0.33693281
-0.0066679842;-0.013351778;0.33693281
-0.0066679842;-0.013351778;0.33693281
-0.0066679842;-0.013351778;0.34483793
-0.0046916995;-0.013351778;0.33693281
-0.0046916995;-0.013351778;0.33693281
-0.0046916995;-0.013351778;0.33693281
-0.0027154151;-0.015328064;0.33693281
-0.0027154151;-0.013351778;0.34483793
-0.0027154151;-0.013351778;0.34483793
-0.00073913042;-0.013351778;0.33693281
-0.00073913042;-0.013351778;0.33693281
-0.00073913042;-0.013351778;0.33693281
-0.00073913042;-0.015328064;0.33693281
0.0012371541;-0.013351778;0.34483793
0.0012371541;-0.015328064;0.34483793
0.0032134387;-0.015328064;0.34483793
0.0051897233;-0.013351778;0.33693281
0.0032134387;-0.013351778;0.33693281
0.0051897233;-0.015328064;0.33693281
0.0032134387;-0.015328064;0.33693281
0.0051897233;-0.015328064;0.33693281
0.007166008;-0.015328064;0.34483793
0.0091422927;-0.013351778;0.34483793
0.007166008;-0.015328064;0.33693281
0.0091422927;-0.015328064;0.33693281
0.0091422927;-0.015328064;0.33693281
0.011118577;-0.015328064;0.34483793
0.0091422927;-0.015328064;0.33693281
0.011118577;-0.015328064;0.33693281
0.011118577;-0.017304348;0.33693281
0.011118577;-0.015328064;0.33693281
0.011118577;-0.015328064;0.32902768
0.015071146;-0.015328064;0.34483793
0.015071146;-0.015328064;0.34483793
0.015071146;-0.015328064;0.33693281
0.017047431;-0.017304348;0.33693281
0.017047431;-0.015328064;0.34483793
0.017047431;-0.017304348;0.34483793
0.017047431;-0.017304348;0.34483793
0.019023715;-0.017304348;0.34483793
0.017047431;-0.015328064;0.34483793
0.019023715;-0.017304348;0.33693281
0.021;-0.017304348;0.34483793
0.022976285;-0.017304348;0.34483793
0.022976285;-0.017304348;0.34483793
0.022976285;-0.017304348;0.33693281
0.02495257;-0.017304348;0.34483793
0.022976285;-0.017304348;0.33693281
0.02495257;-0.017304348;0.33693281
0.02495257;-0.017304348;0.33693281
0.02495257;-0.017304348;0.33693281
0.026928853;-0.017304348;0.33693281
0.026928853;-0.017304348;0.34483793
0.028905138;-0.017304348;0.33693281
0.028905138;-0.017304348;0.33693281
0.028905138;-0.017304348;0.33693281
0.030881424;-0.017304348;0.34483793
0.030881424;-0.017304348;0.33693281
0.030881424;-0.017304348;0.33693281
0.030881424;-0.017304348;0.33693281
0.032857709;-0.017304348;0.33693281
0.032857709;-0.017304348;0.33693281
0.032857709;-0.017304348;0.33693281
0.034833994;-0.017304348;0.33693281
0.036810275;-0.017304348;0.34483793
0.036810275;-0.019280633;0.34483793
0.036810275;-0.019280633;0.34483793
0.036810275;-0.017304348;0.33693281
0.03878656;-0.019280633;0.33693281
0.03878656;-0.017304348;0.34483793
0.040762845;-0.019280633;0.34483793
0.040762845;-0.019280633;0.34483793
0.040762845;-0.019280633;0.33693281
0.040762845;-0.019280633;0.33693281
0.040762845;-0.017304348;0.33693281
0.042739131;-0.019280633;0.33693281
0.042739131;-0.019280633;0.33693281
0.042739131;-0.021256916;0.33693281
0.042739131;-0.019280633;0.33693281
0.044715416;-0.019280633;0.33693281
0.046691701;-0.019280633;0.34483793
0.046691701;-0.019280633;0.33693281
0.046691701;-0.019280633;0.34483793
0.046691701;-0.021256916;0.33693281
0.048667986;-0.019280633;0.33693281
0.048667986;-0.019280633;0.33693281
0.048667986;-0.019280633;0.33693281
0.048667986;-0.019280633;0.33693281
0.050644267;-0.019280633;0.33693281
0.050644267;-0.019280633;0.34483793
0.052620552;-0.021256916;0.33693281
0.050644267;-0.019280633;0.33693281
0.052620552;-0.019280633;0.34483793
0.054596838;-0.021256916;0.34483793
0.054596838;-0.019280633;0.33693281
0.054596838;-0.021256916;0.33693281
0.054596838;-0.021256916;0.33693281
0.054596838;-0.019280633;0.33693281
0.056573123;-0.021256916;0.34483793
0.056573123;-0.019280633;0.34483793
0.058549408;-0.021256916;0.34483793
0.058549408;-0.021256916;0.33693281
0.058549408;-0.021256916;0.34483793
0.056573123;-0.021256916;0.33693281
0.058549408;-0.019280633;0.34483793
0.060525693;-0.021256916;0.33693281
0.060525693;-0.021256916;0.34483793
0.060525693;-0.021256916;0.34483793
0.062501974;-0.021256916;0.33693281
0.060525693;-0.021256916;0.34483793
0.062501974;-0.021256916;0.33693281
0.062501974;-0.021256916;0.33693281
0.062501974;-0.021256916;0.33693281
0.062501974;-0.019280633;0.34483793
0.064478263;-0.021256916;0.33693281
0.064478263;-0.021256916;0.33693281
0.066454545;-0.021256916;0.33693281
0.066454545;-0.021256916;0.33693281
0.066454545;-0.019280633;0.34483793
0.064478263;-0.021256916;0.34483793
0.066454545;-0.021256916;0.33693281
0.068430834;-0.021256916;0.34483793
0.066454545;-0.021256916;0.34483793
0.068430834;-0.021256916;0.33693281
0.068430834;-0.021256916;0.34483793
0.068430834;-0.021256916;0.34483793
0.068430834;-0.021256916;0.33693281
0.068430834;-0.021256916;0.34483793
0.070407115;-0.023233201;0.33693281
0.070407115;-0.021256916;0.34483793
0.070407115;-0.021256916;0.34483793
0.072383396;-0.023233201;0.33693281
0.072383396;-0.021256916;0.33693281
0.072383396;-0.023233201;0.34483793
0.072383396;-0.021256916;0.34483793
0.072383396;-0.021256916;0.34483793
0.074359685;-0.023233201;0.33693281
0.072383396;-0.021256916;0.34483793
0.072383396;-0.021256916;0.34483793
0.072383396;-0.021256916;0.34483793
0.074359685;-0.023233201;0.34483793
0.074359685;-0.023233201;0.34483793
0.074359685;-0.021256916;0.34483793
0.074359685;-0.023233201;0.34483793
0.074359685;-0.023233201;0.33693281
0.074359685;-0.023233201;0.34483793
0.076335967;-0.023233201;0.33693281
0.076335967;-0.023233201;0.34483793
0.076335967;-0.021256916;0.33693281
0.076335967;-0.023233201;0.34483793
0.076335967;-0.023233201;0.33693281
0.076335967;-0.021256916;0.34483793
0.076335967;-0.023233201;0.34483793
0.076335967;-0.023233201;0.34483793
0.076335967;-0.023233201;0.33693281
0.076335967;-0.023233201;0.33693281
0.078312255;-0.023233201;0.34483793
0.076335967;-0.023233201;0.33693281
0.076335967;-0.023233201;0.34483793
0.078312255;-0.023233201;0.33693281
0.078312255;-0.023233201;0.33693281
0.076335967;-0.023233201;0.33693281
0.076335967;-0.023233201;0.34483793
0.076335967;-0.023233201;0.33693281
0.078312255;-0.023233201;0.34483793
0.078312255;-0.023233201;0.34483793
0.078312255;-0.023233201;0.33693281
0.076335967;-0.023233201;0.33693281
0.078312255;-0.023233201;0.34483793
0.078312255;-0.023233201;0.33693281
0.078312255;-0.023233201;0.34483793
0.078312255;-0.023233201;0.34483793
0.078312255;-0.023233201;0.34483793
0.076335967;-0.025209486;0.33693281
0.078312255;-0.023233201;0.33693281
0.076335967;-0.023233201;0.34483793
0.076335967;-0.023233201;0.34483793
0.078312255;-0.023233201;0.33693281
0.078312255;-0.023233201;0.33693281
0.076335967;-0.023233201;0.34483793
0.078312255;-0.023233201;0.34483793
0.076335967;-0.023233201;0.34483793
0.076335967;-0.023233201;0.34483793
0.076335967;-0.023233201;0.34483793
0.076335967;-0.023233201;0.34483793
0.076335967;-0.025209486;0.34483793
0.076335967;-0.023233201;0.33693281
0.076335967;-0.025209486;0.33693281
0.074359685;-0.025209486;0.34483793
0.076335967;-0.023233201;0.33693281
0.074359685;-0.025209486;0.34483793
0.076335967;-0.025209486;0.34483793
0.076335967;-0.023233201;0.33693281
0.076335967;-0.025209486;0.34483793
0.074359685;-0.025209486;0.33693281
0.074359685;-0.025209486;0.34483793
0.074359685;-0.025209486;0.34483793
0.072383396;-0.025209486;0.33693281
0.074359685;-0.025209486;0.33693281
0.074359685;-0.023233201;0.34483793
0.074359685;-0.025209486;0.33693281
0.072383396;-0.025209486;0.33693281
0.072383396;-0.025209486;0.34483793
0.072383396;-0.025209486;0.34483793
0.072383396;-0.023233201;0.34483793
0.072383396;-0.023233201;0.33693281
0.072383396;-0.025209486;0.33693281
0.070407115;-0.025209486;0.34483793
0.070407115;-0.025209486;0.34483793
0.070407115;-0.025209486;0.34483793
0.070407115;-0.025209486;0.33693281
0.070407115;-0.025209486;0.33693281
0.070407115;-0.025209486;0.34483793
0.068430834;-0.025209486;0.33693281
0.066454545;-0.023233201;0.34483793
0.068430834;-0.025209486;0.34483793
0.066454545;-0.023233201;0.34483793
0.068430834;-0.025209486;0.33693281
0.066454545;-0.025209486;0.34483793
0.066454545;-0.023233201;0.34483793
0.066454545;-0.025209486;0.33693281
0.066454545;-0.025209486;0.33693281
0.064478263;-0.025209486;0.33693281
0.066454545;-0.025209486;0.33693281
0.064478263;-0.025209486;0.34483793
0.062501974;-0.025209486;0.33693281
0.062501974;-0.025209486;0.33693281
0.062501974;-0.025209486;0.33693281
0.062501974;-0.025209486;0.34483793
0.062501974;-0.025209486;0.33693281
0.062501974;-0.027185772;0.34483793
0.060525693;-0.025209486;0.34483793
0.060525693;-0.025209486;0.33693281
0.060525693;-0.025209486;0.33693281
0.058549408;-0.025209486;0.34483793
0.058549408;-0.025209486;0.34483793
0.058549408;-0.025209486;0.34483793
0.058549408;-0.025209486;0.34483793
0.056573123;-0.025209486;0.34483793
0.056573123;-0.025209486;0.33693281
0.054596838;-0.025209486;0.33693281
0.054596838;-0.025209486;0.33693281
0.054596838;-0.025209486;0.34483793
0.054596838;-0.025209486;0.33693281
0.054596838;-0.025209486;0.33693281
0.054596838;-0.023233201;0.34483793
0.052620552;-0.025209486;0.33693281
0.052620552;-0.025209486;0.33693281
0.050644267;-0.025209486;0.33693281
0.050644267;-0.027185772;0.33693281
0.050644267;-0.025209486;0.33693281
0.048667986;-0.025209486;0.33693281
0.048667986;-0.027185772;0.33693281
0.048667986;-0.025209486;0.33693281
0.048667986;-0.025209486;0.33693281
0.046691701;-0.025209486;0.34483793
0.046691701;-0.025209486;0.33693281
0.044715416;-0.025209486;0.34483793
0.044715416;-0.025209486;0.34483793
0.046691701;-0.025209486;0.33693281
0.044715416;-0.025209486;0.34483793
0.044715416;-0.025209486;0.33693281
0.042739131;-0.025209486;0.33693281
0.040762845;-0.027185772;0.33693281
0.042739131;-0.027185772;0.34483793
0.040762845;-0.025209486;0.33693281
0.040762845;-0.025209486;0.34483793
0.040762845;-0.025209486;0.34483793
0.03878656;-0.025209486;0.33693281
0.03878656;-0.025209486;0.33693281
0.03878656;-0.025209486;0.33693281
0.034833994;-0.027185772;0.35274309
0.036810275;-0.025209486;0.34483793
0.036810275;-0.025209486;0.34483793
0.034833994;-0.025209486;0.34483793
0.032857709;-0.025209486;0.33693281
0.032857709;-0.025209486;0.33693281
0.032857709;-0.025209486;0.34483793
0.032857709;-0.025209486;0.34483793
0.030881424;-0.027185772;0.34483793
0.030881424;-0.027185772;0.33693281
0.030881424;-0.025209486;0.33693281
0.030881424;-0.025209486;0.33693281
0.030881424;-0.025209486;0.33693281
0.028905138;-0.023233201;0.34483793
0.026928853;-0.025209486;0.33693281
0.028905138;-0.025209486;0.33693281
0.026928853;-0.027185772;0.34483793
0.026928853;-0.025209486;0.33693281
0.02495257;-0.025209486;0.33693281
0.026928853;-0.025209486;0.34483793
0.022976285;-0.027185772;0.34483793
0.022976285;-0.025209486;0.33693281
0.021;-0.027185772;0.33693281
0.019023715;-0.025209486;0.33693281
0.021;-0.025209486;0.33693281
0.021;-0.025209486;0.34483793
0.019023715;-0.025209486;0.34483793
0.019023715;-0.025209486;0.34483793
0.019023715;-0.025209486;0.33693281
0.017047431;-0.025209486;0.34483793
0.017047431;-0.025209486;0.33693281
0.017047431;-0.025209486;0.33693281
0.017047431;-0.025209486;0.34483793
0.015071146;-0.025209486;0.34483793
0.015071146;-0.025209486;0.33693281
0.015071146;-0.023233201;0.33693281
0.013094862;-0.025209486;0.33693281
0.015071146;-0.025209486;0.33693281
0.011118577;-0.027185772;0.33693281
0.011118577;-0.025209486;0.33693281
0.011118577;-0.025209486;0.33693281
0.0091422927;-0.027185772;0.34483793
0.0091422927;-0.027185772;0.34483793
0.0091422927;-0.025209486;0.33693281
0.0091422927;-0.025209486;0.33693281
0.007166008;-0.027185772;0.34483793
0.007166008;-0.025209486;0.33693281
0.007166008;-0.025209486;0.34483793
0.0051897233;-0.025209486;0.33693281
0.0051897233;-0.025209486;0.33693281
0.0012371541;-0.025209486;0.34483793
0.0032134387;-0.025209486;0.33693281
0.0012371541;-0.025209486;0.33693281
0.0012371541;-0.025209486;0.33693281
0.0012371541;-0.027185772;0.33693281
-0.00073913042;-0.025209486;0.34483793
-0.00073913042;-0.027185772;0.33693281
-0.00073913042;-0.025209486;0.33693281
-0.0027154151;-0.027185772;0.34483793
-0.0027154151;-0.027185772;0.33693281
-0.0027154151;-0.025209486;0.34483793
-0.0027154151;-0.025209486;0.33693281
-0.0046916995;-0.027185772;0.33693281
-0.0046916995;-0.025209486;0.34483793
-0.0066679842;-0.025209486;0.33693281
-0.0066679842;-0.025209486;0.34483793
-0.0066679842;-0.025209486;0.34483793
-0.0066679842;-0.025209486;0.34483793
-0.0066679842;-0.025209486;0.33693281
-0.0066679842;-0.025209486;0.33693281
-0.0086442688;-0.025209486;0.34483793
-0.0086442688;-0.025209486;0.34483793
-0.010620553;-0.025209486;0.34483793
-0.010620553;-0.027185772;0.34483793
-0.010620553;-0.027185772;0.34483793
-0.010620553;-0.025209486;0.33693281
-0.012596838;-0.025209486;0.33693281
-0.012596838;-0.025209486;0.33693281
-0.012596838;-0.025209486;0.33693281
-0.012596838;-0.025209486;0.33693281
-0.014573122;-0.025209486;0.33693281
-0.014573122;-0.025209486;0.34483793
-0.016549407;-0.025209486;0.34483793
-0.016549407;-0.025209486;0.34483793
-0.016549407;-0.025209486;0.34483793
-0.016549407;-0.025209486;0.33693281
-0.016549407;-0.025209486;0.34483793
-0.016549407;-0.025209486;0.34483793
-0.018525692;-0.025209486;0.34483793
-0.018525692;-0.025209486;0.34483793
-0.020501977;-0.025209486;0.34483793
-0.020501977;-0.023233201;0.33693281
-0.018525692;-0.023233201;0.34483793
-0.018525692;-0.025209486;0.34483793
-0.020501977;-0.025209486;0.33693281
-0.020501977;-0.025209486;0.33693281
-0.02247826;-0.025209486;0.34483793
-0.02247826;-0.025209486;0.34483793
-0.02247826;-0.025209486;0.33693281
-0.020501977;-0.023233201;0.33693281
-0.024454545;-0.025209486;0.33693281
-0.02247826;-0.025209486;0.34483793
-0.024454545;-0.025209486;0.33693281
-0.02247826;-0.023233201;0.33693281
-0.02643083;-0.025209486;0.33693281
-0.024454545;-0.023233201;0.34483793
-0.024454545;-0.025209486;0.34483793
-0.02643083;-0.025209486;0.34483793
-0.028407115;-0.025209486;0.33693281
-0.024454545;-0.025209486;0.33693281
-0.024454545;-0.025209486;0.33693281
-0.028407115;-0.025209486;0.33693281
-0.02643083;-0.025209486;0.33693281
-0.028407115;-0.023233201;0.33693281
-0.028407115;-0.025209486;0.33693281
-0.028407115;-0.025209486;0.34483793
-0.028407115;-0.025209486;0.33693281
-0.028407115;-0.023233201;0.33693281
-0.028407115;-0.023233201;0.34483793
-0.030383399;-0.025209486;0.33693281
-0.028407115;-0.023233201;0.33693281
-0.028407115;-0.023233201;0.34483793
-0.030383399;-0.023233201;0.34483793
-0.028407115;-0.023233201;0.33693281
-0.030383399;-0.025209486;0.33693281
-0.030383399;-0.023233201;0.34483793
-0.032359682;-0.023233201;0.34483793
-0.032359682;-0.023233201;0.33693281
-0.032359682;-0.023233201;0.33693281
-0.032359682;-0.025209486;0.34483793
-0.032359682;-0.025209486;0.34483793
-0.032359682;-0.025209486;0.33693281
-0.032359682;-0.025209486;0.33693281
-0.032359682;-0.025209486;0.34483793
-0.032359682;-0.023233201;0.33693281
-0.032359682;-0.025209486;0.34483793
-0.032359682;-0.025209486;0.34483793
-0.032359682;-0.023233201;0.34483793
-0.032359682;-0.023233201;0.33693281
-0.032359682;-0.023233201;0.34483793
-0.032359682;-0.023233201;0.33693281
-0.032359682;-0.023233201;0.34483793
-0.032359682;-0.023233201;0.33693281
-0.032359682;-0.023233201;0.33693281
-0.034335967;-0.023233201;0.33693281
-0.032359682;-0.023233201;0.33693281
-0.032359682;-0.023233201;0.33693281
-0.032359682;-0.025209486;0.33693281
-0.032359682;-0.023233201;0.33693281
-0.032359682;-0.023233201;0.33693281
-0.034335967;-0.023233201;0.33693281
-0.032359682;-0.021256916;0.33693281
-0.032359682;-0.023233201;0.34483793
-0.032359682;-0.023233201;0.34483793
-0.032359682;-0.023233201;0.33693281
-0.032359682;-0.021256916;0.33693281
-0.032359682;-0.021256916;0.33693281
-0.032359682;-0.023233201;0.33693281
-0.030383399;-0.023233201;0.33693281
-0.032359682;-0.023233201;0.34483793
-0.030383399;-0.023233201;0.34483793
-0.030383399;-0.023233201;0.33693281
-0.030383399;-0.023233201;0.33693281
-0.030383399;-0.023233201;0.33693281
-0.030383399;-0.023233201;0.34483793
-0.030383399;-0.023233201;0.33693281
-0.028407115;-0.021256916;0.33693281
-0.028407115;-0.023233201;0.33693281
-0.030383399;-0.021256916;0.34483793
-0.030383399;-0.023233201;0.34483793
-0.028407115;-0.021256916;0.34483793
-0.028407115;-0.023233201;0.33693281
-0.030383399;-0.023233201;0.34483793
-0.030383399;-0.023233201;0.33693281
-0.030383399;-0.023233201;0.33693281
-0.028407115;-0.023233201;0.33693281
-0.028407115;-0.021256916;0.33693281
-0.028407115;-0.021256916;0.34483793
-0.02643083;-0.021256916;0.34483793
-0.028407115;-0.021256916;0.33693281
-0.028407115;-0.023233201;0.33693281
-0.028407115;-0.023233201;0.33693281
-0.02643083;-0.021256916;0.34483793
-0.02643083;-0.023233201;0.34483793
-0.024454545;-0.021256916;0.33693281
-0.02643083;-0.021256916;0.33693281
-0.024454545;-0.021256916;0.34483793
-0.024454545;-0.021256916;0.34483793
-0.024454545;-0.021256916;0.33693281
-0.02247826;-0.021256916;0.34483793
-0.02247826;-0.021256916;0.33693281
-0.024454545;-0.021256916;0.34483793
-0.02247826;-0.021256916;0.34483793
-0.02247826;-0.023233201;0.34483793
-0.02247826;-0.021256916;0.33693281
-0.02247826;-0.021256916;0.34483793
-0.02247826;-0.021256916;0.33693281
-0.020501977;-0.021256916;0.33693281
-0.020501977;-0.021256916;0.33693281
-0.018525692;-0.019280633;0.34483793
-0.020501977;-0.021256916;0.33693281
-0.018525692;-0.021256916;0.34483793
-0.018525692;-0.021256916;0.33693281
-0.016549407;-0.021256916;0.34483793
-0.016549407;-0.019280633;0.34483793
-0.016549407;-0.021256916;0.33693281
-0.014573122;-0.021256916;0.33693281
-0.014573122;-0.021256916;0.33693281
-0.014573122;-0.019280633;0.34483793
-0.014573122;-0.021256916;0.34483793
-0.014573122;-0.021256916;0.33693281
-0.012596838;-0.021256916;0.33693281
-0.012596838;-0.021256916;0.33693281
-0.010620553;-0.019280633;0.34483793
-0.012596838;-0.021256916;0.33693281
-0.012596838;-0.019280633;0.34483793
-0.010620553;-0.021256916;0.33693281
-0.010620553;-0.021256916;0.34483793
-0.010620553;-0.021256916;0.34483793
-0.010620553;-0.019280633;0.34483793
-0.0086442688;-0.021256916;0.34483793
-0.0086442688;-0.019280633;0.33693281
-0.0086442688;-0.021256916;0.34483793
-0.0066679842;-0.019280633;0.33693281
-0.0066679842;-0.019280633;0.33693281
-0.0046916995;-0.019280633;0.33693281
-0.0066679842;-0.019280633;0.33693281
-0.0066679842;-0.019280633;0.33693281
-0.0046916995;-0.021256916;0.33693281
-0.0046916995;-0.019280633;0.33693281
-0.0046916995;-0.019280633;0.34483793
-0.0027154151;-0.019280633;0.34483793
-0.0027154151;-0.019280633;0.33693281
-0.0027154151;-0.019280633;0.34483793
-0.00073913042;-0.019280633;0.33693281
-0.00073913042;-0.019280633;0.34483793
-0.00073913042;-0.019280633;0.33693281
-0.00073913042;-0.019280633;0.33693281
0.0032134387;-0.019280633;0.33693281
0.0012371541;-0.019280633;0.34483793
0.0032134387;-0.019280633;0.34483793
0.0032134387;-0.017304348;0.33693281
0.0032134387;-0.019280633;0.33693281
0.0051897233;-0.017304348;0.34483793
0.0051897233;-0.019280633;0.33693281
0.0051897233;-0.019280633;0.34483793
0.007166008;-0.019280633;0.33693281
0.007166008;-0.017304348;0.33693281
0.007166008;-0.019280633;0.34483793
0.0091422927;-0.019280633;0.34483793
0.0091422927;-0.017304348;0.34483793
0.011118577;-0.019280633;0.33693281
0.0091422927;-0.017304348;0.33693281
0.011118577;-0.017304348;0.33693281
0.011118577;-0.019280633;0.33693281
0.013094862;-0.017304348;0.34483793
0.013094862;-0.017304348;0.33693281
0.015071146;-0.019280633;0.33693281
0.015071146;-0.017304348;0.33693281
0.015071146;-0.017304348;0.33693281
0.015071146;-0.019280633;0.33693281
0.017047431;-0.017304348;0.34483793
0.019023715;-0.017304348;0.34483793
0.017047431;-0.017304348;0.33693281
0.017047431;-0.017304348;0.33693281
0.021;-0.015328064;0.33693281
0.021;-0.017304348;0.33693281
0.021;-0.017304348;0.33693281
0.022976285;-0.015328064;0.33693281
0.022976285;-0.015328064;0.33693281
0.022976285;-0.017304348;0.34483793
0.022976285;-0.015328064;0.33693281
0.02495257;-0.017304348;0.34483793
0.02495257;-0.015328064;0.34483793
0.02495257;-0.017304348;0.34483793
0.026928853;-0.017304348;0.34483793
0.026928853;-0.017304348;0.34483793
0.028905138;-0.015328064;0.33693281
0.028905138;-0.017304348;0.33693281
0.028905138;-0.015328064;0.34483793
0.030881424;-0.015328064;0.33693281
0.030881424;-0.015328064;0.33693281
0.030881424;-0.015328064;0.34483793
0.030881424;-0.015328064;0.33693281
0.030881424;-0.015328064;0.33693281
0.032857709;-0.015328064;0.33693281
0.032857709;-0.017304348;0.33693281
0.034833994;-0.013351778;0.33693281
0.036810275;-0.015328064;0.33693281
0.036810275;-0.015328064;0.33693281
0.036810275;-0.015328064;0.33693281
0.03878656;-0.013351778;0.33693281
0.036810275;-0.015328064;0.34483793
0.03878656;-0.013351778;0.34483793
0.03878656;-0.015328064;0.33693281
0.040762845;-0.015328064;0.34483793
0.040762845;-0.015328064;0.33693281
0.040762845;-0.013351778;0.33693281
0.042739131;-0.013351778;0.33693281
0.042739131;-0.013351778;0.33693281
0.042739131;-0.013351778;0.34483793
0.044715416;-0.015328064;0.33693281
0.042739131;-0.017304348;0.33693281
0.044715416;-0.013351778;0.34483793
0.044715416;-0.013351778;0.34483793
0.046691701;-0.013351778;0.33693281
0.046691701;-0.013351778;0.34483793
0.046691701;-0.013351778;0.34483793
0.048667986;-0.013351778;0.33693281
0.048667986;-0.013351778;0.34483793
0.048667986;-0.013351778;0.34483793
0.048667986;-0.013351778;0.34483793
0.050644267;-0.013351778;0.33693281
0.050644267;-0.013351778;0.33693281
0.052620552;-0.011375494;0.34483793
0.050644267;-0.013351778;0.33693281
0.052620552;-0.013351778;0.33693281
0.052620552;-0.013351778;0.33693281
0.054596838;-0.013351778;0.34483793
0.054596838;-0.013351778;0.33693281
0.054596838;-0.011375494;0.33693281
0.054596838;-0.011375494;0.34483793
0.054596838;-0.011375494;0.33693281
0.056573123;-0.013351778;0.34483793
0.058549408;-0.013351778;0.33693281
0.056573123;-0.013351778;0.33693281
0.058549408;-0.013351778;0.33693281
0.058549408;-0.013351778;0.33693281
0.060525693;-0.011375494;0.33693281
0.060525693;-0.013351778;0.34483793
0.060525693;-0.011375494;0.34483793
0.060525693;-0.011375494;0.33693281
0.060525693;-0.011375494;0.33693281
0.060525693;-0.011375494;0.33693281
0.062501974;-0.011375494;0.34483793
0.062501974;-0.011375494;0.33693281
0.064478263;-0.011375494;0.33693281
0.062501974;-0.011375494;0.33693281
0.064478263;-0.011375494;0.33693281
0.064478263;-0.011375494;0.33693281
0.064478263;-0.011375494;0.34483793
0.066454545;-0.011375494;0.34483793
0.068430834;-0.011375494;0.33693281
0.066454545;-0.011375494;0.34483793
0.066454545;-0.011375494;0.33693281
0.066454545;-0.011375494;0.33693281
0.068430834;-0.011375494;0.33693281
0.068430834;-0.011375494;0.33693281
0.070407115;-0.011375494;0.34483793
0.068430834;-0.011375494;0.33693281
0.070407115;-0.011375494;0.33693281
0.068430834;-0.011375494;0.33693281
0.070407115;-0.011375494;0.34483793
0.068430834;-0.0093992092;0.34483793
0.072383396;-0.0093992092;0.33693281
0.072383396;-0.011375494;0.34483793
0.072383396;-0.0093992092;0.33693281
0.072383396;-0.0093992092;0.33693281
0.072383396;-0.0093992092;0.34483793
0.072383396;-0.0093992092;0.34483793
0.072383396;-0.0093992092;0.34483793
0.072383396;-0.0093992092;0.34483793
0.074359685;-0.0093992092;0.33693281
0.074359685;-0.0093992092;0.34483793
0.074359685;-0.0093992092;0.33693281
0.074359685;-0.0093992092;0.34483793
0.074359685;-0.0093992092;0.34483793
0.074359685;-0.0093992092;0.33693281
0.074359685;-0.0093992092;0.34483793
0.074359685;-0.0093992092;0.34483793
0.074359685;-0.007422925;0.34483793
0.076335967;-0.0093992092;0.34483793
0.076335967;-0.0093992092;0.33693281
0.076335967;-0.0093992092;0.33693281
0.076335967;-0.007422925;0.33693281
0.076335967;-0.007422925;0.33693281
0.076335967;-0.007422925;0.34483793
0.076335967;-0.007422925;0.33693281
0.076335967;-0.007422925;0.34483793
0.076335967;-0.007422925;0.33693281
0.076335967;-0.007422925;0.33693281
0.076335967;-0.007422925;0.33693281
0.078312255;-0.007422925;0.33693281
0.076335967;-0.0054466403;0.34483793
0.078312255;-0.007422925;0.34483793
0.078312255;-0.007422925;0.33693281
0.078312255;-0.007422925;0.33693281
0.078312255;-0.007422925;0.34483793
0.076335967;-0.007422925;0.33693281
0.076335967;-0.007422925;0.34483793
0.076335967;-0.0054466403;0.33693281
0.078312255;-0.0054466403;0.34483793
0.078312255;-0.0054466403;0.33693281
0.080288537;-0.0054466403;0.33693281
0.078312255;-0.007422925;0.33693281
0.078312255;-0.0054466403;0.33693281
0.076335967;-0.0054466403;0.34483793
0.078312255;-0.0054466403;0.34483793
0.076335967;-0.0054466403;0.33693281
0.076335967;-0.0054466403;0.34483793
0.076335967;-0.0054466403;0.33693281
0.078312255;-0.0054466403;0.33693281
0.076335967;-0.0054466403;0.33693281
0.078312255;-0.0034703556;0.33693281
0.076335967;-0.0054466403;0.33693281
0.076335967;-0.0054466403;0.33693281
0.076335967;-0.0054466403;0.33693281
0.076335967;-0.0054466403;0.34483793
0.076335967;-0.0054466403;0.33693281
0.076335967;-0.0054466403;0.34483793
0.076335967;-0.0054466403;0.34483793
0.076335967;-0.0034703556;0.33693281
0.074359685;-0.0034703556;0.33693281
0.074359685;-0.0054466403;0.34483793
0.076335967;-0.0054466403;0.34483793
0.074359685;-0.0054466403;0.33693281
0.076335967;-0.0054466403;0.34483793
0.074359685;-0.0054466403;0.34483793
0.074359685;-0.0054466403;0.33693281
0.076335967;-0.0034703556;0.33693281
0.074359685;-0.0034703556;0.33693281
0.074359685;-0.0034703556;0.33693281
0.072383396;-0.0034703556;0.33693281
0.074359685;-0.0034703556;0.34483793
0.074359685;-0.0034703556;0.34483793
0.074359685;-0.0034703556;0.34483793
0.072383396;-0.0054466403;0.34483793
0.072383396;-0.0034703556;0.33693281
0.072383396;-0.0034703556;0.34483793
0.072383396;-0.0034703556;0.33693281
0.070407115;-0.0034703556;0.34483793
0.070407115;-0.0014940711;0.34483793
0.070407115;-0.0034703556;0.33693281
0.070407115;-0.0034703556;0.34483793
0.068430834;-0.0034703556;0.34483793
0.068430834;-0.0034703556;0.33693281
0.070407115;-0.0034703556;0.33693281
0.068430834;-0.0034703556;0.33693281
0.068430834;-0.0034703556;0.34483793
0.068430834;-0.0034703556;0.33693281
0.066454545;-0.0014940711;0.34483793
0.066454545;-0.0034703556;0.34483793
0.066454545;-0.0034703556;0.34483793
0.066454545;-0.0014940711;0.33693281
0.064478263;-0.0014940711;0.33693281
0.064478263;-0.0014940711;0.33693281
0.064478263;-0.0014940711;0.33693281
0.064478263;-0.0014940711;0.33693281
0.064478263;-0.0014940711;0.34483793
0.064478263;0.00048221345;0.33693281
0.062501974;-0.0014940711;0.33693281
0.062501974;-0.0014940711;0.33693281
0.062501974;-0.0014940711;0.34483793
0.062501974;-0.0014940711;0.34483793
0.060525693;-0.0014940711;0.33693281
0.060525693;0.00048221345;0.34483793
0.060525693;0.00048221345;0.33693281
0.060525693;-0.0014940711;0.33693281
0.058549408;0.00048221345;0.34483793
0.058549408;0.00048221345;0.34483793
0.056573123;0.00048221345;0.33693281
0.056573123;-0.0014940711;0.34483793
0.056573123;-0.0014940711;0.33693281
0.056573123;0.00048221345;0.34483793
0.056573123;0.00048221345;0.33693281
0.054596838;0.00048221345;0.34483793
0.054596838;0.00048221345;0.34483793
0.052620552;0.00048221345;0.34483793
0.054596838;0.00048221345;0.33693281
0.052620552;0.00048221345;0.33693281
0.050644267;0.00048221345;0.33693281
0.050644267;0.00048221345;0.34483793
0.050644267;0.00048221345;0.33693281
0.050644267;0.00048221345;0.33693281
0.048667986;0.00048221345;0.33693281
0.048667986;0.0024584981;0.33693281
0.048667986;0.00048221345;0.33693281
0.048667986;0.00048221345;0.33693281
0.046691701;0.00048221345;0.33693281
0.046691701;0.00048221345;0.33693281
0.046691701;0.0024584981;0.34483793
0.044715416;0.00048221345;0.33693281
0.044715416;0.0024584981;0.34483793
0.044715416;0.0024584981;0.33693281
0.044715416;0.00048221345;0.34483793
0.042739131;0.0024584981;0.34483793
0.040762845;0.0024584981;0.33693281
0.042739131;0.0024584981;0.33693281
0.040762845;0.0024584981;0.33693281
0.040762845;0.0024584981;0.34483793
0.040762845;0.0024584981;0.34483793
0.03878656;0.0024584981;0.34483793
0.03878656;0.0024584981;0.33693281
0.03878656;0.0044347825;0.33693281
0.036810275;0.0024584981;0.34483793
0.034833994;0.0024584981;0.33693281
0.034833994;0.0044347825;0.33693281
0.034833994;0.0024584981;0.33693281
0.034833994;0.0024584981;0.33693281
0.034833994;0.0044347825;0.34483793
0.032857709;0.0044347825;0.34483793
0.034833994;0.0044347825;0.33693281
0.032857709;0.0044347825;0.33693281
0.030881424;0.0044347825;0.33693281
0.030881424;0.0024584981;0.34483793
0.030881424;0.0044347825;0.33693281
0.028905138;0.0044347825;0.34483793
0.028905138;0.0044347825;0.34483793
0.026928853;0.0044347825;0.33693281
0.026928853;0.0044347825;0.34483793
0.026928853;0.0044347825;0.33693281
0.026928853;0.0044347825;0.34483793
0.02495257;0.0044347825;0.33693281
0.022976285;0.0044347825;0.33693281
0.022976285;0.0044347825;0.33693281
0.022976285;0.0044347825;0.34483793
0.022976285;0.0064110672;0.34483793
0.021;0.0064110672;0.34483793
0.021;0.0044347825;0.34483793
0.019023715;0.0064110672;0.34483793
0.021;0.0044347825;0.33693281
0.019023715;0.0064110672;0.34483793
0.019023715;0.0064110672;0.34483793
0.017047431;0.0064110672;0.33693281
0.017047431;0.0064110672;0.33693281
0.017047431;0.0064110672;0.33693281
0.015071146;0.0064110672;0.33693281
0.015071146;0.0083873514;0.33693281
0.013094862;0.0083873514;0.33693281
0.013094862;0.0064110672;0.33693281
0.013094862;0.0083873514;0.34483793
0.013094862;0.0083873514;0.34483793
0.011118577;0.0083873514;0.33693281
0.011118577;0.0083873514;0.33693281
0.0091422927;0.0064110672;0.34483793
0.0091422927;0.0083873514;0.33693281
0.0091422927;0.0083873514;0.34483793
0.0091422927;0.0083873514;0.32902768
0.007166008;0.0083873514;0.33693281
0.007166008;0.0083873514;0.33693281
0.007166008;0.0083873514;0.34483793
0.0051897233;0.0083873514;0.33693281
0.0051897233;0.010363637;0.33693281
0.0032134387;0.0083873514;0.33693281
0.0032134387;0.0083873514;0.34483793
0.0012371541;0.010363637;0.33693281
0.0012371541;0.010363637;0.33693281
0.0012371541;0.010363637;0.33693281
-0.00073913042;0.010363637;0.33693281
-0.00073913042;0.010363637;0.33693281
-0.00073913042;0.010363637;0.33693281
-0.0027154151;0.010363637;0.34483793
-0.00073913042;0.010363637;0.33693281
-0.0027154151;0.010363637;0.34483793
-0.0027154151;0.010363637;0.33693281
-0.0046916995;0.010363637;0.33693281
-0.0046916995;0.010363637;0.33693281
-0.0066679842;0.010363637;0.33693281
-0.0046916995;0.010363637;0.33693281
-0.0066679842;0.010363637;0.33693281
-0.0086442688;0.010363637;0.33693281
-0.0086442688;0.010363637;0.33693281
-0.0066679842;0.012339921;0.33693281
-0.0086442688;0.012339921;0.33693281
-0.010620553;0.010363637;0.33693281
-0.010620553;0.010363637;0.33693281
-0.010620553;0.012339921;0.33693281
-0.010620553;0.012339921;0.33693281
-0.010620553;0.012339921;0.33693281
-0.010620553;0.012339921;0.34483793
-0.012596838;0.012339921;0.33693281
-0.010620553;0.012339921;0.34483793
-0.014573122;0.012339921;0.33693281
-0.012596838;0.012339921;0.34483793
-0.012596838;0.012339921;0.33693281
-0.014573122;0.012339921;0.33693281
-0.012596838;0.012339921;0.33693281
-0.014573122;0.012339921;0.33693281
-0.016549407;0.012339921;0.33693281
-0.016549407;0.012339921;0.33693281
-0.018525692;0.012339921;0.33693281
-0.018525692;0.012339921;0.33693281
-0.018525692;0.014316206;0.33693281
-0.020501977;0.012339921;0.33693281
-0.018525692;0.014316206;0.33693281
-0.020501977;0.012339921;0.33693281
-0.020501977;0.014316206;0.34483793
-0.020501977;0.012339921;0.33693281
-0.020501977;0.014316206;0.34483793
-0.020501977;0.014316206;0.33693281
-0.020501977;0.014316206;0.33693281
-0.02247826;0.014316206;0.34483793
-0.02247826;0.014316206;0.34483793
-0.02247826;0.012339921;0.33693281
-0.024454545;0.014316206;0.33693281
-0.024454545;0.014316206;0.33693281
-0.024454545;0.01629249;0.33693281
-0.024454545;0.01629249;0.34483793
-0.02643083;0.01629249;0.34483793
-0.024454545;0.01629249;0.33693281
-0.02643083;0.01629249;0.33693281
-0.02643083;0.01629249;0.33693281
-0.02643083;0.01629249;0.33693281
-0.02643083;0.01629249;0.33693281
-0.02643083;0.01629249;0.33693281
-0.02643083;0.01629249;0.33693281
-0.02643083;0.01629249;0.33693281
-0.02643083;0.01629249;0.33693281
-0.028407115;0.018268775;0.33693281
-0.028407115;0.018268775;0.33693281
-0.030383399;0.01629249;0.33693281
-0.028407115;0.01629249;0.33693281
-0.028407115;0.018268775;0.33693281
-0.028407115;0.018268775;0.34483793
-0.028407115;0.018268775;0.34483793
-0.028407115;0.018268775;0.33693281
-0.030383399;0.01629249;0.34483793
-0.030383399;0.018268775;0.34483793
-0.030383399;0.018268775;0.33693281
-0.030383399;0.018268775;0.33693281
-0.032359682;0.018268775;0.34483793
-0.030383399;0.018268775;0.34483793
-0.030383399;0.018268775;0.33693281
-0.032359682;0.018268775;0.33693281
-0.032359682;0.018268775;0.34483793
-0.032359682;0.020245058;0.33693281
-0.032359682;0.018268775;0.33693281
-0.030383399;0.018268775;0.34483793
-0.032359682;0.020245058;0.34483793
-0.032359682;0.020245058;0.33693281
-0.032359682;0.018268775;0.34483793
-0.032359682;0.020245058;0.33693281
-0.032359682;0.018268775;0.34483793
-0.030383399;0.018268775;0.34483793
-0.032359682;0.020245058;0.34483793
-0.032359682;0.018268775;0.33693281
-0.032359682;0.020245058;0.33693281
-0.034335967;0.020245058;0.33693281
-0.030383399;0.020245058;0.33693281
-0.032359682;0.022221344;0.33693281
-0.032359682;0.020245058;0.34483793
-0.032359682;0.022221344;0.34483793
-0.032359682;0.020245058;0.33693281
-0.032359682;0.020245058;0.33693281
-0.030383399;0.020245058;0.33693281
-0.032359682;0.020245058;0.33693281
-0.032359682;0.022221344;0.33693281
-0.032359682;0.022221344;0.33693281
-0.032359682;0.020245058;0.33693281
-0.032359682;0.022221344;0.34483793
-0.032359682;0.020245058;0.34483793
-0.032359682;0.022221344;0.33693281
-0.030383399;0.022221344;0.33693281
-0.030383399;0.022221344;0.33693281
-0.032359682;0.022221344;0.34483793
-0.030383399;0.022221344;0.34483793
-0.030383399;0.020245058;0.34483793
-0.028407115;0.022221344;0.34483793
-0.030383399;0.022221344;0.33693281
-0.030383399;0.022221344;0.34483793
-0.030383399;0.022221344;0.34483793
-0.030383399;0.022221344;0.34483793
-0.030383399;0.022221344;0.33693281
-0.028407115;0.022221344;0.34483793
-0.030383399;0.024197629;0.33693281
-0.028407115;0.024197629;0.33693281
-0.028407115;0.022221344;0.33693281
-0.028407115;0.024197629;0.33693281
-0.028407115;0.024197629;0.33693281
-0.028407115;0.024197629;0.34483793
-0.02643083;0.024197629;0.33693281
-0.02643083;0.024197629;0.33693281
-0.02643083;0.026173914;0.34483793
-0.02643083;0.024197629;0.34483793
-0.02643083;0.024197629;0.33693281
-0.02643083;0.024197629;0.33693281
-0.024454545;0.024197629;0.34483793
-0.02643083;0.026173914;0.33693281
-0.024454545;0.024197629;0.33693281
-0.024454545;0.024197629;0.33693281
-0.024454545;0.024197629;0.33693281
-0.024454545;0.026173914;0.34483793
-0.02247826;0.024197629;0.33693281
-0.02247826;0.024197629;0.34483793
-0.02247826;0.026173914;0.34483793
-0.02247826;0.026173914;0.34483793
-0.02247826;0.026173914;0.33693281
-0.02247826;0.026173914;0.33693281
-0.020501977;0.026173914;0.34483793
-0.020501977;0.026173914;0.33693281
-0.020501977;0.026173914;0.33693281
-0.018525692;0.028150197;0.34483793
-0.018525692;0.028150197;0.33693281
-0.020501977;0.026173914;0.33693281
-0.018525692;0.028150197;0.33693281
-0.018525692;0.028150197;0.34483793
-0.016549407;0.026173914;0.34483793
-0.016549407;0.026173914;0.34483793
-0.016549407;0.028150197;0.34483793
-0.016549407;0.028150197;0.33693281
-0.014573122;0.028150197;0.34483793
-0.014573122;0.028150197;0.34483793
-0.014573122;0.028150197;0.33693281
-0.012596838;0.028150197;0.34483793
-0.012596838;0.028150197;0.33693281
-0.012596838;0.028150197;0.33693281
-0.012596838;0.028150197;0.33693281
-0.010620553;0.028150197;0.34483793
-0.010620553;0.028150197;0.33693281
-0.010620553;0.028150197;0.33693281
-0.010620553;0.028150197;0.34483793
-0.0086442688;0.030126482;0.33693281
-0.0086442688;0.030126482;0.33693281
-0.010620553;0.028150197;0.33693281
-0.0086442688;0.030126482;0.33693281
-0.0086442688;0.030126482;0.34483793
-0.0066679842;0.030126482;0.33693281
-0.0066679842;0.030126482;0.34483793
-0.0066679842;0.030126482;0.33693281
-0.0046916995;0.030126482;0.33693281
-0.0046916995;0.032102767;0.33693281
-0.0046916995;0.030126482;0.34483793
-0.0027154151;0.030126482;0.33693281
-0.0027154151;0.030126482;0.34483793
-0.0027154151;0.030126482;0.33693281
-0.00073913042;0.030126482;0.34483793
-0.00073913042;0.032102767;0.33693281
-0.00073913042;0.030126482;0.33693281
-0.00073913042;0.030126482;0.34483793
-0.00073913042;0.030126482;0.33693281
0.0012371541;0.032102767;0.33693281
0.0012371541;0.032102767;0.33693281
0.0032134387;0.032102767;0.33693281
0.0032134387;0.032102767;0.34483793
0.0032134387;0.030126482;0.34483793
0.0051897233;0.032102767;0.33693281
0.0051897233;0.032102767;0.33693281
0.0051897233;0.032102767;0.34483793
0.007166008;0.034079053;0.34483793
0.007166008;0.032102767;0.33693281
0.0091422927;0.032102767;0.33693281
0.007166008;0.032102767;0.34483793
0.007166008;0.030126482;0.34483793
0.0091422927;0.032102767;0.33693281
0.0091422927;0.034079053;0.33693281
0.011118577;0.034079053;0.33693281
0.011118577;0.032102767;0.33693281
0.013094862;0.032102767;0.33693281
0.013094862;0.032102767;0.34483793
0.015071146;0.032102767;0.33693281
0.015071146;0.034079053;0.34483793
0.015071146;0.034079053;0.34483793
0.017047431;0.034079053;0.33693281
0.017047431;0.034079053;0.34483793
0.017047431;0.034079053;0.34483793
0.019023715;0.034079053;0.33693281
0.019023715;0.034079053;0.34483793
0.019023715;0.034079053;0.33693281
0.019023715;0.034079053;0.33693281
0.021;0.036055338;0.33693281
0.021;0.034079053;0.34483793
0.022976285;0.034079053;0.33693281
0.02495257;0.036055338;0.33693281
0.022976285;0.036055338;0.33693281
0.02495257;0.036055338;0.34483793
0.02495257;0.036055338;0.33693281
0.02495257;0.036055338;0.33693281
0.02495257;0.036055338;0.33693281
0.026928853;0.036055338;0.33693281
0.028905138;0.036055338;0.33693281
0.028905138;0.036055338;0.34483793
0.028905138;0.036055338;0.34483793
0.030881424;0.036055338;0.33693281
0.028905138;0.036055338;0.34483793
0.032857709;0.036055338;0.34483793
0.032857709;0.036055338;0.33693281
0.032857709;0.036055338;0.33693281
0.034833994;0.038031619;0.34483793
0.032857709;0.038031619;0.33693281
0.034833994;0.036055338;0.33693281
0.036810275;0.036055338;0.34483793
0.036810275;0.036055338;0.34483793
0.036810275;0.038031619;0.33693281
0.03878656;0.036055338;0.33693281
0.03878656;0.036055338;0.33693281
0.040762845;0.038031619;0.34483793
0.03878656;0.038031619;0.34483793
0.03878656;0.038031619;0.33693281
0.040762845;0.038031619;0.34483793
0.040762845;0.038031619;0.34483793
0.040762845;0.038031619;0.33693281
0.042739131;0.038031619;0.34483793
0.042739131;0.038031619;0.33693281
0.042739131;0.038031619;0.34483793
0.044715416;0.038031619;0.33693281
0.044715416;0.038031619;0.34483793
0.044715416;0.038031619;0.34483793
0.046691701;0.038031619;0.34483793
0.048667986;0.038031619;0.34483793
0.046691701;0.040007904;0.33693281
0.048667986;0.038031619;0.34483793
0.050644267;0.040007904;0.34483793
0.048667986;0.038031619;0.33693281
0.048667986;0.040007904;0.34483793
0.050644267;0.038031619;0.33693281
0.052620552;0.038031619;0.32902768
0.052620552;0.040007904;0.34483793
0.052620552;0.040007904;0.34483793
0.052620552;0.038031619;0.33693281
0.054596838;0.040007904;0.33693281
0.054596838;0.040007904;0.33693281
0.054596838;0.041984189;0.34483793
0.054596838;0.040007904;0.33693281
0.054596838;0.040007904;0.34483793
0.056573123;0.041984189;0.33693281
0.056573123;0.041984189;0.33693281
0.058549408;0.040007904;0.33693281
0.056573123;0.041984189;0.33693281
0.058549408;0.041984189;0.34483793
0.058549408;0.041984189;0.33693281
0.058549408;0.041984189;0.33693281
0.058549408;0.041984189;0.33693281
0.060525693;0.040007904;0.33693281
0.062501974;0.040007904;0.33693281
0.062501974;0.041984189;0.33693281
0.062501974;0.041984189;0.33693281
0.062501974;0.041984189;0.33693281
0.062501974;0.041984189;0.33693281
0.064478263;0.041984189;0.33693281
0.062501974;0.041984189;0.33693281
0.064478263;0.041984189;0.33693281
0.064478263;0.041984189;0.34483793
0.064478263;0.041984189;0.33693281
0.066454545;0.041984189;0.33693281
0.066454545;0.041984189;0.33693281
0.066454545;0.043960474;0.33693281
0.068430834;0.043960474;0.33693281
0.068430834;0.041984189;0.32902768
0.068430834;0.041984189;0.34483793
0.066454545;0.041984189;0.33693281
0.068430834;0.043960474;0.34483793
0.068430834;0.041984189;0.33693281
0.068430834;0.041984189;0.33693281
0.070407115;0.043960474;0.34483793
0.068430834;0.041984189;0.33693281
0.072383396;0.041984189;0.33693281
0.070407115;0.043960474;0.34483793
0.070407115;0.043960474;0.33693281
0.072383396;0.043960474;0.34483793
0.072383396;0.04593676;0.33693281
0.072383396;0.043960474;0.33693281
0.072383396;0.043960474;0.33693281
0.072383396;0.043960474;0.33693281
0.074359685;0.04593676;0.33693281
0.072383396;0.043960474;0.33693281
0.072383396;0.04593676;0.33693281
0.074359685;0.04593676;0.34483793
0.074359685;0.04593676;0.33693281
0.074359685;0.043960474;0.33693281
0.074359685;0.04593676;0.33693281
0.076335967;0.043960474;0.34483793
0.074359685;0.04593676;0.34483793
0.078312255;0.043960474;0.34483793
0.074359685;0.04593676;0.34483793
0.078312255;0.04593676;0.33693281
0.076335967;0.04593676;0.33693281
0.076335967;0.047913045;0.33693281
0.076335967;0.04593676;0.34483793
0.076335967;0.047913045;0.33693281
0.076335967;0.047913045;0.33693281
0.076335967;0.047913045;0.33693281
0.076335967;0.047913045;0.33693281
0.076335967;0.04593676;0.33693281
0.078312255;0.047913045;0.34483793
0.078312255;0.047913045;0.34483793
0.078312255;0.047913045;0.33693281
0.076335967;0.047913045;0.34483793
0.078312255;0.047913045;0.33693281
0.076335967;0.047913045;0.33693281
0.078312255;0.047913045;0.34483793
0.078312255;0.047913045;0.33693281
0.076335967;0.047913045;0.33693281
0.078312255;0.047913045;0.33693281
0.078312255;0.047913045;0.33693281
0.078312255;0.047913045;0.34483793
0.078312255;0.04988933;0.33693281
0.078312255;0.047913045;0.34483793
0.078312255;0.047913045;0.33693281
0.078312255;0.047913045;0.33693281
0.078312255;0.04988933;0.33693281
0.078312255;0.047913045;0.34483793
0.076335967;0.047913045;0.33693281
0.078312255;0.047913045;0.33693281
0.078312255;0.047913045;0.33693281
0.078312255;0.04988933;0.34483793
0.078312255;0.047913045;0.33693281
0.078312255;0.04988933;0.33693281
0.076335967;0.04988933;0.33693281
0.076335967;0.04988933;0.33693281
0.076335967;0.047913045;0.33693281
0.076335967;0.04988933;0.34483793
0.076335967;0.04988933;0.33693281
0.076335967;0.04988933;0.34483793
0.074359685;0.04988933;0.33693281
0.076335967;0.04988933;0.34483793
0.076335967;0.04988933;0.34483793
0.076335967;0.04988933;0.33693281
0.074359685;0.04988933;0.33693281
0.074359685;0.04988933;0.33693281
0.074359685;0.04988933;0.33693281
0.074359685;0.04988933;0.33693281
0.074359685;0.04988933;0.33693281
0.074359685;0.04988933;0.34483793
0.074359685;0.04988933;0.33693281
0.072383396;0.04988933;0.34483793
0.072383396;0.04988933;0.33693281
0.072383396;0.04988933;0.34483793
0.072383396;0.04988933;0.33693281
0.072383396;0.051865611;0.33693281
0.072383396;0.051865611;0.33693281
0.072383396;0.04988933;0.33693281
0.070407115;0.051865611;0.33693281
0.072383396;0.051865611;0.33693281
0.070407115;0.053841896;0.33693281
0.070407115;0.051865611;0.34483793
0.070407115;0.051865611;0.33693281
0.070407115;0.051865611;0.34483793
0.070407115;0.051865611;0.33693281
0.068430834;0.051865611;0.34483793
0.068430834;0.051865611;0.34483793
0.068430834;0.051865611;0.34483793
0.066454545;0.051865611;0.33693281
0.066454545;0.051865611;0.33693281
0.066454545;0.051865611;0.33693281
0.066454545;0.051865611;0.33693281
0.064478263;0.053841896;0.34483793
0.064478263;0.053841896;0.33693281
0.066454545;0.051865611;0.34483793
0.064478263;0.053841896;0.33693281
0.064478263;0.053841896;0.34483793
0.062501974;0.053841896;0.33693281
0.062501974;0.051865611;0.33693281
0.062501974;0.051865611;0.33693281
0.060525693;0.053841896;0.34483793
0.062501974;0.053841896;0.34483793
0.058549408;0.053841896;0.33693281
0.060525693;0.053841896;0.34483793
0.058549408;0.053841896;0.34483793
0.058549408;0.055818181;0.33693281
0.058549408;0.053841896;0.34483793
0.058549408;0.055818181;0.33693281
0.058549408;0.053841896;0.33693281
0.058549408;0.053841896;0.34483793
0.056573123;0.053841896;0.34483793
0.056573123;0.053841896;0.33693281
0.054596838;0.055818181;0.34483793
0.054596838;0.053841896;0.33693281
0.054596838;0.053841896;0.33693281
0.052620552;0.053841896;0.34483793
0.052620552;0.053841896;0.33693281
0.052620552;0.055818181;0.33693281
0.052620552;0.055818181;0.34483793
0.050644267;0.053841896;0.33693281
0.050644267;0.055818181;0.34483793
0.048667986;0.055818181;0.34483793
0.048667986;0.053841896;0.34483793
0.050644267;0.055818181;0.33693281
0.048667986;0.055818181;0.33693281
0.046691701;0.055818181;0.33693281
0.044715416;0.055818181;0.34483793
0.046691701;0.055818181;0.34483793
0.046691701;0.055818181;0.33693281
0.044715416;0.055818181;0.34483793
0.044715416;0.055818181;0.33693281
0.044715416;0.055818181;0.34483793
0.042739131;0.057794467;0.33693281
0.042739131;0.057794467;0.33693281
0.042739131;0.055818181;0.34483793
0.040762845;0.055818181;0.34483793
0.040762845;0.057794467;0.33693281
0.03878656;0.057794467;0.34483793
0.03878656;0.055818181;0.34483793
0.03878656;0.057794467;0.33693281
0.036810275;0.057794467;0.33693281
0.036810275;0.055818181;0.33693281
0.036810275;0.057794467;0.33693281
0.034833994;0.057794467;0.33693281
0.034833994;0.057794467;0.32902768
0.034833994;0.057794467;0.34483793
0.034833994;0.055818181;0.33693281
0.032857709;0.057794467;0.33693281
0.032857709;0.057794467;0.34483793
0.030881424;0.057794467;0.33693281
0.030881424;0.059770752;0.33693281
0.030881424;0.057794467;0.34483793
0.028905138;0.057794467;0.34483793
0.028905138;0.057794467;0.34483793
0.028905138;0.057794467;0.33693281
0.026928853;0.057794467;0.33693281
0.026928853;0.057794467;0.33693281
0.026928853;0.057794467;0.33693281
0.02495257;0.057794467;0.33693281
0.026928853;0.057794467;0.33693281
0.02495257;0.057794467;0.34483793
0.02495257;0.057794467;0.34483793
0.02495257;0.057794467;0.33693281
0.022976285;0.057794467;0.33693281
0.022976285;0.059770752;0.33693281
0.021;0.059770752;0.33693281
0.021;0.059770752;0.34483793
0.019023715;0.059770752;0.34483793
0.017047431;0.057794467;0.33693281
0.017047431;0.059770752;0.33693281
0.017047431;0.059770752;0.34483793
0.017047431;0.059770752;0.33693281
0.017047431;0.059770752;0.33693281
0.015071146;0.059770752;0.34483793
0.015071146;0.059770752;0.33693281
0.015071146;0.059770752;0.34483793
0.013094862;0.059770752;0.33693281
0.013094862;0.059770752;0.33693281
0.013094862;0.059770752;0.33693281
0.013094862;0.061747037;0.34483793
0.011118577;0.059770752;0.33693281
0.011118577;0.061747037;0.34483793
0.011118577;0.059770752;0.33693281
0.0091422927;0.059770752;0.33693281
0.007166008;0.061747037;0.34483793
0.007166008;0.061747037;0.34483793
0.007166008;0.059770752;0.33693281
0.0051897233;0.059770752;0.33693281
0.007166008;0.061747037;0.34483793
0.0051897233;0.061747037;0.33693281
0.0051897233;0.061747037;0.33693281
0.0032134387;0.061747037;0.34483793
0.0012371541;0.061747037;0.33693281
0.0032134387;0.059770752;0.33693281
0.0012371541;0.061747037;0.33693281
-0.00073913042;0.061747037;0.33693281
-0.00073913042;0.061747037;0.33693281
-0.00073913042;0.059770752;0.33693281
-0.00073913042;0.061747037;0.33693281
-0.0027154151;0.061747037;0.33693281
-0.0027154151;0.061747037;0.34483793
-0.0027154151;0.061747037;0.34483793
-0.0046916995;0.061747037;0.33693281
-0.0046916995;0.061747037;0.33693281
-0.0066679842;0.061747037;0.33693281
-0.0066679842;0.061747037;0.33693281
-0.0066679842;0.059770752;0.33693281
-0.0066679842;0.061747037;0.33693281
-0.0086442688;0.061747037;0.33693281
-0.0086442688;0.061747037;0.33693281
-0.0086442688;0.061747037;0.33693281
-0.0086442688;0.061747037;0.34483793
-0.010620553;0.061747037;0.33693281
-0.010620553;0.061747037;0.34483793
-0.010620553;0.061747037;0.34483793
-0.012596838;0.061747037;0.34483793
-0.010620553;0.061747037;0.33693281
-0.012596838;0.061747037;0.34483793
-0.012596838;0.061747037;0.33693281
-0.012596838;0.061747037;0.33693281
-0.014573122;0.061747037;0.34483793
-0.016549407;0.061747037;0.34483793
-0.014573122;0.061747037;0.33693281
-0.016549407;0.061747037;0.33693281
-0.016549407;0.061747037;0.33693281
-0.016549407;0.061747037;0.33693281
-0.016549407;0.063723318;0.34483793
-0.016549407;0.063723318;0.33693281
-0.016549407;0.061747037;0.33693281
-0.018525692;0.063723318;0.33693281
-0.018525692;0.063723318;0.33693281
-0.018525692;0.063723318;0.34483793
-0.018525692;0.063723318;0.33693281
-0.020501977;0.063723318;0.33693281
-0.020501977;0.063723318;0.33693281
-0.02247826;0.063723318;0.33693281
-0.02247826;0.063723318;0.33693281
-0.020501977;0.063723318;0.34483793
-0.02247826;0.063723318;0.33693281
-0.024454545;0.063723318;0.34483793
-0.024454545;0.065699607;0.33693281
-0.024454545;0.063723318;0.33693281
-0.02247826;0.063723318;0.34483793
-0.024454545;0.065699607;0.33693281
-0.024454545;0.063723318;0.33693281
-0.024454545;0.065699607;0.33693281
-0.024454545;0.063723318;0.33693281
-0.02643083;0.065699607;0.33693281
-0.02643083;0.065699607;0.34483793
-0.02643083;0.063723318;0.33693281
-0.02643083;0.065699607;0.34483793
-0.02643083;0.065699607;0.34483793
-0.02643083;0.063723318;0.34483793
-0.02643083;0.063723318;0.34483793
-0.02643083;0.065699607;0.33693281
-0.028407115;0.065699607;0.34483793
-0.028407115;0.063723318;0.33693281
-0.028407115;0.065699607;0.33693281
-0.028407115;0.063723318;0.33693281
-0.030383399;0.065699607;0.34483793
-0.030383399;0.065699607;0.33693281
-0.030383399;0.065699607;0.34483793
-0.030383399;0.065699607;0.33693281
-0.030383399;0.065699607;0.33693281
-0.030383399;0.063723318;0.33693281
-0.030383399;0.065699607;0.33693281
-0.030383399;0.063723318;0.33693281
-0.030383399;0.065699607;0.34483793
-0.030383399;0.065699607;0.34483793
-0.030383399;0.065699607;0.34483793
-0.032359682;0.065699607;0.33693281
-0.032359682;0.063723318;0.34483793
-0.032359682;0.065699607;0.33693281
-0.030383399;0.065699607;0.33693281
-0.032359682;0.063723318;0.33693281
-0.032359682;0.065699607;0.33693281
-0.032359682;0.065699607;0.33693281
-0.032359682;0.067675889;0.33693281
-0.032359682;0.065699607;0.34483793
-0.032359682;0.065699607;0.33693281
-0.032359682;0.065699607;0.34483793
-0.032359682;0.065699607;0.34483793
-0.032359682;0.065699607;0.34483793
-0.032359682;0.067675889;0.34483793
-0.032359682;0.065699607;0.34483793
-0.034335967;0.065699607;0.33693281
-0.032359682;0.065699607;0.33693281
-0.032359682;0.067675889;0.33693281
-0.032359682;0.065699607;0.33693281
-0.034335967;0.065699607;0.33693281
-0.032359682;0.067675889;0.34483793
-0.032359682;0.067675889;0.33693281
-0.032359682;0.067675889;0.33693281
-0.032359682;0.065699607;0.33693281
-0.032359682;0.065699607;0.33693281
-0.030383399;0.065699607;0.33693281
-0.032359682;0.067675889;0.33693281
-0.032359682;0.067675889;0.33693281
-0.032359682;0.067675889;0.34483793
-0.030383399;0.067675889;0.34483793
-0.032359682;0.067675889;0.33693281
-0.030383399;0.067675889;0.33693281
-0.032359682;0.065699607;0.34483793
-0.030383399;0.067675889;0.33693281
-0.030383399;0.065699607;0.33693281
-0.030383399;0.067675889;0.34483793
-0.030383399;0.067675889;0.34483793
-0.030383399;0.065699607;0.33693281
-0.030383399;0.067675889;0.33693281
-0.030383399;0.067675889;0.34483793
-0.030383399;0.067675889;0.33693281
-0.030383399;0.065699607;0.34483793
-0.030383399;0.067675889;0.34483793
-0.030383399;0.065699607;0.33693281
-0.02643083;0.067675889;0.33693281
-0.028407115;0.067675889;0.33693281
-0.02643083;0.067675889;0.33693281
-0.02643083;0.067675889;0.34483793
-0.02643083;0.067675889;0.33693281
-0.028407115;0.067675889;0.33693281
-0.028407115;0.067675889;0.33693281
-0.02643083;0.067675889;0.33693281
-0.024454545;0.067675889;0.33693281
-0.02643083;0.067675889;0.33693281
-0.02643083;0.067675889;0.33693281
-0.02643083;0.067675889;0.33693281
-0.024454545;0.067675889;0.34483793
-0.02247826;0.065699607;0.34483793
-0.02247826;0.067675889;0.33693281
-0.02247826;0.069652177;0.33693281
-0.02247826;0.067675889;0.33693281
-0.02247826;0.067675889;0.34483793
-0.02247826;0.067675889;0.33693281
-0.02247826;0.067675889;0.34483793
-0.02247826;0.067675889;0.33693281
-0.02247826;0.067675889;0.34483793
-0.020501977;0.067675889;0.33693281
-0.020501977;0.067675889;0.34483793
-0.020501977;0.067675889;0.33693281
-0.018525692;0.067675889;0.33693281
-0.018525692;0.067675889;0.33693281
-0.016549407;0.067675889;0.33693281
-0.016549407;0.067675889;0.33693281
-0.016549407;0.069652177;0.34483793
-0.016549407;0.069652177;0.34483793
-0.016549407;0.067675889;0.33693281
-0.014573122;0.067675889;0.33693281
-0.014573122;0.067675889;0.34483793
-0.014573122;0.067675889;0.33693281
-0.014573122;0.067675889;0.34483793
-0.012596838;0.069652177;0.33693281
-0.012596838;0.067675889;0.33693281
-0.012596838;0.067675889;0.33693281
-0.012596838;0.067675889;0.34483793
-0.010620553;0.067675889;0.33693281
-0.010620553;0.067675889;0.34483793
-0.010620553;0.067675889;0.34483793
-0.010620553;0.069652177;0.34483793
-0.010620553;0.067675889;0.34483793
-0.0086442688;0.067675889;0.34483793
-0.0086442688;0.069652177;0.34483793
-0.0086442688;0.067675889;0.33693281
-0.0066679842;0.067675889;0.33693281
-0.0066679842;0.067675889;0.34483793
-0.0066679842;0.067675889;0.33693281
-0.0046916995;0.067675889;0.33693281
-0.0066679842;0.069652177;0.33693281
-0.0046916995;0.069652177;0.33693281
-0.0027154151;0.067675889;0.33693281
-0.0027154151;0.067675889;0.33693281
-0.0027154151;0.067675889;0.34483793
-0.0027154151;0.069652177;0.33693281
-0.0027154151;0.069652177;0.33693281
-0.00073913042;0.069652177;0.33693281
-0.00073913042;0.067675889;0.33693281
-0.00073913042;0.067675889;0.34483793
0.0012371541;0.069652177;0.33693281
0.0012371541;0.069652177;0.34483793
0.0032134387;0.069652177;0.34483793
0.0032134387;0.069652177;0.33693281
0.0051897233;0.067675889;0.34483793
0.0051897233;0.069652177;0.33693281
0.0051897233;0.067675889;0.34483793
0.007166008;0.067675889;0.33693281
0.0091422927;0.069652177;0.33693281
0.007166008;0.069652177;0.33693281
0.0091422927;0.069652177;0.34483793
0.0091422927;0.069652177;0.34483793
0.0091422927;0.069652177;0.33693281
0.011118577;0.069652177;0.34483793
0.011118577;0.069652177;0.33693281
0.011118577;0.069652177;0.33693281
0.013094862;0.069652177;0.34483793
0.013094862;0.069652177;0.33693281
0.013094862;0.067675889;0.34483793
0.013094862;0.069652177;0.33693281
0.015071146;0.069652177;0.33693281
0.015071146;0.067675889;0.33693281
0.017047431;0.067675889;0.33693281
0.017047431;0.069652177;0.34483793
0.019023715;0.069652177;0.33693281
0.019023715;0.069652177;0.33693281
0.019023715;0.069652177;0.33693281
0.021;0.069652177;0.34483793
0.021;0.069652177;0.33693281
0.022976285;0.069652177;0.34483793
0.022976285;0.069652177;0.34483793
0.022976285;0.069652177;0.33693281
0.02495257;0.069652177;0.34483793
0.02495257;0.067675889;0.34483793
0.02495257;0.069652177;0.34483793
0.02495257;0.069652177;0.33693281
0.026928853;0.069652177;0.33693281
0.028905138;0.069652177;0.33693281
0.026928853;0.069652177;0.33693281
0.028905138;0.069652177;0.33693281
0.028905138;0.069652177;0.34483793
0.030881424;0.067675889;0.33693281
0.028905138;0.069652177;0.33693281
0.030881424;0.067675889;0.34483793
0.032857709;0.067675889;0.34483793
0.032857709;0.069652177;0.33693281
0.030881424;0.069652177;0.32902768
0.034833994;0.067675889;0.33693281
0.034833994;0.069652177;0.34483793
0.034833994;0.069652177;0.33693281
0.036810275;0.069652177;0.33693281
0.036810275;0.069652177;0.34483793
0.03878656;0.067675889;0.33693281
0.03878656;0.069652177;0.34483793
0.03878656;0.069652177;0.33693281
0.03878656;0.069652177;0.34483793
0.03878656;0.069652177;0.33693281
0.040762845;0.069652177;0.33693281
0.040762845;0.067675889;0.33693281
0.040762845;0.069652177;0.33693281
0.042739131;0.069652177;0.33693281
0.042739131;0.069652177;0.34483793
0.044715416;0.067675889;0.33693281
0.042739131;0.069652177;0.34483793
0.044715416;0.067675889;0.33693281
0.046691701;0.069652177;0.34483793
0.046691701;0.067675889;0.33693281
0.046691701;0.069652177;0.33693281
0.046691701;0.069652177;0.33693281
0.046691701;0.069652177;0.34483793
0.048667986;0.069652177;0.33693281
0.048667986;0.069652177;0.33693281
0.048667986;0.069652177;0.33693281
0.050644267;0.069652177;0.33693281
0.052620552;0.069652177;0.33693281
0.052620552;0.067675889;0.33693281
0.052620552;0.069652177;0.34483793
0.052620552;0.069652177;0.33693281
0.054596838;0.069652177;0.33693281
0.054596838;0.069652177;0.33693281
0.054596838;0.069652177;0.34483793
0.054596838;0.069652177;0.34483793
0.054596838;0.069652177;0.34483793
0.056573123;0.067675889;0.34483793
0.056573123;0.069652177;0.33693281
0.056573123;0.069652177;0.33693281
0.056573123;0.069652177;0.33693281
0.058549408;0.069652177;0.33693281
0.058549408;0.069652177;0.33693281
0.060525693;0.069652177;0.34483793
0.060525693;0.069652177;0.33693281
0.060525693;0.069652177;0.33693281
0.062501974;0.069652177;0.33693281
0.062501974;0.069652177;0.34483793
0.062501974;0.069652177;0.33693281
0.062501974;0.069652177;0.33693281
0.062501974;0.069652177;0.33693281
0.064478263;0.067675889;0.34483793
0.064478263;0.069652177;0.33693281
0.064478263;0.067675889;0.33693281
0.064478263;0.067675889;0.33693281
0.066454545;0.067675889;0.33693281
0.066454545;0.069652177;0.33693281
0.064478263;0.067675889;0.33693281
0.068430834;0.067675889;0.33693281
0.068430834;0.067675889;0.33693281
0.068430834;0.069652177;0.33693281
0.068430834;0.069652177;0.33693281
0.068430834;0.067675889;0.33693281
0.068430834;0.067675889;0.33693281
0.070407115;0.067675889;0.33693281
0.068430834;0.069652177;0.33693281
0.070407115;0.069652177;0.33693281
0.070407115;0.067675889;0.34483793
0.072383396;0.067675889;0.34483793
0.072383396;0.069652177;0.33693281
0.072383396;0.069652177;0.34483793
0.070407115;0.067675889;0.33693281
0.072383396;0.067675889;0.33693281
0.070407115;0.069652177;0.33693281
0.072383396;0.067675889;0.34483793
0.072383396;0.067675889;0.33693281
0.074359685;0.067675889;0.33693281
0.074359685;0.067675889;0.34483793
0.074359685;0.069652177;0.33693281
0.074359685;0.067675889;0.34483793
0.074359685;0.067675889;0.34483793
0.076335967;0.067675889;0.34483793
0.076335967;0.067675889;0.34483793
0.074359685;0.067675889;0.34483793
0.076335967;0.067675889;0.33693281
0.076335967;0.067675889;0.33693281
0.076335967;0.067675889;0.34483793
0.076335967;0.067675889;0.34483793
0.076335967;0.067675889;0.33693281
0.076335967;0.067675889;0.33693281
0.078312255;0.069652177;0.33693281
0.076335967;0.067675889;0.33693281
0.078312255;0.069652177;0.34483793
0.076335967;0.067675889;0.33693281
0.076335967;0.067675889;0.34483793
0.076335967;0.067675889;0.33693281
0.078312255;0.069652177;0.33693281
0.078312255;0.067675889;0.34483793
0.078312255;0.067675889;0.33693281
0.076335967;0.067675889;0.33693281
0.076335967;0.067675889;0.33693281
0.078312255;0.067675889;0.33693281
0.078312255;0.067675889;0.34483793
0.076335967;0.069652177;0.33693281
0.078312255;0.067675889;0.34483793
0.078312255;0.067675889;0.33693281
0.078312255;0.067675889;0.34483793
0.078312255;0.067675889;0.34483793
0.076335967;0.067675889;0.33693281
0.076335967;0.067675889;0.34483793
0.078312255;0.067675889;0.33693281
0.076335967;0.067675889;0.34483793
0.078312255;0.067675889;0.33693281
0.076335967;0.067675889;0.33693281
0.078312255;0.067675889;0.33693281
0.078312255;0.067675889;0.33693281
0.076335967;0.067675889;0.33693281
0.076335967;0.067675889;0.33693281
0.078312255;0.067675889;0.34483793
0.078312255;0.067675889;0.33693281
0.076335967;0.065699607;0.34483793
0.076335967;0.067675889;0.34483793
0.076335967;0.067675889;0.33693281
0.076335967;0.067675889;0.34483793
0.076335967;0.065699607;0.34483793
0.076335967;0.067675889;0.33693281
0.076335967;0.067675889;0.33693281
0.076335967;0.067675889;0.34483793
0.076335967;0.067675889;0.33693281
0.074359685;0.067675889;0.33693281
0.076335967;0.067675889;0.33693281
0.074359685;0.067675889;0.34483793
0.074359685;0.067675889;0.34483793
0.076335967;0.067675889;0.33693281
0.074359685;0.067675889;0.34483793
0.074359685;0.067675889;0.33693281
0.074359685;0.067675889;0.34483793
0.072383396;0.067675889;0.34483793
0.074359685;0.065699607;0.34483793
0.072383396;0.067675889;0.33693281
0.074359685;0.065699607;0.33693281
0.072383396;0.065699607;0.34483793
0.072383396;0.067675889;0.33693281
0.070407115;0.067675889;0.34483793
0.070407115;0.065699607;0.33693281
0.070407115;0.067675889;0.33693281
0.070407115;0.065699607;0.33693281
0.070407115;0.067675889;0.33693281
0.068430834;0.065699607;0.33693281
0.068430834;0.065699607;0.33693281
0.068430834;0.067675889;0.33693281
0.068430834;0.065699607;0.33693281
0.068430834;0.065699607;0.34483793
0.066454545;0.065699607;0.33693281
0.066454545;0.067675889;0.33693281
0.066454545;0.065699607;0.34483793
0.064478263;0.065699607;0.33693281
0.066454545;0.065699607;0.33693281
0.064478263;0.065699607;0.33693281
0.066454545;0.065699607;0.33693281
0.064478263;0.065699607;0.33693281
0.064478263;0.065699607;0.33693281
0.064478263;0.065699607;0.33693281
0.062501974;0.065699607;0.33693281
0.062501974;0.063723318;0.33693281
0.062501974;0.063723318;0.34483793
0.062501974;0.065699607;0.33693281
0.060525693;0.065699607;0.33693281
0.060525693;0.067675889;0.33693281
0.060525693;0.065699607;0.33693281
0.058549408;0.065699607;0.34483793
0.058549408;0.065699607;0.33693281
0.058549408;0.065699607;0.33693281
0.058549408;0.063723318;0.34483793
0.056573123;0.065699607;0.33693281
0.056573123;0.065699607;0.34483793
0.056573123;0.063723318;0.33693281
0.056573123;0.063723318;0.33693281
0.054596838;0.065699607;0.33693281
0.054596838;0.065699607;0.34483793
0.054596838;0.063723318;0.33693281
0.054596838;0.063723318;0.33693281
0.052620552;0.065699607;0.33693281
0.052620552;0.065699607;0.33693281
0.050644267;0.063723318;0.33693281
0.050644267;0.063723318;0.33693281
0.050644267;0.063723318;0.34483793
0.050644267;0.063723318;0.34483793
0.048667986;0.063723318;0.32902768
0.048667986;0.063723318;0.34483793
0.048667986;0.061747037;0.33693281
0.046691701;0.063723318;0.33693281
0.046691701;0.065699607;0.33693281
0.044715416;0.065699607;0.33693281
0.044715416;0.063723318;0.34483793
0.046691701;0.063723318;0.33693281
0.042739131;0.063723318;0.33693281
0.042739131;0.063723318;0.33693281
0.042739131;0.063723318;0.33693281
0.042739131;0.063723318;0.33693281
0.040762845;0.063723318;0.34483793
0.040762845;0.063723318;0.33693281
0.040762845;0.063723318;0.32902768
0.03878656;0.063723318;0.34483793
0.03878656;0.063723318;0.33693281
0.03878656;0.063723318;0.34483793
0.036810275;0.063723318;0.34483793
0.036810275;0.061747037;0.33693281
0.036810275;0.061747037;0.33693281
0.034833994;0.061747037;0.33693281
0.034833994;0.063723318;0.33693281
0.034833994;0.063723318;0.33693281
0.032857709;0.063723318;0.34483793
0.032857709;0.061747037;0.34483793
0.030881424;0.063723318;0.33693281
0.030881424;0.061747037;0.33693281
0.030881424;0.061747037;0.33693281
0.030881424;0.061747037;0.34483793
0.030881424;0.061747037;0.33693281
0.028905138;0.061747037;0.33693281
0.026928853;0.061747037;0.33693281
0.026928853;0.061747037;0.33693281
0.026928853;0.061747037;0.34483793
0.026928853;0.061747037;0.34483793
0.02495257;0.061747037;0.33693281
0.02495257;0.061747037;0.33693281
0.022976285;0.061747037;0.34483793
0.022976285;0.061747037;0.34483793
0.021;0.061747037;0.33693281
0.021;0.061747037;0.34483793
0.021;0.061747037;0.34483793
0.021;0.061747037;0.34483793
0.019023715;0.061747037;0.33693281
0.019023715;0.061747037;0.34483793
0.019023715;0.061747037;0.34483793
0.019023715;0.061747037;0.34483793
0.017047431;0.061747037;0.33693281
0.017047431;0.059770752;0.33693281
0.017047431;0.061747037;0.34483793
0.017047431;0.061747037;0.33693281
0.015071146;0.061747037;0.34483793
0.015071146;0.061747037;0.34483793
0.013094862;0.059770752;0.33693281
0.013094862;0.061747037;0.34483793
0.011118577;0.059770752;0.33693281
0.0091422927;0.059770752;0.33693281
0.011118577;0.059770752;0.34483793
0.0091422927;0.059770752;0.34483793
0.0091422927;0.059770752;0.33693281
0.0091422927;0.059770752;0.34483793
0.007166008;0.059770752;0.34483793
0.0051897233;0.059770752;0.34483793
0.007166008;0.059770752;0.33693281
0.0051897233;0.059770752;0.33693281
0.0032134387;0.059770752;0.33693281
0.0032134387;0.059770752;0.33693281
0.0032134387;0.059770752;0.33693281
0.0012371541;0.059770752;0.33693281
0.0012371541;0.061747037;0.34483793
-0.00073913042;0.059770752;0.34483793
-0.00073913042;0.059770752;0.33693281
-0.00073913042;0.059770752;0.33693281
-0.00073913042;0.059770752;0.34483793
-0.00073913042;0.059770752;0.34483793
-0.0027154151;0.057794467;0.34483793
-0.0027154151;0.059770752;0.33693281
-0.0046916995;0.059770752;0.33693281
-0.0046916995;0.059770752;0.33693281
-0.0046916995;0.057794467;0.33693281
-0.0066679842;0.059770752;0.33693281
-0.0066679842;0.059770752;0.34483793
-0.0066679842;0.059770752;0.33693281
-0.0086442688;0.057794467;0.33693281
-0.0066679842;0.057794467;0.33693281
-0.0086442688;0.059770752;0.33693281
-0.010620553;0.057794467;0.34483793
-0.010620553;0.059770752;0.34483793
-0.010620553;0.057794467;0.33693281
-0.012596838;0.057794467;0.33693281
-0.010620553;0.057794467;0.34483793
-0.012596838;0.059770752;0.33693281
-0.010620553;0.057794467;0.33693281
-0.012596838;0.057794467;0.33693281
-0.012596838;0.057794467;0.33693281
-0.012596838;0.059770752;0.34483793
-0.014573122;0.057794467;0.33693281
-0.014573122;0.057794467;0.32902768
-0.014573122;0.057794467;0.34483793
-0.014573122;0.057794467;0.33693281
-0.016549407;0.057794467;0.33693281
-0.016549407;0.057794467;0.33693281
-0.018525692;0.057794467;0.34483793
-0.018525692;0.057794467;0.33693281
-0.016549407;0.055818181;0.33693281
-0.018525692;0.057794467;0.33693281
-0.018525692;0.057794467;0.34483793
-0.020501977;0.057794467;0.33693281
-0.020501977;0.057794467;0.33693281
-0.020501977;0.055818181;0.33693281
-0.02247826;0.057794467;0.33693281
-0.020501977;0.057794467;0.33693281
-0.020501977;0.057794467;0.34483793
-0.02247826;0.055818181;0.33693281
-0.02247826;0.055818181;0.34483793
-0.02247826;0.055818181;0.33693281
-0.02247826;0.055818181;0.34483793
-0.024454545;0.055818181;0.34483793
-0.024454545;0.055818181;0.33693281
-0.02247826;0.055818181;0.33693281
-0.024454545;0.053841896;0.33693281
-0.02643083;0.055818181;0.33693281
-0.024454545;0.055818181;0.33693281
-0.024454545;0.055818181;0.34483793
-0.024454545;0.055818181;0.33693281
-0.028407115;0.055818181;0.33693281
-0.02643083;0.053841896;0.33693281
-0.028407115;0.055818181;0.34483793
-0.028407115;0.055818181;0.34483793
-0.028407115;0.055818181;0.34483793
-0.02643083;0.053841896;0.34483793
-0.028407115;0.055818181;0.34483793
-0.028407115;0.055818181;0.33693281
-0.028407115;0.055818181;0.34483793
-0.030383399;0.055818181;0.33693281
-0.028407115;0.053841896;0.34483793
-0.030383399;0.053841896;0.33693281
-0.030383399;0.053841896;0.33693281
-0.032359682;0.053841896;0.33693281
-0.032359682;0.053841896;0.33693281
-0.030383399;0.053841896;0.33693281
-0.030383399;0.053841896;0.33693281
-0.032359682;0.053841896;0.33693281
-0.032359682;0.053841896;0.33693281
-0.032359682;0.053841896;0.33693281
-0.030383399;0.053841896;0.33693281
-0.032359682;0.053841896;0.33693281
-0.032359682;0.053841896;0.33693281
-0.032359682;0.051865611;0.33693281
-0.032359682;0.051865611;0.33693281
-0.032359682;0.051865611;0.34483793
-0.032359682;0.053841896;0.33693281
-0.032359682;0.051865611;0.33693281
-0.030383399;0.051865611;0.33693281
-0.032359682;0.053841896;0.33693281
-0.032359682;0.051865611;0.34483793
-0.032359682;0.051865611;0.32902768
-0.032359682;0.04988933;0.33693281
-0.032359682;0.051865611;0.33693281
-0.032359682;0.051865611;0.33693281
-0.032359682;0.051865611;0.33693281
-0.030383399;0.051865611;0.33693281
-0.032359682;0.051865611;0.33693281
-0.034335967;0.051865611;0.33693281
-0.032359682;0.051865611;0.33693281
-0.032359682;0.051865611;0.34483793
-0.032359682;0.051865611;0.34483793
-0.032359682;0.051865611;0.33693281
-0.032359682;0.051865611;0.33693281
-0.034335967;0.04988933;0.33693281
-0.032359682;0.051865611;0.34483793
-0.032359682;0.04988933;0.33693281
-0.032359682;0.04988933;0.34483793
-0.030383399;0.051865611;0.33693281
-0.030383399;0.04988933;0.34483793
-0.030383399;0.051865611;0.33693281
-0.030383399;0.04988933;0.33693281
-0.030383399;0.051865611;0.33693281
-0.028407115;0.04988933;0.33693281
-0.030383399;0.04988933;0.33693281
-0.030383399;0.04988933;0.33693281
-0.030383399;0.04988933;0.34483793
-0.030383399;0.04988933;0.34483793
-0.030383399;0.04988933;0.33693281
-0.030383399;0.04988933;0.34483793
-0.028407115;0.047913045;0.33693281
-0.030383399;0.04988933;0.33693281
-0.030383399;0.04988933;0.33693281
-0.030383399;0.047913045;0.33693281
-0.028407115;0.04988933;0.33693281
-0.028407115;0.04988933;0.33693281
-0.02643083;0.047913045;0.33693281
-0.028407115;0.04988933;0.33693281
-0.028407115;0.04988933;0.34483793
-0.02643083;0.04988933;0.33693281
-0.02643083;0.04988933;0.33693281
-0.02643083;0.047913045;0.33693281
-0.024454545;0.047913045;0.33693281
-0.02643083;0.04988933;0.33693281
-0.02643083;0.047913045;0.34483793
-0.024454545;0.047913045;0.34483793
-0.024454545;0.047913045;0.33693281
-0.024454545;0.047913045;0.33693281
-0.02247826;0.047913045;0.33693281
-0.024454545;0.047913045;0.33693281
-0.02247826;0.047913045;0.33693281
-0.02247826;0.047913045;0.33693281
-0.02247826;0.047913045;0.33693281
-0.02247826;0.047913045;0.34483793
-0.020501977;0.047913045;0.33693281
-0.02247826;0.04593676;0.33693281
-0.020501977;0.047913045;0.33693281
-0.020501977;0.047913045;0.33693281
-0.020501977;0.047913045;0.34483793
-0.018525692;0.04593676;0.33693281
-0.018525692;0.04593676;0.33693281
-0.018525692;0.04593676;0.33693281
-0.018525692;0.04593676;0.33693281
-0.016549407;0.047913045;0.34483793
-0.016549407;0.047913045;0.34483793
-0.016549407;0.047913045;0.34483793
-0.014573122;0.047913045;0.33693281
-0.014573122;0.04593676;0.34483793
-0.012596838;0.04593676;0.33693281
-0.014573122;0.04593676;0.34483793
-0.012596838;0.047913045;0.33693281
-0.012596838;0.047913045;0.34483793
-0.012596838;0.043960474;0.33693281
-0.010620553;0.043960474;0.33693281
-0.010620553;0.04593676;0.33693281
-0.010620553;0.04593676;0.34483793
-0.0086442688;0.04593676;0.34483793
-0.010620553;0.043960474;0.34483793
-0.0086442688;0.04593676;0.33693281
-0.010620553;0.043960474;0.34483793
-0.0066679842;0.04593676;0.33693281
-0.0066679842;0.04593676;0.33693281
-0.0066679842;0.043960474;0.34483793
-0.0066679842;0.04593676;0.34483793
-0.0066679842;0.043960474;0.33693281
-0.0066679842;0.041984189;0.33693281
-0.0046916995;0.041984189;0.34483793
-0.0046916995;0.041984189;0.33693281
-0.0027154151;0.041984189;0.33693281
-0.0027154151;0.041984189;0.34483793
-0.0027154151;0.043960474;0.33693281
-0.0027154151;0.043960474;0.33693281
-0.0027154151;0.043960474;0.33693281
-0.00073913042;0.043960474;0.34483793
-0.00073913042;0.043960474;0.33693281
0.0012371541;0.043960474;0.34483793
0.0012371541;0.041984189;0.34483793
0.0012371541;0.041984189;0.33693281
0.0032134387;0.043960474;0.33693281
0.0051897233;0.041984189;0.33693281
0.0051897233;0.043960474;0.33693281
0.0051897233;0.041984189;0.33693281
0.007166008;0.041984189;0.33693281
0.007166008;0.041984189;0.34483793
0.007166008;0.041984189;0.33693281
0.007166008;0.041984189;0.34483793
0.0091422927;0.041984189;0.33693281
0.0091422927;0.041984189;0.33693281
0.011118577;0.041984189;0.33693281
0.011118577;0.041984189;0.33693281
0.013094862;0.041984189;0.34483793
0.011118577;0.040007904;0.33693281
0.013094862;0.041984189;0.34483793
0.015071146;0.041984189;0.33693281
0.013094862;0.040007904;0.33693281
0.015071146;0.041984189;0.33693281
0.017047431;0.040007904;0.33693281
0.017047431;0.040007904;0.33693281
0.017047431;0.040007904;0.34483793
0.017047431;0.040007904;0.33693281
0.019023715;0.040007904;0.33693281
0.019023715;0.040007904;0.33693281
0.019023715;0.040007904;0.32902768
0.021;0.040007904;0.33693281
0.021;0.040007904;0.34483793
0.022976285;0.040007904;0.33693281
0.022976285;0.040007904;0.33693281
0.022976285;0.040007904;0.34483793
0.022976285;0.040007904;0.34483793
0.02495257;0.040007904;0.33693281
0.02495257;0.040007904;0.33693281
0.026928853;0.040007904;0.33693281
0.02495257;0.038031619;0.33693281
0.026928853;0.040007904;0.34483793
0.028905138;0.038031619;0.33693281
0.028905138;0.038031619;0.34483793
0.030881424;0.038031619;0.33693281
0.030881424;0.040007904;0.34483793
0.030881424;0.038031619;0.33693281
0.030881424;0.040007904;0.34483793
0.030881424;0.038031619;0.33693281
0.032857709;0.038031619;0.33693281
0.032857709;0.038031619;0.33693281
0.034833994;0.038031619;0.33693281
0.034833994;0.040007904;0.33693281
0.034833994;0.038031619;0.34483793
0.036810275;0.038031619;0.34483793
0.036810275;0.038031619;0.33693281
0.03878656;0.038031619;0.33693281
0.03878656;0.038031619;0.33693281
0.040762845;0.038031619;0.33693281
0.03878656;0.038031619;0.34483793
0.040762845;0.038031619;0.33693281
0.042739131;0.038031619;0.33693281
0.042739131;0.036055338;0.33693281
0.040762845;0.038031619;0.33693281
0.042739131;0.038031619;0.32902768
0.044715416;0.038031619;0.33693281
0.042739131;0.036055338;0.33693281
0.044715416;0.036055338;0.33693281
0.046691701;0.038031619;0.33693281
0.046691701;0.036055338;0.33693281
0.046691701;0.036055338;0.33693281
0.048667986;0.036055338;0.33693281
0.048667986;0.036055338;0.34483793
0.050644267;0.036055338;0.33693281
0.050644267;0.036055338;0.34483793
0.050644267;0.036055338;0.33693281
0.052620552;0.036055338;0.34483793
0.052620552;0.036055338;0.34483793
0.052620552;0.036055338;0.33693281
0.050644267;0.034079053;0.34483793
0.054596838;0.034079053;0.33693281
0.054596838;0.036055338;0.33693281
0.054596838;0.036055338;0.33693281
0.054596838;0.034079053;0.34483793
0.054596838;0.034079053;0.34483793
0.054596838;0.034079053;0.34483793
0.054596838;0.034079053;0.34483793
0.058549408;0.034079053;0.33693281
0.056573123;0.034079053;0.33693281
0.058549408;0.034079053;0.33693281
0.058549408;0.034079053;0.33693281
0.058549408;0.034079053;0.34483793
0.060525693;0.034079053;0.33693281
0.060525693;0.034079053;0.34483793
0.060525693;0.034079053;0.33693281
0.062501974;0.034079053;0.34483793
0.062501974;0.034079053;0.34483793
0.062501974;0.034079053;0.34483793
0.062501974;0.034079053;0.34483793
0.064478263;0.034079053;0.33693281
0.064478263;0.034079053;0.33693281
0.064478263;0.034079053;0.34483793
0.064478263;0.032102767;0.33693281
0.064478263;0.032102767;0.33693281
0.064478263;0.032102767;0.34483793
0.066454545;0.032102767;0.34483793
0.066454545;0.032102767;0.34483793
0.066454545;0.032102767;0.33693281
0.066454545;0.032102767;0.33693281
0.066454545;0.032102767;0.33693281
0.068430834;0.032102767;0.33693281
0.068430834;0.032102767;0.34483793
0.068430834;0.032102767;0.33693281
0.068430834;0.032102767;0.34483793
0.070407115;0.032102767;0.33693281
0.070407115;0.030126482;0.33693281
0.070407115;0.032102767;0.34483793
0.072383396;0.030126482;0.33693281
0.072383396;0.032102767;0.32902768
0.070407115;0.032102767;0.33693281
0.072383396;0.030126482;0.33693281
0.072383396;0.030126482;0.34483793
0.072383396;0.030126482;0.33693281
0.072383396;0.030126482;0.34483793
0.072383396;0.032102767;0.33693281
0.074359685;0.030126482;0.34483793
0.074359685;0.030126482;0.34483793
0.074359685;0.030126482;0.33693281
0.074359685;0.030126482;0.33693281
0.074359685;0.030126482;0.33693281
0.074359685;0.030126482;0.33693281
0.076335967;0.030126482;0.33693281
0.074359685;0.028150197;0.33693281
0.076335967;0.030126482;0.33693281
0.076335967;0.028150197;0.33693281
0.076335967;0.028150197;0.33693281
0.074359685;0.030126482;0.33693281
0.076335967;0.026173914;0.33693281
0.076335967;0.030126482;0.34483793
0.078312255;0.028150197;0.33693281
0.076335967;0.028150197;0.33693281
0.078312255;0.028150197;0.33693281
0.078312255;0.030126482;0.33693281
0.076335967;0.028150197;0.34483793
0.076335967;0.028150197;0.33693281
0.078312255;0.028150197;0.33693281
0.078312255;0.026173914;0.34483793
0.078312255;0.028150197;0.34483793
0.076335967;0.028150197;0.33693281
0.078312255;0.026173914;0.33693281
0.078312255;0.026173914;0.33693281
0.076335967;0.026173914;0.33693281
0.078312255;0.028150197;0.33693281
0.078312255;0.028150197;0.34483793
0.078312255;0.026173914;0.34483793
0.078312255;0.026173914;0.34483793
0.076335967;0.026173914;0.33693281
0.078312255;0.026173914;0.33693281
0.078312255;0.026173914;0.34483793
0.078312255;0.026173914;0.33693281
0.078312255;0.026173914;0.33693281
0.078312255;0.026173914;0.34483793
0.078312255;0.024197629;0.33693281
0.076335967;0.024197629;0.34483793
0.078312255;0.026173914;0.33693281
0.076335967;0.024197629;0.33693281
0.076335967;0.026173914;0.33693281
0.076335967;0.026173914;0.33693281
0.076335967;0.024197629;0.34483793
0.076335967;0.024197629;0.33693281
0.076335967;0.024197629;0.34483793
0.076335967;0.024197629;0.33693281
0.076335967;0.024197629;0.33693281
0.076335967;0.024197629;0.33693281
0.076335967;0.024197629;0.34483793
0.076335967;0.024197629;0.34483793
0.074359685;0.024197629;0.33693281
0.076335967;0.024197629;0.34483793
0.074359685;0.024197629;0.33693281
0.074359685;0.024197629;0.33693281
0.074359685;0.024197629;0.33693281
0.074359685;0.022221344;0.33693281
0.072383396;0.022221344;0.34483793
0.072383396;0.024197629;0.34483793
0.074359685;0.022221344;0.33693281
0.074359685;0.022221344;0.33693281
0.072383396;0.022221344;0.33693281
0.072383396;0.022221344;0.33693281
0.072383396;0.022221344;0.33693281
0.072383396;0.022221344;0.33693281
0.072383396;0.022221344;0.34483793
0.070407115;0.022221344;0.33693281
0.070407115;0.022221344;0.33693281
0.070407115;0.022221344;0.34483793
0.070407115;0.020245058;0.33693281
0.068430834;0.022221344;0.33693281
0.070407115;0.020245058;0.33693281
0.070407115;0.020245058;0.33693281
0.068430834;0.020245058;0.34483793
0.068430834;0.020245058;0.33693281
0.068430834;0.022221344;0.34483793
0.066454545;0.020245058;0.33693281
0.066454545;0.020245058;0.33693281
0.066454545;0.020245058;0.33693281
0.066454545;0.020245058;0.33693281
0.064478263;0.020245058;0.33693281
0.066454545;0.020245058;0.33693281
0.064478263;0.020245058;0.33693281
0.064478263;0.020245058;0.33693281
0.064478263;0.020245058;0.33693281
0.064478263;0.020245058;0.33693281
0.062501974;0.020245058;0.34483793
0.062501974;0.020245058;0.33693281
0.062501974;0.020245058;0.34483793
0.062501974;0.018268775;0.34483793
0.062501974;0.020245058;0.33693281
0.060525693;0.020245058;0.33693281
0.060525693;0.018268775;0.34483793
0.058549408;0.018268775;0.33693281
0.058549408;0.020245058;0.34483793
0.058549408;0.018268775;0.34483793
0.058549408;0.018268775;0.34483793
0.058549408;0.018268775;0.33693281
0.056573123;0.018268775;0.33693281
0.054596838;0.018268775;0.34483793
0.054596838;0.018268775;0.34483793
0.054596838;0.018268775;0.33693281
0.054596838;0.018268775;0.33693281
0.054596838;0.018268775;0.34483793
0.054596838;0.018268775;0.34483793
0.052620552;0.018268775;0.34483793
0.052620552;0.018268775;0.34483793
0.052620552;0.01629249;0.34483793
0.050644267;0.01629249;0.33693281
0.050644267;0.01629249;0.33693281
0.048667986;0.01629249;0.33693281
0.048667986;0.018268775;0.33693281
0.048667986;0.01629249;0.33693281
0.048667986;0.01629249;0.33693281
0.048667986;0.01629249;0.34483793
0.048667986;0.01629249;0.33693281
0.044715416;0.01629249;0.33693281
0.044715416;0.014316206;0.33693281
0.044715416;0.01629249;0.33693281
0.042739131;0.014316206;0.33693281
0.042739131;0.01629249;0.33693281
0.042739131;0.01629249;0.34483793
0.042739131;0.014316206;0.33693281
0.042739131;0.01629249;0.33693281
0.042739131;0.014316206;0.33693281
0.03878656;0.014316206;0.33693281
0.03878656;0.01629249;0.34483793
0.03878656;0.014316206;0.33693281
0.03878656;0.014316206;0.33693281
0.036810275;0.014316206;0.34483793
0.034833994;0.014316206;0.33693281
0.036810275;0.014316206;0.33693281
0.036810275;0.014316206;0.33693281
0.034833994;0.014316206;0.33693281
0.034833994;0.014316206;0.33693281
0.032857709;0.012339921;0.33693281
0.030881424;0.014316206;0.33693281
0.032857709;0.012339921;0.33693281
0.030881424;0.014316206;0.34483793
0.030881424;0.012339921;0.33693281
0.030881424;0.012339921;0.33693281
0.026928853;0.014316206;0.34483793
0.028905138;0.012339921;0.33693281
0.028905138;0.012339921;0.33693281
0.026928853;0.012339921;0.34483793
0.026928853;0.012339921;0.34483793
0.02495257;0.012339921;0.34483793
0.02495257;0.012339921;0.33693281
0.02495257;0.012339921;0.34483793
0.02495257;0.012339921;0.33693281
0.022976285;0.010363637;0.33693281
0.022976285;0.012339921;0.34483793
0.021;0.012339921;0.33693281
0.021;0.010363637;0.33693281
0.021;0.010363637;0.33693281
0.019023715;0.010363637;0.33693281
0.019023715;0.012339921;0.34483793
0.017047431;0.010363637;0.34483793
0.017047431;0.010363637;0.34483793
0.017047431;0.010363637;0.34483793
0.017047431;0.010363637;0.33693281
0.015071146;0.012339921;0.34483793
0.017047431;0.010363637;0.33693281
0.015071146;0.010363637;0.33693281
0.015071146;0.010363637;0.34483793
0.013094862;0.012339921;0.33693281
0.011118577;0.010363637;0.34483793
0.013094862;0.010363637;0.33693281
0.011118577;0.010363637;0.33693281
0.011118577;0.010363637;0.34483793
0.0091422927;0.010363637;0.33693281
0.0091422927;0.010363637;0.33693281
0.007166008;0.0083873514;0.33693281
0.007166008;0.0083873514;0.33693281
0.007166008;0.0083873514;0.33693281
0.0051897233;0.0083873514;0.34483793
0.0051897233;0.0083873514;0.33693281
0.0051897233;0.0083873514;0.34483793
0.0032134387;0.010363637;0.34483793
0.0012371541;0.0083873514;0.33693281
0.0012371541;0.0083873514;0.33693281
0.0032134387;0.0083873514;0.34483793
0.0012371541;0.0083873514;0.34483793
-0.00073913042;0.0083873514;0.34483793
-0.00073913042;0.0083873514;0.34483793
-0.0027154151;0.0083873514;0.33693281
-0.00073913042;0.0083873514;0.33693281
-0.0027154151;0.0083873514;0.33693281
-0.0027154151;0.0083873514;0.34483793
-0.0046916995;0.0083873514;0.33693281
-0.0046916995;0.0083873514;0.33693281
-0.0046916995;0.0064110672;0.33693281
-0.0066679842;0.0083873514;0.33693281
-0.0066679842;0.0083873514;0.33693281
-0.0066679842;0.0064110672;0.34483793
-0.0086442688;0.0064110672;0.34483793
-0.0066679842;0.0064110672;0.33693281
-0.0086442688;0.0064110672;0.33693281
-0.0086442688;0.0064110672;0.33693281
-0.0086442688;0.0064110672;0.33693281
-0.010620553;0.0064110672;0.33693281
-0.010620553;0.0064110672;0.33693281
-0.010620553;0.0064110672;0.32902768
-0.010620553;0.0044347825;0.33693281
-0.012596838;0.0064110672;0.33693281
-0.012596838;0.0064110672;0.33693281
-0.012596838;0.0064110672;0.33693281
-0.012596838;0.0064110672;0.34483793
-0.014573122;0.0044347825;0.33693281
-0.014573122;0.0064110672;0.34483793
-0.016549407;0.0044347825;0.34483793
-0.014573122;0.0044347825;0.34483793
-0.016549407;0.0044347825;0.33693281
-0.018525692;0.0044347825;0.34483793
-0.016549407;0.0024584981;0.34483793
-0.018525692;0.0064110672;0.33693281
-0.018525692;0.0044347825;0.34483793
-0.020501977;0.0044347825;0.33693281
-0.018525692;0.0044347825;0.33693281
-0.020501977;0.0044347825;0.33693281
-0.020501977;0.0024584981;0.33693281
-0.020501977;0.0044347825;0.34483793
-0.020501977;0.0024584981;0.33693281
-0.02247826;0.0044347825;0.34483793
-0.02247826;0.0024584981;0.33693281
-0.020501977;0.0044347825;0.33693281
-0.02247826;0.0024584981;0.34483793
-0.02247826;0.0024584981;0.34483793
-0.024454545;0.0024584981;0.33693281
-0.024454545;0.0024584981;0.33693281
-0.024454545;0.0024584981;0.33693281
-0.024454545;0.0024584981;0.33693281
-0.02643083;0.0024584981;0.33693281
-0.02643083;0.0024584981;0.33693281
-0.024454545;0.00048221345;0.33693281
-0.02643083;0.0024584981;0.33693281
-0.028407115;0.00048221345;0.34483793
-0.02643083;0.00048221345;0.33693281
-0.02643083;0.00048221345;0.33693281
-0.02643083;0.00048221345;0.34483793
-0.028407115;0.00048221345;0.33693281
-0.028407115;0.00048221345;0.33693281
-0.028407115;0.00048221345;0.34483793
-0.028407115;0.00048221345;0.33693281
-0.028407115;0.00048221345;0.33693281
-0.030383399;0.00048221345;0.33693281
-0.028407115;0.00048221345;0.33693281
-0.030383399;0.00048221345;0.34483793
-0.030383399;0.00048221345;0.34483793
-0.028407115;-0.0014940711;0.33693281
-0.030383399;0.00048221345;0.33693281
-0.030383399;0.00048221345;0.34483793
-0.032359682;0.00048221345;0.33693281
-0.030383399;-0.0014940711;0.33693281
-0.032359682;-0.0014940711;0.33693281
-0.032359682;0.00048221345;0.33693281
-0.032359682;0.00048221345;0.33693281
-0.030383399;-0.0014940711;0.33693281
-0.030383399;-0.0014940711;0.33693281
-0.032359682;0.00048221345;0.33693281
-0.030383399;-0.0014940711;0.34483793
-0.034335967;-0.0014940711;0.33693281
-0.030383399;-0.0014940711;0.33693281
-0.032359682;-0.0014940711;0.33693281
-0.030383399;-0.0014940711;0.33693281
-0.032359682;-0.0014940711;0.33693281
-0.034335967;0.00048221345;0.33693281
-0.032359682;-0.0014940711;0.33693281
-0.032359682;-0.0014940711;0.33693281
-0.032359682;-0.0014940711;0.33693281
-0.032359682;-0.0034703556;0.33693281
-0.034335967;-0.0014940711;0.34483793
-0.032359682;-0.0014940711;0.33693281
-0.032359682;-0.0014940711;0.34483793
-0.032359682;-0.0034703556;0.34483793
-0.034335967;-0.0034703556;0.34483793
-0.032359682;-0.0034703556;0.33693281
-0.032359682;-0.0034703556;0.33693281
-0.032359682;-0.0034703556;0.34483793
-0.032359682;-0.0034703556;0.33693281
-0.032359682;-0.0034703556;0.33693281
-0.032359682;-0.0034703556;0.33693281
-0.030383399;-0.0034703556;0.33693281
-0.032359682;-0.0034703556;0.33693281
-0.032359682;-0.0034703556;0.33693281
-0.030383399;-0.0034703556;0.33693281
-0.030383399;-0.0034703556;0.33693281
-0.032359682;-0.0054466403;0.33693281
-0.030383399;-0.0034703556;0.33693281
-0.030383399;-0.0034703556;0.34483793
-0.030383399;-0.0034703556;0.33693281
-0.030383399;-0.0054466403;0.33693281
-0.030383399;-0.0034703556;0.34483793
-0.030383399;-0.0054466403;0.33693281
-0.030383399;-0.0034703556;0.33693281
-0.028407115;-0.0054466403;0.34483793
-0.030383399;-0.0034703556;0.33693281
-0.028407115;-0.0054466403;0.34483793
-0.028407115;-0.0054466403;0.33693281
-0.028407115;-0.0054466403;0.33693281
-0.028407115;-0.0054466403;0.33693281
-0.02643083;-0.0034703556;0.33693281
-0.02643083;-0.0034703556;0.34483793
-0.02643083;-0.0054466403;0.32902768
-0.028407115;-0.0054466403;0.33693281
-0.02643083;-0.0034703556;0.33693281
-0.024454545;-0.0054466403;0.34483793
-0.02643083;-0.0054466403;0.33693281
-0.024454545;-0.0054466403;0.33693281
-0.024454545;-0.0054466403;0.34483793
-0.024454545;-0.0054466403;0.33693281
-0.024454545;-0.0054466403;0.34483793
-0.024454545;-0.0054466403;0.32902768
-0.02247826;-0.0054466403;0.33693281
-0.02247826;-0.0054466403;0.33693281
-0.02247826;-0.0054466403;0.33693281
-0.02247826;-0.007422925;0.34483793
-0.02247826;-0.0054466403;0.34483793
-0.02247826;-0.0054466403;0.33693281
-0.020501977;-0.007422925;0.33693281
-0.020501977;-0.007422925;0.33693281
-0.020501977;-0.007422925;0.33693281
-0.020501977;-0.0054466403;0.33693281
-0.018525692;-0.007422925;0.33693281
-0.018525692;-0.007422925;0.33693281
-0.020501977;-0.007422925;0.33693281
-0.018525692;-0.007422925;0.33693281
-0.018525692;-0.0054466403;0.33693281
-0.016549407;-0.007422925;0.33693281
-0.016549407;-0.007422925;0.34483793
-0.016549407;-0.007422925;0.33693281
-0.016549407;-0.007422925;0.34483793
-0.014573122;-0.007422925;0.34483793
-0.016549407;-0.007422925;0.33693281
-0.012596838;-0.007422925;0.33693281
-0.014573122;-0.007422925;0.33693281
-0.014573122;-0.0093992092;0.34483793
-0.012596838;-0.007422925;0.33693281
-0.012596838;-0.007422925;0.33693281
-0.010620553;-0.007422925;0.33693281
-0.010620553;-0.007422925;0.33693281
-0.010620553;-0.007422925;0.34483793
-0.0086442688;-0.0093992092;0.33693281
-0.010620553;-0.007422925;0.34483793
-0.0086442688;-0.0093992092;0.33693281
-0.0086442688;-0.007422925;0.34483793
-0.0086442688;-0.007422925;0.34483793
-0.0066679842;-0.007422925;0.34483793
-0.0086442688;-0.007422925;0.34483793
-0.0066679842;-0.0093992092;0.33693281
-0.0046916995;-0.007422925;0.34483793
-0.0046916995;-0.0093992092;0.34483793
-0.0027154151;-0.0093992092;0.33693281
-0.0046916995;-0.0093992092;0.33693281
-0.0027154151;-0.0093992092;0.34483793
-0.0027154151;-0.0093992092;0.34483793
-0.0027154151;-0.0093992092;0.33693281
-0.00073913042;-0.0093992092;0.34483793
-0.00073913042;-0.0093992092;0.33693281
0.0012371541;-0.0093992092;0.34483793
0.0012371541;-0.011375494;0.33693281
0.0012371541;-0.0093992092;0.33693281
0.0012371541;-0.0093992092;0.34483793
0.0012371541;-0.0093992092;0.33693281
0.0032134387;-0.0093992092;0.33693281
0.0051897233;-0.0093992092;0.34483793
0.0051897233;-0.0093992092;0.33693281
0.007166008;-0.011375494;0.33693281
0.007166008;-0.011375494;0.33693281
0.007166008;-0.011375494;0.34483793
0.007166008;-0.013351778;0.33693281
0.0091422927;-0.011375494;0.33693281
0.0091422927;-0.011375494;0.33693281
0.0091422927;-0.0093992092;0.33693281
0.011118577;-0.011375494;0.34483793
0.011118577;-0.011375494;0.33693281
0.011118577;-0.011375494;0.33693281
0.013094862;-0.011375494;0.34483793
0.015071146;-0.011375494;0.34483793
0.015071146;-0.011375494;0.33693281
0.015071146;-0.011375494;0.33693281
0.015071146;-0.011375494;0.34483793
0.017047431;-0.011375494;0.34483793
0.017047431;-0.011375494;0.34483793
0.017047431;-0.011375494;0.33693281
0.017047431;-0.011375494;0.33693281
0.019023715;-0.011375494;0.33693281
0.021;-0.013351778;0.33693281
0.021;-0.011375494;0.33693281
0.022976285;-0.011375494;0.34483793
0.021;-0.011375494;0.34483793
0.022976285;-0.011375494;0.34483793
0.022976285;-0.011375494;0.34483793
0.02495257;-0.013351778;0.33693281
0.02495257;-0.013351778;0.33693281
0.02495257;-0.013351778;0.34483793
0.026928853;-0.013351778;0.33693281
0.026928853;-0.011375494;0.33693281
0.026928853;-0.013351778;0.34483793
0.028905138;-0.015328064;0.33693281
0.028905138;-0.013351778;0.33693281
0.030881424;-0.013351778;0.33693281
0.030881424;-0.013351778;0.34483793
0.030881424;-0.013351778;0.33693281
0.030881424;-0.015328064;0.33693281
0.032857709;-0.015328064;0.33693281
0.032857709;-0.015328064;0.33693281
0.032857709;-0.013351778;0.33693281
0.034833994;-0.013351778;0.33693281
0.034833994;-0.015328064;0.34483793
0.034833994;-0.013351778;0.33693281
0.03878656;-0.015328064;0.33693281
0.036810275;-0.015328064;0.33693281
0.036810275;-0.013351778;0.33693281
0.03878656;-0.015328064;0.33693281
0.03878656;-0.015328064;0.33693281
0.040762845;-0.015328064;0.33693281
0.040762845;-0.015328064;0.33693281
0.040762845;-0.015328064;0.33693281
0.040762845;-0.013351778;0.34483793
0.042739131;-0.013351778;0.34483793
0.044715416;-0.015328064;0.33693281
0.042739131;-0.015328064;0.33693281
0.044715416;-0.015328064;0.33693281
0.044715416;-0.017304348;0.34483793
0.044715416;-0.015328064;0.34483793
0.046691701;-0.015328064;0.33693281
0.046691701;-0.015328064;0.34483793
0.046691701;-0.015328064;0.33693281
0.048667986;-0.015328064;0.33693281
0.048667986;-0.015328064;0.34483793
0.048667986;-0.017304348;0.34483793
0.050644267;-0.015328064;0.33693281
0.050644267;-0.015328064;0.34483793
0.052620552;-0.015328064;0.33693281
0.052620552;-0.015328064;0.33693281
0.052620552;-0.015328064;0.33693281
0.054596838;-0.015328064;0.34483793
0.054596838;-0.015328064;0.33693281
0.056573123;-0.015328064;0.33693281
0.056573123;-0.015328064;0.33693281
0.056573123;-0.017304348;0.33693281
0.054596838;-0.015328064;0.34483793
0.056573123;-0.017304348;0.33693281
0.056573123;-0.017304348;0.33693281
0.058549408;-0.017304348;0.34483793
0.058549408;-0.017304348;0.34483793
0.056573123;-0.015328064;0.33693281
0.060525693;-0.017304348;0.34483793
0.058549408;-0.017304348;0.33693281
0.060525693;-0.017304348;0.33693281
0.062501974;-0.017304348;0.33693281
0.062501974;-0.019280633;0.34483793
0.062501974;-0.017304348;0.33693281
0.062501974;-0.015328064;0.34483793
0.062501974;-0.017304348;0.33693281
0.062501974;-0.017304348;0.33693281
0.064478263;-0.017304348;0.33693281
0.064478263;-0.017304348;0.33693281
0.064478263;-0.017304348;0.34483793
0.064478263;-0.017304348;0.33693281
0.066454545;-0.017304348;0.33693281
0.066454545;-0.019280633;0.33693281
0.068430834;-0.017304348;0.33693281
0.066454545;-0.019280633;0.34483793
0.068430834;-0.019280633;0.33693281
0.068430834;-0.019280633;0.33693281
0.068430834;-0.017304348;0.33693281
0.068430834;-0.019280633;0.34483793
0.070407115;-0.019280633;0.34483793
0.070407115;-0.017304348;0.33693281
0.070407115;-0.019280633;0.33693281
0.070407115;-0.017304348;0.34483793
0.070407115;-0.019280633;0.34483793
0.070407115;-0.019280633;0.34483793
0.072383396;-0.017304348;0.33693281
0.070407115;-0.019280633;0.34483793
0.072383396;-0.019280633;0.34483793
0.072383396;-0.017304348;0.33693281
0.072383396;-0.019280633;0.34483793
0.074359685;-0.019280633;0.33693281
0.072383396;-0.019280633;0.33693281
0.074359685;-0.019280633;0.33693281
0.074359685;-0.019280633;0.33693281
0.074359685;-0.019280633;0.34483793
0.074359685;-0.019280633;0.33693281
0.074359685;-0.019280633;0.34483793
0.074359685;-0.019280633;0.33693281
0.074359685;-0.019280633;0.33693281
0.076335967;-0.019280633;0.34483793
0.076335967;-0.019280633;0.34483793
0.076335967;-0.019280633;0.33693281
0.076335967;-0.021256916;0.33693281
0.076335967;-0.021256916;0.33693281
0.078312255;-0.021256916;0.33693281
0.076335967;-0.019280633;0.33693281
0.076335967;-0.019280633;0.33693281
0.076335967;-0.021256916;0.34483793
0.078312255;-0.021256916;0.33693281
0.078312255;-0.019280633;0.33693281
0.078312255;-0.019280633;0.34483793
0.078312255;-0.019280633;0.34483793
0.078312255;-0.021256916;0.33693281
0.078312255;-0.019280633;0.33693281
0.078312255;-0.019280633;0.34483793
0.078312255;-0.019280633;0.34483793
0.078312255;-0.019280633;0.34483793
0.078312255;-0.021256916;0.34483793
0.078312255;-0.021256916;0.34483793
0.078312255;-0.021256916;0.33693281
0.078312255;-0.021256916;0.34483793
0.078312255;-0.021256916;0.34483793
0.078312255;-0.021256916;0.33693281
0.078312255;-0.021256916;0.34483793
0.078312255;-0.019280633;0.33693281
0.078312255;-0.021256916;0.33693281
0.078312255;-0.021256916;0.33693281
0.078312255;-0.019280633;0.34483793
0.078312255;-0.021256916;0.33693281
0.078312255;-0.021256916;0.33693281
0.076335967;-0.021256916;0.33693281
0.076335967;-0.021256916;0.33693281
0.076335967;-0.021256916;0.34483793
0.076335967;-0.021256916;0.34483793
0.076335967;-0.023233201;0.34483793
0.076335967;-0.021256916;0.33693281
0.076335967;-0.023233201;0.34483793
0.076335967;-0.021256916;0.34483793
0.074359685;-0.021256916;0.34483793
0.076335967;-0.021256916;0.33693281
0.074359685;-0.023233201;0.34483793
0.076335967;-0.021256916;0.34483793
0.076335967;-0.021256916;0.34483793
0.076335967;-0.021256916;0.33693281
0.074359685;-0.021256916;0.33693281
0.074359685;-0.021256916;0.33693281
0.074359685;-0.021256916;0.33693281
0.072383396;-0.021256916;0.34483793
0.072383396;-0.021256916;0.33693281
0.074359685;-0.021256916;0.33693281
0.074359685;-0.021256916;0.33693281
0.074359685;-0.021256916;0.33693281
0.072383396;-0.023233201;0.34483793
0.072383396;-0.021256916;0.33693281
0.072383396;-0.023233201;0.34483793
0.072383396;-0.021256916;0.34483793
0.070407115;-0.023233201;0.33693281
0.070407115;-0.023233201;0.34483793
0.072383396;-0.021256916;0.34483793
0.070407115;-0.021256916;0.34483793
0.070407115;-0.021256916;0.34483793
0.070407115;-0.021256916;0.33693281
0.070407115;-0.023233201;0.33693281
0.068430834;-0.021256916;0.34483793
0.070407115;-0.023233201;0.35274309
0.066454545;-0.021256916;0.33693281
0.068430834;-0.023233201;0.33693281
0.066454545;-0.023233201;0.34483793
0.066454545;-0.023233201;0.33693281
0.066454545;-0.023233201;0.34483793
0.066454545;-0.023233201;0.33693281
0.064478263;-0.023233201;0.34483793
0.066454545;-0.023233201;0.34483793
0.064478263;-0.023233201;0.33693281
0.066454545;-0.023233201;0.33693281
0.064478263;-0.023233201;0.33693281
0.062501974;-0.023233201;0.33693281
0.062501974;-0.023233201;0.34483793
0.062501974;-0.023233201;0.33693281
0.062501974;-0.023233201;0.33693281
0.060525693;-0.025209486;0.33693281
0.060525693;-0.023233201;0.33693281
0.058549408;-0.023233201;0.33693281
0.060525693;-0.023233201;0.33693281
0.058549408;-0.023233201;0.33693281
0.058549408;-0.023233201;0.34483793
0.058549408;-0.023233201;0.34483793
0.058549408;-0.023233201;0.34483793
0.058549408;-0.023233201;0.33693281
0.056573123;-0.023233201;0.33693281
0.056573123;-0.023233201;0.34483793
0.056573123;-0.023233201;0.33693281
0.054596838;-0.023233201;0.33693281
0.054596838;-0.025209486;0.33693281
0.052620552;-0.023233201;0.34483793
0.052620552;-0.025209486;0.34483793
0.052620552;-0.023233201;0.33693281
0.052620552;-0.023233201;0.34483793
0.050644267;-0.025209486;0.34483793
0.050644267;-0.025209486;0.33693281
0.050644267;-0.023233201;0.33693281
0.048667986;-0.023233201;0.34483793
0.048667986;-0.025209486;0.33693281
0.048667986;-0.023233201;0.33693281
0.046691701;-0.023233201;0.33693281
0.046691701;-0.023233201;0.34483793
0.046691701;-0.025209486;0.33693281
0.044715416;-0.023233201;0.33693281
0.046691701;-0.025209486;0.33693281
0.044715416;-0.025209486;0.34483793
0.042739131;-0.023233201;0.33693281
0.042739131;-0.025209486;0.34483793
0.042739131;-0.023233201;0.33693281
0.040762845;-0.025209486;0.33693281
0.040762845;-0.023233201;0.33693281
0.040762845;-0.023233201;0.34483793
0.03878656;-0.025209486;0.33693281
0.03878656;-0.023233201;0.33693281
0.040762845;-0.023233201;0.33693281
0.03878656;-0.025209486;0.33693281
0.036810275;-0.025209486;0.33693281
0.036810275;-0.025209486;0.33693281
0.034833994;-0.025209486;0.33693281
0.034833994;-0.025209486;0.33693281
0.034833994;-0.025209486;0.33693281
0.032857709;-0.025209486;0.34483793
0.034833994;-0.025209486;0.33693281
0.032857709;-0.023233201;0.34483793
0.030881424;-0.023233201;0.33693281
0.030881424;-0.025209486;0.33693281
0.030881424;-0.025209486;0.33693281
0.028905138;-0.025209486;0.33693281
0.028905138;-0.023233201;0.34483793
0.026928853;-0.025209486;0.34483793
0.026928853;-0.025209486;0.33693281
0.026928853;-0.025209486;0.33693281
0.026928853;-0.025209486;0.33693281
0.02495257;-0.023233201;0.33693281
0.02495257;-0.025209486;0.33693281
0.02495257;-0.025209486;0.33693281
0.022976285;-0.025209486;0.34483793
0.022976285;-0.025209486;0.34483793
0.022976285;-0.025209486;0.34483793
0.021;-0.025209486;0.33693281
0.019023715;-0.025209486;0.33693281
0.019023715;-0.025209486;0.34483793
0.019023715;-0.025209486;0.33693281
0.019023715;-0.025209486;0.33693281
0.019023715;-0.025209486;0.34483793
0.017047431;-0.025209486;0.33693281
0.017047431;-0.025209486;0.33693281
0.017047431;-0.025209486;0.33693281
0.015071146;-0.023233201;0.34483793
0.015071146;-0.025209486;0.33693281
0.015071146;-0.025209486;0.33693281
0.013094862;-0.025209486;0.33693281
0.013094862;-0.025209486;0.33693281
0.013094862;-0.025209486;0.33693281
0.011118577;-0.025209486;0.34483793
0.011118577;-0.025209486;0.33693281
0.011118577;-0.025209486;0.34483793
0.007166008;-0.025209486;0.33693281
0.007166008;-0.025209486;0.33693281
0.007166008;-0.025209486;0.33693281
0.007166008;-0.025209486;0.33693281
0.0051897233;-0.025209486;0.34483793
0.007166008;-0.025209486;0.33693281
0.0051897233;-0.025209486;0.33693281
0.0032134387;-0.025209486;0.33693281
0.0032134387;-0.025209486;0.33693281
0.0012371541;-0.025209486;0.33693281
0.0012371541;-0.025209486;0.33693281
0.0012371541;-0.027185772;0.33693281
-0.00073913042;-0.025209486;0.33693281
-0.00073913042;-0.025209486;0.33693281
-0.00073913042;-0.025209486;0.34483793
-0.0027154151;-0.025209486;0.33693281
-0.0027154151;-0.025209486;0.34483793
-0.0046916995;-0.025209486;0.33693281
-0.0027154151;-0.025209486;0.33693281
-0.0046916995;-0.025209486;0.33693281
-0.0046916995;-0.025209486;0.34483793
-0.0066679842;-0.025209486;0.33693281
-0.0086442688;-0.025209486;0.33693281
-0.0066679842;-0.025209486;0.34483793
-0.0086442688;-0.025209486;0.34483793
-0.0086442688;-0.025209486;0.33693281
-0.010620553;-0.025209486;0.33693281
-0.010620553;-0.025209486;0.33693281
-0.0086442688;-0.025209486;0.33693281
-0.010620553;-0.025209486;0.33693281
-0.012596838;-0.025209486;0.33693281
-0.010620553;-0.025209486;0.34483793
-0.012596838;-0.025209486;0.33693281
-0.012596838;-0.027185772;0.34483793
-0.012596838;-0.025209486;0.34483793
-0.012596838;-0.027185772;0.34483793
-0.014573122;-0.025209486;0.34483793
-0.014573122;-0.025209486;0.34483793
-0.014573122;-0.025209486;0.33693281
-0.014573122;-0.025209486;0.33693281
-0.016549407;-0.025209486;0.33693281
-0.018525692;-0.025209486;0.34483793
-0.016549407;-0.025209486;0.34483793
-0.016549407;-0.025209486;0.33693281
-0.018525692;-0.025209486;0.33693281
-0.018525692;-0.025209486;0.33693281
-0.018525692;-0.025209486;0.33693281
-0.018525692;-0.025209486;0.34483793
-0.018525692;-0.025209486;0.33693281
-0.020501977;-0.025209486;0.33693281
-0.020501977;-0.025209486;0.33693281
-0.02247826;-0.025209486;0.33693281
-0.02247826;-0.025209486;0.32902768
-0.02247826;-0.025209486;0.34483793
-0.02247826;-0.027185772;0.33693281
-0.02247826;-0.025209486;0.33693281
-0.02247826;-0.025209486;0.33693281
-0.02247826;-0.025209486;0.34483793
-0.024454545;-0.025209486;0.33693281
-0.024454545;-0.025209486;0.34483793
-0.024454545;-0.025209486;0.33693281
-0.024454545;-0.025209486;0.33693281
-0.02643083;-0.025209486;0.33693281
-0.02643083;-0.025209486;0.33693281
-0.02643083;-0.025209486;0.33693281
-0.028407115;-0.025209486;0.34483793
-0.02643083;-0.025209486;0.33693281
-0.02643083;-0.027185772;0.33693281
-0.028407115;-0.025209486;0.34483793
-0.02643083;-0.027185772;0.33693281
-0.028407115;-0.025209486;0.33693281
-0.02643083;-0.025209486;0.33693281
-0.028407115;-0.025209486;0.34483793
-0.028407115;-0.025209486;0.33693281
-0.028407115;-0.025209486;0.33693281
-0.028407115;-0.025209486;0.33693281
-0.030383399;-0.025209486;0.33693281
-0.030383399;-0.027185772;0.34483793
-0.032359682;-0.025209486;0.33693281
-0.032359682;-0.025209486;0.33693281
-0.032359682;-0.025209486;0.33693281
-0.030383399;-0.025209486;0.33693281
-0.030383399;-0.025209486;0.33693281
-0.032359682;-0.025209486;0.34483793
-0.030383399;-0.025209486;0.33693281
-0.032359682;-0.027185772;0.33693281
-0.032359682;-0.025209486;0.33693281
-0.032359682;-0.025209486;0.33693281
-0.032359682;-0.025209486;0.33693281
-0.032359682;-0.027185772;0.34483793
-0.034335967;-0.025209486;0.33693281
-0.032359682;-0.025209486;0.33693281
-0.032359682;-0.025209486;0.33693281
-0.032359682;-0.023233201;0.33693281
-0.032359682;-0.025209486;0.33693281
-0.032359682;-0.025209486;0.33693281
-0.032359682;-0.025209486;0.34483793
-0.032359682;-0.025209486;0.34483793
-0.032359682;-0.025209486;0.33693281
-0.032359682;-0.025209486;0.33693281
-0.032359682;-0.025209486;0.33693281
-0.032359682;-0.025209486;0.33693281
-0.032359682;-0.027185772;0.34483793
-0.032359682;-0.027185772;0.33693281
-0.032359682;-0.025209486;0.34483793
-0.032359682;-0.025209486;0.33693281
-0.030383399;-0.025209486;0.33693281
-0.032359682;-0.027185772;0.33693281
-0.032359682;-0.023233201;0.34483793
-0.032359682;-0.025209486;0.33693281
-0.030383399;-0.025209486;0.34483793
-0.032359682;-0.025209486;0.33693281
-0.030383399;-0.025209486;0.34483793
-0.030383399;-0.025209486;0.34483793
-0.030383399;-0.025209486;0.34483793
-0.030383399;-0.025209486;0.33693281
-0.030383399;-0.025209486;0.33693281
-0.030383399;-0.025209486;0.34483793
-0.030383399;-0.023233201;0.33693281
-0.030383399;-0.025209486;0.33693281
-0.030383399;-0.025209486;0.33693281
-0.030383399;-0.025209486;0.33693281
-0.030383399;-0.025209486;0.33693281
-0.030383399;-0.025209486;0.33693281
-0.030383399;-0.023233201;0.34483793
-0.030383399;-0.025209486;0.34483793
-0.028407115;-0.025209486;0.34483793
-0.028407115;-0.025209486;0.33693281
-0.028407115;-0.025209486;0.33693281
-0.028407115;-0.025209486;0.33693281
-0.028407115;-0.023233201;0.33693281
-0.028407115;-0.025209486;0.33693281
-0.02643083;-0.023233201;0.34483793
-0.02643083;-0.023233201;0.33693281
-0.028407115;-0.023233201;0.33693281
-0.02643083;-0.025209486;0.33693281
-0.024454545;-0.025209486;0.33693281
-0.02643083;-0.025209486;0.34483793
-0.02643083;-0.025209486;0.33693281
-0.024454545;-0.025209486;0.33693281
-0.024454545;-0.023233201;0.33693281
-0.024454545;-0.025209486;0.33693281
-0.024454545;-0.023233201;0.33693281
-0.02247826;-0.023233201;0.33693281
-0.02247826;-0.025209486;0.33693281
-0.02247826;-0.023233201;0.34483793
-0.02247826;-0.023233201;0.34483793
-0.020501977;-0.023233201;0.33693281
-0.020501977;-0.025209486;0.34483793
-0.020501977;-0.025209486;0.33693281
-0.020501977;-0.023233201;0.33693281
-0.020501977;-0.023233201;0.33693281
-0.018525692;-0.023233201;0.33693281
-0.018525692;-0.023233201;0.34483793
-0.020501977;-0.023233201;0.33693281
-0.018525692;-0.023233201;0.33693281
-0.018525692;-0.023233201;0.33693281
-0.016549407;-0.023233201;0.33693281
-0.016549407;-0.023233201;0.34483793
-0.014573122;-0.025209486;0.34483793
-0.016549407;-0.023233201;0.33693281
-0.014573122;-0.023233201;0.33693281
-0.012596838;-0.023233201;0.33693281
-0.012596838;-0.021256916;0.33693281
-0.012596838;-0.023233201;0.33693281
-0.012596838;-0.025209486;0.34483793
-0.012596838;-0.023233201;0.33693281
-0.010620553;-0.023233201;0.33693281
-0.010620553;-0.023233201;0.34483793
-0.010620553;-0.023233201;0.34483793
-0.010620553;-0.023233201;0.33693281
-0.0086442688;-0.023233201;0.34483793
-0.0086442688;-0.023233201;0.33693281
-0.0086442688;-0.023233201;0.33693281
-0.0086442688;-0.023233201;0.33693281
-0.0086442688;-0.023233201;0.33693281
-0.0066679842;-0.021256916;0.33693281
-0.0066679842;-0.023233201;0.33693281
-0.0066679842;-0.023233201;0.33693281
-0.0046916995;-0.021256916;0.33693281
-0.0046916995;-0.023233201;0.33693281
-0.0027154151;-0.023233201;0.33693281
-0.0027154151;-0.023233201;0.34483793
-0.0027154151;-0.021256916;0.34483793
-0.0027154151;-0.021256916;0.33693281
-0.00073913042;-0.021256916;0.34483793
-0.00073913042;-0.023233201;0.33693281
-0.00073913042;-0.021256916;0.33693281
0.0012371541;-0.023233201;0.34483793
0.0012371541;-0.021256916;0.34483793
0.0032134387;-0.021256916;0.34483793
0.0032134387;-0.021256916;0.33693281
0.0032134387;-0.023233201;0.34483793
0.0051897233;-0.023233201;0.33693281
0.0051897233;-0.023233201;0.33693281
0.007166008;-0.021256916;0.33693281
0.007166008;-0.021256916;0.34483793
0.007166008;-0.021256916;0.34483793
0.007166008;-0.023233201;0.33693281
0.0091422927;-0.021256916;0.34483793
0.011118577;-0.023233201;0.34483793
0.0091422927;-0.023233201;0.34483793
0.0091422927;-0.021256916;0.34483793
0.011118577;-0.023233201;0.34483793
0.011118577;-0.023233201;0.34483793
0.013094862;-0.023233201;0.33693281
0.015071146;-0.021256916;0.33693281
0.015071146;-0.023233201;0.34483793
0.015071146;-0.021256916;0.33693281
0.015071146;-0.021256916;0.33693281
0.015071146;-0.021256916;0.34483793
0.017047431;-0.021256916;0.33693281
0.017047431;-0.021256916;0.33693281
0.019023715;-0.021256916;0.33693281
0.019023715;-0.019280633;0.33693281
0.019023715;-0.021256916;0.34483793
0.021;-0.023233201;0.33693281
0.021;-0.021256916;0.33693281
0.021;-0.021256916;0.33693281
0.022976285;-0.021256916;0.34483793
0.02495257;-0.019280633;0.34483793
0.02495257;-0.021256916;0.34483793
0.02495257;-0.021256916;0.33693281
0.02495257;-0.021256916;0.33693281
0.02495257;-0.019280633;0.34483793
0.026928853;-0.021256916;0.33693281
0.026928853;-0.019280633;0.33693281
0.028905138;-0.021256916;0.33693281
0.028905138;-0.021256916;0.33693281
0.028905138;-0.021256916;0.33693281
0.030881424;-0.021256916;0.33693281
0.030881424;-0.019280633;0.33693281
0.030881424;-0.021256916;0.33693281
0.030881424;-0.021256916;0.33693281
0.032857709;-0.021256916;0.34483793
0.032857709;-0.019280633;0.33693281
0.034833994;-0.019280633;0.33693281
0.034833994;-0.021256916;0.33693281
0.034833994;-0.021256916;0.33693281
0.03878656;-0.019280633;0.33693281
0.036810275;-0.019280633;0.33693281
0.036810275;-0.019280633;0.33693281
0.03878656;-0.019280633;0.33693281
0.03878656;-0.019280633;0.33693281
0.040762845;-0.019280633;0.34483793
0.042739131;-0.021256916;0.33693281
0.042739131;-0.019280633;0.33693281
0.042739131;-0.019280633;0.34483793
0.042739131;-0.019280633;0.33693281
0.042739131;-0.019280633;0.33693281
0.044715416;-0.019280633;0.33693281
0.044715416;-0.019280633;0.34483793
0.044715416;-0.019280633;0.33693281
0.046691701;-0.019280633;0.33693281
0.046691701;-0.019280633;0.33693281
0.048667986;-0.019280633;0.33693281
0.048667986;-0.019280633;0.33693281
0.048667986;-0.019280633;0.34483793
0.048667986;-0.019280633;0.33693281
0.050644267;-0.019280633;0.33693281
0.050644267;-0.019280633;0.33693281
0.050644267;-0.017304348;0.33693281
0.050644267;-0.017304348;0.33693281
0.052620552;-0.019280633;0.34483793
0.052620552;-0.017304348;0.34483793
0.052620552;-0.017304348;0.34483793
0.054596838;-0.019280633;0.33693281
0.054596838;-0.019280633;0.34483793
0.054596838;-0.019280633;0.33693281
0.054596838;-0.019280633;0.33693281
0.056573123;-0.017304348;0.33693281
0.054596838;-0.017304348;0.34483793
0.056573123;-0.017304348;0.32902768
0.058549408;-0.017304348;0.33693281
0.058549408;-0.017304348;0.34483793
0.060525693;-0.017304348;0.34483793
0.058549408;-0.019280633;0.33693281
0.060525693;-0.019280633;0.34483793
0.060525693;-0.017304348;0.33693281
0.062501974;-0.019280633;0.33693281
0.062501974;-0.019280633;0.33693281
0.062501974;-0.017304348;0.33693281
0.062501974;-0.017304348;0.34483793
0.062501974;-0.017304348;0.33693281
0.064478263;-0.017304348;0.33693281
0.064478263;-0.017304348;0.34483793
0.064478263;-0.017304348;0.33693281
0.064478263;-0.017304348;0.33693281
0.066454545;-0.017304348;0.33693281
0.066454545;-0.015328064;0.33693281
0.066454545;-0.017304348;0.33693281
0.066454545;-0.017304348;0.34483793
0.068430834;-0.017304348;0.34483793
0.066454545;-0.017304348;0.33693281
0.068430834;-0.017304348;0.33693281
0.068430834;-0.017304348;0.33693281
0.070407115;-0.017304348;0.33693281
0.068430834;-0.017304348;0.33693281
0.068430834;-0.017304348;0.34483793
0.070407115;-0.015328064;0.34483793
0.070407115;-0.017304348;0.33693281
0.072383396;-0.015328064;0.34483793
0.070407115;-0.015328064;0.33693281
0.070407115;-0.015328064;0.33693281
0.072383396;-0.015328064;0.33693281
0.072383396;-0.017304348;0.33693281
0.074359685;-0.017304348;0.34483793
0.074359685;-0.015328064;0.34483793
0.072383396;-0.015328064;0.33693281
0.072383396;-0.015328064;0.33693281
0.074359685;-0.015328064;0.33693281
0.074359685;-0.015328064;0.34483793
0.076335967;-0.017304348;0.34483793
0.074359685;-0.013351778;0.33693281
0.074359685;-0.015328064;0.33693281
0.074359685;-0.015328064;0.34483793
0.076335967;-0.013351778;0.34483793
0.076335967;-0.015328064;0.33693281
0.074359685;-0.015328064;0.33693281
0.076335967;-0.015328064;0.33693281
0.076335967;-0.015328064;0.33693281
0.076335967;-0.015328064;0.34483793
0.076335967;-0.015328064;0.33693281
0.076335967;-0.015328064;0.33693281
0.076335967;-0.015328064;0.34483793
0.076335967;-0.013351778;0.34483793
0.076335967;-0.013351778;0.32902768
0.078312255;-0.013351778;0.34483793
0.076335967;-0.013351778;0.33693281
0.076335967;-0.013351778;0.33693281
0.078312255;-0.013351778;0.33693281
0.076335967;-0.013351778;0.34483793
0.076335967;-0.013351778;0.33693281
0.076335967;-0.013351778;0.33693281
0.078312255;-0.013351778;0.34483793
0.078312255;-0.013351778;0.33693281
0.078312255;-0.013351778;0.33693281
0.078312255;-0.013351778;0.33693281
0.076335967;-0.011375494;0.33693281
0.078312255;-0.013351778;0.34483793
0.078312255;-0.013351778;0.33693281
0.078312255;-0.013351778;0.34483793
0.078312255;-0.013351778;0.33693281
0.078312255;-0.013351778;0.33693281
0.076335967;-0.013351778;0.34483793
0.076335967;-0.013351778;0.33693281
0.076335967;-0.011375494;0.33693281
0.078312255;-0.011375494;0.33693281
0.076335967;-0.011375494;0.34483793
0.078312255;-0.013351778;0.33693281
0.076335967;-0.013351778;0.34483793
0.076335967;-0.011375494;0.34483793
0.076335967;-0.013351778;0.33693281
0.076335967;-0.013351778;0.34483793
0.076335967;-0.011375494;0.33693281
0.076335967;-0.011375494;0.33693281
0.076335967;-0.013351778;0.33693281
0.074359685;-0.011375494;0.33693281
0.074359685;-0.011375494;0.34483793
0.074359685;-0.011375494;0.34483793
0.076335967;-0.011375494;0.33693281
0.074359685;-0.011375494;0.34483793
0.076335967;-0.011375494;0.33693281
0.076335967;-0.011375494;0.33693281
0.072383396;-0.0093992092;0.33693281
0.074359685;-0.011375494;0.33693281
0.072383396;-0.011375494;0.33693281
0.074359685;-0.011375494;0.33693281
0.072383396;-0.011375494;0.33693281
0.074359685;-0.011375494;0.32902768
0.072383396;-0.011375494;0.33693281
0.072383396;-0.011375494;0.34483793
0.072383396;-0.0093992092;0.33693281
0.072383396;-0.0093992092;0.33693281
0.070407115;-0.011375494;0.33693281
0.072383396;-0.0093992092;0.33693281
0.070407115;-0.011375494;0.34483793
0.070407115;-0.0093992092;0.33693281
0.070407115;-0.0093992092;0.34483793
0.070407115;-0.011375494;0.33693281
0.068430834;-0.0093992092;0.33693281
0.070407115;-0.0093992092;0.33693281
0.068430834;-0.007422925;0.34483793
0.068430834;-0.0093992092;0.33693281
0.068430834;-0.0093992092;0.34483793
0.066454545;-0.0093992092;0.33693281
0.066454545;-0.007422925;0.33693281
0.066454545;-0.0093992092;0.33693281
0.066454545;-0.007422925;0.33693281
0.064478263;-0.0093992092;0.33693281
0.064478263;-0.0093992092;0.33693281
0.064478263;-0.007422925;0.33693281
0.064478263;-0.0093992092;0.33693281
0.062501974;-0.007422925;0.34483793
0.062501974;-0.007422925;0.34483793
0.062501974;-0.007422925;0.33693281
0.062501974;-0.007422925;0.33693281
0.062501974;-0.007422925;0.33693281
0.060525693;-0.007422925;0.34483793
0.060525693;-0.007422925;0.34483793
0.062501974;-0.007422925;0.34483793
0.058549408;-0.007422925;0.33693281
0.058549408;-0.007422925;0.33693281
0.056573123;-0.007422925;0.34483793
0.058549408;-0.0054466403;0.33693281
0.056573123;-0.007422925;0.33693281
0.056573123;-0.007422925;0.33693281
0.056573123;-0.007422925;0.33693281
0.054596838;-0.007422925;0.33693281
0.054596838;-0.007422925;0.33693281
0.054596838;-0.007422925;0.33693281
0.054596838;-0.007422925;0.34483793
0.052620552;-0.0054466403;0.33693281
0.052620552;-0.0054466403;0.34483793
0.052620552;-0.0054466403;0.33693281
0.050644267;-0.0054466403;0.34483793
0.050644267;-0.0054466403;0.34483793
0.050644267;-0.0054466403;0.33693281
0.048667986;-0.0054466403;0.33693281
0.048667986;-0.0054466403;0.34483793
0.046691701;-0.0054466403;0.33693281
0.046691701;-0.0054466403;0.33693281
0.046691701;-0.0054466403;0.33693281
0.046691701;-0.0054466403;0.34483793
0.044715416;-0.0034703556;0.33693281
0.044715416;-0.0054466403;0.34483793
0.044715416;-0.0054466403;0.33693281
0.044715416;-0.0054466403;0.34483793
0.042739131;-0.0054466403;0.33693281
0.042739131;-0.0054466403;0.33693281
0.042739131;-0.0054466403;0.33693281
0.042739131;-0.0034703556;0.33693281
0.040762845;-0.0034703556;0.33693281
0.040762845;-0.0054466403;0.33693281
0.03878656;-0.0054466403;0.33693281
0.03878656;-0.0034703556;0.34483793
0.03878656;-0.0054466403;0.33693281
0.036810275;-0.0054466403;0.34483793
0.036810275;-0.0054466403;0.33693281
0.036810275;-0.0034703556;0.34483793
0.034833994;-0.0054466403;0.34483793
0.034833994;-0.0034703556;0.33693281
0.032857709;-0.0034703556;0.34483793
0.030881424;-0.0034703556;0.34483793
0.030881424;-0.0054466403;0.33693281
0.030881424;-0.0034703556;0.34483793
0.030881424;-0.0034703556;0.34483793
0.030881424;-0.0034703556;0.33693281
0.028905138;-0.0054466403;0.33693281
0.028905138;-0.0054466403;0.33693281
0.026928853;-0.0034703556;0.33693281
0.028905138;-0.0034703556;0.33693281
0.026928853;-0.0034703556;0.34483793
0.026928853;-0.0034703556;0.33693281
0.02495257;-0.0034703556;0.34483793
0.02495257;-0.0034703556;0.33693281
0.02495257;-0.0034703556;0.33693281
0.022976285;-0.0034703556;0.33693281
0.021;-0.0034703556;0.33693281
0.021;-0.0034703556;0.33693281
0.021;-0.0034703556;0.33693281
0.021;-0.0034703556;0.33693281
0.019023715;-0.0034703556;0.34483793
0.019023715;-0.0034703556;0.34483793
0.017047431;-0.0034703556;0.33693281
0.017047431;-0.0034703556;0.33693281
0.019023715;-0.0014940711;0.33693281
0.017047431;-0.0014940711;0.34483793
0.015071146;-0.0014940711;0.34483793
0.015071146;-0.0014940711;0.34483793
0.015071146;-0.0034703556;0.33693281
0.015071146;-0.0014940711;0.32902768
0.013094862;-0.0014940711;0.34483793
0.013094862;-0.0014940711;0.33693281
0.011118577;-0.0014940711;0.33693281
0.011118577;-0.0014940711;0.34483793
0.0091422927;-0.0034703556;0.33693281
0.0091422927;-0.0014940711;0.34483793
0.0091422927;-0.0014940711;0.33693281
0.007166008;-0.0014940711;0.34483793
0.0051897233;0.00048221345;0.33693281
0.0051897233;-0.0014940711;0.33693281
0.0051897233;0.00048221345;0.33693281
0.0032134387;-0.0014940711;0.34483793
0.0032134387;-0.0014940711;0.33693281
0.0032134387;0.00048221345;0.34483793
0.0012371541;-0.0014940711;0.33693281
0.0012371541;0.00048221345;0.34483793
0.0012371541;0.00048221345;0.34483793
-0.00073913042;0.00048221345;0.33693281
-0.00073913042;0.00048221345;0.33693281
-0.0027154151;0.00048221345;0.33693281
-0.0027154151;0.00048221345;0.33693281
-0.0027154151;0.00048221345;0.33693281
-0.0027154151;0.00048221345;0.34483793
-0.0046916995;0.00048221345;0.33693281
-0.0046916995;0.00048221345;0.33693281
-0.0046916995;0.00048221345;0.33693281
-0.0066679842;0.00048221345;0.33693281
-0.0066679842;0.00048221345;0.33693281
-0.0066679842;0.00048221345;0.33693281
-0.0066679842;0.0024584981;0.33693281
-0.0086442688;0.00048221345;0.34483793
-0.010620553;0.00048221345;0.33693281
-0.0086442688;0.0024584981;0.34483793
-0.0086442688;0.0024584981;0.34483793
-0.010620553;0.0024584981;0.32902768
-0.010620553;0.0024584981;0.34483793
-0.012596838;0.0024584981;0.33693281
-0.012596838;0.0024584981;0.34483793
-0.012596838;0.0024584981;0.33693281
-0.012596838;0.0024584981;0.33693281
-0.014573122;0.0024584981;0.34483793
-0.014573122;0.0024584981;0.34483793
-0.012596838;0.0024584981;0.33693281
-0.016549407;0.0024584981;0.33693281
-0.014573122;0.0024584981;0.34483793
-0.016549407;0.0024584981;0.33693281
-0.016549407;0.0044347825;0.34483793
-0.016549407;0.0024584981;0.34483793
-0.018525692;0.0024584981;0.33693281
-0.018525692;0.0024584981;0.33693281
-0.018525692;0.0024584981;0.33693281
-0.018525692;0.0044347825;0.34483793
-0.020501977;0.0044347825;0.33693281
-0.020501977;0.0024584981;0.33693281
-0.020501977;0.0044347825;0.33693281
-0.020501977;0.0044347825;0.33693281
-0.020501977;0.0044347825;0.33693281
-0.02247826;0.0044347825;0.33693281
-0.02247826;0.0044347825;0.34483793
-0.02247826;0.0044347825;0.33693281
-0.02247826;0.0044347825;0.34483793
-0.02247826;0.0044347825;0.33693281
-0.024454545;0.0044347825;0.33693281
-0.024454545;0.0044347825;0.34483793
-0.024454545;0.0044347825;0.32902768
-0.024454545;0.0044347825;0.34483793
-0.024454545;0.0044347825;0.33693281
-0.02643083;0.0064110672;0.34483793
-0.024454545;0.0064110672;0.33693281
-0.024454545;0.0064110672;0.33693281
-0.02643083;0.0064110672;0.34483793
-0.028407115;0.0044347825;0.34483793
-0.02643083;0.0064110672;0.33693281
-0.028407115;0.0064110672;0.34483793
-0.028407115;0.0064110672;0.33693281
-0.028407115;0.0064110672;0.34483793
-0.02643083;0.0064110672;0.34483793
-0.028407115;0.0083873514;0.33693281
-0.028407115;0.0064110672;0.33693281
-0.028407115;0.0064110672;0.34483793
-0.030383399;0.0083873514;0.33693281
-0.028407115;0.0064110672;0.34483793
-0.030383399;0.0064110672;0.33693281
-0.030383399;0.0083873514;0.34483793
-0.030383399;0.0083873514;0.34483793
-0.030383399;0.0083873514;0.33693281
-0.030383399;0.0083873514;0.33693281
-0.030383399;0.0083873514;0.33693281
-0.032359682;0.0083873514;0.34483793
-0.032359682;0.0083873514;0.34483793
-0.032359682;0.0083873514;0.34483793
-0.032359682;0.010363637;0.34483793
-0.032359682;0.0083873514;0.33693281
-0.032359682;0.010363637;0.34483793
-0.032359682;0.0083873514;0.34483793
-0.032359682;0.010363637;0.33693281
-0.032359682;0.0083873514;0.34483793
-0.032359682;0.010363637;0.33693281
-0.032359682;0.010363637;0.33693281
-0.032359682;0.010363637;0.34483793
-0.032359682;0.0083873514;0.34483793
-0.032359682;0.0083873514;0.34483793
-0.032359682;0.0083873514;0.33693281
-0.032359682;0.0083873514;0.33693281
-0.032359682;0.010363637;0.34483793
-0.032359682;0.010363637;0.33693281
-0.032359682;0.010363637;0.33693281
-0.032359682;0.010363637;0.33693281
-0.032359682;0.010363637;0.33693281
-0.034335967;0.010363637;0.34483793
-0.034335967;0.010363637;0.33693281
-0.032359682;0.010363637;0.33693281
-0.032359682;0.010363637;0.34483793
-0.032359682;0.010363637;0.34483793
-0.030383399;0.012339921;0.33693281
-0.032359682;0.012339921;0.33693281
-0.030383399;0.010363637;0.33693281
-0.030383399;0.010363637;0.33693281
-0.030383399;0.012339921;0.33693281
-0.032359682;0.012339921;0.33693281
-0.030383399;0.012339921;0.34483793
-0.030383399;0.010363637;0.34483793
-0.030383399;0.012339921;0.33693281
-0.030383399;0.010363637;0.34483793
-0.030383399;0.012339921;0.33693281
-0.032359682;0.012339921;0.33693281
-0.030383399;0.012339921;0.33693281
-0.030383399;0.012339921;0.33693281
-0.030383399;0.012339921;0.34483793
-0.028407115;0.012339921;0.34483793
-0.028407115;0.012339921;0.34483793
-0.030383399;0.012339921;0.34483793
-0.028407115;0.012339921;0.34483793
-0.030383399;0.014316206;0.34483793
-0.028407115;0.012339921;0.33693281
-0.02643083;0.012339921;0.34483793
-0.028407115;0.014316206;0.33693281
-0.02643083;0.014316206;0.34483793
-0.02643083;0.014316206;0.33693281
-0.02643083;0.014316206;0.33693281
-0.02643083;0.014316206;0.34483793
-0.02643083;0.014316206;0.33693281
-0.02643083;0.014316206;0.33693281
-0.02643083;0.01629249;0.33693281
-0.024454545;0.014316206;0.34483793
-0.024454545;0.014316206;0.34483793
-0.02247826;0.01629249;0.34483793
-0.024454545;0.014316206;0.33693281
-0.02247826;0.014316206;0.33693281
-0.02247826;0.014316206;0.34483793
-0.02247826;0.01629249;0.34483793
-0.020501977;0.014316206;0.33693281
-0.02247826;0.01629249;0.34483793
-0.020501977;0.01629249;0.33693281
-0.020501977;0.01629249;0.34483793
-0.020501977;0.01629249;0.34483793
-0.020501977;0.01629249;0.34483793
-0.020501977;0.01629249;0.34483793
-0.018525692;0.01629249;0.34483793
-0.018525692;0.01629249;0.33693281
-0.016549407;0.01629249;0.33693281
-0.016549407;0.01629249;0.33693281
-0.016549407;0.01629249;0.33693281
-0.014573122;0.018268775;0.34483793
-0.014573122;0.01629249;0.33693281
-0.014573122;0.01629249;0.34483793
-0.012596838;0.018268775;0.33693281
-0.012596838;0.018268775;0.33693281
-0.012596838;0.018268775;0.33693281
-0.012596838;0.018268775;0.33693281
-0.012596838;0.018268775;0.33693281
-0.010620553;0.020245058;0.33693281
-0.010620553;0.018268775;0.33693281
-0.010620553;0.018268775;0.33693281
-0.010620553;0.020245058;0.33693281
-0.0086442688;0.018268775;0.33693281
-0.0086442688;0.018268775;0.34483793
-0.0086442688;0.018268775;0.33693281
-0.0066679842;0.018268775;0.33693281
-0.0066679842;0.018268775;0.34483793
-0.0066679842;0.020245058;0.33693281
-0.0046916995;0.018268775;0.34483793
-0.0066679842;0.020245058;0.33693281
-0.0046916995;0.020245058;0.34483793
-0.0027154151;0.018268775;0.33693281
-0.0027154151;0.020245058;0.33693281
-0.0027154151;0.020245058;0.33693281
-0.0027154151;0.020245058;0.34483793
-0.0027154151;0.020245058;0.34483793
-0.00073913042;0.020245058;0.34483793
-0.00073913042;0.020245058;0.33693281
-0.00073913042;0.020245058;0.33693281
0.0012371541;0.020245058;0.33693281
0.0012371541;0.020245058;0.33693281
0.0032134387;0.020245058;0.33693281
0.0032134387;0.020245058;0.34483793
0.0012371541;0.020245058;0.33693281
0.0032134387;0.022221344;0.34483793
0.0051897233;0.022221344;0.33693281
0.0051897233;0.022221344;0.33693281
0.0051897233;0.022221344;0.33693281
0.007166008;0.022221344;0.33693281
0.007166008;0.022221344;0.34483793
0.0091422927;0.022221344;0.33693281
0.0091422927;0.022221344;0.33693281
0.0091422927;0.022221344;0.33693281
0.011118577;0.022221344;0.33693281
0.011118577;0.022221344;0.33693281
0.013094862;0.022221344;0.33693281
0.013094862;0.022221344;0.33693281
0.015071146;0.022221344;0.33693281
0.015071146;0.022221344;0.33693281
0.015071146;0.024197629;0.33693281
0.015071146;0.024197629;0.33693281
0.017047431;0.024197629;0.33693281
0.017047431;0.024197629;0.33693281
0.017047431;0.024197629;0.34483793
0.019023715;0.022221344;0.34483793
0.019023715;0.024197629;0.34483793
0.021;0.024197629;0.33693281
0.019023715;0.024197629;0.34483793
0.021;0.024197629;0.33693281
0.021;0.024197629;0.33693281
0.022976285;0.024197629;0.33693281
0.022976285;0.024197629;0.33693281
0.02495257;0.024197629;0.33693281
0.02495257;0.024197629;0.33693281
0.026928853;0.024197629;0.33693281
0.02495257;0.026173914;0.34483793
0.026928853;0.024197629;0.33693281
0.028905138;0.022221344;0.34483793
0.026928853;0.024197629;0.33693281
0.028905138;0.026173914;0.34483793
0.030881424;0.026173914;0.33693281
0.030881424;0.026173914;0.33693281
0.030881424;0.024197629;0.33693281
0.032857709;0.026173914;0.33693281
0.032857709;0.026173914;0.34483793
0.032857709;0.026173914;0.34483793
0.032857709;0.026173914;0.33693281
0.034833994;0.026173914;0.34483793
0.034833994;0.026173914;0.33693281
0.036810275;0.028150197;0.34483793
0.036810275;0.026173914;0.33693281
0.03878656;0.026173914;0.32902768
0.036810275;0.028150197;0.33693281
0.03878656;0.028150197;0.34483793
0.03878656;0.028150197;0.33693281
0.03878656;0.028150197;0.33693281
0.040762845;0.028150197;0.33693281
0.042739131;0.028150197;0.34483793
0.040762845;0.028150197;0.33693281
0.044715416;0.026173914;0.33693281
0.044715416;0.028150197;0.33693281
0.042739131;0.028150197;0.33693281
0.046691701;0.028150197;0.34483793
0.044715416;0.028150197;0.33693281
0.046691701;0.028150197;0.33693281
0.046691701;0.028150197;0.33693281
0.046691701;0.028150197;0.33693281
0.048667986;0.030126482;0.33693281
0.048667986;0.028150197;0.33693281
0.050644267;0.028150197;0.34483793
0.048667986;0.028150197;0.33693281
0.050644267;0.030126482;0.33693281
0.052620552;0.030126482;0.34483793
0.050644267;0.030126482;0.33693281
0.052620552;0.030126482;0.34483793
0.052620552;0.030126482;0.33693281
0.052620552;0.030126482;0.33693281
0.052620552;0.030126482;0.33693281
0.054596838;0.030126482;0.33693281
0.056573123;0.030126482;0.34483793
0.056573123;0.030126482;0.34483793
0.056573123;0.030126482;0.33693281
0.056573123;0.030126482;0.33693281
0.056573123;0.030126482;0.33693281
0.058549408;0.030126482;0.34483793
0.058549408;0.030126482;0.34483793
0.058549408;0.032102767;0.34483793
0.058549408;0.030126482;0.33693281
0.060525693;0.032102767;0.34483793
0.060525693;0.030126482;0.34483793
0.060525693;0.030126482;0.33693281
0.062501974;0.032102767;0.33693281
0.064478263;0.032102767;0.34483793
0.062501974;0.032102767;0.33693281
0.062501974;0.032102767;0.34483793
0.062501974;0.032102767;0.34483793
0.064478263;0.032102767;0.33693281
0.062501974;0.034079053;0.33693281
0.066454545;0.032102767;0.33693281
0.066454545;0.032102767;0.33693281
0.066454545;0.032102767;0.34483793
0.068430834;0.032102767;0.34483793
0.066454545;0.032102767;0.34483793
0.066454545;0.034079053;0.33693281
0.068430834;0.032102767;0.33693281
0.068430834;0.034079053;0.33693281
0.068430834;0.034079053;0.34483793
0.068430834;0.032102767;0.34483793
0.068430834;0.034079053;0.33693281
0.070407115;0.034079053;0.33693281
0.070407115;0.034079053;0.33693281
0.070407115;0.034079053;0.33693281
0.070407115;0.036055338;0.34483793
0.072383396;0.034079053;0.33693281
0.072383396;0.034079053;0.33693281
0.072383396;0.034079053;0.33693281
0.072383396;0.036055338;0.33693281
0.072383396;0.034079053;0.34483793
0.074359685;0.034079053;0.34483793
0.074359685;0.036055338;0.33693281
0.074359685;0.034079053;0.33693281
0.072383396;0.036055338;0.33693281
0.074359685;0.036055338;0.33693281
0.074359685;0.036055338;0.33693281
0.074359685;0.036055338;0.33693281
0.074359685;0.036055338;0.34483793
0.074359685;0.036055338;0.33693281
0.074359685;0.036055338;0.34483793
0.076335967;0.036055338;0.33693281
0.076335967;0.036055338;0.33693281
0.076335967;0.034079053;0.34483793
0.076335967;0.036055338;0.33693281
0.076335967;0.036055338;0.33693281
0.076335967;0.036055338;0.34483793
0.074359685;0.038031619;0.34483793
0.078312255;0.036055338;0.33693281
0.078312255;0.038031619;0.34483793
0.078312255;0.038031619;0.33693281
0.078312255;0.038031619;0.33693281
0.078312255;0.038031619;0.34483793
0.078312255;0.038031619;0.34483793
0.076335967;0.038031619;0.33693281
0.076335967;0.038031619;0.34483793
0.078312255;0.038031619;0.34483793
0.078312255;0.038031619;0.33693281
0.076335967;0.038031619;0.33693281
0.078312255;0.038031619;0.33693281
0.078312255;0.038031619;0.33693281
0.078312255;0.038031619;0.33693281
0.078312255;0.038031619;0.32902768
0.078312255;0.040007904;0.33693281
0.078312255;0.038031619;0.33693281
0.078312255;0.038031619;0.33693281
0.078312255;0.038031619;0.34483793
0.078312255;0.040007904;0.33693281
0.076335967;0.038031619;0.33693281
0.076335967;0.038031619;0.34483793
0.076335967;0.040007904;0.33693281
0.076335967;0.040007904;0.33693281
0.078312255;0.040007904;0.33693281
0.076335967;0.040007904;0.33693281
0.078312255;0.040007904;0.33693281
0.076335967;0.040007904;0.33693281
0.076335967;0.040007904;0.33693281
0.076335967;0.040007904;0.33693281
0.074359685;0.040007904;0.34483793
0.076335967;0.040007904;0.33693281
0.076335967;0.040007904;0.33693281
0.076335967;0.040007904;0.33693281
0.074359685;0.041984189;0.34483793
0.074359685;0.041984189;0.33693281
0.076335967;0.041984189;0.33693281
0.074359685;0.041984189;0.34483793
0.074359685;0.041984189;0.33693281
0.074359685;0.040007904;0.33693281
0.074359685;0.040007904;0.33693281
0.072383396;0.040007904;0.33693281
0.072383396;0.040007904;0.34483793
0.074359685;0.041984189;0.33693281
0.074359685;0.041984189;0.33693281
0.070407115;0.041984189;0.33693281
0.072383396;0.041984189;0.33693281
0.072383396;0.040007904;0.34483793
0.072383396;0.041984189;0.33693281
0.068430834;0.041984189;0.33693281
0.070407115;0.041984189;0.34483793
0.070407115;0.041984189;0.33693281
0.070407115;0.041984189;0.34483793
0.070407115;0.041984189;0.34483793
0.068430834;0.041984189;0.34483793
0.068430834;0.043960474;0.34483793
0.068430834;0.043960474;0.33693281
0.068430834;0.041984189;0.33693281
0.068430834;0.043960474;0.33693281
0.066454545;0.043960474;0.33693281
0.068430834;0.043960474;0.34483793
0.066454545;0.043960474;0.33693281
0.066454545;0.043960474;0.33693281
0.066454545;0.043960474;0.34483793
0.064478263;0.043960474;0.33693281
0.066454545;0.043960474;0.33693281
0.064478263;0.043960474;0.33693281
0.064478263;0.043960474;0.33693281
0.062501974;0.043960474;0.34483793
0.062501974;0.043960474;0.33693281
0.062501974;0.043960474;0.33693281
0.060525693;0.043960474;0.34483793
0.060525693;0.04593676;0.34483793
0.060525693;0.043960474;0.33693281
0.058549408;0.04593676;0.34483793
0.058549408;0.043960474;0.34483793
0.058549408;0.04593676;0.33693281
0.058549408;0.043960474;0.33693281
0.058549408;0.04593676;0.34483793
0.056573123;0.043960474;0.33693281
0.056573123;0.04593676;0.34483793
0.056573123;0.04593676;0.34483793
0.056573123;0.04593676;0.33693281
0.054596838;0.04593676;0.34483793
0.054596838;0.04593676;0.33693281
0.054596838;0.04593676;0.34483793
0.054596838;0.04593676;0.33693281
0.052620552;0.04593676;0.33693281
0.052620552;0.04593676;0.33693281
0.052620552;0.04593676;0.33693281
0.050644267;0.04593676;0.34483793
0.050644267;0.047913045;0.34483793
0.050644267;0.047913045;0.33693281
0.048667986;0.047913045;0.33693281
0.048667986;0.04593676;0.32902768
0.048667986;0.047913045;0.33693281
0.046691701;0.047913045;0.34483793
0.044715416;0.04593676;0.32902768
0.044715416;0.047913045;0.34483793
0.044715416;0.047913045;0.34483793
0.044715416;0.047913045;0.34483793
0.044715416;0.047913045;0.34483793
0.044715416;0.047913045;0.34483793
0.042739131;0.047913045;0.33693281
0.042739131;0.047913045;0.34483793
0.040762845;0.047913045;0.34483793
0.040762845;0.047913045;0.33693281
0.040762845;0.047913045;0.33693281
0.040762845;0.047913045;0.33693281
0.03878656;0.047913045;0.33693281
0.03878656;0.04593676;0.33693281
0.036810275;0.047913045;0.33693281
0.036810275;0.047913045;0.33693281
0.036810275;0.047913045;0.33693281
0.034833994;0.04988933;0.34483793
0.032857709;0.047913045;0.33693281
0.034833994;0.047913045;0.34483793
0.032857709;0.04988933;0.34483793
0.032857709;0.047913045;0.33693281
0.032857709;0.04988933;0.34483793
0.030881424;0.047913045;0.34483793
0.030881424;0.04988933;0.33693281
0.030881424;0.047913045;0.33693281
0.028905138;0.04988933;0.34483793
0.028905138;0.04988933;0.33693281
0.028905138;0.04988933;0.34483793
0.026928853;0.04988933;0.34483793
0.02495257;0.04988933;0.33693281
0.02495257;0.051865611;0.34483793
0.02495257;0.051865611;0.34483793
0.02495257;0.04988933;0.33693281
0.022976285;0.04988933;0.33693281
0.022976285;0.04988933;0.34483793
0.021;0.051865611;0.33693281
0.021;0.04988933;0.33693281
0.021;0.051865611;0.34483793
0.019023715;0.04988933;0.33693281
0.019023715;0.04988933;0.34483793
0.019023715;0.04988933;0.33693281
0.017047431;0.04988933;0.33693281
0.017047431;0.051865611;0.33693281
0.017047431;0.051865611;0.33693281
0.015071146;0.04988933;0.33693281
0.015071146;0.051865611;0.33693281
0.013094862;0.04988933;0.33693281
0.013094862;0.051865611;0.33693281
0.013094862;0.051865611;0.34483793
0.011118577;0.053841896;0.33693281
0.011118577;0.051865611;0.33693281
0.0091422927;0.051865611;0.33693281
0.0091422927;0.051865611;0.34483793
0.0091422927;0.051865611;0.33693281
0.007166008;0.051865611;0.33693281
0.007166008;0.051865611;0.33693281
0.007166008;0.051865611;0.33693281
0.007166008;0.051865611;0.33693281
0.0051897233;0.053841896;0.34483793
0.0051897233;0.053841896;0.33693281
0.0032134387;0.053841896;0.34483793
0.0032134387;0.053841896;0.34483793
0.0032134387;0.053841896;0.34483793
0.0032134387;0.053841896;0.33693281
-0.00073913042;0.053841896;0.33693281
-0.00073913042;0.053841896;0.34483793
-0.00073913042;0.053841896;0.34483793
-0.00073913042;0.053841896;0.33693281
-0.0027154151;0.053841896;0.33693281
-0.00073913042;0.053841896;0.34483793
-0.0046916995;0.051865611;0.33693281
-0.0027154151;0.053841896;0.33693281
-0.0046916995;0.053841896;0.33693281
-0.0046916995;0.053841896;0.34483793
-0.0066679842;0.053841896;0.34483793
-0.0066679842;0.053841896;0.33693281
-0.0086442688;0.055818181;0.33693281
-0.0086442688;0.053841896;0.34483793
-0.0086442688;0.053841896;0.33693281
-0.010620553;0.055818181;0.33693281
-0.010620553;0.053841896;0.33693281
-0.0086442688;0.053841896;0.33693281
-0.010620553;0.055818181;0.34483793
-0.010620553;0.053841896;0.34483793
-0.010620553;0.053841896;0.34483793
-0.012596838;0.053841896;0.33693281
-0.010620553;0.053841896;0.34483793
-0.012596838;0.053841896;0.33693281
-0.014573122;0.053841896;0.33693281
-0.014573122;0.053841896;0.34483793
-0.012596838;0.055818181;0.33693281
-0.014573122;0.055818181;0.33693281
-0.016549407;0.055818181;0.34483793
-0.016549407;0.055818181;0.33693281
-0.016549407;0.055818181;0.34483793
-0.016549407;0.055818181;0.33693281
-0.016549407;0.055818181;0.34483793
-0.018525692;0.057794467;0.33693281
-0.016549407;0.057794467;0.34483793
-0.018525692;0.057794467;0.34483793
-0.020501977;0.057794467;0.33693281
-0.020501977;0.055818181;0.33693281
-0.020501977;0.055818181;0.34483793
-0.02247826;0.055818181;0.33693281
-0.020501977;0.057794467;0.33693281
-0.02247826;0.057794467;0.33693281
-0.02247826;0.057794467;0.33693281
-0.02247826;0.057794467;0.33693281
-0.02247826;0.057794467;0.34483793
-0.02247826;0.057794467;0.33693281
-0.02247826;0.057794467;0.33693281
-0.02247826;0.057794467;0.34483793
-0.024454545;0.057794467;0.33693281
-0.02643083;0.057794467;0.33693281
-0.024454545;0.057794467;0.34483793
-0.02643083;0.057794467;0.34483793
-0.02643083;0.057794467;0.33693281
-0.028407115;0.057794467;0.33693281
-0.028407115;0.057794467;0.34483793
-0.02643083;0.057794467;0.33693281
-0.02643083;0.057794467;0.33693281
-0.02643083;0.057794467;0.34483793
-0.030383399;0.057794467;0.33693281
-0.028407115;0.057794467;0.33693281
-0.028407115;0.057794467;0.34483793
-0.028407115;0.057794467;0.33693281
-0.030383399;0.059770752;0.33693281
-0.028407115;0.059770752;0.33693281
-0.030383399;0.059770752;0.33693281
-0.030383399;0.057794467;0.33693281
-0.030383399;0.059770752;0.34483793
-0.030383399;0.059770752;0.34483793
-0.030383399;0.059770752;0.33693281
-0.032359682;0.059770752;0.34483793
-0.032359682;0.059770752;0.33693281
-0.030383399;0.057794467;0.33693281
-0.032359682;0.059770752;0.33693281
-0.032359682;0.057794467;0.33693281
-0.032359682;0.059770752;0.34483793
-0.032359682;0.059770752;0.34483793
-0.032359682;0.059770752;0.33693281
-0.032359682;0.059770752;0.33693281
-0.032359682;0.059770752;0.33693281
-0.032359682;0.059770752;0.33693281
-0.032359682;0.059770752;0.33693281
-0.032359682;0.059770752;0.33693281
-0.032359682;0.059770752;0.33693281
-0.032359682;0.059770752;0.33693281
-0.034335967;0.059770752;0.33693281
-0.032359682;0.059770752;0.33693281
-0.034335967;0.059770752;0.34483793
-0.032359682;0.059770752;0.33693281
-0.032359682;0.061747037;0.33693281
-0.032359682;0.059770752;0.34483793
-0.032359682;0.061747037;0.33693281
-0.032359682;0.059770752;0.33693281
-0.032359682;0.061747037;0.34483793
-0.034335967;0.061747037;0.34483793
-0.032359682;0.059770752;0.33693281
-0.034335967;0.059770752;0.33693281
-0.032359682;0.061747037;0.33693281
-0.032359682;0.061747037;0.34483793
-0.032359682;0.059770752;0.33693281
-0.030383399;0.061747037;0.34483793
-0.032359682;0.061747037;0.34483793
-0.030383399;0.061747037;0.33693281
-0.030383399;0.061747037;0.33693281
-0.030383399;0.059770752;0.33693281
-0.032359682;0.061747037;0.33693281
-0.030383399;0.061747037;0.33693281
-0.030383399;0.061747037;0.33693281
-0.030383399;0.061747037;0.34483793
-0.030383399;0.061747037;0.33693281
-0.030383399;0.061747037;0.33693281
-0.030383399;0.059770752;0.33693281
-0.030383399;0.061747037;0.34483793
-0.028407115;0.061747037;0.33693281
-0.028407115;0.061747037;0.33693281
-0.028407115;0.061747037;0.34483793
-0.028407115;0.061747037;0.34483793
-0.02643083;0.061747037;0.33693281
-0.030383399;0.063723318;0.33693281
-0.02643083;0.063723318;0.33693281
-0.028407115;0.061747037;0.33693281
-0.028407115;0.061747037;0.33693281
-0.02643083;0.061747037;0.33693281
-0.02643083;0.061747037;0.34483793
-0.024454545;0.061747037;0.33693281
-0.02643083;0.063723318;0.33693281
-0.02643083;0.061747037;0.33693281
-0.024454545;0.061747037;0.33693281
-0.024454545;0.063723318;0.34483793
-0.02643083;0.061747037;0.33693281
-0.024454545;0.063723318;0.34483793
-0.024454545;0.063723318;0.33693281
-0.02247826;0.063723318;0.34483793
-0.02247826;0.061747037;0.34483793
-0.02247826;0.063723318;0.33693281
-0.020501977;0.061747037;0.33693281
-0.020501977;0.063723318;0.34483793
-0.020501977;0.063723318;0.34483793
-0.020501977;0.063723318;0.34483793
-0.020501977;0.063723318;0.34483793
-0.020501977;0.063723318;0.33693281
-0.018525692;0.063723318;0.33693281
-0.020501977;0.065699607;0.33693281
-0.016549407;0.063723318;0.33693281
-0.016549407;0.065699607;0.33693281
-0.016549407;0.063723318;0.34483793
-0.016549407;0.063723318;0.33693281
-0.014573122;0.065699607;0.33693281
-0.014573122;0.063723318;0.34483793
-0.012596838;0.063723318;0.33693281
-0.014573122;0.063723318;0.33693281
-0.012596838;0.063723318;0.33693281
-0.012596838;0.063723318;0.33693281
-0.012596838;0.063723318;0.33693281
-0.012596838;0.063723318;0.34483793
-0.012596838;0.065699607;0.33693281
-0.010620553;0.065699607;0.33693281
-0.010620553;0.063723318;0.33693281
-0.0086442688;0.063723318;0.33693281
-0.010620553;0.065699607;0.34483793
-0.0086442688;0.065699607;0.34483793
-0.0086442688;0.063723318;0.34483793
-0.0086442688;0.065699607;0.33693281
-0.0066679842;0.063723318;0.34483793
-0.0066679842;0.065699607;0.33693281
-0.0046916995;0.065699607;0.33693281
-0.0066679842;0.065699607;0.33693281
-0.0027154151;0.065699607;0.33693281
-0.0046916995;0.065699607;0.33693281
-0.0046916995;0.065699607;0.33693281
-0.0027154151;0.063723318;0.33693281
-0.0027154151;0.065699607;0.33693281
-0.0027154151;0.065699607;0.34483793
-0.0027154151;0.063723318;0.34483793
-0.00073913042;0.065699607;0.34483793
-0.00073913042;0.065699607;0.32902768
-0.00073913042;0.065699607;0.34483793
0.0012371541;0.065699607;0.33693281
0.0032134387;0.065699607;0.34483793
0.0012371541;0.065699607;0.34483793
0.0032134387;0.065699607;0.33693281
0.0032134387;0.065699607;0.33693281
0.0051897233;0.067675889;0.33693281
0.0051897233;0.065699607;0.34483793
0.007166008;0.065699607;0.34483793
0.007166008;0.065699607;0.33693281
0.0091422927;0.065699607;0.33693281
0.007166008;0.065699607;0.33693281
0.0091422927;0.067675889;0.33693281
0.0091422927;0.065699607;0.33693281
0.011118577;0.067675889;0.33693281
0.011118577;0.067675889;0.34483793
0.011118577;0.065699607;0.34483793
0.013094862;0.065699607;0.33693281
0.013094862;0.065699607;0.33693281
0.013094862;0.067675889;0.33693281
0.015071146;0.065699607;0.34483793
0.015071146;0.067675889;0.33693281
0.015071146;0.067675889;0.34483793
0.017047431;0.067675889;0.33693281
0.017047431;0.067675889;0.34483793
0.019023715;0.067675889;0.33693281
0.019023715;0.067675889;0.33693281
0.019023715;0.067675889;0.33693281
0.021;0.067675889;0.34483793
0.021;0.067675889;0.33693281
0.021;0.065699607;0.33693281
0.022976285;0.065699607;0.34483793
0.022976285;0.067675889;0.34483793
0.02495257;0.067675889;0.33693281
0.02495257;0.065699607;0.34483793
0.02495257;0.067675889;0.34483793
0.026928853;0.065699607;0.33693281
0.026928853;0.067675889;0.33693281
0.026928853;0.067675889;0.34483793
0.028905138;0.067675889;0.33693281
0.028905138;0.067675889;0.34483793
0.030881424;0.067675889;0.34483793
0.030881424;0.067675889;0.34483793
0.030881424;0.067675889;0.32902768
0.032857709;0.067675889;0.33693281
0.030881424;0.067675889;0.33693281
0.032857709;0.067675889;0.33693281
0.034833994;0.067675889;0.32902768
0.034833994;0.065699607;0.33693281
0.034833994;0.067675889;0.33693281
0.036810275;0.065699607;0.33693281
0.036810275;0.067675889;0.34483793
0.036810275;0.067675889;0.33693281
0.036810275;0.067675889;0.33693281
0.03878656;0.067675889;0.33693281
0.03878656;0.067675889;0.34483793
0.040762845;0.067675889;0.33693281
0.040762845;0.067675889;0.34483793
0.040762845;0.067675889;0.33693281
0.042739131;0.067675889;0.33693281
0.042739131;0.067675889;0.34483793
0.044715416;0.069652177;0.34483793
0.042739131;0.067675889;0.34483793
0.044715416;0.067675889;0.33693281
0.046691701;0.067675889;0.33693281
0.046691701;0.067675889;0.33693281
0.046691701;0.067675889;0.33693281
0.048667986;0.069652177;0.34483793
0.048667986;0.069652177;0.34483793
0.048667986;0.067675889;0.34483793
0.048667986;0.067675889;0.34483793
0.048667986;0.067675889;0.34483793
0.052620552;0.067675889;0.33693281
0.050644267;0.067675889;0.33693281
0.052620552;0.067675889;0.33693281
0.052620552;0.067675889;0.34483793
0.052620552;0.067675889;0.33693281
0.052620552;0.067675889;0.33693281
0.052620552;0.067675889;0.33693281
0.054596838;0.067675889;0.33693281
0.056573123;0.067675889;0.34483793
0.056573123;0.067675889;0.34483793
0.056573123;0.069652177;0.33693281
0.056573123;0.067675889;0.33693281
0.056573123;0.067675889;0.34483793
0.058549408;0.069652177;0.33693281
0.058549408;0.067675889;0.33693281
0.060525693;0.067675889;0.33693281
0.058549408;0.067675889;0.34483793
0.060525693;0.069652177;0.33693281
0.062501974;0.067675889;0.33693281
0.062501974;0.067675889;0.34483793
0.062501974;0.067675889;0.33693281
0.062501974;0.067675889;0.33693281
0.064478263;0.067675889;0.34483793
0.062501974;0.067675889;0.34483793
0.064478263;0.067675889;0.33693281
0.064478263;0.069652177;0.34483793
0.064478263;0.069652177;0.33693281
0.064478263;0.067675889;0.33693281
0.066454545;0.067675889;0.34483793
0.068430834;0.067675889;0.33693281
0.066454545;0.067675889;0.33693281
0.066454545;0.069652177;0.32902768
0.066454545;0.067675889;0.34483793
0.068430834;0.069652177;0.34483793
0.068430834;0.069652177;0.33693281
0.068430834;0.067675889;0.33693281
0.068430834;0.069652177;0.33693281
0.070407115;0.067675889;0.34483793
0.070407115;0.067675889;0.34483793
0.070407115;0.069652177;0.34483793
0.072383396;0.067675889;0.33693281
0.072383396;0.067675889;0.33693281
0.070407115;0.069652177;0.34483793
0.072383396;0.069652177;0.33693281
0.072383396;0.069652177;0.33693281
0.072383396;0.069652177;0.33693281
0.072383396;0.069652177;0.34483793
0.074359685;0.069652177;0.33693281
0.072383396;0.069652177;0.33693281
0.074359685;0.069652177;0.33693281
0.072383396;0.069652177;0.34483793
0.074359685;0.069652177;0.34483793
0.074359685;0.067675889;0.33693281
0.074359685;0.067675889;0.33693281
0.076335967;0.069652177;0.34483793
0.074359685;0.067675889;0.33693281
0.076335967;0.069652177;0.34483793
0.076335967;0.069652177;0.33693281
0.074359685;0.069652177;0.33693281
0.076335967;0.069652177;0.34483793
0.074359685;0.067675889;0.33693281
0.078312255;0.069652177;0.33693281
0.076335967;0.067675889;0.34483793
0.076335967;0.069652177;0.34483793
0.078312255;0.069652177;0.33693281
0.076335967;0.067675889;0.34483793
0.078312255;0.069652177;0.33693281
0.078312255;0.069652177;0.33693281
0.078312255;0.069652177;0.34483793
0.076335967;0.069652177;0.33693281
0.078312255;0.069652177;0.34483793
0.078312255;0.069652177;0.33693281
0.078312255;0.069652177;0.34483793
0.076335967;0.069652177;0.33693281
0.078312255;0.069652177;0.33693281
0.078312255;0.069652177;0.33693281
0.076335967;0.069652177;0.33693281
0.078312255;0.069652177;0.34483793
0.078312255;0.069652177;0.33693281
0.078312255;0.069652177;0.33693281
0.076335967;0.069652177;0.33693281
0.078312255;0.067675889;0.33693281
0.078312255;0.067675889;0.33693281
0.078312255;0.069652177;0.34483793
0.078312255;0.071628459;0.34483793
0.078312255;0.067675889;0.33693281
0.076335967;0.069652177;0.33693281
0.076335967;0.069652177;0.33693281
0.078312255;0.067675889;0.33693281
0.076335967;0.069652177;0.34483793
0.076335967;0.069652177;0.34483793
0.076335967;0.067675889;0.34483793
0.076335967;0.069652177;0.34483793
0.076335967;0.067675889;0.34483793
0.076335967;0.069652177;0.33693281
0.076335967;0.069652177;0.33693281
0.076335967;0.069652177;0.33693281
0.076335967;0.069652177;0.33693281
0.076335967;0.069652177;0.33693281
0.074359685;0.069652177;0.33693281
0.074359685;0.067675889;0.33693281
0.076335967;0.069652177;0.33693281
0.074359685;0.071628459;0.33693281
0.072383396;0.069652177;0.34483793
0.074359685;0.069652177;0.34483793
0.074359685;0.069652177;0.34483793
0.074359685;0.069652177;0.34483793
0.072383396;0.069652177;0.34483793
0.072383396;0.069652177;0.33693281
0.070407115;0.069652177;0.33693281
0.070407115;0.069652177;0.33693281
0.070407115;0.069652177;0.34483793
0.070407115;0.069652177;0.33693281
0.070407115;0.069652177;0.33693281
0.070407115;0.069652177;0.33693281
0.070407115;0.069652177;0.34483793
0.070407115;0.069652177;0.34483793
0.068430834;0.067675889;0.34483793
0.068430834;0.069652177;0.34483793
0.070407115;0.069652177;0.33693281
0.068430834;0.069652177;0.33693281
0.066454545;0.069652177;0.33693281
0.066454545;0.069652177;0.33693281
0.064478263;0.069652177;0.33693281
0.066454545;0.069652177;0.33693281
0.064478263;0.067675889;0.33693281
0.066454545;0.069652177;0.34483793
0.064478263;0.069652177;0.33693281
0.066454545;0.067675889;0.33693281
0.064478263;0.069652177;0.33693281
0.064478263;0.069652177;0.33693281
0.064478263;0.069652177;0.33693281
0.062501974;0.069652177;0.34483793
0.062501974;0.067675889;0.33693281
0.062501974;0.067675889;0.34483793
0.062501974;0.069652177;0.33693281
0.062501974;0.069652177;0.33693281
0.058549408;0.069652177;0.34483793
0.058549408;0.067675889;0.33693281
0.058549408;0.069652177;0.33693281
0.058549408;0.067675889;0.33693281
0.058549408;0.069652177;0.34483793
0.056573123;0.069652177;0.33693281
0.056573123;0.067675889;0.34483793
0.056573123;0.069652177;0.33693281
0.056573123;0.069652177;0.33693281
0.054596838;0.067675889;0.34483793
0.054596838;0.069652177;0.33693281
0.054596838;0.069652177;0.34483793
0.052620552;0.067675889;0.34483793
0.052620552;0.069652177;0.33693281
0.052620552;0.067675889;0.33693281
0.052620552;0.069652177;0.33693281
0.050644267;0.069652177;0.33693281
0.048667986;0.067675889;0.34483793
0.048667986;0.065699607;0.34483793
0.048667986;0.067675889;0.33693281
0.048667986;0.067675889;0.33693281
0.048667986;0.067675889;0.34483793
0.046691701;0.067675889;0.33693281
0.046691701;0.067675889;0.33693281
0.044715416;0.067675889;0.33693281
0.044715416;0.069652177;0.33693281
0.044715416;0.067675889;0.34483793
0.044715416;0.067675889;0.34483793
0.042739131;0.067675889;0.34483793
0.042739131;0.067675889;0.34483793
0.042739131;0.067675889;0.33693281
0.040762845;0.067675889;0.33693281
0.040762845;0.067675889;0.33693281
0.040762845;0.067675889;0.33693281
0.03878656;0.069652177;0.33693281
0.036810275;0.069652177;0.33693281
0.036810275;0.069652177;0.33693281
0.03878656;0.067675889;0.33693281
0.036810275;0.069652177;0.33693281
0.034833994;0.067675889;0.33693281
0.034833994;0.067675889;0.33693281
0.034833994;0.067675889;0.34483793
0.034833994;0.067675889;0.33693281
0.032857709;0.069652177;0.33693281
0.032857709;0.067675889;0.33693281
0.030881424;0.067675889;0.33693281
0.030881424;0.067675889;0.34483793
0.030881424;0.067675889;0.33693281
0.028905138;0.067675889;0.33693281
0.028905138;0.067675889;0.33693281
0.026928853;0.067675889;0.33693281
0.028905138;0.067675889;0.33693281
0.02495257;0.067675889;0.33693281
0.02495257;0.067675889;0.34483793
0.02495257;0.067675889;0.34483793
0.02495257;0.067675889;0.34483793
0.022976285;0.067675889;0.33693281
0.02495257;0.067675889;0.34483793
0.021;0.067675889;0.33693281
0.021;0.067675889;0.34483793
0.021;0.067675889;0.33693281
0.021;0.067675889;0.34483793
0.019023715;0.067675889;0.34483793
0.019023715;0.067675889;0.34483793
0.017047431;0.067675889;0.33693281
0.019023715;0.067675889;0.33693281
0.017047431;0.067675889;0.33693281
0.015071146;0.067675889;0.34483793
0.015071146;0.067675889;0.33693281
0.015071146;0.067675889;0.33693281
0.015071146;0.067675889;0.34483793
0.013094862;0.067675889;0.33693281
0.011118577;0.067675889;0.33693281
0.011118577;0.065699607;0.33693281
0.0091422927;0.067675889;0.33693281
0.0091422927;0.067675889;0.33693281
0.0091422927;0.065699607;0.33693281
0.0091422927;0.065699607;0.33693281
0.0091422927;0.065699607;0.33693281
0.007166008;0.067675889;0.33693281
0.007166008;0.065699607;0.34483793
0.0051897233;0.067675889;0.33693281
0.0051897233;0.067675889;0.33693281
0.0032134387;0.067675889;0.33693281
0.0032134387;0.067675889;0.33693281
0.0012371541;0.065699607;0.34483793
0.0012371541;0.065699607;0.34483793
0.0012371541;0.067675889;0.34483793
0.0012371541;0.067675889;0.33693281
0.0012371541;0.067675889;0.34483793
-0.00073913042;0.067675889;0.34483793
-0.00073913042;0.065699607;0.33693281
-0.0027154151;0.065699607;0.33693281
-0.0046916995;0.065699607;0.34483793
-0.0027154151;0.067675889;0.33693281
-0.0046916995;0.065699607;0.33693281
-0.0046916995;0.067675889;0.34483793
-0.0046916995;0.065699607;0.34483793
-0.0066679842;0.065699607;0.34483793
-0.0066679842;0.065699607;0.33693281
-0.0066679842;0.067675889;0.34483793
-0.0086442688;0.065699607;0.33693281
-0.010620553;0.065699607;0.34483793
-0.010620553;0.065699607;0.33693281
-0.010620553;0.065699607;0.33693281
-0.010620553;0.065699607;0.33693281
-0.0086442688;0.065699607;0.33693281
-0.010620553;0.065699607;0.33693281
-0.012596838;0.065699607;0.34483793
-0.012596838;0.063723318;0.34483793
-0.012596838;0.065699607;0.34483793
-0.014573122;0.065699607;0.33693281
-0.014573122;0.065699607;0.33693281
-0.014573122;0.065699607;0.33693281
-0.014573122;0.063723318;0.34483793
-0.016549407;0.065699607;0.34483793
-0.016549407;0.065699607;0.33693281
-0.016549407;0.063723318;0.33693281
-0.016549407;0.063723318;0.33693281
-0.016549407;0.065699607;0.34483793
-0.018525692;0.065699607;0.34483793
-0.018525692;0.065699607;0.33693281
-0.018525692;0.065699607;0.33693281
-0.018525692;0.065699607;0.34483793
-0.020501977;0.065699607;0.33693281
-0.020501977;0.063723318;0.33693281
-0.020501977;0.065699607;0.33693281
-0.02247826;0.065699607;0.33693281
-0.02247826;0.065699607;0.34483793
-0.02247826;0.065699607;0.34483793
-0.024454545;0.063723318;0.33693281
-0.02247826;0.063723318;0.33693281
-0.02247826;0.063723318;0.34483793
-0.02247826;0.063723318;0.33693281
-0.024454545;0.065699607;0.34483793
-0.024454545;0.065699607;0.34483793
-0.024454545;0.065699607;0.34483793
-0.02643083;0.063723318;0.34483793
-0.024454545;0.063723318;0.33693281
-0.02643083;0.063723318;0.34483793
-0.02643083;0.063723318;0.33693281
-0.028407115;0.065699607;0.34483793
-0.02643083;0.063723318;0.34483793
-0.028407115;0.061747037;0.34483793
-0.028407115;0.063723318;0.33693281
-0.028407115;0.063723318;0.33693281
-0.02643083;0.061747037;0.33693281
-0.02643083;0.061747037;0.34483793
-0.028407115;0.063723318;0.34483793
-0.028407115;0.063723318;0.34483793
-0.028407115;0.063723318;0.33693281
-0.030383399;0.063723318;0.33693281
-0.030383399;0.063723318;0.33693281
-0.030383399;0.061747037;0.34483793
-0.030383399;0.061747037;0.33693281
-0.030383399;0.063723318;0.33693281
-0.032359682;0.063723318;0.33693281
-0.030383399;0.063723318;0.33693281
-0.030383399;0.061747037;0.33693281
-0.030383399;0.063723318;0.33693281
-0.032359682;0.061747037;0.33693281
-0.032359682;0.061747037;0.33693281
-0.032359682;0.061747037;0.33693281
-0.032359682;0.061747037;0.33693281
-0.032359682;0.061747037;0.34483793
-0.032359682;0.061747037;0.33693281
-0.032359682;0.061747037;0.33693281
-0.030383399;0.061747037;0.33693281
-0.032359682;0.061747037;0.34483793
-0.032359682;0.061747037;0.33693281
-0.032359682;0.061747037;0.34483793
-0.032359682;0.061747037;0.33693281
-0.032359682;0.063723318;0.34483793
-0.032359682;0.061747037;0.34483793
-0.030383399;0.061747037;0.34483793
-0.032359682;0.061747037;0.33693281
-0.034335967;0.061747037;0.34483793
-0.032359682;0.061747037;0.33693281
-0.032359682;0.061747037;0.33693281
-0.032359682;0.061747037;0.33693281
-0.034335967;0.059770752;0.33693281
-0.030383399;0.061747037;0.33693281
-0.032359682;0.059770752;0.33693281
-0.032359682;0.061747037;0.33693281
-0.032359682;0.061747037;0.34483793
-0.032359682;0.061747037;0.33693281
-0.030383399;0.059770752;0.33693281
-0.032359682;0.059770752;0.34483793
-0.032359682;0.059770752;0.34483793
-0.030383399;0.061747037;0.33693281
-0.030383399;0.059770752;0.33693281
-0.030383399;0.061747037;0.34483793
-0.030383399;0.059770752;0.34483793
-0.030383399;0.059770752;0.34483793
-0.030383399;0.059770752;0.33693281
-0.030383399;0.059770752;0.34483793
-0.030383399;0.059770752;0.34483793
-0.030383399;0.059770752;0.33693281
-0.030383399;0.059770752;0.33693281
-0.028407115;0.059770752;0.33693281
-0.028407115;0.059770752;0.33693281
-0.030383399;0.059770752;0.34483793
-0.028407115;0.059770752;0.33693281
-0.028407115;0.057794467;0.34483793
-0.028407115;0.059770752;0.34483793
-0.028407115;0.059770752;0.34483793
-0.028407115;0.059770752;0.33693281
-0.028407115;0.059770752;0.33693281
-0.028407115;0.059770752;0.33693281
-0.02643083;0.059770752;0.34483793
-0.024454545;0.059770752;0.34483793
-0.024454545;0.059770752;0.33693281
-0.02643083;0.059770752;0.34483793
-0.02643083;0.057794467;0.33693281
-0.024454545;0.057794467;0.33693281
-0.024454545;0.059770752;0.33693281
-0.024454545;0.057794467;0.33693281
-0.02247826;0.057794467;0.34483793
-0.02247826;0.057794467;0.33693281
-0.02247826;0.059770752;0.33693281
-0.02247826;0.057794467;0.33693281
-0.020501977;0.057794467;0.33693281
-0.02247826;0.057794467;0.33693281
-0.020501977;0.059770752;0.33693281
-0.018525692;0.059770752;0.34483793
-0.020501977;0.057794467;0.34483793
-0.018525692;0.057794467;0.33693281
-0.018525692;0.057794467;0.33693281
-0.018525692;0.057794467;0.33693281
-0.018525692;0.057794467;0.34483793
-0.016549407;0.057794467;0.33693281
-0.016549407;0.057794467;0.33693281
-0.016549407;0.057794467;0.33693281
-0.016549407;0.057794467;0.33693281
-0.014573122;0.057794467;0.33693281
-0.014573122;0.057794467;0.33693281
-0.012596838;0.057794467;0.33693281
-0.014573122;0.057794467;0.33693281
-0.010620553;0.057794467;0.34483793
-0.012596838;0.055818181;0.34483793
-0.012596838;0.057794467;0.34483793
-0.010620553;0.055818181;0.33693281
-0.010620553;0.055818181;0.34483793
-0.010620553;0.055818181;0.33693281
-0.010620553;0.057794467;0.34483793
-0.0086442688;0.055818181;0.33693281
-0.010620553;0.055818181;0.34483793
-0.0086442688;0.055818181;0.33693281
-0.0086442688;0.055818181;0.33693281
-0.0086442688;0.055818181;0.33693281
-0.0066679842;0.055818181;0.33693281
-0.0066679842;0.053841896;0.33693281
-0.0046916995;0.055818181;0.34483793
-0.0027154151;0.055818181;0.34483793
-0.0046916995;0.055818181;0.33693281
-0.0027154151;0.055818181;0.33693281
-0.0027154151;0.055818181;0.32902768
-0.0027154151;0.055818181;0.34483793
-0.00073913042;0.055818181;0.34483793
-0.0027154151;0.055818181;0.33693281
-0.00073913042;0.053841896;0.34483793
0.0012371541;0.053841896;0.33693281
0.0012371541;0.055818181;0.34483793
0.0032134387;0.055818181;0.33693281
0.0012371541;0.053841896;0.33693281
0.0012371541;0.053841896;0.33693281
0.0051897233;0.053841896;0.34483793
0.0032134387;0.055818181;0.33693281
0.0051897233;0.055818181;0.33693281
0.007166008;0.053841896;0.33693281
0.007166008;0.053841896;0.33693281
0.0091422927;0.053841896;0.33693281
0.007166008;0.053841896;0.33693281
0.0091422927;0.053841896;0.33693281
0.0091422927;0.053841896;0.33693281
0.011118577;0.053841896;0.34483793
0.011118577;0.053841896;0.33693281
0.013094862;0.053841896;0.34483793
0.011118577;0.053841896;0.34483793
0.013094862;0.053841896;0.33693281
0.015071146;0.053841896;0.33693281
0.013094862;0.053841896;0.33693281
0.017047431;0.053841896;0.34483793
0.017047431;0.051865611;0.33693281
0.017047431;0.051865611;0.33693281
0.017047431;0.051865611;0.33693281
0.019023715;0.051865611;0.34483793
0.019023715;0.051865611;0.34483793
0.019023715;0.051865611;0.34483793
0.021;0.051865611;0.34483793
0.021;0.051865611;0.34483793
0.021;0.051865611;0.33693281
0.021;0.051865611;0.33693281
0.02495257;0.051865611;0.33693281
0.02495257;0.051865611;0.34483793
0.022976285;0.051865611;0.33693281
0.02495257;0.051865611;0.33693281
0.026928853;0.051865611;0.34483793
0.02495257;0.051865611;0.33693281
0.028905138;0.051865611;0.33693281
0.028905138;0.04988933;0.33693281
0.028905138;0.051865611;0.33693281
0.030881424;0.051865611;0.33693281
0.030881424;0.051865611;0.34483793
0.032857709;0.04988933;0.33693281
0.032857709;0.04988933;0.34483793
0.032857709;0.051865611;0.33693281
0.032857709;0.04988933;0.33693281
0.034833994;0.051865611;0.33693281
0.034833994;0.04988933;0.33693281
0.034833994;0.04988933;0.34483793
0.034833994;0.04988933;0.33693281
0.034833994;0.04988933;0.33693281
0.036810275;0.04988933;0.34483793
0.03878656;0.04988933;0.34483793
0.03878656;0.04988933;0.34483793
0.040762845;0.04988933;0.33693281
0.03878656;0.04988933;0.33693281
0.040762845;0.04988933;0.34483793
0.040762845;0.047913045;0.34483793
0.042739131;0.04988933;0.34483793
0.042739131;0.047913045;0.34483793
0.042739131;0.047913045;0.33693281
0.044715416;0.04988933;0.33693281
0.044715416;0.047913045;0.33693281
0.046691701;0.047913045;0.33693281
0.046691701;0.047913045;0.33693281
0.046691701;0.04988933;0.32902768
0.048667986;0.04593676;0.33693281
0.048667986;0.047913045;0.34483793
0.048667986;0.047913045;0.33693281
0.050644267;0.047913045;0.34483793
0.048667986;0.047913045;0.34483793
0.050644267;0.047913045;0.33693281
0.050644267;0.047913045;0.33693281
0.052620552;0.047913045;0.33693281
0.052620552;0.047913045;0.33693281
0.054596838;0.04988933;0.34483793
0.052620552;0.047913045;0.33693281
0.054596838;0.04988933;0.33693281
0.054596838;0.04593676;0.34483793
0.054596838;0.04593676;0.33693281
0.056573123;0.047913045;0.33693281
0.056573123;0.047913045;0.33693281
0.056573123;0.047913045;0.33693281
0.058549408;0.047913045;0.33693281
0.058549408;0.047913045;0.33693281
0.058549408;0.047913045;0.33693281
0.060525693;0.04593676;0.33693281
0.060525693;0.047913045;0.33693281
0.062501974;0.047913045;0.33693281
0.060525693;0.04593676;0.34483793
0.062501974;0.047913045;0.33693281
0.060525693;0.04593676;0.34483793
0.062501974;0.04593676;0.34483793
0.064478263;0.04593676;0.33693281
0.064478263;0.04593676;0.33693281
0.064478263;0.04593676;0.33693281
0.064478263;0.04593676;0.33693281
0.064478263;0.04593676;0.33693281
0.064478263;0.047913045;0.33693281
0.066454545;0.04593676;0.33693281
0.066454545;0.04593676;0.33693281
0.066454545;0.04593676;0.33693281
0.068430834;0.04593676;0.33693281
0.068430834;0.04593676;0.33693281
0.068430834;0.04593676;0.34483793
0.068430834;0.04593676;0.34483793
0.068430834;0.043960474;0.33693281
0.070407115;0.043960474;0.34483793
0.070407115;0.043960474;0.33693281
0.070407115;0.043960474;0.34483793
0.070407115;0.04593676;0.33693281
0.072383396;0.043960474;0.33693281
0.070407115;0.043960474;0.34483793
0.072383396;0.043960474;0.33693281
0.072383396;0.043960474;0.34483793
0.072383396;0.043960474;0.33693281
0.072383396;0.043960474;0.34483793
0.074359685;0.043960474;0.33693281
0.074359685;0.041984189;0.34483793
0.074359685;0.043960474;0.33693281
0.074359685;0.041984189;0.34483793
0.076335967;0.043960474;0.34483793
0.074359685;0.043960474;0.33693281
0.076335967;0.043960474;0.33693281
0.074359685;0.043960474;0.33693281
0.076335967;0.041984189;0.34483793
0.076335967;0.043960474;0.33693281
0.076335967;0.041984189;0.34483793
0.076335967;0.041984189;0.33693281
0.076335967;0.041984189;0.34483793
0.076335967;0.041984189;0.34483793
0.078312255;0.041984189;0.34483793
0.076335967;0.041984189;0.33693281
0.076335967;0.041984189;0.32902768
0.078312255;0.041984189;0.33693281
0.078312255;0.041984189;0.33693281
0.076335967;0.040007904;0.34483793
0.078312255;0.040007904;0.34483793
0.078312255;0.041984189;0.33693281
0.078312255;0.041984189;0.33693281
0.078312255;0.041984189;0.34483793
0.078312255;0.040007904;0.33693281
0.078312255;0.041984189;0.33693281
0.078312255;0.041984189;0.33693281
0.078312255;0.041984189;0.33693281
0.078312255;0.041984189;0.33693281
0.078312255;0.041984189;0.33693281
0.078312255;0.040007904;0.33693281
0.078312255;0.040007904;0.32902768
0.078312255;0.040007904;0.34483793
0.078312255;0.040007904;0.34483793
0.078312255;0.040007904;0.33693281
0.076335967;0.040007904;0.33693281
0.078312255;0.040007904;0.33693281
0.076335967;0.040007904;0.33693281
0.078312255;0.040007904;0.33693281
0.076335967;0.040007904;0.34483793
0.076335967;0.040007904;0.33693281
0.076335967;0.040007904;0.34483793
0.078312255;0.038031619;0.34483793
0.076335967;0.040007904;0.33693281
0.076335967;0.038031619;0.34483793
0.074359685;0.040007904;0.34483793
0.076335967;0.040007904;0.33693281
0.074359685;0.038031619;0.33693281
0.076335967;0.038031619;0.34483793
0.074359685;0.038031619;0.33693281
0.074359685;0.038031619;0.33693281
0.076335967;0.038031619;0.33693281
0.074359685;0.038031619;0.34483793
0.074359685;0.038031619;0.33693281
0.074359685;0.038031619;0.34483793
0.074359685;0.038031619;0.33693281
0.074359685;0.038031619;0.33693281
0.074359685;0.038031619;0.34483793
0.074359685;0.038031619;0.33693281
0.072383396;0.038031619;0.34483793
0.072383396;0.038031619;0.33693281
0.074359685;0.036055338;0.34483793
0.072383396;0.038031619;0.34483793
0.072383396;0.036055338;0.33693281
0.072383396;0.036055338;0.33693281
0.070407115;0.038031619;0.33693281
0.072383396;0.036055338;0.33693281
0.070407115;0.038031619;0.33693281
0.070407115;0.036055338;0.33693281
0.070407115;0.038031619;0.33693281
0.070407115;0.036055338;0.33693281
0.066454545;0.036055338;0.33693281
0.068430834;0.036055338;0.34483793
0.068430834;0.036055338;0.34483793
0.068430834;0.036055338;0.33693281
0.068430834;0.036055338;0.33693281
0.064478263;0.036055338;0.34483793
0.066454545;0.036055338;0.34483793
0.066454545;0.036055338;0.33693281
0.064478263;0.036055338;0.34483793
0.066454545;0.034079053;0.33693281
0.064478263;0.036055338;0.34483793
0.064478263;0.034079053;0.34483793
0.064478263;0.034079053;0.33693281
0.064478263;0.036055338;0.34483793
0.062501974;0.034079053;0.33693281
0.062501974;0.034079053;0.33693281
0.062501974;0.034079053;0.34483793
0.060525693;0.034079053;0.33693281
0.060525693;0.034079053;0.33693281
0.058549408;0.034079053;0.33693281
0.058549408;0.034079053;0.32902768
0.058549408;0.034079053;0.33693281
0.058549408;0.034079053;0.33693281
0.056573123;0.034079053;0.33693281
0.056573123;0.034079053;0.34483793
0.056573123;0.034079053;0.33693281
0.056573123;0.034079053;0.33693281
0.054596838;0.034079053;0.33693281
0.054596838;0.034079053;0.33693281
0.054596838;0.032102767;0.33693281
0.054596838;0.034079053;0.33693281
0.054596838;0.032102767;0.34483793
0.052620552;0.034079053;0.33693281
0.052620552;0.032102767;0.34483793
0.050644267;0.034079053;0.33693281
0.050644267;0.032102767;0.33693281
0.050644267;0.032102767;0.34483793
0.050644267;0.034079053;0.34483793
0.048667986;0.032102767;0.34483793
0.046691701;0.032102767;0.33693281
0.046691701;0.032102767;0.33693281
0.046691701;0.032102767;0.33693281
0.044715416;0.032102767;0.33693281
0.046691701;0.032102767;0.33693281
0.044715416;0.030126482;0.34483793
0.044715416;0.032102767;0.33693281
0.042739131;0.032102767;0.33693281
0.042739131;0.032102767;0.33693281
0.042739131;0.030126482;0.33693281
0.040762845;0.030126482;0.33693281
0.042739131;0.030126482;0.34483793
0.03878656;0.030126482;0.34483793
0.03878656;0.030126482;0.33693281
0.03878656;0.030126482;0.33693281
0.03878656;0.028150197;0.33693281
0.03878656;0.030126482;0.33693281
0.036810275;0.030126482;0.33693281
0.034833994;0.030126482;0.34483793
0.034833994;0.028150197;0.33693281
0.034833994;0.030126482;0.34483793
0.032857709;0.030126482;0.33693281
0.032857709;0.028150197;0.33693281
0.032857709;0.028150197;0.32902768
0.032857709;0.030126482;0.33693281
0.030881424;0.030126482;0.34483793
0.030881424;0.028150197;0.34483793
0.030881424;0.028150197;0.34483793
0.028905138;0.028150197;0.33693281
0.028905138;0.028150197;0.33693281
0.026928853;0.030126482;0.33693281
0.026928853;0.028150197;0.34483793
0.026928853;0.028150197;0.33693281
0.02495257;0.026173914;0.33693281
0.02495257;0.028150197;0.33693281
0.022976285;0.028150197;0.34483793
0.022976285;0.026173914;0.33693281
0.022976285;0.026173914;0.34483793
0.022976285;0.028150197;0.33693281
0.021;0.028150197;0.34483793
0.019023715;0.026173914;0.34483793
0.019023715;0.028150197;0.33693281
0.019023715;0.026173914;0.33693281
0.019023715;0.026173914;0.34483793
0.017047431;0.026173914;0.33693281
0.017047431;0.026173914;0.33693281
0.017047431;0.024197629;0.33693281
0.015071146;0.026173914;0.33693281
0.015071146;0.026173914;0.33693281
0.015071146;0.026173914;0.33693281
0.013094862;0.026173914;0.34483793
0.011118577;0.026173914;0.33693281
0.013094862;0.026173914;0.33693281
0.011118577;0.026173914;0.34483793
0.011118577;0.026173914;0.34483793
0.0091422927;0.026173914;0.33693281
0.0091422927;0.024197629;0.34483793
0.0091422927;0.024197629;0.33693281
0.007166008;0.026173914;0.33693281
0.007166008;0.026173914;0.34483793
0.007166008;0.026173914;0.33693281
0.0051897233;0.024197629;0.34483793
0.0032134387;0.024197629;0.34483793
0.0051897233;0.024197629;0.33693281
0.0032134387;0.024197629;0.33693281
0.0012371541;0.024197629;0.33693281
0.0012371541;0.024197629;0.34483793
0.0012371541;0.024197629;0.34483793
0.0012371541;0.022221344;0.34483793
-0.00073913042;0.024197629;0.34483793
-0.00073913042;0.022221344;0.34483793
-0.00073913042;0.022221344;0.33693281
-0.0046916995;0.024197629;0.33693281
-0.0027154151;0.022221344;0.33693281
-0.0046916995;0.022221344;0.33693281
-0.0046916995;0.024197629;0.34483793
-0.0066679842;0.022221344;0.33693281
-0.0046916995;0.022221344;0.33693281
-0.0066679842;0.022221344;0.33693281
-0.0086442688;0.022221344;0.34483793
-0.0086442688;0.022221344;0.34483793
-0.0086442688;0.020245058;0.34483793
-0.0086442688;0.020245058;0.33693281
-0.0086442688;0.022221344;0.34483793
-0.010620553;0.022221344;0.34483793
-0.012596838;0.022221344;0.34483793
-0.010620553;0.022221344;0.33693281
-0.012596838;0.020245058;0.33693281
-0.012596838;0.022221344;0.34483793
-0.012596838;0.022221344;0.33693281
-0.012596838;0.020245058;0.33693281
-0.014573122;0.020245058;0.34483793
-0.012596838;0.022221344;0.33693281
-0.014573122;0.020245058;0.33693281
-0.016549407;0.020245058;0.34483793
-0.016549407;0.020245058;0.33693281
-0.016549407;0.020245058;0.33693281
-0.016549407;0.020245058;0.34483793
-0.018525692;0.020245058;0.34483793
-0.018525692;0.020245058;0.34483793
-0.018525692;0.020245058;0.34483793
-0.018525692;0.020245058;0.34483793
-0.020501977;0.020245058;0.34483793
-0.018525692;0.018268775;0.34483793
-0.020501977;0.020245058;0.33693281
-0.020501977;0.018268775;0.33693281
-0.02247826;0.018268775;0.33693281
-0.02247826;0.018268775;0.33693281
-0.02247826;0.018268775;0.34483793
-0.024454545;0.020245058;0.34483793
-0.02247826;0.018268775;0.33693281
-0.02247826;0.020245058;0.33693281
-0.024454545;0.018268775;0.33693281
-0.024454545;0.018268775;0.33693281
-0.024454545;0.018268775;0.34483793
-0.024454545;0.018268775;0.33693281
-0.02643083;0.018268775;0.33693281
-0.028407115;0.018268775;0.33693281
-0.02643083;0.01629249;0.33693281
-0.02643083;0.01629249;0.32902768
-0.028407115;0.018268775;0.34483793
-0.02643083;0.01629249;0.34483793
-0.02643083;0.01629249;0.33693281
-0.02643083;0.01629249;0.33693281
-0.028407115;0.014316206;0.34483793
-0.028407115;0.01629249;0.33693281
-0.028407115;0.01629249;0.34483793
-0.028407115;0.01629249;0.33693281
-0.028407115;0.01629249;0.33693281
-0.030383399;0.01629249;0.34483793
-0.030383399;0.014316206;0.33693281
-0.028407115;0.01629249;0.34483793
-0.030383399;0.01629249;0.34483793
-0.032359682;0.014316206;0.33693281
-0.030383399;0.01629249;0.34483793
-0.030383399;0.01629249;0.34483793
-0.032359682;0.01629249;0.33693281
-0.032359682;0.014316206;0.33693281
-0.032359682;0.014316206;0.33693281
-0.032359682;0.01629249;0.33693281
-0.032359682;0.014316206;0.33693281
-0.032359682;0.01629249;0.34483793
-0.032359682;0.014316206;0.33693281
-0.030383399;0.014316206;0.33693281
-0.032359682;0.014316206;0.33693281
-0.032359682;0.014316206;0.33693281
-0.032359682;0.012339921;0.33693281
-0.032359682;0.012339921;0.33693281
-0.032359682;0.012339921;0.33693281
-0.032359682;0.014316206;0.33693281
-0.032359682;0.012339921;0.33693281
-0.032359682;0.012339921;0.33693281
-0.032359682;0.012339921;0.34483793
-0.032359682;0.012339921;0.33693281
-0.032359682;0.014316206;0.33693281
-0.032359682;0.012339921;0.33693281
-0.032359682;0.012339921;0.34483793
-0.034335967;0.012339921;0.33693281
-0.032359682;0.012339921;0.33693281
-0.032359682;0.012339921;0.33693281
-0.032359682;0.012339921;0.33693281
-0.034335967;0.012339921;0.33693281
-0.032359682;0.010363637;0.34483793
-0.032359682;0.012339921;0.33693281
-0.032359682;0.010363637;0.33693281
-0.032359682;0.012339921;0.33693281
-0.030383399;0.010363637;0.34483793
-0.032359682;0.012339921;0.33693281
-0.030383399;0.012339921;0.33693281
-0.030383399;0.010363637;0.33693281
-0.030383399;0.012339921;0.33693281
-0.030383399;0.012339921;0.34483793
-0.030383399;0.010363637;0.33693281
-0.030383399;0.010363637;0.33693281
-0.030383399;0.010363637;0.33693281
-0.030383399;0.010363637;0.33693281
-0.030383399;0.010363637;0.34483793
-0.030383399;0.010363637;0.33693281
-0.030383399;0.010363637;0.33693281
-0.028407115;0.010363637;0.33693281
-0.028407115;0.010363637;0.33693281
-0.028407115;0.010363637;0.34483793
-0.028407115;0.010363637;0.34483793
-0.02643083;0.0083873514;0.33693281
-0.02643083;0.010363637;0.33693281
-0.028407115;0.010363637;0.33693281
-0.028407115;0.010363637;0.34483793
-0.028407115;0.0083873514;0.33693281
-0.02643083;0.0083873514;0.33693281
-0.02643083;0.010363637;0.33693281
-0.02643083;0.0083873514;0.33693281
-0.02643083;0.0083873514;0.33693281
-0.024454545;0.0083873514;0.34483793
-0.02247826;0.010363637;0.34483793
-0.02247826;0.0083873514;0.33693281
-0.02247826;0.0083873514;0.33693281
-0.02247826;0.0064110672;0.33693281
-0.024454545;0.0083873514;0.33693281
-0.02247826;0.0083873514;0.33693281
-0.02247826;0.0083873514;0.33693281
-0.02247826;0.0083873514;0.33693281
-0.02247826;0.0083873514;0.33693281
-0.020501977;0.0083873514;0.33693281
-0.020501977;0.0064110672;0.33693281
-0.020501977;0.0064110672;0.33693281
-0.020501977;0.0064110672;0.33693281
-0.020501977;0.0083873514;0.34483793
-0.018525692;0.0064110672;0.33693281
-0.016549407;0.0064110672;0.33693281
-0.016549407;0.0044347825;0.34483793
-0.016549407;0.0064110672;0.34483793
-0.016549407;0.0044347825;0.34483793
-0.014573122;0.0064110672;0.34483793
-0.014573122;0.0064110672;0.33693281
-0.014573122;0.0064110672;0.33693281
-0.012596838;0.0064110672;0.33693281
-0.014573122;0.0064110672;0.34483793
-0.012596838;0.0064110672;0.34483793
-0.012596838;0.0064110672;0.34483793
-0.012596838;0.0044347825;0.33693281
-0.010620553;0.0064110672;0.33693281
-0.012596838;0.0044347825;0.33693281
-0.010620553;0.0044347825;0.33693281
-0.010620553;0.0044347825;0.33693281
-0.010620553;0.0044347825;0.33693281
-0.0086442688;0.0044347825;0.33693281
-0.0066679842;0.0044347825;0.34483793
-0.0066679842;0.0044347825;0.34483793
-0.0066679842;0.0044347825;0.34483793
-0.0046916995;0.0024584981;0.33693281
-0.0066679842;0.0044347825;0.33693281
-0.0066679842;0.0044347825;0.33693281
-0.0046916995;0.0044347825;0.33693281
-0.0046916995;0.0044347825;0.33693281
-0.0046916995;0.0044347825;0.33693281
-0.0027154151;0.0024584981;0.34483793
-0.0027154151;0.0024584981;0.33693281
-0.0027154151;0.0044347825;0.33693281
-0.00073913042;0.0024584981;0.34483793
0.0012371541;0.0044347825;0.33693281
-0.00073913042;0.0024584981;0.33693281
0.0012371541;0.0024584981;0.34483793
0.0032134387;0.0024584981;0.34483793
0.0032134387;0.0024584981;0.33693281
0.0051897233;0.0024584981;0.33693281
0.0051897233;0.0024584981;0.33693281
0.0051897233;0.0024584981;0.33693281
0.0051897233;0.0024584981;0.34483793
0.007166008;0.0024584981;0.33693281
0.007166008;0.0024584981;0.33693281
0.0091422927;0.00048221345;0.34483793
0.0091422927;0.00048221345;0.33693281
0.0091422927;0.00048221345;0.34483793
0.0091422927;0.0024584981;0.33693281
0.011118577;0.00048221345;0.34483793
0.011118577;0.0024584981;0.34483793
0.013094862;0.00048221345;0.33693281
0.013094862;0.00048221345;0.33693281
0.013094862;0.00048221345;0.33693281
0.015071146;0.00048221345;0.34483793
0.015071146;0.00048221345;0.34483793
0.015071146;0.00048221345;0.33693281
0.017047431;0.00048221345;0.33693281
0.017047431;0.00048221345;0.34483793
0.017047431;0.00048221345;0.34483793
0.019023715;-0.0014940711;0.33693281
0.019023715;0.00048221345;0.34483793
0.021;0.00048221345;0.33693281
0.022976285;0.00048221345;0.33693281
0.022976285;-0.0014940711;0.33693281
0.022976285;-0.0014940711;0.33693281
0.022976285;0.00048221345;0.34483793
0.02495257;0.00048221345;0.33693281
0.022976285;0.00048221345;0.33693281
0.02495257;0.00048221345;0.33693281
0.026928853;-0.0014940711;0.33693281
0.026928853;0.00048221345;0.34483793
0.026928853;-0.0014940711;0.34483793
0.028905138;-0.0014940711;0.33693281
0.028905138;-0.0014940711;0.34483793
0.028905138;-0.0014940711;0.34483793
0.030881424;-0.0014940711;0.34483793
0.032857709;-0.0014940711;0.33693281
0.032857709;-0.0014940711;0.34483793
0.032857709;-0.0014940711;0.33693281
0.032857709;-0.0014940711;0.34483793
0.034833994;-0.0034703556;0.34483793
0.034833994;-0.0034703556;0.34483793
0.034833994;-0.0014940711;0.33693281
0.034833994;-0.0014940711;0.34483793
0.036810275;-0.0034703556;0.33693281
0.036810275;-0.0034703556;0.33693281
0.03878656;-0.0034703556;0.33693281
0.040762845;-0.0014940711;0.34483793
0.03878656;-0.0034703556;0.34483793
0.03878656;-0.0034703556;0.33693281
0.040762845;-0.0034703556;0.33693281
0.044715416;-0.0034703556;0.34483793
0.042739131;-0.0034703556;0.34483793
0.042739131;-0.0034703556;0.33693281
0.044715416;-0.0034703556;0.33693281
0.042739131;-0.0054466403;0.34483793
0.044715416;-0.0034703556;0.33693281
0.046691701;-0.0034703556;0.33693281
0.046691701;-0.0054466403;0.33693281
0.048667986;-0.0034703556;0.33693281
0.046691701;-0.0034703556;0.33693281
0.048667986;-0.0034703556;0.33693281
0.048667986;-0.0034703556;0.33693281
0.048667986;-0.0034703556;0.33693281
0.050644267;-0.0034703556;0.33693281
0.050644267;-0.0054466403;0.33693281
0.052620552;-0.0054466403;0.33693281
0.052620552;-0.0054466403;0.33693281
0.054596838;-0.0054466403;0.33693281
0.054596838;-0.0034703556;0.34483793
0.054596838;-0.0054466403;0.34483793
0.054596838;-0.0054466403;0.34483793
0.056573123;-0.0054466403;0.34483793
0.054596838;-0.0054466403;0.34483793
0.056573123;-0.0054466403;0.33693281
0.056573123;-0.0054466403;0.33693281
0.056573123;-0.0054466403;0.34483793
0.056573123;-0.0054466403;0.33693281
0.058549408;-0.0054466403;0.34483793
0.058549408;-0.0054466403;0.34483793
0.060525693;-0.0054466403;0.33693281
0.058549408;-0.0054466403;0.33693281
0.062501974;-0.0054466403;0.34483793
0.060525693;-0.0054466403;0.34483793
0.062501974;-0.0054466403;0.33693281
0.062501974;-0.0054466403;0.33693281
0.062501974;-0.007422925;0.33693281
0.064478263;-0.0054466403;0.33693281
0.064478263;-0.0054466403;0.33693281
0.064478263;-0.007422925;0.33693281
0.064478263;-0.0054466403;0.34483793
0.066454545;-0.007422925;0.34483793
0.064478263;-0.007422925;0.34483793
0.066454545;-0.007422925;0.33693281
0.068430834;-0.007422925;0.33693281
0.066454545;-0.007422925;0.33693281
0.068430834;-0.007422925;0.34483793
0.068430834;-0.007422925;0.34483793
0.068430834;-0.007422925;0.33693281
0.068430834;-0.0054466403;0.33693281
0.068430834;-0.007422925;0.33693281
0.070407115;-0.007422925;0.34483793
0.070407115;-0.007422925;0.34483793
0.070407115;-0.007422925;0.33693281
0.072383396;-0.0093992092;0.33693281
0.070407115;-0.007422925;0.34483793
0.070407115;-0.007422925;0.33693281
0.072383396;-0.0093992092;0.33693281
0.072383396;-0.007422925;0.34483793
0.072383396;-0.007422925;0.33693281
0.072383396;-0.0093992092;0.33693281
0.072383396;-0.0093992092;0.33693281
0.072383396;-0.0093992092;0.34483793
0.072383396;-0.0093992092;0.34483793
0.072383396;-0.0093992092;0.34483793
0.074359685;-0.0093992092;0.34483793
0.074359685;-0.0093992092;0.33693281
0.074359685;-0.0093992092;0.34483793
0.076335967;-0.0093992092;0.33693281
0.074359685;-0.0093992092;0.33693281
0.076335967;-0.0093992092;0.33693281
0.076335967;-0.007422925;0.33693281
0.078312255;-0.0093992092;0.33693281
0.076335967;-0.0093992092;0.33693281
0.078312255;-0.0093992092;0.33693281
0.076335967;-0.0093992092;0.34483793
0.076335967;-0.0093992092;0.33693281
0.076335967;-0.0093992092;0.33693281
0.076335967;-0.0093992092;0.33693281
0.076335967;-0.0093992092;0.34483793
0.076335967;-0.011375494;0.33693281
0.078312255;-0.0093992092;0.34483793
0.078312255;-0.011375494;0.34483793
0.076335967;-0.0093992092;0.33693281
0.078312255;-0.0093992092;0.34483793
0.078312255;-0.011375494;0.33693281
0.078312255;-0.011375494;0.33693281
0.076335967;-0.011375494;0.33693281
0.078312255;-0.011375494;0.34483793
0.078312255;-0.011375494;0.33693281
0.078312255;-0.0093992092;0.34483793
0.078312255;-0.011375494;0.34483793
0.078312255;-0.011375494;0.33693281
0.078312255;-0.011375494;0.34483793
0.078312255;-0.011375494;0.33693281
0.078312255;-0.011375494;0.33693281
0.078312255;-0.0093992092;0.34483793
0.078312255;-0.011375494;0.34483793
0.078312255;-0.011375494;0.33693281
0.076335967;-0.011375494;0.33693281
0.078312255;-0.011375494;0.33693281
0.076335967;-0.011375494;0.34483793
0.076335967;-0.011375494;0.33693281
0.078312255;-0.011375494;0.34483793
0.076335967;-0.013351778;0.34483793
0.076335967;-0.011375494;0.33693281
0.076335967;-0.011375494;0.34483793
0.076335967;-0.011375494;0.33693281
0.074359685;-0.013351778;0.33693281
0.076335967;-0.013351778;0.34483793
0.076335967;-0.011375494;0.33693281
0.076335967;-0.013351778;0.33693281
0.076335967;-0.013351778;0.34483793
0.076335967;-0.013351778;0.34483793
0.074359685;-0.013351778;0.33693281
0.074359685;-0.013351778;0.33693281
0.074359685;-0.013351778;0.33693281
0.074359685;-0.013351778;0.33693281
0.074359685;-0.013351778;0.33693281
0.072383396;-0.013351778;0.34483793
0.072383396;-0.015328064;0.33693281
0.072383396;-0.013351778;0.34483793
0.072383396;-0.013351778;0.33693281
0.072383396;-0.013351778;0.34483793
0.072383396;-0.015328064;0.33693281
0.072383396;-0.013351778;0.33693281
0.072383396;-0.013351778;0.34483793
0.070407115;-0.013351778;0.33693281
0.068430834;-0.013351778;0.33693281
0.068430834;-0.013351778;0.34483793
0.068430834;-0.013351778;0.32902768
0.068430834;-0.015328064;0.33693281
0.068430834;-0.013351778;0.33693281
0.068430834;-0.013351778;0.33693281
0.066454545;-0.013351778;0.33693281
0.066454545;-0.013351778;0.33693281
0.068430834;-0.015328064;0.34483793
0.066454545;-0.013351778;0.33693281
0.066454545;-0.013351778;0.33693281
0.066454545;-0.013351778;0.33693281
0.064478263;-0.013351778;0.33693281
0.064478263;-0.015328064;0.34483793
0.064478263;-0.015328064;0.34483793
0.064478263;-0.015328064;0.33693281
0.062501974;-0.015328064;0.34483793
0.062501974;-0.015328064;0.33693281
0.062501974;-0.015328064;0.34483793
0.062501974;-0.015328064;0.34483793
0.060525693;-0.015328064;0.33693281
0.060525693;-0.017304348;0.34483793
0.060525693;-0.015328064;0.33693281
0.060525693;-0.017304348;0.33693281
0.058549408;-0.015328064;0.33693281
0.056573123;-0.015328064;0.33693281
0.058549408;-0.015328064;0.33693281
0.058549408;-0.017304348;0.34483793
0.056573123;-0.015328064;0.34483793
0.056573123;-0.017304348;0.33693281
0.056573123;-0.015328064;0.34483793
0.054596838;-0.015328064;0.33693281
0.052620552;-0.015328064;0.34483793
0.054596838;-0.017304348;0.33693281
0.054596838;-0.015328064;0.33693281
0.052620552;-0.017304348;0.34483793
0.050644267;-0.017304348;0.33693281
0.052620552;-0.017304348;0.34483793
0.050644267;-0.017304348;0.33693281
0.050644267;-0.017304348;0.33693281
0.048667986;-0.017304348;0.33693281
0.048667986;-0.017304348;0.34483793
0.048667986;-0.019280633;0.33693281
0.046691701;-0.015328064;0.33693281
0.046691701;-0.017304348;0.33693281
0.046691701;-0.019280633;0.33693281
0.044715416;-0.019280633;0.34483793
0.044715416;-0.017304348;0.33693281
0.044715416;-0.017304348;0.34483793
0.042739131;-0.017304348;0.33693281
0.042739131;-0.017304348;0.33693281
0.042739131;-0.017304348;0.34483793
0.040762845;-0.017304348;0.34483793
0.040762845;-0.017304348;0.33693281
0.040762845;-0.017304348;0.34483793
0.03878656;-0.017304348;0.33693281
0.03878656;-0.017304348;0.34483793
0.036810275;-0.017304348;0.33693281
0.036810275;-0.017304348;0.34483793
0.034833994;-0.017304348;0.33693281
0.036810275;-0.019280633;0.34483793
0.034833994;-0.019280633;0.33693281
0.034833994;-0.017304348;0.34483793
0.032857709;-0.017304348;0.33693281
0.032857709;-0.017304348;0.34483793
0.032857709;-0.019280633;0.33693281
0.030881424;-0.019280633;0.33693281
0.030881424;-0.019280633;0.33693281
0.028905138;-0.019280633;0.34483793
0.028905138;-0.019280633;0.33693281
0.028905138;-0.019280633;0.33693281
0.028905138;-0.019280633;0.33693281
0.026928853;-0.019280633;0.34483793
0.026928853;-0.019280633;0.33693281
0.026928853;-0.019280633;0.33693281
0.02495257;-0.017304348;0.33693281
0.02495257;-0.019280633;0.34483793
0.022976285;-0.019280633;0.33693281
0.022976285;-0.019280633;0.33693281
0.022976285;-0.019280633;0.33693281
0.021;-0.019280633;0.33693281
0.021;-0.019280633;0.33693281
0.019023715;-0.021256916;0.34483793
0.019023715;-0.021256916;0.34483793
0.019023715;-0.019280633;0.33693281
0.017047431;-0.019280633;0.33693281
0.017047431;-0.019280633;0.33693281
0.017047431;-0.021256916;0.33693281
0.017047431;-0.019280633;0.33693281
0.015071146;-0.019280633;0.33693281
0.015071146;-0.019280633;0.33693281
0.013094862;-0.021256916;0.33693281
0.013094862;-0.021256916;0.33693281
0.011118577;-0.019280633;0.34483793
0.011118577;-0.021256916;0.33693281
0.011118577;-0.021256916;0.33693281
0.011118577;-0.019280633;0.34483793
0.0091422927;-0.021256916;0.33693281
0.007166008;-0.021256916;0.34483793
0.007166008;-0.021256916;0.33693281
0.007166008;-0.021256916;0.33693281
0.007166008;-0.021256916;0.34483793
0.007166008;-0.019280633;0.33693281
0.0051897233;-0.019280633;0.33693281
0.0032134387;-0.021256916;0.33693281
0.0012371541;-0.021256916;0.33693281
0.0032134387;-0.021256916;0.33693281
0.0012371541;-0.021256916;0.33693281
0.0012371541;-0.021256916;0.33693281
0.0012371541;-0.019280633;0.34483793
-0.00073913042;-0.021256916;0.33693281
-0.00073913042;-0.021256916;0.33693281
-0.00073913042;-0.021256916;0.34483793
-0.0027154151;-0.021256916;0.33693281
-0.0027154151;-0.023233201;0.33693281
-0.0046916995;-0.021256916;0.34483793
-0.0046916995;-0.021256916;0.34483793
-0.0066679842;-0.021256916;0.33693281
-0.0066679842;-0.021256916;0.34483793
-0.0066679842;-0.021256916;0.33693281
-0.0086442688;-0.021256916;0.33693281
-0.0066679842;-0.023233201;0.33693281
-0.0086442688;-0.021256916;0.32902768
-0.0086442688;-0.021256916;0.33693281
-0.010620553;-0.021256916;0.33693281
-0.010620553;-0.021256916;0.33693281
-0.010620553;-0.021256916;0.34483793
-0.010620553;-0.023233201;0.33693281
-0.010620553;-0.021256916;0.33693281
-0.010620553;-0.021256916;0.34483793
-0.012596838;-0.021256916;0.34483793
-0.012596838;-0.021256916;0.34483793
-0.012596838;-0.021256916;0.34483793
-0.012596838;-0.023233201;0.33693281
-0.014573122;-0.023233201;0.33693281
-0.014573122;-0.023233201;0.33693281
-0.014573122;-0.023233201;0.33693281
-0.014573122;-0.023233201;0.33693281
-0.016549407;-0.023233201;0.33693281
-0.016549407;-0.021256916;0.34483793
-0.018525692;-0.023233201;0.33693281
-0.018525692;-0.023233201;0.33693281
-0.020501977;-0.021256916;0.33693281
-0.020501977;-0.023233201;0.34483793
-0.020501977;-0.023233201;0.34483793
-0.020501977;-0.023233201;0.34483793
-0.02247826;-0.023233201;0.34483793
-0.020501977;-0.023233201;0.33693281
-0.02247826;-0.021256916;0.33693281
-0.02247826;-0.023233201;0.34483793
-0.02247826;-0.023233201;0.33693281
-0.024454545;-0.023233201;0.33693281
-0.02247826;-0.021256916;0.33693281
-0.02247826;-0.023233201;0.34483793
-0.024454545;-0.023233201;0.33693281
-0.024454545;-0.023233201;0.33693281
-0.024454545;-0.023233201;0.33693281
-0.02643083;-0.023233201;0.33693281
-0.02643083;-0.023233201;0.33693281
-0.02643083;-0.023233201;0.34483793
-0.02643083;-0.023233201;0.33693281
-0.02643083;-0.023233201;0.34483793
-0.024454545;-0.023233201;0.34483793
-0.02643083;-0.025209486;0.33693281
-0.028407115;-0.023233201;0.33693281
-0.028407115;-0.023233201;0.33693281
-0.028407115;-0.023233201;0.33693281
-0.028407115;-0.023233201;0.33693281
-0.030383399;-0.023233201;0.33693281
-0.030383399;-0.023233201;0.34483793
-0.030383399;-0.023233201;0.33693281
-0.030383399;-0.023233201;0.34483793
-0.028407115;-0.023233201;0.33693281
-0.030383399;-0.025209486;0.33693281
-0.032359682;-0.023233201;0.34483793
-0.032359682;-0.023233201;0.33693281
-0.032359682;-0.023233201;0.33693281
-0.030383399;-0.025209486;0.33693281
-0.032359682;-0.023233201;0.33693281
-0.030383399;-0.023233201;0.34483793
-0.030383399;-0.023233201;0.33693281
-0.032359682;-0.023233201;0.34483793
-0.032359682;-0.023233201;0.34483793
-0.032359682;-0.023233201;0.33693281
-0.032359682;-0.023233201;0.34483793
-0.032359682;-0.023233201;0.33693281
-0.032359682;-0.025209486;0.33693281
-0.030383399;-0.023233201;0.33693281
-0.032359682;-0.025209486;0.34483793
-0.032359682;-0.025209486;0.33693281
-0.032359682;-0.025209486;0.33693281
-0.032359682;-0.025209486;0.33693281
-0.032359682;-0.023233201;0.33693281
-0.034335967;-0.025209486;0.34483793
-0.032359682;-0.025209486;0.33693281
-0.032359682;-0.025209486;0.34483793
-0.032359682;-0.023233201;0.33693281
-0.034335967;-0.025209486;0.34483793
-0.034335967;-0.025209486;0.33693281
-0.032359682;-0.025209486;0.33693281
-0.032359682;-0.025209486;0.34483793
-0.034335967;-0.025209486;0.34483793
-0.032359682;-0.025209486;0.33693281
-0.032359682;-0.025209486;0.33693281
-0.034335967;-0.025209486;0.34483793
-0.032359682;-0.023233201;0.34483793
-0.030383399;-0.025209486;0.33693281
-0.030383399;-0.025209486;0.33693281
-0.030383399;-0.025209486;0.33693281
-0.030383399;-0.025209486;0.33693281
-0.030383399;-0.025209486;0.34483793
-0.030383399;-0.025209486;0.33693281
-0.030383399;-0.025209486;0.33693281
-0.030383399;-0.025209486;0.33693281
-0.030383399;-0.025209486;0.33693281
-0.030383399;-0.025209486;0.33693281
-0.030383399;-0.025209486;0.33693281
-0.030383399;-0.025209486;0.34483793
-0.030383399;-0.025209486;0.34483793
-0.030383399;-0.023233201;0.33693281
-0.030383399;-0.025209486;0.34483793
-0.030383399;-0.023233201;0.34483793
-0.028407115;-0.025209486;0.34483793
-0.028407115;-0.023233201;0.33693281
-0.02643083;-0.023233201;0.34483793
-0.02643083;-0.025209486;0.34483793
-0.02643083;-0.025209486;0.33693281
-0.02643083;-0.025209486;0.33693281
-0.02643083;-0.025209486;0.33693281
-0.02643083;-0.025209486;0.33693281
-0.02643083;-0.025209486;0.33693281
-0.024454545;-0.025209486;0.33693281
-0.02643083;-0.025209486;0.33693281
-0.024454545;-0.025209486;0.33693281
-0.024454545;-0.025209486;0.34483793
-0.02247826;-0.025209486;0.34483793
-0.024454545;-0.025209486;0.34483793
-0.02247826;-0.025209486;0.33693281
-0.02247826;-0.023233201;0.33693281
-0.02247826;-0.025209486;0.34483793
-0.02247826;-0.025209486;0.33693281
-0.02247826;-0.025209486;0.33693281
-0.020501977;-0.025209486;0.33693281
-0.020501977;-0.025209486;0.33693281
-0.020501977;-0.025209486;0.34483793
-0.018525692;-0.025209486;0.33693281
-0.018525692;-0.025209486;0.34483793
-0.018525692;-0.025209486;0.33693281
-0.018525692;-0.025209486;0.33693281
-0.018525692;-0.025209486;0.34483793
-0.016549407;-0.023233201;0.34483793
-0.016549407;-0.025209486;0.33693281
-0.014573122;-0.025209486;0.34483793
-0.014573122;-0.025209486;0.34483793
-0.014573122;-0.025209486;0.34483793
-0.014573122;-0.025209486;0.33693281
-0.014573122;-0.025209486;0.34483793
-0.012596838;-0.025209486;0.33693281
-0.012596838;-0.025209486;0.34483793
-0.012596838;-0.025209486;0.34483793
-0.012596838;-0.025209486;0.33693281
-0.010620553;-0.025209486;0.33693281
-0.010620553;-0.025209486;0.34483793
-0.0086442688;-0.025209486;0.33693281
-0.0086442688;-0.025209486;0.33693281
-0.0086442688;-0.025209486;0.34483793
-0.0086442688;-0.025209486;0.33693281
-0.0066679842;-0.027185772;0.33693281
-0.0066679842;-0.025209486;0.33693281
-0.0066679842;-0.023233201;0.33693281
-0.0066679842;-0.025209486;0.34483793
-0.0066679842;-0.025209486;0.33693281
-0.0046916995;-0.025209486;0.34483793
-0.0046916995;-0.025209486;0.33693281
-0.0027154151;-0.025209486;0.33693281
-0.0046916995;-0.027185772;0.34483793
-0.0027154151;-0.025209486;0.33693281
-0.0027154151;-0.025209486;0.33693281
-0.00073913042;-0.025209486;0.34483793
-0.00073913042;-0.025209486;0.33693281
0.0012371541;-0.025209486;0.34483793
0.0012371541;-0.025209486;0.34483793
0.0012371541;-0.027185772;0.33693281
0.0032134387;-0.027185772;0.33693281
0.0032134387;-0.025209486;0.33693281
0.0051897233;-0.025209486;0.33693281
0.0051897233;-0.027185772;0.33693281
0.0051897233;-0.025209486;0.33693281
0.007166008;-0.025209486;0.34483793
0.007166008;-0.025209486;0.34483793
0.007166008;-0.025209486;0.33693281
0.007166008;-0.025209486;0.33693281
0.0091422927;-0.025209486;0.33693281
0.011118577;-0.025209486;0.33693281
0.0091422927;-0.025209486;0.33693281
0.013094862;-0.025209486;0.33693281
0.013094862;-0.025209486;0.33693281
0.011118577;-0.025209486;0.34483793
0.013094862;-0.025209486;0.33693281
0.015071146;-0.025209486;0.33693281
0.015071146;-0.025209486;0.33693281
0.015071146;-0.025209486;0.33693281
0.017047431;-0.025209486;0.33693281
0.017047431;-0.025209486;0.33693281
0.017047431;-0.025209486;0.33693281
0.017047431;-0.027185772;0.34483793
0.019023715;-0.025209486;0.33693281
0.019023715;-0.025209486;0.33693281
0.021;-0.025209486;0.33693281
0.021;-0.027185772;0.33693281
0.021;-0.027185772;0.34483793
0.022976285;-0.025209486;0.34483793
0.022976285;-0.025209486;0.33693281
0.02495257;-0.025209486;0.33693281
0.02495257;-0.025209486;0.33693281
0.02495257;-0.025209486;0.34483793
0.026928853;-0.025209486;0.33693281
0.026928853;-0.027185772;0.34483793
0.028905138;-0.027185772;0.33693281
0.028905138;-0.025209486;0.33693281
0.030881424;-0.027185772;0.33693281
0.030881424;-0.025209486;0.34483793
0.030881424;-0.025209486;0.33693281
0.030881424;-0.025209486;0.33693281
0.030881424;-0.025209486;0.33693281
0.032857709;-0.025209486;0.33693281
0.034833994;-0.025209486;0.34483793
0.034833994;-0.025209486;0.34483793
0.034833994;-0.025209486;0.34483793
0.036810275;-0.025209486;0.33693281
0.036810275;-0.025209486;0.33693281
0.03878656;-0.025209486;0.33693281
0.03878656;-0.025209486;0.33693281
0.036810275;-0.025209486;0.34483793
0.03878656;-0.025209486;0.33693281
0.040762845;-0.025209486;0.33693281
0.040762845;-0.025209486;0.33693281
0.040762845;-0.025209486;0.33693281
0.042739131;-0.025209486;0.34483793
0.042739131;-0.025209486;0.34483793
0.044715416;-0.023233201;0.33693281
0.044715416;-0.025209486;0.33693281
0.046691701;-0.025209486;0.34483793
0.046691701;-0.025209486;0.33693281
0.046691701;-0.025209486;0.34483793
0.046691701;-0.025209486;0.33693281
0.048667986;-0.025209486;0.33693281
0.048667986;-0.025209486;0.34483793
0.048667986;-0.025209486;0.33693281
0.048667986;-0.023233201;0.33693281
0.050644267;-0.025209486;0.33693281
0.050644267;-0.025209486;0.33693281
0.052620552;-0.025209486;0.34483793
0.054596838;-0.025209486;0.33693281
0.052620552;-0.025209486;0.33693281
0.054596838;-0.025209486;0.34483793
0.054596838;-0.025209486;0.33693281
0.054596838;-0.025209486;0.33693281
0.054596838;-0.025209486;0.33693281
0.056573123;-0.023233201;0.33693281
0.056573123;-0.025209486;0.33693281
0.056573123;-0.025209486;0.33693281
0.056573123;-0.025209486;0.33693281
0.058549408;-0.025209486;0.33693281
0.058549408;-0.023233201;0.33693281
0.058549408;-0.025209486;0.33693281
0.060525693;-0.025209486;0.34483793
0.060525693;-0.023233201;0.33693281
0.062501974;-0.023233201;0.34483793
0.060525693;-0.023233201;0.33693281
0.062501974;-0.025209486;0.33693281
0.062501974;-0.025209486;0.34483793
0.062501974;-0.023233201;0.34483793
0.064478263;-0.025209486;0.34483793
0.064478263;-0.025209486;0.34483793
0.064478263;-0.025209486;0.34483793
0.064478263;-0.025209486;0.33693281
0.066454545;-0.023233201;0.34483793
0.066454545;-0.025209486;0.33693281
0.066454545;-0.025209486;0.33693281
0.066454545;-0.025209486;0.34483793
0.066454545;-0.025209486;0.33693281
0.066454545;-0.025209486;0.33693281
0.068430834;-0.023233201;0.33693281
0.066454545;-0.023233201;0.33693281
0.068430834;-0.025209486;0.33693281
0.068430834;-0.025209486;0.33693281
0.070407115;-0.023233201;0.34483793
0.070407115;-0.023233201;0.34483793
0.072383396;-0.023233201;0.33693281
0.070407115;-0.023233201;0.33693281
0.070407115;-0.023233201;0.33693281
0.072383396;-0.023233201;0.33693281
0.070407115;-0.023233201;0.33693281
0.072383396;-0.023233201;0.33693281
0.072383396;-0.023233201;0.34483793
0.072383396;-0.023233201;0.33693281
0.072383396;-0.023233201;0.33693281
0.072383396;-0.023233201;0.34483793
0.074359685;-0.023233201;0.33693281
0.076335967;-0.023233201;0.34483793
0.074359685;-0.025209486;0.34483793
0.074359685;-0.023233201;0.33693281
0.076335967;-0.023233201;0.34483793
0.074359685;-0.023233201;0.34483793
0.074359685;-0.023233201;0.33693281
0.074359685;-0.023233201;0.33693281
0.076335967;-0.023233201;0.33693281
0.076335967;-0.023233201;0.33693281
0.076335967;-0.023233201;0.34483793
0.076335967;-0.023233201;0.33693281
0.076335967;-0.025209486;0.34483793
0.078312255;-0.023233201;0.34483793
0.076335967;-0.023233201;0.33693281
0.076335967;-0.023233201;0.33693281
0.076335967;-0.023233201;0.33693281
0.078312255;-0.023233201;0.33693281
0.078312255;-0.023233201;0.33693281
0.076335967;-0.023233201;0.33693281
0.078312255;-0.021256916;0.33693281
0.078312255;-0.023233201;0.34483793
0.078312255;-0.023233201;0.34483793
0.078312255;-0.023233201;0.33693281
0.078312255;-0.023233201;0.34483793
0.078312255;-0.023233201;0.33693281
0.078312255;-0.021256916;0.34483793
0.078312255;-0.023233201;0.33693281
0.078312255;-0.021256916;0.33693281
0.076335967;-0.023233201;0.34483793
0.078312255;-0.023233201;0.33693281
0.078312255;-0.023233201;0.33693281
0.078312255;-0.021256916;0.33693281
0.078312255;-0.023233201;0.33693281
0.078312255;-0.025209486;0.33693281
0.076335967;-0.023233201;0.33693281
0.076335967;-0.021256916;0.33693281
0.076335967;-0.021256916;0.33693281
0.076335967;-0.021256916;0.34483793
0.078312255;-0.021256916;0.33693281
0.076335967;-0.021256916;0.33693281
0.076335967;-0.021256916;0.34483793
0.074359685;-0.023233201;0.33693281
0.074359685;-0.023233201;0.33693281
0.076335967;-0.021256916;0.33693281
0.076335967;-0.021256916;0.34483793
0.076335967;-0.021256916;0.33693281
0.076335967;-0.021256916;0.33693281
0.076335967;-0.023233201;0.34483793
0.076335967;-0.019280633;0.34483793
0.076335967;-0.021256916;0.33693281
0.074359685;-0.021256916;0.34483793
0.074359685;-0.023233201;0.33693281
0.074359685;-0.021256916;0.33693281
0.074359685;-0.019280633;0.34483793
0.072383396;-0.021256916;0.34483793
0.074359685;-0.019280633;0.34483793
0.074359685;-0.021256916;0.33693281
0.072383396;-0.021256916;0.33693281
0.072383396;-0.021256916;0.34483793
0.072383396;-0.021256916;0.33693281
0.072383396;-0.021256916;0.33693281
0.070407115;-0.021256916;0.33693281
0.072383396;-0.021256916;0.33693281
0.072383396;-0.021256916;0.33693281
0.070407115;-0.021256916;0.33693281
0.068430834;-0.021256916;0.34483793
0.070407115;-0.019280633;0.33693281
0.068430834;-0.021256916;0.34483793
0.068430834;-0.019280633;0.34483793
0.068430834;-0.021256916;0.33693281
0.068430834;-0.021256916;0.34483793
0.068430834;-0.021256916;0.34483793
0.066454545;-0.021256916;0.34483793
0.066454545;-0.019280633;0.33693281
0.066454545;-0.021256916;0.34483793
0.066454545;-0.019280633;0.33693281
0.066454545;-0.019280633;0.33693281
0.064478263;-0.019280633;0.33693281
0.064478263;-0.019280633;0.34483793
0.062501974;-0.021256916;0.33693281
0.064478263;-0.019280633;0.33693281
0.064478263;-0.019280633;0.33693281
0.062501974;-0.019280633;0.34483793
0.060525693;-0.019280633;0.34483793
0.060525693;-0.021256916;0.33693281
0.062501974;-0.021256916;0.33693281
0.060525693;-0.019280633;0.34483793
0.060525693;-0.019280633;0.33693281
0.058549408;-0.019280633;0.34483793
0.058549408;-0.019280633;0.33693281
0.058549408;-0.019280633;0.33693281
0.056573123;-0.019280633;0.34483793
0.056573123;-0.019280633;0.33693281
0.056573123;-0.019280633;0.34483793
0.054596838;-0.019280633;0.34483793
0.054596838;-0.017304348;0.33693281
0.054596838;-0.019280633;0.33693281
0.052620552;-0.019280633;0.34483793
0.052620552;-0.019280633;0.33693281
0.052620552;-0.019280633;0.33693281
0.052620552;-0.019280633;0.34483793
0.050644267;-0.017304348;0.34483793
0.050644267;-0.019280633;0.34483793
0.048667986;-0.019280633;0.34483793
0.048667986;-0.019280633;0.33693281
0.048667986;-0.019280633;0.33693281
0.048667986;-0.017304348;0.34483793
0.046691701;-0.019280633;0.34483793
0.044715416;-0.017304348;0.33693281
0.046691701;-0.017304348;0.33693281
0.044715416;-0.017304348;0.33693281
0.042739131;-0.017304348;0.33693281
0.044715416;-0.017304348;0.33693281
0.042739131;-0.017304348;0.34483793
0.042739131;-0.017304348;0.33693281
0.040762845;-0.019280633;0.34483793
0.040762845;-0.017304348;0.34483793
0.040762845;-0.019280633;0.34483793
0.040762845;-0.017304348;0.33693281
0.03878656;-0.019280633;0.34483793
0.03878656;-0.017304348;0.33693281
0.036810275;-0.017304348;0.33693281
0.034833994;-0.017304348;0.33693281
0.034833994;-0.017304348;0.34483793
0.034833994;-0.017304348;0.33693281
0.034833994;-0.017304348;0.33693281
0.034833994;-0.017304348;0.33693281
0.032857709;-0.017304348;0.33693281
0.032857709;-0.017304348;0.33693281
0.030881424;-0.017304348;0.34483793
0.032857709;-0.015328064;0.33693281
0.030881424;-0.017304348;0.33693281
0.030881424;-0.015328064;0.33693281
0.030881424;-0.015328064;0.33693281
0.026928853;-0.017304348;0.34483793
0.028905138;-0.015328064;0.34483793
0.026928853;-0.017304348;0.33693281
0.026928853;-0.017304348;0.33693281
0.02495257;-0.017304348;0.34483793
0.02495257;-0.017304348;0.33693281
0.02495257;-0.015328064;0.33693281
0.02495257;-0.017304348;0.34483793
0.022976285;-0.017304348;0.33693281
0.021;-0.017304348;0.33693281
0.021;-0.015328064;0.34483793
0.021;-0.015328064;0.34483793
0.019023715;-0.013351778;0.33693281
0.019023715;-0.015328064;0.34483793
0.019023715;-0.015328064;0.33693281
0.017047431;-0.015328064;0.34483793
0.017047431;-0.015328064;0.33693281
0.015071146;-0.015328064;0.33693281
0.015071146;-0.015328064;0.33693281
0.015071146;-0.015328064;0.34483793
0.015071146;-0.015328064;0.34483793
0.011118577;-0.015328064;0.33693281
0.013094862;-0.015328064;0.33693281
0.011118577;-0.015328064;0.34483793
0.0091422927;-0.015328064;0.34483793
0.011118577;-0.015328064;0.34483793
0.0091422927;-0.013351778;0.34483793
0.0091422927;-0.013351778;0.34483793
0.007166008;-0.015328064;0.33693281
0.007166008;-0.013351778;0.34483793
0.007166008;-0.013351778;0.34483793
0.007166008;-0.015328064;0.33693281
0.0032134387;-0.013351778;0.33693281
0.0032134387;-0.013351778;0.33693281
0.0032134387;-0.013351778;0.34483793
0.0012371541;-0.015328064;0.34483793
0.0012371541;-0.013351778;0.34483793
0.0012371541;-0.013351778;0.33693281
0.0012371541;-0.013351778;0.34483793
-0.00073913042;-0.013351778;0.33693281
-0.00073913042;-0.013351778;0.34483793
-0.00073913042;-0.013351778;0.33693281
-0.0027154151;-0.013351778;0.33693281
-0.0027154151;-0.013351778;0.34483793
-0.0046916995;-0.013351778;0.33693281
-0.0046916995;-0.013351778;0.34483793
-0.0046916995;-0.013351778;0.33693281
-0.0066679842;-0.011375494;0.34483793
-0.0046916995;-0.013351778;0.33693281
-0.0066679842;-0.013351778;0.33693281
-0.0086442688;-0.013351778;0.33693281
-0.0066679842;-0.011375494;0.33693281
-0.0086442688;-0.011375494;0.34483793
-0.0086442688;-0.011375494;0.33693281
-0.0086442688;-0.013351778;0.34483793
-0.0086442688;-0.013351778;0.33693281
-0.010620553;-0.013351778;0.33693281
-0.012596838;-0.013351778;0.33693281
-0.010620553;-0.011375494;0.33693281
-0.012596838;-0.013351778;0.33693281
-0.012596838;-0.011375494;0.33693281
-0.014573122;-0.011375494;0.34483793
-0.016549407;-0.013351778;0.33693281
-0.014573122;-0.013351778;0.33693281
-0.016549407;-0.013351778;0.33693281
-0.016549407;-0.011375494;0.34483793
-0.016549407;-0.011375494;0.33693281
-0.018525692;-0.0093992092;0.33693281
-0.016549407;-0.011375494;0.32902768
-0.018525692;-0.011375494;0.33693281
-0.018525692;-0.0093992092;0.34483793
-0.018525692;-0.011375494;0.34483793
-0.020501977;-0.011375494;0.33693281
-0.020501977;-0.011375494;0.34483793
-0.020501977;-0.011375494;0.34483793
-0.020501977;-0.011375494;0.34483793
-0.02247826;-0.0093992092;0.34483793
-0.020501977;-0.011375494;0.34483793
-0.02247826;-0.011375494;0.33693281
-0.02247826;-0.011375494;0.33693281
-0.02247826;-0.0093992092;0.33693281
-0.024454545;-0.011375494;0.33693281
-0.02247826;-0.011375494;0.33693281
-0.024454545;-0.0093992092;0.33693281
-0.024454545;-0.011375494;0.33693281
-0.024454545;-0.0093992092;0.33693281
-0.02643083;-0.011375494;0.33693281
-0.02643083;-0.0093992092;0.33693281
-0.02643083;-0.0093992092;0.34483793
-0.02643083;-0.0093992092;0.33693281
-0.02643083;-0.0093992092;0.33693281
-0.028407115;-0.0093992092;0.33693281
-0.028407115;-0.0093992092;0.33693281
-0.028407115;-0.0093992092;0.34483793
-0.028407115;-0.0093992092;0.33693281
-0.030383399;-0.0093992092;0.34483793
-0.028407115;-0.0093992092;0.34483793
-0.028407115;-0.0093992092;0.33693281
-0.028407115;-0.007422925;0.33693281
-0.030383399;-0.007422925;0.34483793
-0.030383399;-0.0093992092;0.33693281
-0.030383399;-0.0093992092;0.33693281
-0.032359682;-0.007422925;0.33693281
-0.030383399;-0.007422925;0.34483793
-0.032359682;-0.0093992092;0.33693281
-0.030383399;-0.007422925;0.34483793
-0.030383399;-0.007422925;0.33693281
-0.032359682;-0.007422925;0.34483793
-0.032359682;-0.007422925;0.34483793
-0.032359682;-0.007422925;0.34483793
-0.032359682;-0.007422925;0.34483793
-0.032359682;-0.0054466403;0.34483793
-0.032359682;-0.007422925;0.34483793
-0.034335967;-0.007422925;0.33693281
-0.032359682;-0.007422925;0.33693281
-0.032359682;-0.007422925;0.34483793
-0.032359682;-0.007422925;0.33693281
-0.032359682;-0.0054466403;0.34483793
-0.032359682;-0.007422925;0.33693281
-0.032359682;-0.0054466403;0.33693281
-0.032359682;-0.007422925;0.33693281
-0.034335967;-0.007422925;0.33693281
-0.034335967;-0.0054466403;0.34483793
-0.032359682;-0.0054466403;0.34483793
-0.032359682;-0.0054466403;0.34483793
-0.032359682;-0.007422925;0.33693281
-0.034335967;-0.0054466403;0.33693281
-0.032359682;-0.0054466403;0.33693281
-0.032359682;-0.0054466403;0.33693281
-0.032359682;-0.0054466403;0.33693281
-0.032359682;-0.0054466403;0.33693281
-0.032359682;-0.0054466403;0.34483793
-0.032359682;-0.007422925;0.34483793
-0.032359682;-0.0054466403;0.33693281
-0.032359682;-0.0054466403;0.34483793
-0.030383399;-0.0054466403;0.33693281
-0.030383399;-0.0054466403;0.33693281
-0.030383399;-0.0054466403;0.33693281
-0.032359682;-0.0054466403;0.33693281
-0.032359682;-0.0054466403;0.34483793
-0.030383399;-0.0054466403;0.33693281
-0.030383399;-0.0054466403;0.34483793
-0.030383399;-0.0054466403;0.33693281
-0.030383399;-0.0054466403;0.33693281
-0.030383399;-0.0054466403;0.34483793
-0.030383399;-0.0054466403;0.33693281
-0.030383399;-0.0054466403;0.33693281
-0.030383399;-0.0054466403;0.33693281
-0.030383399;-0.0054466403;0.33693281
-0.030383399;-0.0034703556;0.33693281
-0.028407115;-0.0054466403;0.33693281
-0.028407115;-0.0034703556;0.34483793
-0.028407115;-0.0034703556;0.34483793
-0.028407115;-0.0034703556;0.34483793
-0.028407115;-0.0054466403;0.34483793
-0.02643083;-0.0034703556;0.34483793
-0.028407115;-0.0034703556;0.34483793
-0.02643083;-0.0034703556;0.33693281
-0.024454545;-0.0034703556;0.34483793
-0.024454545;-0.0014940711;0.34483793
-0.02643083;-0.0034703556;0.34483793
-0.024454545;-0.0034703556;0.33693281
-0.024454545;-0.0034703556;0.34483793
-0.024454545;-0.0034703556;0.34483793
-0.024454545;-0.0034703556;0.33693281
-0.024454545;-0.0034703556;0.33693281
-0.02247826;-0.0034703556;0.33693281
-0.02247826;-0.0034703556;0.33693281
-0.02247826;-0.0034703556;0.33693281
-0.02247826;-0.0014940711;0.33693281
-0.020501977;-0.0034703556;0.33693281
-0.020501977;-0.0034703556;0.34483793
-0.020501977;-0.0034703556;0.33693281
-0.020501977;-0.0034703556;0.33693281
-0.020501977;-0.0014940711;0.33693281
-0.018525692;-0.0014940711;0.33693281
-0.018525692;-0.0014940711;0.34483793
-0.018525692;-0.0014940711;0.33693281
-0.016549407;-0.0014940711;0.33693281
-0.016549407;0.00048221345;0.33693281
-0.016549407;-0.0014940711;0.34483793
-0.016549407;-0.0014940711;0.33693281
-0.014573122;-0.0014940711;0.33693281
-0.012596838;-0.0014940711;0.33693281
-0.014573122;-0.0014940711;0.33693281
-0.014573122;0.00048221345;0.33693281
-0.012596838;-0.0014940711;0.34483793
-0.012596838;0.00048221345;0.34483793
-0.010620553;-0.0014940711;0.33693281
-0.012596838;-0.0014940711;0.33693281
-0.010620553;0.00048221345;0.33693281
-0.010620553;-0.0014940711;0.34483793
-0.010620553;0.00048221345;0.33693281
-0.0086442688;0.00048221345;0.34483793
-0.0086442688;0.00048221345;0.34483793
-0.0086442688;0.00048221345;0.33693281
-0.0066679842;0.00048221345;0.34483793
-0.0046916995;0.00048221345;0.33693281
-0.0046916995;0.00048221345;0.34483793
-0.0066679842;0.00048221345;0.34483793
-0.0027154151;0.00048221345;0.33693281
-0.0046916995;0.00048221345;0.33693281
-0.0027154151;0.00048221345;0.33693281
-0.0027154151;0.00048221345;0.33693281
-0.00073913042;0.00048221345;0.33693281
-0.00073913042;0.0024584981;0.34483793
-0.00073913042;0.00048221345;0.33693281
-0.00073913042;0.00048221345;0.33693281
0.0012371541;0.00048221345;0.33693281
0.0012371541;0.00048221345;0.33693281
0.0012371541;0.0024584981;0.34483793
0.0012371541;0.0024584981;0.34483793
0.0051897233;0.0024584981;0.33693281
0.0032134387;0.0024584981;0.33693281
0.0051897233;0.0024584981;0.33693281
0.007166008;0.0024584981;0.33693281
0.007166008;0.0024584981;0.33693281
0.007166008;0.0024584981;0.34483793
0.007166008;0.0024584981;0.33693281
0.0091422927;0.0024584981;0.33693281
0.0091422927;0.0024584981;0.34483793
0.011118577;0.0024584981;0.34483793
0.011118577;0.0024584981;0.34483793
0.011118577;0.0024584981;0.34483793
0.011118577;0.0044347825;0.34483793
0.013094862;0.0024584981;0.33693281
0.015071146;0.0024584981;0.34483793
0.013094862;0.0044347825;0.33693281
0.015071146;0.0024584981;0.33693281
0.017047431;0.0044347825;0.33693281
0.017047431;0.0044347825;0.33693281
0.017047431;0.0044347825;0.34483793
0.017047431;0.0044347825;0.33693281
0.017047431;0.0044347825;0.33693281
0.019023715;0.0024584981;0.33693281
0.019023715;0.0044347825;0.34483793
0.021;0.0044347825;0.33693281
0.022976285;0.0044347825;0.33693281
0.022976285;0.0044347825;0.33693281
0.022976285;0.0044347825;0.34483793
0.022976285;0.0044347825;0.34483793
0.02495257;0.0064110672;0.33693281
0.02495257;0.0064110672;0.34483793
0.02495257;0.0064110672;0.34483793
0.026928853;0.0064110672;0.33693281
0.026928853;0.0064110672;0.33693281
0.028905138;0.0064110672;0.34483793
0.028905138;0.0064110672;0.34483793
0.028905138;0.0064110672;0.33693281
0.030881424;0.0064110672;0.33693281
0.032857709;0.0064110672;0.33693281
0.030881424;0.0064110672;0.33693281
0.032857709;0.0064110672;0.33693281
0.032857709;0.0064110672;0.34483793
0.032857709;0.0064110672;0.33693281
0.034833994;0.0064110672;0.33693281
0.034833994;0.0083873514;0.33693281
0.036810275;0.0064110672;0.33693281
0.03878656;0.0064110672;0.34483793
0.036810275;0.0064110672;0.33693281
0.03878656;0.0064110672;0.34483793
0.03878656;0.0083873514;0.33693281
0.040762845;0.0083873514;0.34483793
0.040762845;0.0064110672;0.34483793
0.042739131;0.0083873514;0.33693281
0.040762845;0.0083873514;0.33693281
0.042739131;0.0083873514;0.33693281
0.044715416;0.0083873514;0.34483793
0.044715416;0.0083873514;0.33693281
0.044715416;0.0083873514;0.34483793
0.044715416;0.0083873514;0.34483793
0.046691701;0.0064110672;0.34483793
0.046691701;0.0083873514;0.33693281
0.046691701;0.0083873514;0.34483793
0.048667986;0.010363637;0.33693281
0.048667986;0.0083873514;0.33693281
0.048667986;0.010363637;0.34483793
0.048667986;0.0083873514;0.34483793
0.050644267;0.0083873514;0.33693281
0.052620552;0.0083873514;0.33693281
0.052620552;0.0083873514;0.33693281
0.052620552;0.0083873514;0.34483793
0.054596838;0.010363637;0.34483793
0.054596838;0.010363637;0.33693281
0.054596838;0.010363637;0.34483793
0.054596838;0.010363637;0.33693281
0.054596838;0.010363637;0.33693281
0.056573123;0.010363637;0.34483793
0.056573123;0.010363637;0.33693281
0.056573123;0.010363637;0.33693281
0.056573123;0.010363637;0.34483793
0.058549408;0.010363637;0.32902768
0.058549408;0.012339921;0.33693281
0.058549408;0.010363637;0.34483793
0.060525693;0.012339921;0.34483793
0.060525693;0.010363637;0.34483793
0.060525693;0.012339921;0.33693281
0.060525693;0.010363637;0.34483793
0.062501974;0.010363637;0.33693281
0.062501974;0.012339921;0.34483793
0.062501974;0.012339921;0.33693281
0.062501974;0.012339921;0.33693281
0.064478263;0.012339921;0.34483793
0.064478263;0.012339921;0.33693281
0.064478263;0.012339921;0.33693281
0.066454545;0.012339921;0.32902768
0.066454545;0.012339921;0.34483793
0.066454545;0.012339921;0.33693281
0.068430834;0.012339921;0.33693281
0.068430834;0.012339921;0.33693281
0.068430834;0.014316206;0.33693281
0.068430834;0.012339921;0.33693281
0.070407115;0.012339921;0.33693281
0.068430834;0.012339921;0.33693281
0.070407115;0.014316206;0.34483793
0.070407115;0.014316206;0.34483793
0.070407115;0.012339921;0.34483793
0.072383396;0.014316206;0.34483793
0.070407115;0.014316206;0.34483793
0.072383396;0.014316206;0.33693281
0.072383396;0.014316206;0.33693281
0.072383396;0.014316206;0.34483793
0.072383396;0.014316206;0.33693281
0.074359685;0.014316206;0.34483793
0.074359685;0.014316206;0.34483793
0.074359685;0.014316206;0.34483793
0.074359685;0.01629249;0.33693281
0.074359685;0.014316206;0.33693281
0.076335967;0.01629249;0.33693281
0.076335967;0.01629249;0.33693281
0.076335967;0.01629249;0.33693281
0.076335967;0.01629249;0.33693281
0.076335967;0.01629249;0.34483793
0.078312255;0.01629249;0.33693281
0.076335967;0.01629249;0.33693281
0.076335967;0.01629249;0.33693281
0.078312255;0.01629249;0.33693281
0.078312255;0.014316206;0.33693281
0.078312255;0.01629249;0.33693281
0.076335967;0.01629249;0.33693281
0.076335967;0.01629249;0.34483793
0.078312255;0.018268775;0.33693281
0.078312255;0.018268775;0.33693281
0.078312255;0.018268775;0.33693281
0.078312255;0.018268775;0.34483793
0.078312255;0.018268775;0.33693281
0.076335967;0.018268775;0.33693281
0.078312255;0.018268775;0.33693281
0.076335967;0.018268775;0.32902768
0.078312255;0.018268775;0.33693281
0.078312255;0.018268775;0.33693281
0.078312255;0.018268775;0.33693281
0.078312255;0.018268775;0.34483793
0.078312255;0.018268775;0.33693281
0.076335967;0.018268775;0.34483793
0.078312255;0.020245058;0.33693281
0.078312255;0.018268775;0.33693281
0.078312255;0.018268775;0.35274309
0.078312255;0.018268775;0.33693281
0.076335967;0.018268775;0.34483793
0.078312255;0.020245058;0.33693281
0.076335967;0.020245058;0.33693281
0.076335967;0.020245058;0.34483793
0.078312255;0.020245058;0.33693281
0.076335967;0.020245058;0.33693281
0.078312255;0.020245058;0.33693281
0.076335967;0.020245058;0.34483793
0.076335967;0.020245058;0.33693281
0.076335967;0.020245058;0.34483793
0.078312255;0.018268775;0.34483793
0.076335967;0.020245058;0.33693281
0.076335967;0.020245058;0.33693281
0.076335967;0.020245058;0.33693281
0.076335967;0.022221344;0.33693281
0.074359685;0.020245058;0.33693281
0.074359685;0.020245058;0.33693281
0.074359685;0.022221344;0.33693281
0.074359685;0.022221344;0.34483793
0.074359685;0.022221344;0.34483793
0.074359685;0.020245058;0.33693281
0.076335967;0.022221344;0.33693281
0.074359685;0.022221344;0.33693281
0.074359685;0.022221344;0.33693281
0.072383396;0.022221344;0.33693281
0.072383396;0.020245058;0.33693281
0.072383396;0.022221344;0.33693281
0.072383396;0.022221344;0.34483793
0.070407115;0.022221344;0.34483793
0.072383396;0.022221344;0.32902768
0.070407115;0.022221344;0.33693281
0.070407115;0.022221344;0.33693281
0.070407115;0.022221344;0.33693281
0.070407115;0.024197629;0.34483793
0.068430834;0.024197629;0.34483793
0.068430834;0.024197629;0.33693281
0.068430834;0.022221344;0.33693281
0.068430834;0.024197629;0.33693281
0.066454545;0.024197629;0.33693281
0.066454545;0.024197629;0.33693281
0.066454545;0.024197629;0.34483793
0.066454545;0.022221344;0.34483793
0.064478263;0.024197629;0.33693281
0.066454545;0.024197629;0.34483793
0.066454545;0.024197629;0.33693281
0.064478263;0.024197629;0.32902768
0.064478263;0.024197629;0.33693281
0.064478263;0.026173914;0.33693281
0.062501974;0.024197629;0.33693281
0.062501974;0.024197629;0.34483793
0.060525693;0.026173914;0.33693281
0.060525693;0.026173914;0.33693281
0.060525693;0.026173914;0.33693281
0.058549408;0.026173914;0.33693281
0.058549408;0.026173914;0.34483793
0.058549408;0.026173914;0.33693281
0.058549408;0.026173914;0.34483793
0.058549408;0.026173914;0.33693281
0.058549408;0.026173914;0.33693281
0.056573123;0.026173914;0.33693281
0.054596838;0.026173914;0.33693281
0.054596838;0.026173914;0.33693281
0.054596838;0.028150197;0.33693281
0.054596838;0.026173914;0.34483793
0.052620552;0.026173914;0.33693281
0.054596838;0.028150197;0.33693281
0.052620552;0.026173914;0.33693281
0.050644267;0.026173914;0.33693281
0.052620552;0.026173914;0.34483793
0.050644267;0.028150197;0.33693281
0.048667986;0.028150197;0.33693281
0.048667986;0.028150197;0.33693281
0.048667986;0.028150197;0.33693281
0.048667986;0.028150197;0.34483793
0.046691701;0.028150197;0.34483793
0.046691701;0.028150197;0.33693281
0.046691701;0.028150197;0.33693281
0.044715416;0.030126482;0.33693281
0.044715416;0.028150197;0.33693281
0.042739131;0.030126482;0.33693281
0.042739131;0.030126482;0.34483793
0.042739131;0.030126482;0.33693281
0.042739131;0.030126482;0.33693281
0.040762845;0.030126482;0.33693281
0.040762845;0.028150197;0.33693281
0.040762845;0.028150197;0.33693281
0.036810275;0.030126482;0.33693281
0.03878656;0.030126482;0.34483793
0.03878656;0.028150197;0.33693281
0.036810275;0.030126482;0.33693281
0.036810275;0.030126482;0.34483793
0.032857709;0.030126482;0.33693281
0.034833994;0.030126482;0.34483793
0.032857709;0.030126482;0.33693281
0.034833994;0.030126482;0.34483793
0.034833994;0.030126482;0.34483793
0.030881424;0.032102767;0.33693281
0.030881424;0.032102767;0.33693281
0.030881424;0.032102767;0.34483793
0.030881424;0.030126482;0.33693281
0.028905138;0.030126482;0.33693281
0.028905138;0.030126482;0.33693281
0.028905138;0.030126482;0.33693281
0.028905138;0.032102767;0.33693281
0.026928853;0.030126482;0.34483793
0.02495257;0.032102767;0.34483793
0.02495257;0.032102767;0.33693281
0.022976285;0.032102767;0.33693281
0.022976285;0.032102767;0.33693281
0.022976285;0.032102767;0.33693281
0.021;0.032102767;0.34483793
0.021;0.034079053;0.34483793
0.021;0.032102767;0.33693281
0.019023715;0.032102767;0.33693281
0.019023715;0.034079053;0.33693281
0.019023715;0.032102767;0.33693281
0.017047431;0.034079053;0.33693281
0.017047431;0.034079053;0.33693281
0.015071146;0.034079053;0.33693281
0.015071146;0.034079053;0.33693281
0.015071146;0.034079053;0.33693281
0.015071146;0.034079053;0.34483793
0.013094862;0.034079053;0.34483793
0.013094862;0.034079053;0.34483793
0.011118577;0.032102767;0.33693281
0.011118577;0.036055338;0.32902768
0.011118577;0.034079053;0.34483793
0.0091422927;0.034079053;0.33693281
0.0091422927;0.034079053;0.34483793
0.007166008;0.034079053;0.33693281
0.007166008;0.036055338;0.33693281
0.007166008;0.034079053;0.33693281
0.007166008;0.034079053;0.33693281
0.0051897233;0.036055338;0.33693281
0.0051897233;0.034079053;0.34483793
0.0032134387;0.036055338;0.33693281
0.0032134387;0.036055338;0.33693281
0.0012371541;0.036055338;0.33693281
0.0012371541;0.036055338;0.33693281
-0.00073913042;0.036055338;0.33693281
-0.00073913042;0.036055338;0.34483793
-0.00073913042;0.036055338;0.33693281
-0.0027154151;0.036055338;0.33693281
-0.0027154151;0.036055338;0.33693281
-0.0027154151;0.036055338;0.33693281
-0.0046916995;0.036055338;0.34483793
-0.0046916995;0.038031619;0.33693281
-0.0046916995;0.038031619;0.34483793
-0.0046916995;0.036055338;0.34483793
-0.0066679842;0.036055338;0.33693281
-0.0086442688;0.036055338;0.33693281
-0.0086442688;0.038031619;0.33693281
-0.0086442688;0.038031619;0.33693281
-0.010620553;0.038031619;0.33693281
-0.0086442688;0.038031619;0.33693281
-0.010620553;0.038031619;0.34483793
-0.010620553;0.038031619;0.34483793
-0.010620553;0.038031619;0.33693281
-0.012596838;0.038031619;0.34483793
-0.010620553;0.038031619;0.33693281
-0.012596838;0.038031619;0.33693281
-0.012596838;0.038031619;0.33693281
-0.014573122;0.038031619;0.33693281
-0.014573122;0.040007904;0.34483793
-0.014573122;0.038031619;0.34483793
-0.016549407;0.040007904;0.34483793
-0.016549407;0.040007904;0.34483793
-0.016549407;0.040007904;0.33693281
-0.016549407;0.040007904;0.34483793
-0.018525692;0.040007904;0.33693281
-0.018525692;0.040007904;0.33693281
-0.018525692;0.040007904;0.34483793
-0.018525692;0.038031619;0.34483793
-0.020501977;0.040007904;0.33693281
-0.020501977;0.040007904;0.33693281
-0.020501977;0.040007904;0.34483793
-0.020501977;0.040007904;0.33693281
-0.02247826;0.040007904;0.35274309
-0.02247826;0.040007904;0.33693281
-0.02247826;0.040007904;0.34483793
-0.02247826;0.040007904;0.33693281
-0.02247826;0.041984189;0.33693281
-0.024454545;0.040007904;0.33693281
-0.02247826;0.040007904;0.33693281
-0.024454545;0.041984189;0.34483793
-0.02247826;0.041984189;0.33693281
-0.024454545;0.041984189;0.33693281
-0.024454545;0.041984189;0.34483793
-0.024454545;0.041984189;0.33693281
-0.02643083;0.041984189;0.34483793
-0.028407115;0.040007904;0.33693281
-0.028407115;0.041984189;0.33693281
-0.02643083;0.041984189;0.33693281
-0.028407115;0.041984189;0.33693281
-0.02643083;0.041984189;0.33693281
-0.028407115;0.040007904;0.33693281
-0.028407115;0.041984189;0.33693281
-0.028407115;0.041984189;0.33693281
-0.030383399;0.041984189;0.33693281
-0.030383399;0.041984189;0.34483793
-0.030383399;0.041984189;0.33693281
-0.030383399;0.043960474;0.33693281
-0.032359682;0.041984189;0.33693281
-0.030383399;0.041984189;0.33693281
-0.030383399;0.041984189;0.34483793
-0.030383399;0.041984189;0.33693281
-0.032359682;0.041984189;0.33693281
-0.032359682;0.041984189;0.34483793
-0.032359682;0.043960474;0.34483793
-0.032359682;0.043960474;0.33693281
-0.030383399;0.041984189;0.34483793
-0.032359682;0.043960474;0.34483793
-0.032359682;0.043960474;0.34483793
-0.032359682;0.043960474;0.33693281
-0.032359682;0.043960474;0.34483793
-0.032359682;0.041984189;0.34483793
-0.032359682;0.043960474;0.33693281
-0.032359682;0.043960474;0.33693281
-0.032359682;0.043960474;0.33693281
-0.032359682;0.043960474;0.34483793
-0.034335967;0.043960474;0.34483793
-0.034335967;0.043960474;0.33693281
-0.032359682;0.043960474;0.33693281
-0.034335967;0.04593676;0.34483793
-0.032359682;0.043960474;0.33693281
-0.032359682;0.043960474;0.34483793
-0.034335967;0.043960474;0.34483793
-0.032359682;0.04593676;0.33693281
-0.032359682;0.043960474;0.33693281
-0.032359682;0.043960474;0.33693281
-0.032359682;0.043960474;0.34483793
-0.032359682;0.04593676;0.33693281
-0.032359682;0.04593676;0.33693281
-0.032359682;0.04593676;0.33693281
-0.032359682;0.04593676;0.33693281
-0.032359682;0.04593676;0.33693281
-0.030383399;0.047913045;0.34483793
-0.030383399;0.047913045;0.33693281
-0.030383399;0.043960474;0.33693281
-0.030383399;0.047913045;0.33693281
-0.030383399;0.047913045;0.33693281
-0.030383399;0.047913045;0.33693281
-0.030383399;0.047913045;0.33693281
-0.030383399;0.047913045;0.33693281
-0.030383399;0.047913045;0.33693281
-0.030383399;0.047913045;0.33693281
-0.030383399;0.047913045;0.33693281
-0.030383399;0.047913045;0.33693281
-0.028407115;0.047913045;0.33693281
-0.030383399;0.047913045;0.33693281
-0.030383399;0.047913045;0.33693281
-0.028407115;0.047913045;0.33693281
-0.028407115;0.047913045;0.33693281
-0.028407115;0.047913045;0.33693281
-0.028407115;0.047913045;0.33693281
-0.028407115;0.047913045;0.34483793
-0.02643083;0.047913045;0.33693281
-0.024454545;0.047913045;0.34483793
-0.02643083;0.047913045;0.33693281
-0.02643083;0.047913045;0.33693281
-0.02643083;0.04988933;0.34483793
-0.024454545;0.04988933;0.33693281
-0.024454545;0.047913045;0.33693281
-0.024454545;0.04988933;0.33693281
-0.024454545;0.04988933;0.33693281
-0.02247826;0.04988933;0.34483793
-0.02247826;0.047913045;0.33693281
-0.02247826;0.04988933;0.33693281
-0.02247826;0.047913045;0.33693281
-0.02247826;0.04988933;0.34483793
-0.020501977;0.04988933;0.33693281
-0.020501977;0.04988933;0.34483793
-0.020501977;0.04988933;0.33693281
-0.020501977;0.04988933;0.33693281
-0.020501977;0.04988933;0.33693281
-0.018525692;0.04988933;0.33693281
-0.018525692;0.051865611;0.33693281
-0.018525692;0.04988933;0.33693281
-0.016549407;0.04988933;0.33693281
-0.016549407;0.04988933;0.33693281
-0.014573122;0.04988933;0.33693281
-0.014573122;0.04988933;0.34483793
-0.014573122;0.04988933;0.33693281
-0.014573122;0.04988933;0.33693281
-0.012596838;0.04988933;0.33693281
-0.012596838;0.04988933;0.33693281
-0.012596838;0.04988933;0.33693281
-0.012596838;0.04988933;0.33693281
-0.010620553;0.051865611;0.33693281
-0.012596838;0.051865611;0.34483793
-0.010620553;0.051865611;0.33693281
-0.010620553;0.051865611;0.33693281
-0.0086442688;0.051865611;0.33693281
-0.010620553;0.051865611;0.33693281
-0.0086442688;0.053841896;0.34483793
-0.0066679842;0.051865611;0.34483793
-0.0086442688;0.051865611;0.33693281
-0.0066679842;0.051865611;0.34483793
-0.0066679842;0.051865611;0.34483793
-0.0046916995;0.053841896;0.33693281
-0.0046916995;0.051865611;0.33693281
-0.0027154151;0.051865611;0.34483793
-0.0027154151;0.051865611;0.34483793
-0.0027154151;0.051865611;0.33693281
-0.00073913042;0.051865611;0.33693281
-0.00073913042;0.053841896;0.33693281
-0.00073913042;0.053841896;0.33693281
-0.00073913042;0.051865611;0.33693281
-0.00073913042;0.051865611;0.33693281
-0.00073913042;0.053841896;0.34483793
0.0032134387;0.053841896;0.33693281
0.0012371541;0.053841896;0.34483793
0.0051897233;0.053841896;0.33693281
0.0051897233;0.051865611;0.33693281
0.0051897233;0.053841896;0.33693281
0.007166008;0.053841896;0.33693281
0.007166008;0.053841896;0.34483793
0.007166008;0.053841896;0.33693281
0.007166008;0.053841896;0.33693281
0.0091422927;0.053841896;0.33693281
0.0091422927;0.053841896;0.34483793
0.011118577;0.053841896;0.33693281
0.0091422927;0.055818181;0.34483793
0.011118577;0.053841896;0.34483793
0.013094862;0.053841896;0.33693281
0.013094862;0.053841896;0.34483793
0.013094862;0.053841896;0.34483793
0.015071146;0.053841896;0.34483793
0.015071146;0.055818181;0.33693281
0.017047431;0.053841896;0.34483793
0.017047431;0.053841896;0.34483793
0.017047431;0.055818181;0.33693281
0.017047431;0.053841896;0.34483793
0.019023715;0.053841896;0.34483793
0.019023715;0.055818181;0.33693281
0.021;0.055818181;0.33693281
0.021;0.055818181;0.33693281
0.022976285;0.055818181;0.33693281
0.022976285;0.053841896;0.33693281
0.022976285;0.055818181;0.33693281
0.02495257;0.057794467;0.33693281
0.026928853;0.055818181;0.34483793
0.02495257;0.055818181;0.34483793
0.026928853;0.055818181;0.33693281
0.026928853;0.055818181;0.33693281
0.028905138;0.055818181;0.33693281
0.026928853;0.057794467;0.33693281
0.030881424;0.057794467;0.34483793
0.030881424;0.057794467;0.34483793
0.030881424;0.057794467;0.33693281
0.032857709;0.057794467;0.34483793
0.032857709;0.057794467;0.34483793
0.032857709;0.057794467;0.33693281
0.034833994;0.057794467;0.33693281
0.034833994;0.055818181;0.33693281
0.032857709;0.057794467;0.34483793
0.034833994;0.057794467;0.33693281
0.036810275;0.057794467;0.34483793
0.036810275;0.057794467;0.34483793
0.036810275;0.057794467;0.33693281
0.03878656;0.057794467;0.34483793
0.03878656;0.057794467;0.33693281
0.040762845;0.057794467;0.33693281
0.042739131;0.057794467;0.33693281
0.040762845;0.057794467;0.34483793
0.042739131;0.057794467;0.33693281
0.044715416;0.057794467;0.33693281
0.044715416;0.059770752;0.34483793
0.042739131;0.057794467;0.33693281
0.044715416;0.057794467;0.34483793
0.044715416;0.057794467;0.34483793
0.046691701;0.057794467;0.34483793
0.048667986;0.057794467;0.34483793
0.048667986;0.057794467;0.34483793
0.048667986;0.057794467;0.33693281
0.048667986;0.057794467;0.34483793
0.050644267;0.057794467;0.33693281
0.052620552;0.057794467;0.33693281
0.050644267;0.059770752;0.33693281
0.050644267;0.059770752;0.34483793
0.052620552;0.057794467;0.34483793
0.052620552;0.059770752;0.34483793
0.054596838;0.057794467;0.33693281
0.054596838;0.059770752;0.33693281
0.054596838;0.059770752;0.33693281
0.056573123;0.059770752;0.34483793
0.054596838;0.059770752;0.34483793
0.056573123;0.059770752;0.34483793
0.056573123;0.059770752;0.34483793
0.058549408;0.057794467;0.32902768
0.058549408;0.059770752;0.33693281
0.058549408;0.059770752;0.33693281
0.060525693;0.059770752;0.34483793
0.060525693;0.059770752;0.33693281
0.060525693;0.059770752;0.33693281
0.060525693;0.059770752;0.33693281
0.062501974;0.061747037;0.33693281
0.062501974;0.061747037;0.33693281
0.062501974;0.059770752;0.33693281
0.062501974;0.061747037;0.33693281
0.064478263;0.059770752;0.34483793
0.064478263;0.059770752;0.33693281
0.064478263;0.061747037;0.33693281
0.064478263;0.061747037;0.33693281
0.066454545;0.061747037;0.33693281
0.064478263;0.059770752;0.33693281
0.066454545;0.061747037;0.34483793
0.066454545;0.061747037;0.33693281
0.066454545;0.059770752;0.34483793
0.068430834;0.061747037;0.33693281
0.068430834;0.061747037;0.33693281
0.068430834;0.061747037;0.33693281
0.068430834;0.061747037;0.33693281
0.070407115;0.059770752;0.34483793
0.070407115;0.061747037;0.34483793
0.070407115;0.061747037;0.33693281
0.072383396;0.059770752;0.33693281
0.072383396;0.059770752;0.34483793
0.070407115;0.061747037;0.33693281
0.074359685;0.061747037;0.33693281
0.074359685;0.061747037;0.34483793
0.074359685;0.061747037;0.33693281
0.074359685;0.061747037;0.34483793
0.072383396;0.061747037;0.33693281
0.072383396;0.061747037;0.33693281
0.076335967;0.061747037;0.33693281
0.074359685;0.061747037;0.33693281
0.074359685;0.061747037;0.34483793
0.074359685;0.061747037;0.33693281
0.076335967;0.061747037;0.33693281
0.076335967;0.063723318;0.33693281
0.074359685;0.061747037;0.33693281
0.076335967;0.061747037;0.34483793
0.076335967;0.063723318;0.33693281
0.076335967;0.061747037;0.34483793
0.076335967;0.061747037;0.34483793
0.078312255;0.061747037;0.34483793
0.076335967;0.063723318;0.33693281
0.078312255;0.061747037;0.34483793
0.078312255;0.063723318;0.33693281
0.078312255;0.065699607;0.34483793
0.078312255;0.063723318;0.34483793
0.078312255;0.063723318;0.33693281
0.078312255;0.063723318;0.33693281
0.078312255;0.061747037;0.34483793
0.078312255;0.063723318;0.33693281
0.078312255;0.063723318;0.33693281
0.078312255;0.065699607;0.33693281
0.078312255;0.061747037;0.33693281
0.080288537;0.063723318;0.34483793
0.078312255;0.063723318;0.34483793
0.078312255;0.063723318;0.33693281
0.078312255;0.063723318;0.34483793
0.078312255;0.065699607;0.33693281
0.078312255;0.065699607;0.34483793
0.078312255;0.063723318;0.33693281
0.078312255;0.063723318;0.34483793
0.078312255;0.063723318;0.33693281
0.078312255;0.063723318;0.33693281
0.078312255;0.063723318;0.33693281
0.076335967;0.063723318;0.33693281
0.076335967;0.065699607;0.34483793
0.078312255;0.063723318;0.33693281
0.076335967;0.063723318;0.34483793
0.076335967;0.063723318;0.33693281
0.078312255;0.063723318;0.34483793
0.076335967;0.063723318;0.34483793
0.074359685;0.063723318;0.34483793
0.074359685;0.065699607;0.33693281
0.076335967;0.065699607;0.34483793
0.076335967;0.063723318;0.33693281
0.076335967;0.065699607;0.33693281
0.076335967;0.065699607;0.33693281
0.074359685;0.065699607;0.34483793
0.074359685;0.065699607;0.33693281
0.076335967;0.065699607;0.33693281
0.076335967;0.065699607;0.33693281
0.074359685;0.065699607;0.33693281
0.074359685;0.065699607;0.33693281
0.074359685;0.065699607;0.34483793
0.072383396;0.065699607;0.33693281
0.074359685;0.065699607;0.33693281
0.072383396;0.065699607;0.33693281
0.072383396;0.065699607;0.33693281
0.072383396;0.065699607;0.34483793
0.070407115;0.065699607;0.34483793
0.072383396;0.065699607;0.34483793
0.072383396;0.065699607;0.33693281
0.072383396;0.065699607;0.33693281
0.070407115;0.065699607;0.34483793
0.068430834;0.065699607;0.34483793
0.070407115;0.065699607;0.34483793
0.070407115;0.065699607;0.33693281
0.068430834;0.065699607;0.34483793
0.068430834;0.067675889;0.33693281
0.068430834;0.067675889;0.33693281
0.068430834;0.065699607;0.33693281
0.068430834;0.067675889;0.33693281
0.066454545;0.065699607;0.33693281
0.066454545;0.065699607;0.33693281
0.064478263;0.065699607;0.33693281
0.064478263;0.065699607;0.34483793
0.064478263;0.067675889;0.34483793
0.064478263;0.065699607;0.33693281
0.062501974;0.065699607;0.33693281
0.062501974;0.065699607;0.33693281
0.064478263;0.065699607;0.33693281
0.060525693;0.065699607;0.34483793
0.060525693;0.065699607;0.33693281
0.062501974;0.067675889;0.33693281
0.060525693;0.067675889;0.33693281
0.060525693;0.067675889;0.33693281
0.058549408;0.067675889;0.33693281
0.058549408;0.067675889;0.32902768
0.056573123;0.067675889;0.33693281
0.058549408;0.067675889;0.34483793
0.058549408;0.067675889;0.33693281
0.056573123;0.065699607;0.33693281
0.056573123;0.067675889;0.33693281
0.056573123;0.067675889;0.33693281
0.054596838;0.067675889;0.34483793
0.054596838;0.065699607;0.34483793
0.054596838;0.067675889;0.33693281
0.054596838;0.067675889;0.33693281
0.052620552;0.067675889;0.33693281
0.052620552;0.067675889;0.33693281
0.050644267;0.067675889;0.33693281
0.048667986;0.067675889;0.33693281
0.050644267;0.067675889;0.33693281
0.048667986;0.067675889;0.33693281
0.048667986;0.065699607;0.34483793
0.048667986;0.067675889;0.33693281
0.046691701;0.067675889;0.34483793
0.046691701;0.067675889;0.33693281
0.046691701;0.067675889;0.34483793
0.046691701;0.067675889;0.33693281
0.042739131;0.067675889;0.34483793
0.042739131;0.067675889;0.33693281
0.042739131;0.067675889;0.33693281
0.042739131;0.067675889;0.33693281
0.042739131;0.067675889;0.33693281
0.040762845;0.067675889;0.34483793
0.040762845;0.067675889;0.34483793
0.03878656;0.067675889;0.33693281
0.03878656;0.069652177;0.33693281
0.036810275;0.067675889;0.34483793
0.036810275;0.067675889;0.33693281
0.036810275;0.067675889;0.33693281
0.034833994;0.067675889;0.34483793
0.032857709;0.067675889;0.33693281
0.032857709;0.067675889;0.33693281
0.032857709;0.067675889;0.33693281
0.030881424;0.067675889;0.33693281
0.030881424;0.067675889;0.33693281
0.030881424;0.067675889;0.34483793
0.030881424;0.067675889;0.33693281
0.030881424;0.067675889;0.33693281
0.028905138;0.067675889;0.33693281
0.030881424;0.069652177;0.34483793
0.026928853;0.067675889;0.34483793
0.026928853;0.069652177;0.34483793
0.02495257;0.069652177;0.34483793
0.02495257;0.067675889;0.34483793
0.022976285;0.067675889;0.33693281
0.02495257;0.067675889;0.34483793
0.022976285;0.069652177;0.33693281
0.021;0.067675889;0.33693281
0.022976285;0.067675889;0.33693281
0.022976285;0.067675889;0.33693281
0.021;0.067675889;0.33693281
0.021;0.067675889;0.34483793
0.019023715;0.069652177;0.34483793
0.019023715;0.067675889;0.34483793
0.019023715;0.069652177;0.33693281
0.019023715;0.067675889;0.33693281
0.017047431;0.067675889;0.33693281
0.017047431;0.067675889;0.33693281
0.015071146;0.067675889;0.34483793
0.015071146;0.069652177;0.33693281
0.013094862;0.069652177;0.34483793
0.013094862;0.067675889;0.34483793
0.011118577;0.067675889;0.34483793
0.011118577;0.069652177;0.33693281
0.0091422927;0.067675889;0.34483793
0.0091422927;0.067675889;0.33693281
0.0091422927;0.067675889;0.34483793
0.0091422927;0.069652177;0.33693281
0.0051897233;0.069652177;0.33693281
0.007166008;0.067675889;0.33693281
0.007166008;0.067675889;0.33693281
0.0051897233;0.067675889;0.34483793
0.0051897233;0.069652177;0.34483793
0.0032134387;0.069652177;0.34483793
0.0012371541;0.069652177;0.34483793
0.0012371541;0.067675889;0.33693281
0.0012371541;0.067675889;0.33693281
-0.00073913042;0.067675889;0.33693281
-0.00073913042;0.067675889;0.33693281
-0.00073913042;0.067675889;0.33693281
-0.0027154151;0.069652177;0.33693281
-0.00073913042;0.069652177;0.33693281
-0.0027154151;0.069652177;0.34483793
-0.0046916995;0.067675889;0.33693281
-0.0046916995;0.067675889;0.34483793
-0.0046916995;0.069652177;0.33693281
-0.0046916995;0.069652177;0.33693281
-0.0066679842;0.069652177;0.33693281
-0.0066679842;0.069652177;0.33693281
-0.0066679842;0.069652177;0.33693281
-0.0066679842;0.069652177;0.34483793
-0.0086442688;0.069652177;0.33693281
-0.0086442688;0.069652177;0.33693281
-0.010620553;0.069652177;0.34483793
-0.0086442688;0.069652177;0.33693281
-0.010620553;0.069652177;0.33693281
-0.010620553;0.069652177;0.34483793
-0.010620553;0.069652177;0.33693281
-0.012596838;0.069652177;0.33693281
-0.012596838;0.069652177;0.33693281
-0.012596838;0.069652177;0.33693281
-0.014573122;0.069652177;0.33693281
-0.014573122;0.069652177;0.33693281
-0.014573122;0.069652177;0.33693281
-0.016549407;0.069652177;0.33693281
-0.016549407;0.069652177;0.33693281
-0.016549407;0.069652177;0.33693281
-0.016549407;0.069652177;0.33693281
-0.018525692;0.067675889;0.33693281
-0.018525692;0.069652177;0.33693281
-0.020501977;0.067675889;0.33693281
-0.018525692;0.069652177;0.34483793
-0.020501977;0.067675889;0.33693281
-0.020501977;0.067675889;0.33693281
-0.020501977;0.069652177;0.33693281
-0.020501977;0.069652177;0.34483793
-0.02247826;0.069652177;0.34483793
-0.02247826;0.067675889;0.34483793
-0.02247826;0.069652177;0.33693281
-0.02247826;0.069652177;0.33693281
-0.02247826;0.069652177;0.33693281
-0.024454545;0.069652177;0.33693281
-0.024454545;0.069652177;0.34483793
-0.024454545;0.069652177;0.34483793
-0.024454545;0.069652177;0.33693281
-0.024454545;0.067675889;0.33693281
-0.024454545;0.069652177;0.33693281
-0.02643083;0.067675889;0.33693281
-0.02643083;0.069652177;0.33693281
-0.02643083;0.069652177;0.33693281
-0.028407115;0.069652177;0.33693281
-0.028407115;0.067675889;0.34483793
-0.028407115;0.069652177;0.34483793
-0.028407115;0.067675889;0.33693281
-0.028407115;0.067675889;0.34483793
-0.028407115;0.067675889;0.33693281
-0.030383399;0.069652177;0.33693281
-0.028407115;0.067675889;0.34483793
-0.028407115;0.069652177;0.34483793
-0.030383399;0.069652177;0.33693281
-0.030383399;0.071628459;0.34483793
-0.030383399;0.067675889;0.33693281
-0.032359682;0.069652177;0.34483793
-0.030383399;0.067675889;0.33693281
-0.032359682;0.067675889;0.33693281
-0.032359682;0.069652177;0.34483793
-0.032359682;0.067675889;0.33693281
-0.030383399;0.069652177;0.33693281
-0.032359682;0.069652177;0.34483793
-0.032359682;0.069652177;0.34483793
-0.034335967;0.067675889;0.34483793
-0.032359682;0.069652177;0.34483793
-0.032359682;0.069652177;0.33693281
-0.032359682;0.069652177;0.34483793
-0.034335967;0.067675889;0.33693281
-0.032359682;0.067675889;0.33693281
-0.032359682;0.069652177;0.34483793
-0.034335967;0.069652177;0.33693281
-0.032359682;0.067675889;0.33693281
-0.034335967;0.069652177;0.33693281
-0.032359682;0.069652177;0.33693281
-0.032359682;0.067675889;0.33693281
-0.030383399;0.067675889;0.34483793
-0.032359682;0.067675889;0.34483793
-0.032359682;0.069652177;0.33693281
-0.032359682;0.069652177;0.34483793
-0.032359682;0.067675889;0.33693281
-0.032359682;0.067675889;0.33693281
-0.032359682;0.067675889;0.33693281
-0.032359682;0.069652177;0.33693281
-0.032359682;0.067675889;0.34483793
-0.030383399;0.069652177;0.33693281
-0.032359682;0.067675889;0.33693281
-0.032359682;0.069652177;0.34483793
-0.032359682;0.067675889;0.34483793
-0.030383399;0.067675889;0.34483793
-0.030383399;0.067675889;0.34483793
-0.030383399;0.067675889;0.33693281
-0.030383399;0.067675889;0.33693281
-0.030383399;0.069652177;0.33693281
-0.030383399;0.067675889;0.33693281
-0.030383399;0.067675889;0.33693281
-0.030383399;0.069652177;0.33693281
-0.030383399;0.067675889;0.32902768
-0.028407115;0.069652177;0.34483793
-0.030383399;0.067675889;0.33693281
-0.030383399;0.069652177;0.33693281
-0.028407115;0.067675889;0.33693281
-0.028407115;0.067675889;0.33693281
-0.030383399;0.067675889;0.33693281
-0.028407115;0.069652177;0.33693281
-0.028407115;0.069652177;0.33693281
-0.028407115;0.067675889;0.33693281
-0.028407115;0.067675889;0.33693281
-0.02643083;0.067675889;0.33693281
-0.02643083;0.067675889;0.33693281
-0.02643083;0.069652177;0.34483793
-0.02643083;0.069652177;0.33693281
-0.024454545;0.067675889;0.33693281
-0.024454545;0.067675889;0.33693281
-0.024454545;0.067675889;0.33693281
-0.02247826;0.067675889;0.33693281
-0.024454545;0.067675889;0.33693281
-0.02247826;0.067675889;0.33693281
-0.02247826;0.067675889;0.33693281
-0.02247826;0.067675889;0.33693281
-0.02247826;0.067675889;0.33693281
-0.02247826;0.067675889;0.34483793
-0.020501977;0.067675889;0.34483793
-0.020501977;0.069652177;0.33693281
-0.020501977;0.069652177;0.34483793
-0.020501977;0.067675889;0.34483793
-0.018525692;0.067675889;0.33693281
-0.016549407;0.067675889;0.34483793
-0.018525692;0.067675889;0.33693281
-0.016549407;0.067675889;0.33693281
-0.018525692;0.067675889;0.33693281
-0.016549407;0.067675889;0.33693281
-0.014573122;0.067675889;0.34483793
-0.014573122;0.067675889;0.33693281
-0.012596838;0.067675889;0.33693281
-0.014573122;0.067675889;0.34483793
-0.012596838;0.067675889;0.34483793
-0.014573122;0.067675889;0.33693281
-0.012596838;0.067675889;0.33693281
-0.012596838;0.067675889;0.33693281
-0.012596838;0.067675889;0.33693281
-0.010620553;0.067675889;0.34483793
-0.010620553;0.067675889;0.33693281
-0.010620553;0.067675889;0.34483793
-0.010620553;0.067675889;0.33693281
-0.0086442688;0.067675889;0.34483793
-0.0086442688;0.067675889;0.33693281
-0.0086442688;0.067675889;0.33693281
-0.0066679842;0.067675889;0.33693281
-0.0066679842;0.065699607;0.33693281
-0.0066679842;0.067675889;0.33693281
-0.0066679842;0.067675889;0.34483793
-0.0046916995;0.067675889;0.33693281
-0.0027154151;0.067675889;0.34483793
-0.0027154151;0.067675889;0.33693281
-0.0027154151;0.067675889;0.33693281
-0.00073913042;0.067675889;0.33693281
-0.0027154151;0.067675889;0.33693281
-0.00073913042;0.067675889;0.33693281
-0.00073913042;0.067675889;0.33693281
0.0012371541;0.067675889;0.34483793
0.0012371541;0.065699607;0.33693281
0.0032134387;0.065699607;0.34483793
0.0032134387;0.067675889;0.33693281
0.0051897233;0.065699607;0.34483793
0.0051897233;0.067675889;0.34483793
0.007166008;0.067675889;0.34483793
0.007166008;0.065699607;0.33693281
0.007166008;0.067675889;0.33693281
0.0091422927;0.067675889;0.33693281
0.0091422927;0.067675889;0.33693281
0.0091422927;0.067675889;0.33693281
0.0091422927;0.065699607;0.33693281
0.011118577;0.067675889;0.33693281
0.011118577;0.067675889;0.34483793
0.013094862;0.067675889;0.33693281
0.013094862;0.067675889;0.33693281
0.013094862;0.065699607;0.34483793
0.015071146;0.065699607;0.33693281
0.015071146;0.065699607;0.34483793
0.017047431;0.065699607;0.33693281
0.017047431;0.065699607;0.33693281
0.019023715;0.063723318;0.34483793
0.017047431;0.065699607;0.33693281
0.017047431;0.065699607;0.34483793
0.019023715;0.067675889;0.34483793
0.019023715;0.065699607;0.33693281
0.021;0.067675889;0.33693281
0.022976285;0.067675889;0.33693281
0.021;0.065699607;0.33693281
0.022976285;0.063723318;0.34483793
0.02495257;0.065699607;0.34483793
0.02495257;0.065699607;0.34483793
0.026928853;0.065699607;0.34483793
0.026928853;0.065699607;0.33693281
0.028905138;0.065699607;0.33693281
0.026928853;0.065699607;0.33693281
0.028905138;0.065699607;0.33693281
0.026928853;0.065699607;0.34483793
0.030881424;0.065699607;0.33693281
0.030881424;0.065699607;0.34483793
0.030881424;0.063723318;0.33693281
0.032857709;0.063723318;0.34483793
0.032857709;0.063723318;0.33693281
0.034833994;0.065699607;0.33693281
0.032857709;0.063723318;0.33693281
0.036810275;0.063723318;0.33693281
0.036810275;0.063723318;0.33693281
0.036810275;0.065699607;0.33693281
0.034833994;0.065699607;0.33693281
0.03878656;0.065699607;0.34483793
0.03878656;0.065699607;0.34483793
0.040762845;0.063723318;0.33693281
0.040762845;0.063723318;0.33693281
0.040762845;0.063723318;0.33693281
0.040762845;0.065699607;0.33693281
0.042739131;0.065699607;0.33693281
0.042739131;0.063723318;0.33693281
0.044715416;0.065699607;0.34483793
0.044715416;0.065699607;0.33693281
0.044715416;0.063723318;0.33693281
0.046691701;0.061747037;0.34483793
0.046691701;0.063723318;0.33693281
0.046691701;0.063723318;0.33693281
0.046691701;0.063723318;0.33693281
0.048667986;0.063723318;0.33693281
0.048667986;0.063723318;0.33693281
0.050644267;0.063723318;0.33693281
0.050644267;0.063723318;0.33693281
0.050644267;0.063723318;0.34483793
0.052620552;0.065699607;0.34483793
0.052620552;0.063723318;0.33693281
0.052620552;0.063723318;0.33693281
0.054596838;0.061747037;0.34483793
0.054596838;0.063723318;0.33693281
0.056573123;0.063723318;0.33693281
0.054596838;0.063723318;0.33693281
0.056573123;0.065699607;0.34483793
0.056573123;0.063723318;0.33693281
0.056573123;0.063723318;0.33693281
0.058549408;0.063723318;0.34483793
0.058549408;0.063723318;0.33693281
0.058549408;0.061747037;0.33693281
0.058549408;0.061747037;0.33693281
0.060525693;0.061747037;0.33693281
0.062501974;0.061747037;0.33693281
0.062501974;0.063723318;0.34483793
0.062501974;0.063723318;0.33693281
0.062501974;0.063723318;0.33693281
0.062501974;0.063723318;0.33693281
0.062501974;0.063723318;0.33693281
0.062501974;0.061747037;0.34483793
0.064478263;0.061747037;0.33693281
0.064478263;0.063723318;0.33693281
0.064478263;0.061747037;0.33693281
0.064478263;0.061747037;0.33693281
0.066454545;0.061747037;0.34483793
0.066454545;0.061747037;0.33693281
0.066454545;0.061747037;0.33693281
0.066454545;0.059770752;0.33693281
0.068430834;0.061747037;0.33693281
0.068430834;0.061747037;0.34483793
0.068430834;0.061747037;0.33693281
0.068430834;0.063723318;0.33693281
0.070407115;0.061747037;0.33693281
0.070407115;0.061747037;0.34483793
0.070407115;0.061747037;0.33693281
0.072383396;0.061747037;0.33693281
0.072383396;0.059770752;0.33693281
0.072383396;0.061747037;0.33693281
0.072383396;0.061747037;0.33693281
0.072383396;0.061747037;0.33693281
0.072383396;0.061747037;0.34483793
0.072383396;0.059770752;0.34483793
0.072383396;0.059770752;0.34483793
0.074359685;0.061747037;0.33693281
0.074359685;0.059770752;0.33693281
0.076335967;0.059770752;0.33693281
0.074359685;0.061747037;0.33693281
0.076335967;0.061747037;0.33693281
0.076335967;0.059770752;0.33693281
0.074359685;0.059770752;0.34483793
0.078312255;0.059770752;0.34483793
0.076335967;0.059770752;0.33693281
0.076335967;0.059770752;0.34483793
0.076335967;0.059770752;0.34483793
0.076335967;0.059770752;0.33693281
0.076335967;0.059770752;0.33693281
0.076335967;0.059770752;0.33693281
0.078312255;0.059770752;0.33693281
0.078312255;0.059770752;0.33693281
0.078312255;0.059770752;0.34483793
0.078312255;0.059770752;0.33693281
0.078312255;0.059770752;0.33693281
0.078312255;0.059770752;0.33693281
0.078312255;0.059770752;0.33693281
0.076335967;0.057794467;0.33693281
0.078312255;0.059770752;0.33693281
0.078312255;0.057794467;0.34483793
0.076335967;0.059770752;0.33693281
0.078312255;0.059770752;0.34483793
0.078312255;0.057794467;0.33693281
0.078312255;0.059770752;0.34483793
0.078312255;0.059770752;0.33693281
0.078312255;0.057794467;0.33693281
0.078312255;0.059770752;0.33693281
0.078312255;0.057794467;0.34483793
0.078312255;0.057794467;0.34483793
0.078312255;0.057794467;0.33693281
0.078312255;0.057794467;0.34483793
0.078312255;0.057794467;0.33693281
0.078312255;0.057794467;0.33693281
0.078312255;0.059770752;0.34483793
0.076335967;0.059770752;0.33693281
0.078312255;0.057794467;0.33693281
0.076335967;0.057794467;0.33693281
0.078312255;0.057794467;0.33693281
0.076335967;0.057794467;0.33693281
0.076335967;0.057794467;0.33693281
0.076335967;0.057794467;0.33693281
0.076335967;0.057794467;0.33693281
0.076335967;0.057794467;0.33693281
0.076335967;0.057794467;0.33693281
0.076335967;0.057794467;0.34483793
0.074359685;0.057794467;0.33693281
0.076335967;0.057794467;0.34483793
0.074359685;0.055818181;0.34483793
0.074359685;0.055818181;0.33693281
0.074359685;0.057794467;0.33693281
0.074359685;0.057794467;0.34483793
0.076335967;0.055818181;0.34483793
0.074359685;0.055818181;0.34483793
0.072383396;0.057794467;0.33693281
0.072383396;0.055818181;0.33693281
0.072383396;0.057794467;0.34483793
0.072383396;0.055818181;0.34483793
0.072383396;0.057794467;0.33693281
0.072383396;0.055818181;0.34483793
0.070407115;0.055818181;0.33693281
0.070407115;0.055818181;0.33693281
0.070407115;0.055818181;0.34483793
0.070407115;0.055818181;0.33693281
0.068430834;0.055818181;0.34483793
0.068430834;0.055818181;0.33693281
0.066454545;0.055818181;0.33693281
0.068430834;0.055818181;0.34483793
0.068430834;0.055818181;0.33693281
0.068430834;0.055818181;0.33693281
0.066454545;0.055818181;0.33693281
0.066454545;0.055818181;0.33693281
0.064478263;0.055818181;0.34483793
0.064478263;0.055818181;0.33693281
0.066454545;0.055818181;0.33693281
0.064478263;0.055818181;0.33693281
0.062501974;0.055818181;0.33693281
0.062501974;0.055818181;0.34483793
0.062501974;0.055818181;0.34483793
0.062501974;0.053841896;0.34483793
0.062501974;0.053841896;0.34483793
0.060525693;0.053841896;0.33693281
0.060525693;0.053841896;0.33693281
0.060525693;0.053841896;0.34483793
0.058549408;0.053841896;0.33693281
0.058549408;0.053841896;0.33693281
0.058549408;0.053841896;0.34483793
0.058549408;0.053841896;0.34483793
0.056573123;0.053841896;0.33693281
0.056573123;0.053841896;0.33693281
0.056573123;0.051865611;0.33693281
0.054596838;0.053841896;0.34483793
0.054596838;0.053841896;0.33693281
0.054596838;0.051865611;0.34483793
0.054596838;0.051865611;0.34483793
0.052620552;0.051865611;0.34483793
0.052620552;0.051865611;0.33693281
0.050644267;0.051865611;0.34483793
0.052620552;0.04988933;0.33693281
0.050644267;0.051865611;0.34483793
0.048667986;0.051865611;0.33693281
0.050644267;0.051865611;0.34483793
0.046691701;0.051865611;0.33693281
0.046691701;0.04988933;0.33693281
0.046691701;0.051865611;0.33693281
0.046691701;0.051865611;0.34483793
0.044715416;0.051865611;0.33693281
0.044715416;0.051865611;0.34483793
0.044715416;0.051865611;0.33693281
0.042739131;0.04988933;0.33693281
0.042739131;0.04988933;0.33693281
0.042739131;0.04988933;0.33693281
0.042739131;0.051865611;0.33693281
0.040762845;0.051865611;0.33693281
0.040762845;0.051865611;0.33693281
0.040762845;0.04988933;0.33693281
0.03878656;0.051865611;0.33693281
0.036810275;0.051865611;0.34483793
0.036810275;0.051865611;0.33693281
0.036810275;0.04988933;0.33693281
0.034833994;0.04988933;0.33693281
0.034833994;0.04988933;0.33693281
0.034833994;0.04988933;0.33693281
0.032857709;0.04988933;0.34483793
0.032857709;0.04988933;0.33693281
0.030881424;0.04988933;0.33693281
0.030881424;0.047913045;0.33693281
0.028905138;0.04988933;0.34483793
0.028905138;0.04988933;0.33693281
0.028905138;0.04988933;0.33693281
0.026928853;0.04988933;0.34483793
0.028905138;0.04988933;0.33693281
0.026928853;0.04988933;0.33693281
0.02495257;0.04988933;0.33693281
0.026928853;0.04988933;0.34483793
0.02495257;0.047913045;0.33693281
0.02495257;0.04988933;0.33693281
0.022976285;0.04988933;0.33693281
0.022976285;0.047913045;0.33693281
0.021;0.047913045;0.34483793
0.019023715;0.04988933;0.33693281
0.021;0.047913045;0.33693281
0.019023715;0.047913045;0.33693281
0.019023715;0.047913045;0.33693281
0.017047431;0.047913045;0.33693281
0.017047431;0.047913045;0.33693281
0.017047431;0.047913045;0.33693281
0.017047431;0.047913045;0.33693281
0.015071146;0.047913045;0.34483793
0.015071146;0.047913045;0.33693281
0.015071146;0.047913045;0.34483793
0.013094862;0.047913045;0.33693281
0.011118577;0.04593676;0.33693281
0.011118577;0.047913045;0.33693281
0.011118577;0.047913045;0.33693281
0.0091422927;0.047913045;0.33693281
0.0091422927;0.047913045;0.33693281
0.0091422927;0.04593676;0.34483793
0.007166008;0.047913045;0.33693281
0.007166008;0.04593676;0.34483793
0.007166008;0.047913045;0.33693281
0.0051897233;0.047913045;0.34483793
0.0051897233;0.047913045;0.33693281
0.0051897233;0.04593676;0.33693281
0.0051897233;0.04593676;0.33693281
-0.00073913042;0.04593676;0.33693281
0.0032134387;0.04593676;0.33693281
-0.00073913042;0.04593676;0.33693281
-0.00073913042;0.04593676;0.34483793
-0.00073913042;0.04593676;0.33693281
-0.00073913042;0.04593676;0.33693281
-0.0027154151;0.04593676;0.33693281
-0.0027154151;0.04593676;0.33693281
-0.0027154151;0.04593676;0.34483793
-0.0046916995;0.04593676;0.33693281
-0.0046916995;0.04593676;0.33693281
-0.0066679842;0.04593676;0.34483793
-0.0066679842;0.043960474;0.33693281
-0.0066679842;0.04593676;0.33693281
-0.0086442688;0.043960474;0.33693281
-0.0066679842;0.043960474;0.33693281
-0.0066679842;0.043960474;0.33693281
-0.0086442688;0.043960474;0.33693281
-0.0086442688;0.04593676;0.33693281
-0.010620553;0.043960474;0.33693281
-0.012596838;0.043960474;0.33693281
-0.010620553;0.043960474;0.33693281
-0.010620553;0.043960474;0.34483793
-0.012596838;0.043960474;0.33693281
-0.012596838;0.043960474;0.34483793
-0.012596838;0.041984189;0.34483793
-0.014573122;0.043960474;0.34483793
-0.014573122;0.041984189;0.33693281
-0.014573122;0.043960474;0.33693281
-0.016549407;0.043960474;0.33693281
-0.016549407;0.041984189;0.34483793
-0.016549407;0.041984189;0.33693281
-0.016549407;0.043960474;0.33693281
-0.016549407;0.043960474;0.33693281
-0.020501977;0.041984189;0.33693281
-0.018525692;0.043960474;0.33693281
-0.018525692;0.041984189;0.33693281
-0.020501977;0.041984189;0.34483793
-0.020501977;0.041984189;0.33693281
-0.020501977;0.043960474;0.34483793
-0.02247826;0.041984189;0.33693281
-0.02247826;0.041984189;0.33693281
-0.02247826;0.040007904;0.33693281
-0.02247826;0.041984189;0.34483793
-0.024454545;0.041984189;0.34483793
-0.024454545;0.041984189;0.33693281
-0.02247826;0.041984189;0.33693281
-0.02247826;0.041984189;0.34483793
-0.024454545;0.040007904;0.33693281
-0.024454545;0.041984189;0.34483793
-0.02643083;0.041984189;0.34483793
-0.02643083;0.041984189;0.33693281
-0.02643083;0.040007904;0.33693281
-0.02643083;0.041984189;0.33693281
-0.02643083;0.040007904;0.33693281
-0.02643083;0.040007904;0.33693281
-0.02643083;0.040007904;0.33693281
-0.028407115;0.041984189;0.34483793
-0.028407115;0.041984189;0.33693281
-0.028407115;0.040007904;0.33693281
-0.02643083;0.040007904;0.33693281
-0.028407115;0.040007904;0.33693281
-0.030383399;0.040007904;0.34483793
-0.028407115;0.040007904;0.33693281
-0.028407115;0.040007904;0.33693281
-0.030383399;0.038031619;0.33693281
-0.030383399;0.038031619;0.33693281
-0.030383399;0.040007904;0.33693281
-0.030383399;0.040007904;0.34483793
-0.030383399;0.038031619;0.34483793
-0.032359682;0.038031619;0.34483793
-0.030383399;0.038031619;0.33693281
-0.032359682;0.038031619;0.33693281
-0.030383399;0.038031619;0.33693281
-0.030383399;0.038031619;0.34483793
-0.032359682;0.038031619;0.32902768
-0.032359682;0.040007904;0.33693281
-0.032359682;0.038031619;0.34483793
-0.032359682;0.038031619;0.33693281
-0.030383399;0.038031619;0.33693281
-0.032359682;0.038031619;0.33693281
-0.032359682;0.038031619;0.33693281
-0.032359682;0.038031619;0.33693281
-0.032359682;0.036055338;0.33693281
-0.034335967;0.040007904;0.33693281
-0.032359682;0.038031619;0.33693281
-0.032359682;0.038031619;0.33693281
-0.032359682;0.038031619;0.33693281
-0.032359682;0.038031619;0.34483793
-0.032359682;0.036055338;0.33693281
-0.032359682;0.036055338;0.34483793
-0.032359682;0.038031619;0.33693281
-0.034335967;0.036055338;0.34483793
-0.034335967;0.036055338;0.33693281
-0.032359682;0.036055338;0.33693281
-0.032359682;0.036055338;0.33693281
-0.032359682;0.036055338;0.33693281
-0.032359682;0.036055338;0.33693281
-0.032359682;0.036055338;0.34483793
-0.032359682;0.034079053;0.33693281
-0.030383399;0.036055338;0.33693281
-0.030383399;0.036055338;0.33693281
-0.030383399;0.038031619;0.34483793
-0.030383399;0.036055338;0.33693281
-0.030383399;0.036055338;0.33693281
-0.030383399;0.036055338;0.33693281
-0.030383399;0.034079053;0.33693281
-0.030383399;0.034079053;0.33693281
-0.030383399;0.034079053;0.33693281
-0.030383399;0.034079053;0.34483793
-0.030383399;0.034079053;0.33693281
-0.030383399;0.034079053;0.33693281
-0.030383399;0.034079053;0.33693281
-0.028407115;0.036055338;0.33693281
-0.028407115;0.034079053;0.34483793
-0.028407115;0.034079053;0.33693281
-0.02643083;0.034079053;0.33693281
-0.02643083;0.034079053;0.34483793
-0.028407115;0.034079053;0.33693281
-0.028407115;0.034079053;0.33693281
-0.02643083;0.034079053;0.33693281
-0.02643083;0.034079053;0.33693281
-0.024454545;0.034079053;0.34483793
-0.02643083;0.034079053;0.33693281
-0.02247826;0.032102767;0.34483793
-0.024454545;0.032102767;0.33693281
-0.024454545;0.032102767;0.33693281
-0.02247826;0.034079053;0.34483793
-0.024454545;0.034079053;0.33693281
-0.02247826;0.032102767;0.34483793
-0.020501977;0.032102767;0.34483793
-0.024454545;0.032102767;0.33693281
-0.020501977;0.032102767;0.33693281
-0.02247826;0.032102767;0.34483793
-0.020501977;0.032102767;0.33693281
-0.018525692;0.032102767;0.34483793
-0.018525692;0.032102767;0.33693281
-0.018525692;0.032102767;0.33693281
-0.016549407;0.030126482;0.33693281
-0.016549407;0.032102767;0.33693281
-0.018525692;0.030126482;0.33693281
-0.016549407;0.030126482;0.34483793
-0.016549407;0.032102767;0.33693281
-0.014573122;0.032102767;0.33693281
-0.014573122;0.030126482;0.33693281
-0.014573122;0.030126482;0.33693281
-0.012596838;0.032102767;0.33693281
-0.012596838;0.030126482;0.33693281
-0.012596838;0.030126482;0.33693281
-0.014573122;0.030126482;0.34483793
-0.010620553;0.030126482;0.32902768
-0.010620553;0.028150197;0.34483793
-0.010620553;0.030126482;0.33693281
-0.010620553;0.030126482;0.33693281
-0.0086442688;0.030126482;0.33693281
-0.0086442688;0.030126482;0.34483793
-0.0086442688;0.028150197;0.34483793
-0.0086442688;0.028150197;0.34483793
-0.0086442688;0.030126482;0.33693281
-0.0066679842;0.028150197;0.33693281
-0.0066679842;0.030126482;0.33693281
-0.0046916995;0.028150197;0.34483793
-0.0046916995;0.028150197;0.33693281
-0.0046916995;0.028150197;0.33693281
-0.0046916995;0.030126482;0.33693281
-0.0027154151;0.028150197;0.34483793
-0.00073913042;0.028150197;0.34483793
-0.0027154151;0.028150197;0.33693281
-0.00073913042;0.026173914;0.33693281
-0.00073913042;0.028150197;0.34483793
-0.00073913042;0.030126482;0.33693281
0.0012371541;0.028150197;0.34483793
0.0012371541;0.028150197;0.33693281
0.0012371541;0.028150197;0.33693281
0.0051897233;0.028150197;0.34483793
0.0032134387;0.028150197;0.33693281
0.0051897233;0.026173914;0.33693281
0.0051897233;0.026173914;0.33693281
0.0051897233;0.028150197;0.33693281
0.007166008;0.028150197;0.34483793
0.007166008;0.026173914;0.34483793
0.0091422927;0.026173914;0.33693281
0.0091422927;0.026173914;0.33693281
0.0091422927;0.026173914;0.34483793
0.011118577;0.026173914;0.34483793
0.013094862;0.026173914;0.33693281
0.011118577;0.024197629;0.33693281
0.013094862;0.024197629;0.33693281
0.015071146;0.024197629;0.34483793
0.015071146;0.024197629;0.34483793
0.015071146;0.026173914;0.34483793
0.017047431;0.024197629;0.33693281
0.017047431;0.024197629;0.34483793
0.019023715;0.024197629;0.33693281
0.019023715;0.024197629;0.34483793
0.019023715;0.024197629;0.33693281
0.019023715;0.024197629;0.34483793
0.021;0.024197629;0.33693281
0.021;0.024197629;0.33693281
0.022976285;0.024197629;0.33693281
0.021;0.024197629;0.33693281
0.022976285;0.024197629;0.33693281
0.02495257;0.024197629;0.33693281
0.02495257;0.024197629;0.34483793
0.026928853;0.022221344;0.33693281
0.026928853;0.022221344;0.33693281
0.026928853;0.022221344;0.34483793
0.026928853;0.024197629;0.33693281
0.028905138;0.022221344;0.34483793
0.030881424;0.022221344;0.33693281
0.030881424;0.022221344;0.33693281
0.030881424;0.022221344;0.33693281
0.032857709;0.022221344;0.33693281
0.030881424;0.022221344;0.33693281
0.032857709;0.022221344;0.33693281
0.034833994;0.022221344;0.33693281
0.034833994;0.022221344;0.33693281
0.036810275;0.020245058;0.34483793
0.036810275;0.020245058;0.33693281
0.036810275;0.020245058;0.34483793
0.036810275;0.022221344;0.33693281
0.03878656;0.022221344;0.33693281
0.03878656;0.022221344;0.33693281
0.040762845;0.022221344;0.33693281
0.040762845;0.020245058;0.34483793
0.040762845;0.020245058;0.34483793
0.040762845;0.022221344;0.33693281
0.040762845;0.022221344;0.33693281
0.042739131;0.022221344;0.33693281
0.044715416;0.020245058;0.34483793
0.044715416;0.018268775;0.33693281
0.046691701;0.020245058;0.33693281
0.044715416;0.020245058;0.33693281
0.046691701;0.020245058;0.33693281
0.046691701;0.020245058;0.34483793
0.048667986;0.018268775;0.33693281
0.048667986;0.020245058;0.34483793
0.048667986;0.018268775;0.33693281
0.048667986;0.018268775;0.33693281
0.048667986;0.018268775;0.34483793
0.052620552;0.020245058;0.33693281
0.052620552;0.018268775;0.33693281
0.054596838;0.020245058;0.34483793
0.052620552;0.018268775;0.34483793
0.054596838;0.018268775;0.34483793
0.054596838;0.018268775;0.33693281
0.056573123;0.018268775;0.33693281
0.054596838;0.018268775;0.34483793
0.056573123;0.018268775;0.33693281
0.056573123;0.01629249;0.33693281
0.058549408;0.018268775;0.33693281
0.058549408;0.018268775;0.33693281
0.058549408;0.018268775;0.33693281
0.058549408;0.018268775;0.33693281
0.060525693;0.01629249;0.34483793
0.060525693;0.01629249;0.34483793
0.060525693;0.018268775;0.33693281
0.060525693;0.01629249;0.33693281
0.062501974;0.01629249;0.34483793
0.062501974;0.01629249;0.33693281
0.062501974;0.01629249;0.34483793
0.064478263;0.01629249;0.33693281
0.062501974;0.01629249;0.34483793
0.064478263;0.01629249;0.34483793
0.064478263;0.01629249;0.33693281
0.064478263;0.01629249;0.33693281
0.064478263;0.014316206;0.33693281
0.066454545;0.014316206;0.34483793
0.066454545;0.014316206;0.33693281
0.066454545;0.01629249;0.32902768
0.066454545;0.014316206;0.34483793
0.068430834;0.01629249;0.33693281
0.070407115;0.014316206;0.33693281
0.070407115;0.01629249;0.33693281
0.070407115;0.014316206;0.33693281
0.070407115;0.014316206;0.33693281
0.072383396;0.014316206;0.34483793
0.070407115;0.014316206;0.33693281
0.072383396;0.014316206;0.34483793
0.072383396;0.014316206;0.33693281
0.070407115;0.014316206;0.33693281
0.072383396;0.014316206;0.33693281
0.072383396;0.014316206;0.33693281
0.074359685;0.014316206;0.33693281
0.072383396;0.014316206;0.33693281
0.072383396;0.014316206;0.33693281
0.072383396;0.012339921;0.33693281
0.074359685;0.012339921;0.34483793
0.074359685;0.014316206;0.34483793
0.074359685;0.014316206;0.33693281
0.074359685;0.012339921;0.34483793
0.074359685;0.014316206;0.33693281
0.076335967;0.012339921;0.34483793
0.076335967;0.012339921;0.34483793
0.076335967;0.012339921;0.33693281
0.076335967;0.012339921;0.33693281
0.076335967;0.012339921;0.33693281
0.076335967;0.012339921;0.34483793
0.076335967;0.012339921;0.34483793
0.078312255;0.012339921;0.33693281
0.076335967;0.012339921;0.33693281
0.078312255;0.012339921;0.34483793
0.078312255;0.012339921;0.33693281
0.076335967;0.010363637;0.34483793
0.078312255;0.010363637;0.34483793
0.078312255;0.010363637;0.33693281
0.078312255;0.010363637;0.33693281
0.078312255;0.010363637;0.34483793
0.078312255;0.010363637;0.34483793
0.078312255;0.012339921;0.33693281
0.078312255;0.010363637;0.33693281
0.076335967;0.010363637;0.33693281
0.078312255;0.012339921;0.34483793
0.078312255;0.010363637;0.33693281
0.076335967;0.010363637;0.33693281
0.078312255;0.0083873514;0.33693281
0.078312255;0.010363637;0.34483793
0.078312255;0.010363637;0.33693281
0.076335967;0.010363637;0.34483793
0.078312255;0.010363637;0.34483793
0.076335967;0.010363637;0.33693281
0.078312255;0.010363637;0.33693281
0.078312255;0.010363637;0.34483793
0.078312255;0.0083873514;0.33693281
0.076335967;0.0083873514;0.33693281
0.076335967;0.0083873514;0.33693281
0.076335967;0.0083873514;0.33693281
0.076335967;0.010363637;0.34483793
0.076335967;0.0083873514;0.33693281
0.076335967;0.0083873514;0.33693281
0.076335967;0.0083873514;0.33693281
0.074359685;0.0083873514;0.33693281
0.076335967;0.0083873514;0.34483793
0.076335967;0.0083873514;0.34483793
0.076335967;0.0083873514;0.33693281
0.076335967;0.0083873514;0.34483793
0.074359685;0.0083873514;0.33693281
0.074359685;0.0064110672;0.34483793
0.072383396;0.0083873514;0.33693281
0.074359685;0.0064110672;0.33693281
0.074359685;0.0064110672;0.34483793
0.072383396;0.0064110672;0.34483793
0.072383396;0.0064110672;0.34483793
0.072383396;0.0064110672;0.33693281
0.072383396;0.0064110672;0.33693281
0.072383396;0.0064110672;0.34483793
0.070407115;0.0064110672;0.33693281
0.072383396;0.0064110672;0.34483793
0.072383396;0.0044347825;0.33693281
0.070407115;0.0064110672;0.34483793
0.072383396;0.0064110672;0.33693281
0.070407115;0.0064110672;0.33693281
0.070407115;0.0064110672;0.34483793
0.070407115;0.0064110672;0.33693281
0.068430834;0.0044347825;0.34483793
0.068430834;0.0044347825;0.33693281
0.066454545;0.0044347825;0.33693281
0.066454545;0.0064110672;0.33693281
0.066454545;0.0044347825;0.33693281
0.066454545;0.0044347825;0.33693281
0.064478263;0.0044347825;0.33693281
0.064478263;0.0044347825;0.33693281
0.064478263;0.0044347825;0.33693281
0.064478263;0.0044347825;0.33693281
0.064478263;0.0044347825;0.33693281
0.062501974;0.0044347825;0.33693281
0.062501974;0.0044347825;0.33693281
0.062501974;0.0044347825;0.33693281
0.060525693;0.0044347825;0.33693281
0.060525693;0.0024584981;0.33693281
0.058549408;0.0044347825;0.33693281
0.058549408;0.0044347825;0.34483793
0.058549408;0.0024584981;0.34483793
0.058549408;0.0044347825;0.33693281
0.058549408;0.0044347825;0.33693281
0.058549408;0.0024584981;0.34483793
0.058549408;0.0024584981;0.33693281
0.056573123;0.0044347825;0.33693281
0.056573123;0.0024584981;0.33693281
0.054596838;0.0024584981;0.34483793
0.054596838;0.0044347825;0.33693281
0.054596838;0.0024584981;0.33693281
0.052620552;0.0024584981;0.34483793
0.052620552;0.0024584981;0.33693281
0.052620552;0.0024584981;0.33693281
0.050644267;0.0024584981;0.33693281
0.050644267;0.0024584981;0.33693281
0.048667986;0.0024584981;0.33693281
0.048667986;0.0024584981;0.33693281
0.048667986;0.0024584981;0.34483793
0.048667986;0.00048221345;0.33693281
0.046691701;0.00048221345;0.33693281
0.046691701;0.0024584981;0.34483793
0.046691701;0.0024584981;0.32902768
0.044715416;0.00048221345;0.34483793
0.044715416;0.00048221345;0.33693281
0.044715416;0.0024584981;0.33693281
0.042739131;0.00048221345;0.34483793
0.042739131;0.00048221345;0.33693281
0.042739131;0.00048221345;0.34483793
0.042739131;0.00048221345;0.34483793
0.040762845;-0.0014940711;0.34483793
0.03878656;0.00048221345;0.33693281
0.03878656;-0.0014940711;0.33693281
0.03878656;0.00048221345;0.33693281
0.03878656;-0.0014940711;0.33693281
0.036810275;0.00048221345;0.33693281
0.034833994;0.00048221345;0.34483793
0.034833994;-0.0014940711;0.33693281
0.034833994;-0.0014940711;0.32902768
0.034833994;-0.0014940711;0.33693281
0.030881424;-0.0014940711;0.33693281
0.032857709;0.00048221345;0.33693281
0.030881424;-0.0014940711;0.33693281
0.030881424;-0.0014940711;0.33693281
0.030881424;-0.0014940711;0.34483793
0.030881424;-0.0014940711;0.33693281
0.026928853;-0.0014940711;0.33693281
0.028905138;-0.0014940711;0.33693281
0.028905138;-0.0014940711;0.33693281
0.026928853;-0.0014940711;0.33693281
0.026928853;-0.0014940711;0.33693281
0.02495257;-0.0034703556;0.33693281
0.02495257;-0.0034703556;0.34483793
0.022976285;-0.0014940711;0.34483793
0.022976285;-0.0034703556;0.33693281
0.021;-0.0034703556;0.33693281
0.021;-0.0014940711;0.33693281
0.021;-0.0034703556;0.34483793
0.019023715;-0.0034703556;0.33693281
0.019023715;-0.0034703556;0.33693281
0.017047431;-0.0014940711;0.33693281
0.017047431;-0.0034703556;0.33693281
0.017047431;-0.0034703556;0.34483793
0.015071146;-0.0034703556;0.34483793
0.017047431;-0.0034703556;0.34483793
0.013094862;-0.0034703556;0.33693281
0.015071146;-0.0054466403;0.33693281
0.013094862;-0.0034703556;0.33693281
0.013094862;-0.0034703556;0.34483793
0.013094862;-0.0054466403;0.33693281
0.011118577;-0.0034703556;0.34483793
0.011118577;-0.0054466403;0.34483793
0.0091422927;-0.0034703556;0.34483793
0.0091422927;-0.0034703556;0.33693281
0.007166008;-0.0034703556;0.33693281
0.007166008;-0.0054466403;0.33693281
0.007166008;-0.0054466403;0.33693281
0.0051897233;-0.0054466403;0.33693281
0.0051897233;-0.0054466403;0.33693281
0.0051897233;-0.0054466403;0.33693281
0.0032134387;-0.0034703556;0.33693281
0.0051897233;-0.0054466403;0.34483793
0.0032134387;-0.0054466403;0.33693281
0.0012371541;-0.0054466403;0.33693281
-0.00073913042;-0.0054466403;0.33693281
-0.00073913042;-0.0054466403;0.33693281
-0.00073913042;-0.0054466403;0.34483793
-0.0027154151;-0.0054466403;0.34483793
-0.0027154151;-0.007422925;0.33693281
-0.0027154151;-0.0054466403;0.33693281
-0.0027154151;-0.0054466403;0.33693281
-0.0046916995;-0.0054466403;0.34483793
-0.0046916995;-0.0054466403;0.33693281
-0.0066679842;-0.0054466403;0.32902768
-0.0066679842;-0.007422925;0.34483793
-0.0086442688;-0.0054466403;0.34483793
-0.0086442688;-0.007422925;0.34483793
-0.0086442688;-0.007422925;0.33693281
-0.0086442688;-0.007422925;0.33693281
-0.010620553;-0.007422925;0.33693281
-0.010620553;-0.007422925;0.33693281
-0.010620553;-0.007422925;0.33693281
-0.010620553;-0.007422925;0.34483793
-0.012596838;-0.007422925;0.33693281
-0.012596838;-0.007422925;0.33693281
-0.012596838;-0.007422925;0.33693281
-0.012596838;-0.007422925;0.33693281
-0.014573122;-0.007422925;0.33693281
-0.014573122;-0.007422925;0.33693281
-0.014573122;-0.007422925;0.33693281
-0.014573122;-0.007422925;0.33693281
-0.016549407;-0.0093992092;0.33693281
-0.018525692;-0.007422925;0.33693281
-0.018525692;-0.007422925;0.33693281
-0.018525692;-0.007422925;0.33693281
-0.018525692;-0.0093992092;0.33693281
-0.018525692;-0.007422925;0.33693281
-0.020501977;-0.007422925;0.33693281
-0.020501977;-0.007422925;0.34483793
-0.020501977;-0.007422925;0.34483793
-0.020501977;-0.0093992092;0.34483793
-0.020501977;-0.0093992092;0.34483793
-0.02247826;-0.0093992092;0.33693281
-0.024454545;-0.0093992092;0.33693281
-0.024454545;-0.007422925;0.33693281
-0.02247826;-0.0093992092;0.33693281
-0.02247826;-0.007422925;0.33693281
-0.024454545;-0.007422925;0.33693281
-0.024454545;-0.0093992092;0.33693281
-0.024454545;-0.0093992092;0.34483793
-0.024454545;-0.0093992092;0.34483793
-0.02643083;-0.0093992092;0.33693281
-0.024454545;-0.0093992092;0.33693281
-0.02643083;-0.0093992092;0.34483793
-0.02643083;-0.0093992092;0.34483793
-0.02643083;-0.0093992092;0.33693281
-0.02643083;-0.0093992092;0.34483793
-0.028407115;-0.0093992092;0.34483793
-0.030383399;-0.0093992092;0.33693281
-0.028407115;-0.011375494;0.33693281
-0.030383399;-0.011375494;0.33693281
-0.028407115;-0.011375494;0.34483793
-0.028407115;-0.011375494;0.33693281
-0.030383399;-0.011375494;0.33693281
-0.030383399;-0.0093992092;0.34483793
-0.02643083;-0.011375494;0.34483793
-0.032359682;-0.011375494;0.33693281
-0.030383399;-0.0093992092;0.33693281
-0.032359682;-0.011375494;0.33693281
-0.030383399;-0.011375494;0.34483793
-0.030383399;-0.011375494;0.34483793
-0.032359682;-0.011375494;0.34483793
-0.030383399;-0.011375494;0.33693281
-0.032359682;-0.011375494;0.34483793
-0.030383399;-0.011375494;0.32902768
-0.030383399;-0.011375494;0.34483793
-0.032359682;-0.011375494;0.34483793
-0.032359682;-0.011375494;0.33693281
-0.032359682;-0.011375494;0.33693281
-0.032359682;-0.011375494;0.33693281
-0.032359682;-0.011375494;0.33693281
-0.032359682;-0.011375494;0.33693281
-0.032359682;-0.011375494;0.33693281
-0.032359682;-0.011375494;0.33693281
-0.032359682;-0.011375494;0.34483793
-0.034335967;-0.013351778;0.33693281
-0.032359682;-0.011375494;0.33693281
-0.032359682;-0.011375494;0.34483793
-0.032359682;-0.013351778;0.34483793
-0.032359682;-0.011375494;0.34483793
-0.034335967;-0.013351778;0.33693281
-0.032359682;-0.013351778;0.33693281
-0.032359682;-0.013351778;0.33693281
-0.032359682;-0.013351778;0.33693281
-0.032359682;-0.013351778;0.34483793
-0.032359682;-0.013351778;0.33693281
-0.032359682;-0.013351778;0.34483793
-0.032359682;-0.013351778;0.34483793
-0.032359682;-0.013351778;0.33693281
-0.032359682;-0.013351778;0.34483793
-0.030383399;-0.013351778;0.34483793
-0.032359682;-0.013351778;0.34483793
-0.030383399;-0.013351778;0.34483793
-0.030383399;-0.013351778;0.34483793
-0.030383399;-0.013351778;0.33693281
-0.030383399;-0.013351778;0.33693281
-0.030383399;-0.015328064;0.33693281
-0.030383399;-0.013351778;0.33693281
-0.032359682;-0.013351778;0.33693281
-0.030383399;-0.013351778;0.33693281
-0.030383399;-0.015328064;0.33693281
-0.028407115;-0.013351778;0.33693281
-0.030383399;-0.015328064;0.34483793
-0.030383399;-0.015328064;0.33693281
-0.028407115;-0.013351778;0.33693281
-0.028407115;-0.013351778;0.33693281
-0.028407115;-0.017304348;0.33693281
-0.028407115;-0.013351778;0.33693281
-0.02643083;-0.015328064;0.34483793
-0.030383399;-0.015328064;0.33693281
-0.02643083;-0.015328064;0.33693281
-0.02643083;-0.015328064;0.33693281
-0.024454545;-0.015328064;0.33693281
-0.024454545;-0.015328064;0.33693281
-0.024454545;-0.015328064;0.33693281
-0.024454545;-0.015328064;0.34483793
-0.02247826;-0.015328064;0.34483793
-0.024454545;-0.015328064;0.34483793
-0.024454545;-0.017304348;0.34483793
-0.02247826;-0.015328064;0.33693281
-0.02247826;-0.015328064;0.34483793
-0.02247826;-0.015328064;0.34483793
-0.020501977;-0.015328064;0.33693281
-0.02247826;-0.015328064;0.33693281
-0.020501977;-0.015328064;0.33693281
-0.020501977;-0.015328064;0.33693281
-0.020501977;-0.015328064;0.34483793
-0.018525692;-0.015328064;0.34483793
-0.018525692;-0.017304348;0.33693281
-0.016549407;-0.017304348;0.33693281
-0.018525692;-0.015328064;0.34483793
-0.016549407;-0.019280633;0.34483793
-0.016549407;-0.017304348;0.33693281
-0.014573122;-0.015328064;0.33693281
-0.014573122;-0.017304348;0.33693281
-0.016549407;-0.017304348;0.34483793
-0.014573122;-0.017304348;0.34483793
-0.014573122;-0.015328064;0.33693281
-0.012596838;-0.015328064;0.33693281
-0.012596838;-0.017304348;0.33693281
-0.012596838;-0.017304348;0.33693281
-0.012596838;-0.017304348;0.33693281
-0.012596838;-0.017304348;0.33693281
-0.010620553;-0.019280633;0.33693281
-0.0086442688;-0.017304348;0.33693281
-0.010620553;-0.017304348;0.33693281
-0.0086442688;-0.017304348;0.33693281
-0.0086442688;-0.017304348;0.33693281
-0.0086442688;-0.017304348;0.34483793
-0.0046916995;-0.017304348;0.33693281
-0.0066679842;-0.017304348;0.34483793
-0.0046916995;-0.017304348;0.33693281
-0.0046916995;-0.017304348;0.34483793
-0.0027154151;-0.019280633;0.34483793
-0.0046916995;-0.017304348;0.33693281
-0.0027154151;-0.017304348;0.33693281
-0.0027154151;-0.017304348;0.33693281
-0.0027154151;-0.017304348;0.33693281
-0.00073913042;-0.019280633;0.34483793
-0.00073913042;-0.019280633;0.33693281
-0.00073913042;-0.019280633;0.32902768
0.0012371541;-0.017304348;0.34483793
0.0032134387;-0.017304348;0.34483793
0.0032134387;-0.019280633;0.34483793
0.0032134387;-0.019280633;0.33693281
0.0032134387;-0.019280633;0.33693281
0.0051897233;-0.019280633;0.33693281
0.0051897233;-0.017304348;0.34483793
0.007166008;-0.019280633;0.34483793
0.007166008;-0.019280633;0.34483793
0.007166008;-0.019280633;0.33693281
0.0091422927;-0.019280633;0.33693281
0.0091422927;-0.019280633;0.33693281
0.0091422927;-0.019280633;0.34483793
0.011118577;-0.019280633;0.33693281
0.013094862;-0.019280633;0.34483793
0.011118577;-0.019280633;0.34483793
0.015071146;-0.019280633;0.34483793
0.013094862;-0.019280633;0.33693281
0.015071146;-0.019280633;0.34483793
0.017047431;-0.021256916;0.33693281
0.017047431;-0.019280633;0.34483793
0.017047431;-0.019280633;0.34483793
0.017047431;-0.019280633;0.34483793
0.017047431;-0.021256916;0.33693281
0.019023715;-0.021256916;0.33693281
0.021;-0.019280633;0.33693281
0.021;-0.019280633;0.34483793
0.019023715;-0.019280633;0.33693281
0.022976285;-0.021256916;0.33693281
0.021;-0.021256916;0.33693281
0.02495257;-0.021256916;0.33693281
0.02495257;-0.019280633;0.34483793
0.02495257;-0.021256916;0.33693281
0.02495257;-0.021256916;0.33693281
0.028905138;-0.019280633;0.33693281
0.026928853;-0.021256916;0.33693281
0.028905138;-0.019280633;0.33693281
0.030881424;-0.021256916;0.33693281
0.030881424;-0.019280633;0.33693281
0.030881424;-0.021256916;0.33693281
0.032857709;-0.019280633;0.34483793
0.032857709;-0.021256916;0.33693281
0.032857709;-0.021256916;0.33693281
0.032857709;-0.021256916;0.33693281
0.032857709;-0.021256916;0.33693281
0.034833994;-0.021256916;0.34483793
0.034833994;-0.021256916;0.33693281
0.036810275;-0.021256916;0.34483793
0.036810275;-0.021256916;0.33693281
0.03878656;-0.021256916;0.33693281
0.03878656;-0.021256916;0.34483793
0.040762845;-0.021256916;0.34483793
0.040762845;-0.019280633;0.34483793
0.040762845;-0.021256916;0.34483793
0.040762845;-0.021256916;0.33693281
0.042739131;-0.021256916;0.33693281
0.042739131;-0.021256916;0.33693281
0.044715416;-0.021256916;0.33693281
0.044715416;-0.021256916;0.33693281
0.046691701;-0.021256916;0.34483793
0.044715416;-0.021256916;0.33693281
0.046691701;-0.023233201;0.33693281
0.046691701;-0.021256916;0.33693281
0.046691701;-0.021256916;0.34483793
0.048667986;-0.021256916;0.33693281
0.048667986;-0.021256916;0.33693281
0.048667986;-0.023233201;0.34483793
0.050644267;-0.021256916;0.33693281
0.050644267;-0.021256916;0.33693281
0.050644267;-0.021256916;0.33693281
0.050644267;-0.023233201;0.33693281
0.054596838;-0.021256916;0.33693281
0.052620552;-0.023233201;0.33693281
0.054596838;-0.023233201;0.34483793
0.054596838;-0.023233201;0.33693281
0.054596838;-0.023233201;0.33693281
0.054596838;-0.021256916;0.33693281
0.056573123;-0.023233201;0.33693281
0.056573123;-0.023233201;0.34483793
0.058549408;-0.021256916;0.33693281
0.056573123;-0.023233201;0.33693281
0.058549408;-0.023233201;0.34483793
0.060525693;-0.023233201;0.33693281
0.060525693;-0.023233201;0.33693281
0.060525693;-0.023233201;0.33693281
0.062501974;-0.023233201;0.33693281
0.062501974;-0.023233201;0.33693281
0.062501974;-0.023233201;0.33693281
0.062501974;-0.023233201;0.33693281
0.062501974;-0.023233201;0.34483793
0.062501974;-0.023233201;0.33693281
0.064478263;-0.023233201;0.33693281
0.064478263;-0.023233201;0.34483793
0.064478263;-0.023233201;0.33693281
0.064478263;-0.023233201;0.34483793
0.064478263;-0.023233201;0.33693281
0.066454545;-0.023233201;0.34483793
0.066454545;-0.023233201;0.34483793
0.066454545;-0.023233201;0.33693281
0.068430834;-0.023233201;0.33693281
0.068430834;-0.023233201;0.34483793
0.068430834;-0.023233201;0.34483793
0.068430834;-0.023233201;0.33693281
0.070407115;-0.025209486;0.33693281
0.070407115;-0.023233201;0.34483793
0.070407115;-0.023233201;0.33693281
0.070407115;-0.023233201;0.34483793
0.072383396;-0.023233201;0.34483793
0.072383396;-0.023233201;0.34483793
0.072383396;-0.023233201;0.33693281
0.072383396;-0.023233201;0.33693281
0.072383396;-0.023233201;0.34483793
0.076335967;-0.023233201;0.33693281
0.072383396;-0.023233201;0.33693281
0.074359685;-0.023233201;0.33693281
0.074359685;-0.023233201;0.33693281
0.074359685;-0.023233201;0.33693281
0.076335967;-0.025209486;0.33693281
0.074359685;-0.023233201;0.33693281
0.074359685;-0.025209486;0.34483793
0.076335967;-0.025209486;0.33693281
0.074359685;-0.025209486;0.33693281
0.076335967;-0.023233201;0.33693281
0.076335967;-0.025209486;0.33693281
0.076335967;-0.023233201;0.33693281
0.076335967;-0.023233201;0.33693281
0.076335967;-0.023233201;0.33693281
0.078312255;-0.023233201;0.34483793
0.078312255;-0.025209486;0.33693281
0.076335967;-0.023233201;0.33693281
0.076335967;-0.025209486;0.33693281
0.078312255;-0.023233201;0.33693281
0.076335967;-0.025209486;0.34483793
0.078312255;-0.025209486;0.33693281
0.078312255;-0.025209486;0.33693281
0.076335967;-0.025209486;0.33693281
0.078312255;-0.025209486;0.33693281
0.076335967;-0.025209486;0.33693281
0.078312255;-0.025209486;0.33693281
0.078312255;-0.025209486;0.33693281
0.078312255;-0.025209486;0.34483793
0.076335967;-0.025209486;0.33693281
0.076335967;-0.023233201;0.33693281
0.078312255;-0.025209486;0.33693281
0.078312255;-0.025209486;0.34483793
0.078312255;-0.025209486;0.33693281
0.078312255;-0.025209486;0.33693281
0.076335967;-0.023233201;0.34483793
0.078312255;-0.023233201;0.33693281
0.076335967;-0.025209486;0.33693281
0.076335967;-0.025209486;0.33693281
0.078312255;-0.025209486;0.33693281
0.076335967;-0.025209486;0.33693281
0.078312255;-0.025209486;0.33693281
0.076335967;-0.025209486;0.33693281
0.076335967;-0.025209486;0.33693281
0.076335967;-0.023233201;0.33693281
0.074359685;-0.025209486;0.34483793
0.076335967;-0.025209486;0.34483793
0.076335967;-0.025209486;0.34483793
0.074359685;-0.025209486;0.33693281
0.074359685;-0.023233201;0.33693281
0.076335967;-0.025209486;0.34483793
0.076335967;-0.023233201;0.34483793
0.074359685;-0.025209486;0.33693281
0.074359685;-0.025209486;0.34483793
0.074359685;-0.025209486;0.33693281
0.072383396;-0.025209486;0.33693281
0.072383396;-0.025209486;0.34483793
0.072383396;-0.023233201;0.33693281
0.074359685;-0.025209486;0.34483793
0.072383396;-0.025209486;0.34483793
0.072383396;-0.025209486;0.34483793
0.072383396;-0.025209486;0.33693281
0.070407115;-0.025209486;0.33693281
0.070407115;-0.025209486;0.33693281
0.070407115;-0.023233201;0.33693281
0.068430834;-0.025209486;0.33693281
0.070407115;-0.025209486;0.34483793
0.068430834;-0.025209486;0.34483793
0.068430834;-0.025209486;0.34483793
0.068430834;-0.027185772;0.34483793
0.068430834;-0.025209486;0.33693281
0.066454545;-0.025209486;0.33693281
0.066454545;-0.025209486;0.33693281
0.068430834;-0.027185772;0.33693281
0.066454545;-0.025209486;0.33693281
0.064478263;-0.025209486;0.34483793
0.066454545;-0.025209486;0.33693281
0.064478263;-0.025209486;0.34483793
0.064478263;-0.025209486;0.33693281
0.064478263;-0.025209486;0.33693281
0.064478263;-0.025209486;0.34483793
0.062501974;-0.025209486;0.33693281
0.062501974;-0.025209486;0.33693281
0.062501974;-0.025209486;0.34483793
0.060525693;-0.025209486;0.33693281
0.062501974;-0.025209486;0.34483793
0.060525693;-0.025209486;0.33693281
0.060525693;-0.025209486;0.33693281
0.058549408;-0.025209486;0.33693281
0.058549408;-0.025209486;0.33693281
0.056573123;-0.025209486;0.33693281
0.056573123;-0.025209486;0.33693281
0.056573123;-0.025209486;0.34483793
0.056573123;-0.025209486;0.33693281
0.056573123;-0.025209486;0.33693281
0.054596838;-0.025209486;0.33693281
0.054596838;-0.025209486;0.34483793
0.054596838;-0.025209486;0.33693281
0.052620552;-0.025209486;0.33693281
0.052620552;-0.027185772;0.33693281
0.052620552;-0.025209486;0.33693281
0.050644267;-0.025209486;0.35274309
0.050644267;-0.025209486;0.33693281
0.048667986;-0.025209486;0.33693281
0.048667986;-0.025209486;0.33693281
0.048667986;-0.025209486;0.33693281
0.048667986;-0.027185772;0.33693281
0.046691701;-0.025209486;0.33693281
0.046691701;-0.025209486;0.33693281
0.044715416;-0.025209486;0.33693281
0.044715416;-0.025209486;0.34483793
0.042739131;-0.025209486;0.34483793
0.044715416;-0.025209486;0.33693281
0.042739131;-0.027185772;0.33693281
0.042739131;-0.025209486;0.34483793
0.040762845;-0.025209486;0.34483793
0.040762845;-0.025209486;0.34483793
0.040762845;-0.025209486;0.33693281
0.03878656;-0.025209486;0.33693281
0.03878656;-0.025209486;0.33693281
0.036810275;-0.025209486;0.33693281
0.036810275;-0.023233201;0.34483793
0.036810275;-0.025209486;0.33693281
0.034833994;-0.025209486;0.34483793
0.034833994;-0.025209486;0.34483793
0.034833994;-0.025209486;0.34483793
0.032857709;-0.025209486;0.34483793
0.032857709;-0.025209486;0.34483793
0.030881424;-0.025209486;0.33693281
0.030881424;-0.027185772;0.34483793
0.030881424;-0.027185772;0.34483793
0.030881424;-0.027185772;0.34483793
0.026928853;-0.027185772;0.32902768
0.026928853;-0.027185772;0.33693281
0.028905138;-0.025209486;0.33693281
0.026928853;-0.027185772;0.34483793
0.026928853;-0.025209486;0.33693281
0.02495257;-0.025209486;0.33693281
0.02495257;-0.027185772;0.33693281
0.02495257;-0.025209486;0.33693281
0.022976285;-0.025209486;0.34483793
0.022976285;-0.025209486;0.33693281
0.021;-0.025209486;0.33693281
0.021;-0.027185772;0.33693281
0.021;-0.025209486;0.34483793
0.019023715;-0.025209486;0.33693281
0.019023715;-0.025209486;0.33693281
0.017047431;-0.025209486;0.33693281
0.017047431;-0.025209486;0.34483793
0.015071146;-0.025209486;0.34483793
0.017047431;-0.025209486;0.33693281
0.015071146;-0.025209486;0.33693281
0.015071146;-0.027185772;0.33693281
0.015071146;-0.025209486;0.33693281
0.013094862;-0.025209486;0.33693281
0.013094862;-0.025209486;0.34483793
0.011118577;-0.025209486;0.33693281
0.011118577;-0.025209486;0.34483793
0.0091422927;-0.025209486;0.33693281
0.0091422927;-0.025209486;0.33693281
0.0091422927;-0.027185772;0.33693281
0.007166008;-0.025209486;0.34483793
0.0091422927;-0.025209486;0.34483793
0.007166008;-0.025209486;0.33693281
0.0051897233;-0.025209486;0.33693281
0.0051897233;-0.025209486;0.33693281
0.0032134387;-0.025209486;0.34483793
0.0051897233;-0.025209486;0.34483793
0.0012371541;-0.025209486;0.33693281
0.0012371541;-0.025209486;0.34483793
0.0012371541;-0.025209486;0.33693281
-0.00073913042;-0.025209486;0.33693281
-0.00073913042;-0.025209486;0.33693281
-0.0027154151;-0.025209486;0.33693281
-0.0027154151;-0.023233201;0.33693281
-0.0027154151;-0.025209486;0.34483793
-0.0046916995;-0.027185772;0.33693281
-0.0046916995;-0.025209486;0.33693281
-0.0046916995;-0.025209486;0.33693281
-0.0046916995;-0.025209486;0.33693281
-0.0066679842;-0.025209486;0.33693281
-0.0086442688;-0.023233201;0.33693281
-0.0086442688;-0.025209486;0.34483793
-0.0066679842;-0.025209486;0.33693281
-0.0086442688;-0.025209486;0.33693281
-0.0086442688;-0.025209486;0.33693281
-0.010620553;-0.025209486;0.33693281
-0.012596838;-0.023233201;0.33693281
-0.012596838;-0.023233201;0.33693281
-0.010620553;-0.025209486;0.34483793
-0.012596838;-0.025209486;0.33693281
-0.012596838;-0.025209486;0.33693281
-0.012596838;-0.025209486;0.33693281
-0.014573122;-0.023233201;0.33693281
-0.014573122;-0.023233201;0.33693281
-0.014573122;-0.025209486;0.33693281
-0.016549407;-0.025209486;0.34483793
-0.016549407;-0.027185772;0.34483793
-0.016549407;-0.025209486;0.33693281
-0.016549407;-0.025209486;0.34483793
-0.016549407;-0.025209486;0.34483793
-0.016549407;-0.025209486;0.33693281
-0.018525692;-0.023233201;0.34483793
-0.020501977;-0.025209486;0.33693281
-0.020501977;-0.023233201;0.33693281
-0.020501977;-0.025209486;0.34483793
-0.020501977;-0.023233201;0.33693281
-0.02247826;-0.023233201;0.34483793
-0.02247826;-0.025209486;0.34483793
-0.02247826;-0.023233201;0.33693281
-0.02247826;-0.023233201;0.33693281
-0.02247826;-0.023233201;0.33693281
-0.024454545;-0.023233201;0.33693281
-0.024454545;-0.023233201;0.33693281
-0.024454545;-0.023233201;0.33693281
-0.024454545;-0.025209486;0.33693281
-0.024454545;-0.023233201;0.33693281
-0.02643083;-0.023233201;0.33693281
-0.02643083;-0.023233201;0.34483793
-0.02643083;-0.023233201;0.33693281
-0.02643083;-0.025209486;0.33693281
-0.028407115;-0.023233201;0.33693281
-0.02643083;-0.023233201;0.33693281
-0.02643083;-0.023233201;0.33693281
-0.028407115;-0.023233201;0.33693281
-0.028407115;-0.023233201;0.33693281
-0.028407115;-0.023233201;0.34483793
-0.028407115;-0.023233201;0.33693281
-0.028407115;-0.023233201;0.33693281
-0.030383399;-0.023233201;0.34483793
-0.028407115;-0.023233201;0.33693281
-0.030383399;-0.023233201;0.33693281
-0.032359682;-0.025209486;0.34483793
-0.032359682;-0.023233201;0.34483793
-0.032359682;-0.023233201;0.34483793
-0.030383399;-0.023233201;0.33693281
-0.030383399;-0.023233201;0.34483793
-0.030383399;-0.023233201;0.33693281
-0.032359682;-0.023233201;0.33693281
-0.032359682;-0.023233201;0.34483793
-0.032359682;-0.023233201;0.33693281
-0.032359682;-0.023233201;0.34483793
-0.032359682;-0.023233201;0.33693281
-0.032359682;-0.023233201;0.34483793
-0.032359682;-0.023233201;0.33693281
-0.032359682;-0.023233201;0.34483793
-0.032359682;-0.023233201;0.34483793
-0.034335967;-0.023233201;0.33693281
-0.032359682;-0.023233201;0.33693281
-0.032359682;-0.023233201;0.33693281
-0.032359682;-0.021256916;0.33693281
-0.032359682;-0.023233201;0.33693281
-0.032359682;-0.023233201;0.33693281
-0.032359682;-0.021256916;0.33693281
-0.032359682;-0.023233201;0.33693281
-0.032359682;-0.021256916;0.33693281
-0.032359682;-0.021256916;0.33693281
-0.032359682;-0.023233201;0.34483793
-0.032359682;-0.023233201;0.34483793
-0.032359682;-0.023233201;0.33693281
-0.032359682;-0.023233201;0.33693281
-0.032359682;-0.023233201;0.33693281
-0.032359682;-0.021256916;0.34483793
-0.032359682;-0.021256916;0.33693281
-0.032359682;-0.023233201;0.33693281
-0.032359682;-0.021256916;0.34483793
-0.030383399;-0.021256916;0.33693281
-0.030383399;-0.021256916;0.33693281
-0.030383399;-0.023233201;0.33693281
-0.030383399;-0.021256916;0.33693281
-0.032359682;-0.023233201;0.33693281
-0.032359682;-0.021256916;0.33693281
-0.030383399;-0.021256916;0.33693281
-0.032359682;-0.021256916;0.33693281
-0.030383399;-0.021256916;0.33693281
-0.030383399;-0.023233201;0.34483793
-0.030383399;-0.021256916;0.34483793
-0.030383399;-0.019280633;0.33693281
-0.030383399;-0.021256916;0.33693281
-0.028407115;-0.021256916;0.34483793
-0.028407115;-0.021256916;0.34483793
-0.028407115;-0.021256916;0.33693281
-0.028407115;-0.021256916;0.34483793
-0.02643083;-0.023233201;0.33693281
-0.02643083;-0.021256916;0.33693281
-0.028407115;-0.021256916;0.33693281
-0.024454545;-0.021256916;0.33693281
-0.024454545;-0.021256916;0.33693281
-0.02643083;-0.021256916;0.33693281
-0.02643083;-0.021256916;0.33693281
-0.024454545;-0.019280633;0.34483793
-0.02643083;-0.021256916;0.33693281
-0.024454545;-0.021256916;0.33693281
-0.024454545;-0.019280633;0.33693281
-0.024454545;-0.021256916;0.33693281
-0.024454545;-0.021256916;0.33693281
-0.02247826;-0.021256916;0.34483793
-0.02247826;-0.021256916;0.33693281
-0.02247826;-0.021256916;0.33693281
-0.020501977;-0.021256916;0.34483793
-0.020501977;-0.021256916;0.33693281
-0.020501977;-0.019280633;0.33693281
-0.020501977;-0.021256916;0.33693281
-0.018525692;-0.021256916;0.33693281
-0.018525692;-0.019280633;0.34483793
-0.018525692;-0.021256916;0.34483793
-0.018525692;-0.021256916;0.33693281
-0.018525692;-0.019280633;0.34483793
-0.014573122;-0.019280633;0.33693281
-0.014573122;-0.019280633;0.34483793
-0.014573122;-0.021256916;0.33693281
-0.014573122;-0.021256916;0.33693281
-0.014573122;-0.019280633;0.33693281
-0.014573122;-0.019280633;0.33693281
-0.012596838;-0.019280633;0.33693281
-0.012596838;-0.019280633;0.33693281
-0.010620553;-0.019280633;0.33693281
-0.012596838;-0.019280633;0.34483793
-0.010620553;-0.019280633;0.33693281
-0.010620553;-0.019280633;0.33693281
-0.0086442688;-0.019280633;0.33693281
-0.0086442688;-0.019280633;0.34483793
-0.0086442688;-0.019280633;0.33693281
-0.0066679842;-0.019280633;0.33693281
-0.0066679842;-0.019280633;0.34483793
-0.0066679842;-0.019280633;0.34483793
-0.0046916995;-0.017304348;0.33693281
-0.0046916995;-0.019280633;0.33693281
-0.0046916995;-0.017304348;0.33693281
-0.0046916995;-0.019280633;0.33693281
-0.0046916995;-0.019280633;0.33693281
-0.00073913042;-0.019280633;0.33693281
-0.0027154151;-0.019280633;0.33693281
-0.00073913042;-0.017304348;0.33693281
-0.0027154151;-0.019280633;0.33693281
-0.00073913042;-0.017304348;0.33693281
0.0012371541;-0.017304348;0.33693281
0.0012371541;-0.017304348;0.33693281
0.0032134387;-0.017304348;0.33693281
0.0032134387;-0.017304348;0.34483793
0.0032134387;-0.017304348;0.34483793
0.0032134387;-0.017304348;0.34483793
0.007166008;-0.019280633;0.33693281
0.007166008;-0.017304348;0.34483793
0.007166008;-0.019280633;0.33693281
0.007166008;-0.017304348;0.34483793
0.011118577;-0.019280633;0.34483793
0.011118577;-0.019280633;0.33693281
0.011118577;-0.017304348;0.33693281
0.011118577;-0.017304348;0.33693281
0.011118577;-0.017304348;0.33693281
0.013094862;-0.017304348;0.33693281
0.013094862;-0.017304348;0.33693281
0.013094862;-0.017304348;0.33693281
0.015071146;-0.017304348;0.33693281
0.015071146;-0.015328064;0.33693281
0.015071146;-0.017304348;0.33693281
0.017047431;-0.017304348;0.34483793
0.017047431;-0.015328064;0.33693281
0.019023715;-0.015328064;0.34483793
0.019023715;-0.017304348;0.34483793
0.021;-0.017304348;0.33693281
0.021;-0.015328064;0.33693281
0.022976285;-0.017304348;0.34483793
0.022976285;-0.017304348;0.33693281
0.022976285;-0.017304348;0.33693281
0.022976285;-0.017304348;0.34483793
0.022976285;-0.015328064;0.33693281
0.02495257;-0.015328064;0.34483793
0.026928853;-0.015328064;0.34483793
0.026928853;-0.015328064;0.33693281
0.028905138;-0.015328064;0.34483793
0.026928853;-0.017304348;0.33693281
0.028905138;-0.015328064;0.33693281
0.030881424;-0.015328064;0.33693281
0.030881424;-0.015328064;0.33693281
0.030881424;-0.013351778;0.33693281
0.030881424;-0.015328064;0.33693281
0.032857709;-0.015328064;0.34483793
0.032857709;-0.015328064;0.33693281
0.034833994;-0.013351778;0.33693281
0.034833994;-0.015328064;0.34483793
0.036810275;-0.013351778;0.33693281
0.036810275;-0.013351778;0.34483793
0.036810275;-0.015328064;0.34483793
0.036810275;-0.015328064;0.33693281
0.03878656;-0.015328064;0.33693281
0.03878656;-0.013351778;0.33693281
0.040762845;-0.015328064;0.33693281
0.040762845;-0.015328064;0.33693281
0.042739131;-0.013351778;0.33693281
0.042739131;-0.013351778;0.33693281
0.042739131;-0.013351778;0.33693281
0.042739131;-0.013351778;0.33693281
0.044715416;-0.013351778;0.33693281
0.044715416;-0.011375494;0.33693281
0.046691701;-0.013351778;0.34483793
0.046691701;-0.013351778;0.32902768
0.046691701;-0.013351778;0.34483793
0.046691701;-0.013351778;0.33693281
0.048667986;-0.013351778;0.34483793
0.048667986;-0.013351778;0.34483793
0.050644267;-0.013351778;0.33693281
0.052620552;-0.013351778;0.34483793
0.052620552;-0.013351778;0.33693281
0.050644267;-0.013351778;0.34483793
0.052620552;-0.013351778;0.33693281
0.054596838;-0.013351778;0.33693281
0.052620552;-0.011375494;0.33693281
0.054596838;-0.013351778;0.33693281
0.054596838;-0.011375494;0.33693281
0.054596838;-0.011375494;0.32902768
0.056573123;-0.011375494;0.33693281
0.056573123;-0.013351778;0.33693281
0.056573123;-0.011375494;0.33693281
0.058549408;-0.011375494;0.33693281
0.058549408;-0.013351778;0.34483793
0.060525693;-0.011375494;0.33693281
0.058549408;-0.011375494;0.33693281
0.060525693;-0.013351778;0.33693281
0.060525693;-0.011375494;0.34483793
0.062501974;-0.011375494;0.33693281
0.062501974;-0.011375494;0.33693281
0.062501974;-0.013351778;0.33693281
0.062501974;-0.011375494;0.34483793
0.064478263;-0.011375494;0.33693281
0.064478263;-0.011375494;0.33693281
0.064478263;-0.011375494;0.33693281
0.064478263;-0.011375494;0.33693281
0.066454545;-0.011375494;0.33693281
0.064478263;-0.011375494;0.33693281
0.066454545;-0.011375494;0.34483793
0.066454545;-0.011375494;0.33693281
0.068430834;-0.011375494;0.33693281
0.068430834;-0.011375494;0.33693281
0.068430834;-0.011375494;0.33693281
0.068430834;-0.0093992092;0.33693281
0.068430834;-0.011375494;0.33693281
0.068430834;-0.0093992092;0.33693281
0.070407115;-0.0093992092;0.34483793
0.070407115;-0.011375494;0.33693281
0.070407115;-0.0093992092;0.34483793
0.070407115;-0.0093992092;0.33693281
0.070407115;-0.0093992092;0.33693281
0.072383396;-0.0093992092;0.34483793
0.070407115;-0.0093992092;0.33693281
0.072383396;-0.0093992092;0.34483793
0.072383396;-0.0093992092;0.33693281
0.072383396;-0.0093992092;0.34483793
0.074359685;-0.0093992092;0.33693281
0.072383396;-0.0093992092;0.34483793
0.074359685;-0.0093992092;0.33693281
0.074359685;-0.0093992092;0.32902768
0.074359685;-0.0093992092;0.33693281
0.076335967;-0.0093992092;0.34483793
0.076335967;-0.0093992092;0.34483793
0.076335967;-0.007422925;0.33693281
0.076335967;-0.0093992092;0.34483793
0.076335967;-0.007422925;0.33693281
0.076335967;-0.0093992092;0.34483793
0.076335967;-0.0093992092;0.33693281
0.076335967;-0.007422925;0.33693281
0.078312255;-0.007422925;0.34483793
0.076335967;-0.0093992092;0.33693281
0.078312255;-0.007422925;0.34483793
0.078312255;-0.007422925;0.33693281
0.078312255;-0.007422925;0.33693281
0.078312255;-0.007422925;0.33693281
0.078312255;-0.007422925;0.34483793
0.078312255;-0.007422925;0.33693281
0.076335967;-0.007422925;0.33693281
0.078312255;-0.007422925;0.33693281
0.078312255;-0.007422925;0.33693281
0.078312255;-0.007422925;0.33693281
0.078312255;-0.0054466403;0.33693281
0.078312255;-0.007422925;0.34483793
0.078312255;-0.007422925;0.33693281
0.076335967;-0.007422925;0.34483793
0.076335967;-0.007422925;0.33693281
0.078312255;-0.0054466403;0.34483793
0.078312255;-0.0054466403;0.33693281
0.078312255;-0.0054466403;0.33693281
0.078312255;-0.007422925;0.33693281
0.078312255;-0.0054466403;0.33693281
0.078312255;-0.0054466403;0.33693281
0.076335967;-0.0054466403;0.33693281
0.076335967;-0.0054466403;0.33693281
0.078312255;-0.0054466403;0.33693281
0.076335967;-0.0054466403;0.34483793
0.076335967;-0.0054466403;0.33693281
0.078312255;-0.0054466403;0.34483793
0.076335967;-0.0054466403;0.33693281
0.076335967;-0.0054466403;0.34483793
0.076335967;-0.0054466403;0.33693281
0.076335967;-0.0054466403;0.33693281
0.076335967;-0.0054466403;0.33693281
0.074359685;-0.0054466403;0.33693281
0.076335967;-0.0054466403;0.33693281
0.074359685;-0.0054466403;0.33693281
0.074359685;-0.0054466403;0.34483793
0.074359685;-0.0054466403;0.33693281
0.074359685;-0.0054466403;0.33693281
0.074359685;-0.0054466403;0.34483793
0.074359685;-0.0054466403;0.33693281
0.074359685;-0.0054466403;0.33693281
0.074359685;-0.0054466403;0.33693281
0.072383396;-0.0034703556;0.34483793
0.070407115;-0.0034703556;0.33693281
0.070407115;-0.0034703556;0.33693281
0.072383396;-0.0034703556;0.33693281
0.070407115;-0.0034703556;0.33693281
0.072383396;-0.0034703556;0.33693281
0.070407115;-0.0034703556;0.34483793
0.068430834;-0.0034703556;0.33693281
0.070407115;-0.0034703556;0.34483793
0.068430834;-0.0034703556;0.34483793
0.068430834;-0.0034703556;0.34483793
0.068430834;-0.0034703556;0.34483793
0.068430834;-0.0034703556;0.33693281
0.066454545;-0.0034703556;0.33693281
0.068430834;-0.0034703556;0.33693281
0.066454545;-0.0034703556;0.34483793
0.066454545;-0.0034703556;0.34483793
0.066454545;-0.0014940711;0.33693281
0.066454545;-0.0034703556;0.33693281
0.064478263;-0.0034703556;0.33693281
0.064478263;-0.0014940711;0.33693281
0.064478263;-0.0014940711;0.33693281
0.064478263;-0.0034703556;0.33693281
0.062501974;-0.0014940711;0.33693281
0.060525693;-0.0014940711;0.33693281
0.062501974;-0.0014940711;0.33693281
0.060525693;-0.0014940711;0.33693281
0.060525693;-0.0014940711;0.33693281
0.060525693;0.00048221345;0.33693281
0.058549408;-0.0014940711;0.33693281
0.058549408;-0.0014940711;0.33693281
0.058549408;-0.0014940711;0.33693281
0.058549408;0.00048221345;0.33693281
0.056573123;-0.0014940711;0.34483793
0.056573123;-0.0014940711;0.34483793
0.056573123;-0.0014940711;0.33693281
0.054596838;-0.0014940711;0.33693281
0.054596838;0.00048221345;0.33693281
0.054596838;-0.0014940711;0.33693281
0.052620552;-0.0014940711;0.33693281
0.052620552;-0.0014940711;0.33693281
0.052620552;-0.0014940711;0.34483793
0.050644267;-0.0014940711;0.34483793
0.050644267;-0.0014940711;0.33693281
0.048667986;0.00048221345;0.34483793
0.050644267;0.00048221345;0.33693281
0.048667986;0.00048221345;0.33693281
0.048667986;0.00048221345;0.33693281
0.046691701;0.00048221345;0.33693281
0.044715416;0.00048221345;0.33693281
0.046691701;0.00048221345;0.32902768
0.046691701;0.00048221345;0.34483793
0.044715416;0.00048221345;0.33693281
0.042739131;0.00048221345;0.33693281
0.042739131;0.00048221345;0.33693281
0.042739131;0.00048221345;0.33693281
0.040762845;0.0024584981;0.33693281
0.040762845;0.00048221345;0.33693281
0.040762845;0.0024584981;0.33693281
0.03878656;0.00048221345;0.33693281
0.03878656;0.00048221345;0.34483793
0.03878656;0.00048221345;0.33693281
0.036810275;0.0024584981;0.33693281
0.036810275;0.0024584981;0.34483793
0.034833994;0.00048221345;0.34483793
0.032857709;0.0024584981;0.33693281
0.032857709;0.0024584981;0.32902768
0.032857709;0.00048221345;0.33693281
0.032857709;0.0024584981;0.33693281
0.032857709;0.00048221345;0.33693281
0.030881424;0.0024584981;0.33693281
0.030881424;0.0024584981;0.33693281
0.028905138;0.0024584981;0.34483793
0.028905138;0.0024584981;0.33693281
0.028905138;0.0024584981;0.34483793
0.026928853;0.0024584981;0.34483793
0.02495257;0.0024584981;0.33693281
0.026928853;0.0044347825;0.33693281
0.02495257;0.0044347825;0.33693281
0.022976285;0.0024584981;0.32902768
0.022976285;0.0044347825;0.34483793
0.022976285;0.0044347825;0.33693281
0.022976285;0.0044347825;0.33693281
0.021;0.0024584981;0.34483793
0.021;0.0024584981;0.33693281
0.021;0.0044347825;0.33693281
0.019023715;0.0024584981;0.33693281
0.019023715;0.0044347825;0.33693281
0.017047431;0.0044347825;0.33693281
0.017047431;0.0044347825;0.33693281
0.017047431;0.0044347825;0.33693281
0.015071146;0.0044347825;0.33693281
0.015071146;0.0044347825;0.33693281
0.015071146;0.0044347825;0.33693281
0.013094862;0.0064110672;0.33693281
0.013094862;0.0044347825;0.33693281
0.013094862;0.0044347825;0.32902768
0.011118577;0.0044347825;0.34483793
0.011118577;0.0064110672;0.34483793
0.0091422927;0.0064110672;0.34483793
0.0091422927;0.0044347825;0.33693281
0.007166008;0.0064110672;0.33693281
0.0091422927;0.0083873514;0.34483793
0.0051897233;0.0064110672;0.33693281
0.0051897233;0.0064110672;0.33693281
0.0051897233;0.0064110672;0.33693281
0.0032134387;0.0064110672;0.33693281
0.0051897233;0.0064110672;0.33693281
0.0012371541;0.0064110672;0.33693281
0.0032134387;0.0064110672;0.32902768
0.0012371541;0.0064110672;0.34483793
0.0012371541;0.0064110672;0.34483793
-0.00073913042;0.0064110672;0.34483793
-0.00073913042;0.0064110672;0.34483793
-0.00073913042;0.0064110672;0.33693281
-0.0027154151;0.0064110672;0.33693281
-0.0027154151;0.0083873514;0.34483793
-0.0046916995;0.0064110672;0.34483793
-0.0046916995;0.0083873514;0.33693281
-0.0046916995;0.0083873514;0.33693281
-0.0066679842;0.0083873514;0.33693281
-0.0066679842;0.0083873514;0.33693281
-0.0066679842;0.0083873514;0.33693281
-0.0066679842;0.0083873514;0.34483793
-0.0086442688;0.0083873514;0.34483793
-0.0086442688;0.0083873514;0.33693281
-0.010620553;0.010363637;0.33693281
-0.010620553;0.0083873514;0.33693281
-0.012596838;0.010363637;0.33693281
-0.010620553;0.010363637;0.34483793
-0.010620553;0.0083873514;0.34483793
-0.012596838;0.010363637;0.34483793
-0.012596838;0.010363637;0.33693281
-0.012596838;0.010363637;0.33693281
-0.014573122;0.010363637;0.33693281
-0.016549407;0.0083873514;0.33693281
-0.016549407;0.010363637;0.33693281
-0.014573122;0.010363637;0.33693281
-0.016549407;0.010363637;0.33693281
-0.016549407;0.010363637;0.34483793
-0.016549407;0.010363637;0.33693281
-0.018525692;0.010363637;0.33693281
-0.018525692;0.0083873514;0.33693281
-0.018525692;0.010363637;0.34483793
-0.020501977;0.010363637;0.33693281
-0.020501977;0.010363637;0.33693281
-0.018525692;0.010363637;0.33693281
-0.020501977;0.010363637;0.33693281
-0.02247826;0.010363637;0.33693281
-0.02247826;0.010363637;0.34483793
-0.020501977;0.012339921;0.33693281
-0.02247826;0.012339921;0.33693281
-0.02247826;0.012339921;0.33693281
-0.024454545;0.012339921;0.33693281
-0.02643083;0.012339921;0.34483793
-0.02643083;0.012339921;0.33693281
-0.024454545;0.012339921;0.33693281
-0.02643083;0.010363637;0.33693281
-0.024454545;0.012339921;0.33693281
-0.02643083;0.012339921;0.33693281
-0.02643083;0.012339921;0.34483793
-0.02643083;0.014316206;0.34483793
-0.028407115;0.012339921;0.34483793
-0.02643083;0.012339921;0.33693281
-0.028407115;0.012339921;0.33693281
-0.028407115;0.014316206;0.33693281
-0.028407115;0.014316206;0.34483793
-0.028407115;0.012339921;0.33693281
-0.028407115;0.014316206;0.33693281
-0.028407115;0.012339921;0.34483793
-0.028407115;0.014316206;0.33693281
-0.030383399;0.014316206;0.33693281
-0.030383399;0.014316206;0.34483793
-0.030383399;0.014316206;0.33693281
-0.032359682;0.012339921;0.34483793
-0.032359682;0.012339921;0.33693281
-0.030383399;0.014316206;0.33693281
-0.032359682;0.014316206;0.33693281
-0.032359682;0.01629249;0.33693281
-0.032359682;0.014316206;0.33693281
-0.032359682;0.014316206;0.33693281
-0.032359682;0.01629249;0.33693281
-0.032359682;0.01629249;0.33693281
-0.032359682;0.01629249;0.33693281
-0.032359682;0.014316206;0.33693281
-0.032359682;0.01629249;0.33693281
-0.032359682;0.014316206;0.34483793
-0.034335967;0.01629249;0.32902768
-0.034335967;0.01629249;0.34483793
-0.034335967;0.01629249;0.33693281
-0.034335967;0.01629249;0.33693281
-0.034335967;0.01629249;0.33693281
-0.034335967;0.018268775;0.33693281
-0.032359682;0.01629249;0.34483793
-0.034335967;0.018268775;0.34483793
-0.032359682;0.01629249;0.33693281
-0.034335967;0.01629249;0.33693281
-0.030383399;0.018268775;0.33693281
-0.032359682;0.018268775;0.33693281
-0.032359682;0.018268775;0.33693281
-0.032359682;0.018268775;0.34483793
-0.032359682;0.01629249;0.34483793
-0.032359682;0.018268775;0.34483793
-0.030383399;0.018268775;0.33693281
-0.032359682;0.018268775;0.33693281
-0.030383399;0.018268775;0.33693281
-0.032359682;0.018268775;0.33693281
-0.030383399;0.018268775;0.34483793
-0.030383399;0.018268775;0.33693281
-0.030383399;0.018268775;0.33693281
-0.030383399;0.020245058;0.33693281
-0.030383399;0.020245058;0.33693281
-0.030383399;0.018268775;0.33693281
-0.032359682;0.020245058;0.33693281
-0.030383399;0.020245058;0.33693281
-0.030383399;0.020245058;0.33693281
-0.028407115;0.020245058;0.33693281
-0.030383399;0.020245058;0.34483793
-0.030383399;0.018268775;0.33693281
-0.028407115;0.020245058;0.33693281
-0.028407115;0.020245058;0.33693281
-0.028407115;0.020245058;0.33693281
-0.028407115;0.020245058;0.33693281
-0.028407115;0.020245058;0.33693281
-0.02643083;0.020245058;0.33693281
-0.02643083;0.022221344;0.33693281
-0.02643083;0.020245058;0.33693281
-0.02643083;0.020245058;0.34483793
-0.02643083;0.020245058;0.33693281
-0.02643083;0.020245058;0.33693281
-0.024454545;0.022221344;0.34483793
-0.024454545;0.022221344;0.33693281
-0.024454545;0.022221344;0.33693281
-0.024454545;0.022221344;0.33693281
-0.02247826;0.020245058;0.33693281
-0.02247826;0.022221344;0.34483793
-0.02247826;0.022221344;0.33693281
-0.02247826;0.022221344;0.33693281
-0.020501977;0.022221344;0.34483793
-0.020501977;0.022221344;0.34483793
-0.020501977;0.022221344;0.34483793
-0.020501977;0.022221344;0.33693281
-0.018525692;0.022221344;0.33693281
-0.020501977;0.022221344;0.34483793
-0.018525692;0.022221344;0.33693281
-0.018525692;0.024197629;0.33693281
-0.016549407;0.022221344;0.34483793
-0.016549407;0.022221344;0.33693281
-0.016549407;0.022221344;0.34483793
-0.014573122;0.024197629;0.34483793
-0.014573122;0.024197629;0.33693281
-0.012596838;0.022221344;0.33693281
-0.014573122;0.024197629;0.33693281
-0.012596838;0.024197629;0.34483793
-0.012596838;0.024197629;0.33693281
-0.012596838;0.026173914;0.33693281
-0.012596838;0.024197629;0.32902768
-0.010620553;0.024197629;0.32902768
-0.0086442688;0.024197629;0.33693281
-0.010620553;0.026173914;0.34483793
-0.010620553;0.026173914;0.34483793
-0.0086442688;0.024197629;0.33693281
-0.0086442688;0.024197629;0.33693281
-0.0086442688;0.026173914;0.33693281
-0.0086442688;0.024197629;0.34483793
-0.0066679842;0.026173914;0.33693281
-0.0066679842;0.026173914;0.33693281
-0.0046916995;0.026173914;0.33693281
-0.0027154151;0.024197629;0.33693281
-0.0027154151;0.026173914;0.33693281
-0.0046916995;0.026173914;0.34483793
-0.0027154151;0.026173914;0.33693281
-0.00073913042;0.026173914;0.33693281
-0.00073913042;0.026173914;0.33693281
0.0012371541;0.026173914;0.33693281
0.0012371541;0.026173914;0.33693281
0.0012371541;0.028150197;0.33693281
0.0032134387;0.028150197;0.33693281
0.0032134387;0.028150197;0.33693281
0.0032134387;0.028150197;0.33693281
0.0051897233;0.026173914;0.34483793
0.0051897233;0.026173914;0.33693281
0.0051897233;0.028150197;0.33693281
0.007166008;0.028150197;0.33693281
0.007166008;0.028150197;0.33693281
0.0091422927;0.026173914;0.33693281
0.0091422927;0.028150197;0.33693281
0.0091422927;0.028150197;0.33693281
0.011118577;0.030126482;0.33693281
0.011118577;0.028150197;0.33693281
0.013094862;0.028150197;0.33693281
0.013094862;0.028150197;0.34483793
0.015071146;0.028150197;0.34483793
0.015071146;0.028150197;0.33693281
0.013094862;0.030126482;0.33693281
0.017047431;0.028150197;0.33693281
0.017047431;0.028150197;0.34483793
0.017047431;0.028150197;0.34483793
0.017047431;0.028150197;0.34483793
0.017047431;0.030126482;0.33693281
0.019023715;0.028150197;0.33693281
0.019023715;0.030126482;0.33693281
0.021;0.030126482;0.33693281
0.021;0.030126482;0.33693281
0.022976285;0.030126482;0.34483793
0.022976285;0.032102767;0.33693281
0.022976285;0.030126482;0.33693281
0.022976285;0.030126482;0.33693281
0.02495257;0.030126482;0.33693281
0.02495257;0.030126482;0.34483793
0.026928853;0.032102767;0.34483793
0.028905138;0.030126482;0.33693281
0.028905138;0.032102767;0.33693281
0.028905138;0.032102767;0.34483793
0.030881424;0.032102767;0.33693281
0.030881424;0.030126482;0.33693281
0.030881424;0.030126482;0.33693281
0.030881424;0.032102767;0.33693281
0.032857709;0.032102767;0.33693281
0.032857709;0.032102767;0.33693281
0.032857709;0.032102767;0.33693281
0.034833994;0.032102767;0.34483793
0.034833994;0.032102767;0.33693281
0.034833994;0.032102767;0.34483793
0.03878656;0.032102767;0.33693281
0.03878656;0.034079053;0.33693281
0.03878656;0.034079053;0.33693281
0.040762845;0.032102767;0.33693281
0.040762845;0.032102767;0.32902768
0.042739131;0.034079053;0.33693281
0.040762845;0.034079053;0.33693281
0.042739131;0.034079053;0.34483793
0.044715416;0.034079053;0.33693281
0.044715416;0.034079053;0.34483793
0.044715416;0.034079053;0.33693281
0.044715416;0.034079053;0.33693281
0.046691701;0.034079053;0.33693281
0.046691701;0.034079053;0.33693281
0.046691701;0.034079053;0.34483793
0.046691701;0.034079053;0.33693281
0.048667986;0.034079053;0.34483793
0.048667986;0.034079053;0.33693281
0.048667986;0.034079053;0.33693281
0.050644267;0.036055338;0.33693281
0.048667986;0.034079053;0.33693281
0.052620552;0.036055338;0.33693281
0.052620552;0.036055338;0.34483793
0.054596838;0.034079053;0.34483793
0.054596838;0.034079053;0.33693281
0.054596838;0.036055338;0.33693281
0.054596838;0.036055338;0.33693281
0.054596838;0.036055338;0.33693281
0.056573123;0.036055338;0.33693281
0.056573123;0.036055338;0.34483793
0.058549408;0.036055338;0.34483793
0.056573123;0.038031619;0.34483793
0.058549408;0.036055338;0.33693281
0.058549408;0.036055338;0.33693281
0.058549408;0.036055338;0.34483793
0.060525693;0.036055338;0.33693281
0.058549408;0.036055338;0.33693281
0.060525693;0.036055338;0.33693281
0.062501974;0.036055338;0.33693281
0.062501974;0.038031619;0.34483793
0.062501974;0.038031619;0.34483793
0.064478263;0.036055338;0.33693281
0.064478263;0.038031619;0.33693281
0.064478263;0.038031619;0.34483793
0.064478263;0.038031619;0.33693281
0.066454545;0.038031619;0.33693281
0.064478263;0.038031619;0.33693281
0.066454545;0.038031619;0.34483793
0.068430834;0.038031619;0.34483793
0.068430834;0.038031619;0.33693281
0.068430834;0.038031619;0.34483793
0.068430834;0.038031619;0.33693281
0.070407115;0.038031619;0.34483793
0.068430834;0.038031619;0.33693281
0.070407115;0.038031619;0.33693281
0.070407115;0.040007904;0.33693281
0.070407115;0.040007904;0.33693281
0.070407115;0.038031619;0.34483793
0.072383396;0.040007904;0.33693281
0.072383396;0.040007904;0.33693281
0.072383396;0.040007904;0.33693281
0.070407115;0.040007904;0.34483793
0.074359685;0.040007904;0.34483793
0.074359685;0.040007904;0.34483793
0.074359685;0.040007904;0.33693281
0.074359685;0.040007904;0.34483793
0.074359685;0.040007904;0.34483793
0.072383396;0.040007904;0.34483793
0.076335967;0.040007904;0.34483793
0.074359685;0.040007904;0.34483793
0.072383396;0.041984189;0.34483793
0.076335967;0.040007904;0.33693281
0.076335967;0.040007904;0.33693281
0.076335967;0.041984189;0.33693281
0.076335967;0.041984189;0.33693281
0.076335967;0.041984189;0.33693281
0.076335967;0.040007904;0.33693281
0.076335967;0.041984189;0.34483793
0.078312255;0.040007904;0.33693281
0.078312255;0.041984189;0.34483793
0.078312255;0.040007904;0.33693281
0.078312255;0.041984189;0.34483793
0.078312255;0.041984189;0.33693281
0.078312255;0.041984189;0.33693281
0.076335967;0.043960474;0.33693281
0.078312255;0.041984189;0.34483793
0.076335967;0.041984189;0.33693281
0.078312255;0.041984189;0.33693281
0.078312255;0.041984189;0.33693281
0.078312255;0.041984189;0.33693281
0.078312255;0.041984189;0.34483793
0.078312255;0.041984189;0.34483793
0.078312255;0.041984189;0.34483793
0.078312255;0.043960474;0.34483793
0.078312255;0.041984189;0.33693281
0.076335967;0.041984189;0.33693281
0.078312255;0.043960474;0.33693281
0.076335967;0.041984189;0.33693281
0.076335967;0.043960474;0.34483793
0.078312255;0.043960474;0.33693281
0.078312255;0.043960474;0.33693281
0.078312255;0.041984189;0.33693281
0.076335967;0.043960474;0.33693281
0.078312255;0.04593676;0.34483793
0.078312255;0.043960474;0.33693281
0.078312255;0.041984189;0.33693281
0.076335967;0.043960474;0.33693281
0.076335967;0.043960474;0.34483793
0.076335967;0.043960474;0.33693281
0.076335967;0.04593676;0.34483793
0.076335967;0.043960474;0.33693281
0.076335967;0.043960474;0.33693281
0.076335967;0.043960474;0.33693281
0.076335967;0.043960474;0.34483793
0.076335967;0.043960474;0.34483793
0.076335967;0.04593676;0.34483793
0.074359685;0.043960474;0.33693281
0.074359685;0.043960474;0.33693281
0.072383396;0.04593676;0.33693281
0.072383396;0.04593676;0.33693281
0.074359685;0.04593676;0.34483793
0.072383396;0.04593676;0.33693281
0.072383396;0.04593676;0.33693281
0.072383396;0.043960474;0.33693281
0.072383396;0.04593676;0.34483793
0.072383396;0.04593676;0.33693281
0.070407115;0.047913045;0.33693281
0.070407115;0.04593676;0.34483793
0.068430834;0.047913045;0.33693281
0.070407115;0.047913045;0.33693281
0.070407115;0.04593676;0.33693281
0.068430834;0.047913045;0.34483793
0.068430834;0.047913045;0.33693281
0.070407115;0.04593676;0.34483793
0.066454545;0.047913045;0.33693281
0.066454545;0.047913045;0.34483793
0.066454545;0.047913045;0.34483793
0.066454545;0.047913045;0.33693281
0.066454545;0.047913045;0.34483793
0.066454545;0.047913045;0.33693281
0.064478263;0.047913045;0.33693281
0.064478263;0.04988933;0.34483793
0.064478263;0.047913045;0.33693281
0.062501974;0.04988933;0.33693281
0.062501974;0.047913045;0.33693281
0.062501974;0.04988933;0.34483793
0.060525693;0.047913045;0.34483793
0.060525693;0.047913045;0.33693281
0.060525693;0.04988933;0.33693281
0.060525693;0.047913045;0.33693281
0.058549408;0.047913045;0.34483793
0.060525693;0.047913045;0.33693281
0.058549408;0.047913045;0.33693281
0.056573123;0.047913045;0.33693281
0.056573123;0.047913045;0.33693281
0.056573123;0.047913045;0.34483793
0.054596838;0.04988933;0.33693281
0.054596838;0.04988933;0.33693281
0.054596838;0.04988933;0.33693281
0.054596838;0.04988933;0.33693281
0.054596838;0.04988933;0.34483793
0.052620552;0.04988933;0.33693281
0.052620552;0.04988933;0.34483793
0.048667986;0.04988933;0.33693281
0.052620552;0.04988933;0.34483793
0.048667986;0.04988933;0.33693281
0.048667986;0.051865611;0.34483793
0.048667986;0.04988933;0.33693281
0.048667986;0.051865611;0.33693281
0.046691701;0.04988933;0.33693281
0.046691701;0.04988933;0.34483793
0.046691701;0.04988933;0.33693281
0.046691701;0.04988933;0.33693281
0.044715416;0.051865611;0.33693281
0.042739131;0.04988933;0.33693281
0.042739131;0.04988933;0.33693281
0.040762845;0.051865611;0.33693281
0.040762845;0.051865611;0.34483793
0.040762845;0.051865611;0.33693281
0.03878656;0.04988933;0.33693281
0.03878656;0.051865611;0.34483793
0.03878656;0.051865611;0.33693281
0.036810275;0.051865611;0.33693281
0.036810275;0.051865611;0.33693281
0.036810275;0.051865611;0.33693281
0.034833994;0.051865611;0.33693281
0.036810275;0.051865611;0.33693281
0.034833994;0.053841896;0.33693281
0.032857709;0.053841896;0.33693281
0.030881424;0.053841896;0.34483793
0.032857709;0.053841896;0.33693281
0.030881424;0.051865611;0.34483793
0.030881424;0.053841896;0.33693281
0.030881424;0.053841896;0.34483793
0.028905138;0.053841896;0.33693281
0.028905138;0.051865611;0.33693281
0.026928853;0.051865611;0.33693281
0.026928853;0.053841896;0.33693281
0.026928853;0.053841896;0.33693281
0.02495257;0.053841896;0.33693281
0.022976285;0.051865611;0.33693281
0.022976285;0.051865611;0.33693281
0.022976285;0.053841896;0.33693281
0.021;0.053841896;0.33693281
0.021;0.053841896;0.34483793
0.019023715;0.053841896;0.33693281
0.019023715;0.053841896;0.33693281
0.019023715;0.051865611;0.34483793
0.017047431;0.053841896;0.34483793
0.019023715;0.053841896;0.33693281
0.017047431;0.053841896;0.34483793
0.015071146;0.053841896;0.33693281
0.015071146;0.053841896;0.33693281
0.013094862;0.053841896;0.33693281
0.015071146;0.053841896;0.33693281
0.013094862;0.053841896;0.33693281
0.013094862;0.055818181;0.33693281
0.011118577;0.053841896;0.33693281
0.011118577;0.053841896;0.33693281
0.0091422927;0.053841896;0.33693281
0.0091422927;0.053841896;0.33693281
0.0091422927;0.053841896;0.33693281
0.007166008;0.055818181;0.33693281
0.007166008;0.055818181;0.33693281
0.0051897233;0.055818181;0.33693281
0.0051897233;0.055818181;0.33693281
0.0032134387;0.055818181;0.33693281
0.0051897233;0.055818181;0.33693281
0.0032134387;0.055818181;0.33693281
0.0012371541;0.055818181;0.33693281
-0.00073913042;0.055818181;0.34483793
0.0012371541;0.055818181;0.33693281
-0.00073913042;0.055818181;0.33693281
-0.00073913042;0.055818181;0.33693281
-0.00073913042;0.055818181;0.34483793
-0.0027154151;0.055818181;0.34483793
-0.0027154151;0.055818181;0.33693281
-0.0046916995;0.055818181;0.33693281
-0.0046916995;0.055818181;0.33693281
-0.0066679842;0.055818181;0.33693281
-0.0066679842;0.055818181;0.33693281
-0.0066679842;0.057794467;0.33693281
-0.0086442688;0.057794467;0.33693281
-0.0086442688;0.057794467;0.33693281
-0.0066679842;0.057794467;0.33693281
-0.0086442688;0.057794467;0.33693281
-0.0086442688;0.057794467;0.33693281
-0.010620553;0.057794467;0.33693281
-0.010620553;0.055818181;0.33693281
-0.010620553;0.057794467;0.33693281
-0.012596838;0.057794467;0.34483793
-0.012596838;0.057794467;0.33693281
-0.012596838;0.057794467;0.33693281
-0.012596838;0.057794467;0.33693281
-0.012596838;0.057794467;0.33693281
-0.014573122;0.057794467;0.34483793
-0.014573122;0.057794467;0.33693281
-0.016549407;0.057794467;0.33693281
-0.016549407;0.057794467;0.33693281
-0.016549407;0.057794467;0.33693281
-0.016549407;0.059770752;0.34483793
-0.018525692;0.057794467;0.33693281
-0.018525692;0.059770752;0.33693281
-0.018525692;0.057794467;0.33693281
-0.018525692;0.059770752;0.34483793
-0.020501977;0.059770752;0.34483793
-0.020501977;0.057794467;0.33693281
-0.02247826;0.059770752;0.33693281
-0.020501977;0.059770752;0.33693281
-0.02247826;0.059770752;0.33693281
-0.02247826;0.059770752;0.33693281
-0.02247826;0.059770752;0.33693281
-0.02247826;0.059770752;0.33693281
-0.02247826;0.059770752;0.33693281
-0.024454545;0.059770752;0.33693281
-0.024454545;0.059770752;0.33693281
-0.024454545;0.059770752;0.33693281
-0.024454545;0.059770752;0.33693281
-0.02643083;0.061747037;0.33693281
-0.02643083;0.059770752;0.34483793
-0.02643083;0.059770752;0.33693281
-0.028407115;0.059770752;0.33693281
-0.028407115;0.059770752;0.33693281
-0.02643083;0.059770752;0.33693281
-0.028407115;0.059770752;0.33693281
-0.02643083;0.059770752;0.33693281
-0.028407115;0.059770752;0.33693281
-0.028407115;0.061747037;0.34483793
-0.028407115;0.059770752;0.33693281
-0.028407115;0.059770752;0.34483793
-0.028407115;0.059770752;0.34483793
-0.030383399;0.059770752;0.33693281
-0.030383399;0.059770752;0.33693281
-0.030383399;0.061747037;0.33693281
-0.030383399;0.061747037;0.33693281
-0.032359682;0.061747037;0.33693281
-0.032359682;0.059770752;0.34483793
-0.030383399;0.061747037;0.33693281
-0.032359682;0.059770752;0.34483793
-0.032359682;0.061747037;0.33693281
-0.032359682;0.061747037;0.33693281
-0.032359682;0.061747037;0.34483793
-0.032359682;0.061747037;0.33693281
-0.032359682;0.061747037;0.33693281
-0.032359682;0.061747037;0.34483793
-0.032359682;0.061747037;0.33693281
-0.032359682;0.061747037;0.34483793
-0.032359682;0.061747037;0.33693281
-0.032359682;0.061747037;0.33693281
-0.032359682;0.061747037;0.33693281
-0.032359682;0.061747037;0.33693281
-0.032359682;0.061747037;0.33693281
-0.032359682;0.061747037;0.32902768
-0.032359682;0.061747037;0.33693281
-0.032359682;0.063723318;0.33693281
-0.032359682;0.061747037;0.33693281
-0.032359682;0.061747037;0.33693281
-0.032359682;0.061747037;0.34483793
-0.032359682;0.063723318;0.34483793
-0.032359682;0.061747037;0.34483793
-0.032359682;0.063723318;0.34483793
-0.032359682;0.061747037;0.34483793
-0.032359682;0.061747037;0.33693281
-0.032359682;0.063723318;0.33693281
-0.030383399;0.061747037;0.33693281
-0.032359682;0.061747037;0.33693281
-0.030383399;0.061747037;0.33693281
-0.030383399;0.063723318;0.33693281
-0.030383399;0.063723318;0.33693281
-0.030383399;0.061747037;0.33693281
-0.030383399;0.063723318;0.33693281
-0.030383399;0.063723318;0.34483793
-0.030383399;0.061747037;0.33693281
-0.032359682;0.061747037;0.33693281
-0.030383399;0.063723318;0.33693281
-0.030383399;0.063723318;0.34483793
-0.030383399;0.065699607;0.34483793
-0.030383399;0.063723318;0.33693281
-0.028407115;0.063723318;0.33693281
-0.028407115;0.061747037;0.34483793
-0.028407115;0.063723318;0.33693281
-0.030383399;0.065699607;0.34483793
-0.028407115;0.063723318;0.33693281
-0.02643083;0.063723318;0.33693281
-0.02643083;0.063723318;0.33693281
-0.02643083;0.063723318;0.34483793
-0.02643083;0.063723318;0.33693281
-0.024454545;0.065699607;0.33693281
-0.02643083;0.061747037;0.33693281
-0.024454545;0.063723318;0.33693281
-0.02643083;0.065699607;0.33693281
-0.024454545;0.063723318;0.34483793
-0.02247826;0.063723318;0.34483793
-0.02247826;0.063723318;0.33693281
-0.02247826;0.065699607;0.34483793
-0.02247826;0.063723318;0.33693281
-0.02247826;0.065699607;0.33693281
-0.020501977;0.065699607;0.33693281
-0.020501977;0.065699607;0.33693281
-0.020501977;0.065699607;0.34483793
-0.020501977;0.065699607;0.34483793
-0.020501977;0.063723318;0.33693281
-0.020501977;0.063723318;0.33693281
-0.018525692;0.063723318;0.33693281
-0.016549407;0.063723318;0.34483793
-0.016549407;0.063723318;0.33693281
-0.016549407;0.065699607;0.34483793
-0.016549407;0.065699607;0.33693281
-0.014573122;0.065699607;0.33693281
-0.016549407;0.065699607;0.33693281
-0.014573122;0.065699607;0.33693281
-0.014573122;0.065699607;0.33693281
-0.012596838;0.065699607;0.32902768
-0.012596838;0.065699607;0.33693281
-0.012596838;0.065699607;0.33693281
-0.012596838;0.065699607;0.33693281
-0.010620553;0.065699607;0.34483793
-0.010620553;0.065699607;0.34483793
-0.010620553;0.065699607;0.34483793
-0.0086442688;0.065699607;0.33693281
-0.0086442688;0.065699607;0.33693281
-0.0086442688;0.065699607;0.34483793
-0.0086442688;0.067675889;0.33693281
-0.0086442688;0.067675889;0.33693281
-0.0066679842;0.065699607;0.33693281
-0.0066679842;0.065699607;0.33693281
-0.0066679842;0.067675889;0.33693281
-0.0046916995;0.065699607;0.33693281
-0.0027154151;0.065699607;0.33693281
-0.0046916995;0.065699607;0.33693281
-0.0027154151;0.067675889;0.33693281
-0.0027154151;0.065699607;0.33693281
-0.00073913042;0.067675889;0.33693281
-0.00073913042;0.067675889;0.33693281
-0.00073913042;0.065699607;0.33693281
-0.00073913042;0.067675889;0.34483793
0.0012371541;0.065699607;0.34483793
0.0012371541;0.065699607;0.34483793
0.0032134387;0.067675889;0.33693281
0.0032134387;0.065699607;0.34483793
0.0051897233;0.065699607;0.33693281
0.0051897233;0.067675889;0.34483793
0.0051897233;0.067675889;0.34483793
0.007166008;0.067675889;0.34483793
0.0091422927;0.067675889;0.33693281
0.0091422927;0.067675889;0.33693281
0.007166008;0.067675889;0.34483793
0.0091422927;0.065699607;0.33693281
0.011118577;0.067675889;0.34483793
0.0091422927;0.067675889;0.34483793
0.013094862;0.067675889;0.33693281
0.013094862;0.067675889;0.33693281
0.013094862;0.067675889;0.34483793
0.015071146;0.067675889;0.33693281
0.015071146;0.067675889;0.33693281
0.015071146;0.067675889;0.34483793
0.017047431;0.067675889;0.33693281
0.017047431;0.067675889;0.33693281
0.019023715;0.067675889;0.33693281
0.019023715;0.067675889;0.34483793
0.019023715;0.067675889;0.33693281
0.019023715;0.067675889;0.34483793
0.021;0.067675889;0.33693281
0.021;0.067675889;0.34483793
0.022976285;0.067675889;0.34483793
0.022976285;0.067675889;0.33693281
0.022976285;0.067675889;0.33693281
0.02495257;0.067675889;0.33693281
0.02495257;0.065699607;0.35274309
0.026928853;0.067675889;0.33693281
0.028905138;0.067675889;0.33693281
0.028905138;0.069652177;0.33693281
0.030881424;0.067675889;0.33693281
0.030881424;0.067675889;0.33693281
0.030881424;0.067675889;0.34483793
0.030881424;0.067675889;0.33693281
0.030881424;0.067675889;0.34483793
0.032857709;0.067675889;0.33693281
0.032857709;0.067675889;0.34483793
0.034833994;0.067675889;0.33693281
0.034833994;0.069652177;0.33693281
0.034833994;0.067675889;0.34483793
0.034833994;0.067675889;0.33693281
0.036810275;0.067675889;0.33693281
0.036810275;0.067675889;0.34483793
0.03878656;0.067675889;0.33693281
0.03878656;0.067675889;0.33693281
0.03878656;0.067675889;0.33693281
0.040762845;0.067675889;0.33693281
0.040762845;0.067675889;0.33693281
0.042739131;0.067675889;0.33693281
0.040762845;0.069652177;0.33693281
0.044715416;0.069652177;0.34483793
0.044715416;0.067675889;0.34483793
0.044715416;0.069652177;0.34483793
0.046691701;0.069652177;0.34483793
0.044715416;0.067675889;0.33693281
0.048667986;0.067675889;0.33693281
0.048667986;0.069652177;0.33693281
0.048667986;0.069652177;0.33693281
0.046691701;0.067675889;0.33693281
0.048667986;0.067675889;0.33693281
0.050644267;0.067675889;0.34483793
0.052620552;0.069652177;0.33693281
0.050644267;0.067675889;0.33693281
0.052620552;0.069652177;0.34483793
0.054596838;0.067675889;0.33693281
0.054596838;0.067675889;0.33693281
0.054596838;0.067675889;0.34483793
0.054596838;0.067675889;0.33693281
0.054596838;0.067675889;0.33693281
0.056573123;0.069652177;0.33693281
0.056573123;0.067675889;0.33693281
0.056573123;0.069652177;0.34483793
0.058549408;0.067675889;0.33693281
0.060525693;0.067675889;0.34483793
0.058549408;0.069652177;0.33693281
0.058549408;0.067675889;0.34483793
0.062501974;0.067675889;0.33693281
0.062501974;0.067675889;0.33693281
0.060525693;0.069652177;0.33693281
0.062501974;0.067675889;0.33693281
0.062501974;0.067675889;0.34483793
0.062501974;0.067675889;0.33693281
0.064478263;0.067675889;0.33693281
0.064478263;0.069652177;0.33693281
0.064478263;0.067675889;0.32902768
0.064478263;0.069652177;0.34483793
0.064478263;0.069652177;0.33693281
0.066454545;0.069652177;0.33693281
0.066454545;0.069652177;0.33693281
0.066454545;0.067675889;0.33693281
0.066454545;0.069652177;0.33693281
0.068430834;0.069652177;0.33693281
0.066454545;0.069652177;0.34483793
0.068430834;0.069652177;0.33693281
0.066454545;0.069652177;0.34483793
0.070407115;0.067675889;0.33693281
0.072383396;0.067675889;0.34483793
0.070407115;0.069652177;0.34483793
0.072383396;0.069652177;0.33693281
0.070407115;0.069652177;0.33693281
0.072383396;0.069652177;0.34483793
0.072383396;0.069652177;0.34483793
0.072383396;0.069652177;0.33693281
0.072383396;0.069652177;0.33693281
0.074359685;0.069652177;0.33693281
0.074359685;0.067675889;0.33693281
0.074359685;0.069652177;0.33693281
0.074359685;0.069652177;0.33693281
0.072383396;0.069652177;0.33693281
0.074359685;0.069652177;0.33693281
0.074359685;0.069652177;0.33693281
0.074359685;0.069652177;0.33693281
0.076335967;0.069652177;0.33693281
0.076335967;0.069652177;0.33693281
0.076335967;0.071628459;0.33693281
0.074359685;0.067675889;0.33693281
0.076335967;0.069652177;0.32902768
0.076335967;0.069652177;0.32902768
0.076335967;0.069652177;0.33693281
0.076335967;0.069652177;0.33693281
0.076335967;0.069652177;0.34483793
0.076335967;0.069652177;0.33693281
0.078312255;0.069652177;0.34483793
0.076335967;0.069652177;0.33693281
0.078312255;0.069652177;0.33693281
0.076335967;0.069652177;0.33693281
0.078312255;0.069652177;0.33693281
0.078312255;0.069652177;0.34483793
0.078312255;0.069652177;0.33693281
0.078312255;0.069652177;0.33693281
0.078312255;0.069652177;0.34483793
0.078312255;0.069652177;0.34483793
0.078312255;0.069652177;0.34483793
0.078312255;0.069652177;0.34483793
0.076335967;0.069652177;0.34483793
0.078312255;0.069652177;0.33693281
0.078312255;0.067675889;0.34483793
0.078312255;0.069652177;0.33693281
0.076335967;0.069652177;0.33693281
0.076335967;0.069652177;0.34483793
0.078312255;0.069652177;0.33693281
0.078312255;0.069652177;0.33693281
0.076335967;0.067675889;0.33693281
0.078312255;0.069652177;0.33693281
0.078312255;0.069652177;0.34483793
0.076335967;0.067675889;0.33693281
0.076335967;0.069652177;0.33693281
0.076335967;0.069652177;0.34483793
0.076335967;0.069652177;0.34483793
0.076335967;0.069652177;0.33693281
0.074359685;0.069652177;0.32902768
0.076335967;0.069652177;0.33693281
0.076335967;0.069652177;0.34483793
0.076335967;0.069652177;0.33693281
0.074359685;0.069652177;0.33693281
0.074359685;0.067675889;0.33693281
0.074359685;0.069652177;0.33693281
0.072383396;0.069652177;0.33693281
0.074359685;0.069652177;0.33693281
0.072383396;0.067675889;0.33693281
0.072383396;0.069652177;0.33693281
0.072383396;0.069652177;0.33693281
0.072383396;0.069652177;0.33693281
0.072383396;0.067675889;0.33693281
0.072383396;0.067675889;0.33693281
0.070407115;0.069652177;0.33693281
0.070407115;0.069652177;0.33693281
0.070407115;0.067675889;0.34483793
0.070407115;0.067675889;0.33693281
0.070407115;0.069652177;0.34483793
0.070407115;0.069652177;0.33693281
0.070407115;0.067675889;0.33693281
0.068430834;0.069652177;0.33693281
0.068430834;0.069652177;0.33693281
0.068430834;0.067675889;0.34483793
0.066454545;0.067675889;0.33693281
0.066454545;0.067675889;0.33693281
0.066454545;0.067675889;0.33693281
0.066454545;0.069652177;0.34483793
0.066454545;0.069652177;0.34483793
0.066454545;0.069652177;0.33693281
0.064478263;0.067675889;0.33693281
0.064478263;0.067675889;0.33693281
0.062501974;0.067675889;0.33693281
0.062501974;0.067675889;0.33693281
0.062501974;0.067675889;0.34483793
0.062501974;0.069652177;0.34483793
0.060525693;0.069652177;0.33693281
0.060525693;0.069652177;0.33693281
0.060525693;0.069652177;0.34483793
0.058549408;0.069652177;0.33693281
0.058549408;0.067675889;0.33693281
0.060525693;0.067675889;0.33693281
0.058549408;0.067675889;0.33693281
0.056573123;0.069652177;0.33693281
0.056573123;0.069652177;0.33693281
0.056573123;0.069652177;0.33693281
0.056573123;0.069652177;0.33693281
0.054596838;0.067675889;0.33693281
0.054596838;0.067675889;0.34483793
0.054596838;0.067675889;0.33693281
0.052620552;0.067675889;0.33693281
0.052620552;0.069652177;0.33693281
0.052620552;0.067675889;0.34483793
0.050644267;0.067675889;0.34483793
0.052620552;0.067675889;0.34483793
0.048667986;0.067675889;0.34483793
0.048667986;0.067675889;0.34483793
0.048667986;0.069652177;0.33693281
0.046691701;0.067675889;0.33693281
0.046691701;0.067675889;0.33693281
0.046691701;0.067675889;0.33693281
0.044715416;0.067675889;0.34483793
0.044715416;0.067675889;0.33693281
0.044715416;0.069652177;0.33693281
0.044715416;0.069652177;0.34483793
0.042739131;0.067675889;0.33693281
0.040762845;0.067675889;0.33693281
0.040762845;0.067675889;0.33693281
0.040762845;0.069652177;0.33693281
0.03878656;0.067675889;0.34483793
0.03878656;0.067675889;0.34483793
0.03878656;0.067675889;0.33693281
0.036810275;0.069652177;0.33693281
0.036810275;0.067675889;0.34483793
0.036810275;0.067675889;0.34483793
0.034833994;0.067675889;0.34483793
0.034833994;0.067675889;0.34483793
0.032857709;0.069652177;0.33693281
0.030881424;0.067675889;0.34483793
0.030881424;0.067675889;0.34483793
0.030881424;0.067675889;0.34483793
0.030881424;0.067675889;0.33693281
0.028905138;0.067675889;0.34483793
0.028905138;0.067675889;0.33693281
0.028905138;0.067675889;0.34483793
0.026928853;0.067675889;0.33693281
0.026928853;0.067675889;0.33693281
0.02495257;0.067675889;0.33693281
0.026928853;0.067675889;0.33693281
0.02495257;0.067675889;0.33693281
0.022976285;0.067675889;0.33693281
0.022976285;0.067675889;0.33693281
0.021;0.067675889;0.33693281
0.021;0.067675889;0.33693281
0.021;0.067675889;0.33693281
0.019023715;0.067675889;0.34483793
0.019023715;0.067675889;0.34483793
0.019023715;0.067675889;0.34483793
0.017047431;0.067675889;0.33693281
0.017047431;0.067675889;0.33693281
0.017047431;0.067675889;0.33693281
0.015071146;0.065699607;0.34483793
0.015071146;0.067675889;0.33693281
0.015071146;0.067675889;0.34483793
0.013094862;0.067675889;0.33693281
0.015071146;0.067675889;0.34483793
0.011118577;0.067675889;0.33693281
0.011118577;0.067675889;0.34483793
0.011118577;0.067675889;0.33693281
0.011118577;0.065699607;0.34483793
0.0091422927;0.065699607;0.34483793
0.0091422927;0.067675889;0.34483793
0.007166008;0.067675889;0.33693281
0.007166008;0.067675889;0.33693281
0.007166008;0.067675889;0.33693281
0.0051897233;0.067675889;0.33693281
0.0032134387;0.065699607;0.34483793
0.0032134387;0.067675889;0.33693281
0.0012371541;0.065699607;0.33693281
0.0012371541;0.067675889;0.34483793
0.0012371541;0.065699607;0.33693281
0.0012371541;0.065699607;0.33693281
-0.00073913042;0.067675889;0.33693281
-0.00073913042;0.065699607;0.33693281
-0.0027154151;0.067675889;0.33693281
-0.0027154151;0.067675889;0.34483793
-0.0027154151;0.067675889;0.34483793
-0.0066679842;0.067675889;0.34483793
-0.0066679842;0.067675889;0.33693281
-0.0046916995;0.065699607;0.34483793
-0.0066679842;0.067675889;0.33693281
-0.0066679842;0.067675889;0.34483793
-0.0066679842;0.065699607;0.33693281
-0.0086442688;0.065699607;0.33693281
-0.0086442688;0.065699607;0.33693281
-0.010620553;0.065699607;0.33693281
-0.010620553;0.065699607;0.34483793
-0.010620553;0.067675889;0.34483793
-0.012596838;0.065699607;0.33693281
-0.010620553;0.065699607;0.33693281
-0.012596838;0.065699607;0.33693281
-0.012596838;0.063723318;0.34483793
-0.012596838;0.063723318;0.34483793
-0.012596838;0.065699607;0.34483793
-0.014573122;0.063723318;0.34483793
-0.014573122;0.065699607;0.33693281
-0.014573122;0.065699607;0.33693281
-0.016549407;0.063723318;0.33693281
-0.016549407;0.063723318;0.34483793
-0.016549407;0.065699607;0.33693281
-0.018525692;0.065699607;0.33693281
-0.018525692;0.065699607;0.33693281
-0.020501977;0.063723318;0.33693281
-0.020501977;0.063723318;0.34483793
-0.020501977;0.063723318;0.33693281
-0.020501977;0.063723318;0.34483793
-0.020501977;0.065699607;0.33693281
-0.02247826;0.065699607;0.33693281
-0.02247826;0.065699607;0.33693281
-0.02247826;0.063723318;0.33693281
-0.02247826;0.063723318;0.33693281
-0.024454545;0.063723318;0.34483793
-0.024454545;0.063723318;0.33693281
-0.024454545;0.063723318;0.33693281
-0.024454545;0.063723318;0.34483793
-0.02643083;0.063723318;0.33693281
-0.024454545;0.063723318;0.34483793
-0.024454545;0.063723318;0.33693281
-0.02643083;0.063723318;0.33693281
-0.02643083;0.063723318;0.32902768
-0.02643083;0.063723318;0.33693281
-0.02643083;0.063723318;0.33693281
-0.02643083;0.061747037;0.33693281
-0.028407115;0.065699607;0.33693281
-0.030383399;0.063723318;0.33693281
-0.028407115;0.061747037;0.33693281
-0.028407115;0.063723318;0.33693281
-0.028407115;0.063723318;0.33693281
-0.030383399;0.063723318;0.34483793
-0.030383399;0.061747037;0.33693281
-0.030383399;0.061747037;0.34483793
-0.030383399;0.063723318;0.33693281
-0.030383399;0.061747037;0.33693281
-0.030383399;0.061747037;0.33693281
-0.030383399;0.061747037;0.34483793
-0.032359682;0.063723318;0.33693281
-0.030383399;0.061747037;0.33693281
-0.030383399;0.063723318;0.33693281
-0.032359682;0.061747037;0.33693281
-0.032359682;0.061747037;0.34483793
-0.032359682;0.061747037;0.33693281
-0.032359682;0.061747037;0.33693281
-0.032359682;0.061747037;0.33693281
-0.032359682;0.063723318;0.33693281
-0.032359682;0.061747037;0.33693281
-0.032359682;0.061747037;0.33693281
-0.032359682;0.063723318;0.33693281
-0.032359682;0.061747037;0.34483793
-0.032359682;0.061747037;0.33693281
-0.032359682;0.061747037;0.33693281
-0.034335967;0.061747037;0.33693281
-0.032359682;0.061747037;0.33693281
-0.032359682;0.061747037;0.33693281
-0.032359682;0.061747037;0.33693281
-0.032359682;0.061747037;0.33693281
-0.032359682;0.061747037;0.33693281
-0.032359682;0.059770752;0.33693281
-0.032359682;0.059770752;0.34483793
-0.032359682;0.059770752;0.33693281
-0.032359682;0.061747037;0.33693281
-0.032359682;0.061747037;0.33693281
-0.032359682;0.059770752;0.33693281
-0.032359682;0.061747037;0.33693281
-0.030383399;0.061747037;0.33693281
-0.032359682;0.059770752;0.33693281
-0.032359682;0.061747037;0.33693281
-0.032359682;0.061747037;0.33693281
-0.030383399;0.059770752;0.33693281
-0.032359682;0.059770752;0.33693281
-0.030383399;0.061747037;0.33693281
-0.032359682;0.059770752;0.33693281
-0.030383399;0.059770752;0.33693281
-0.030383399;0.059770752;0.33693281
-0.028407115;0.059770752;0.33693281
-0.030383399;0.059770752;0.33693281
-0.028407115;0.057794467;0.33693281
-0.028407115;0.061747037;0.33693281
-0.030383399;0.059770752;0.34483793
-0.028407115;0.059770752;0.34483793
-0.028407115;0.059770752;0.34483793
-0.02643083;0.059770752;0.33693281
-0.028407115;0.059770752;0.34483793
-0.02643083;0.059770752;0.33693281
-0.02643083;0.059770752;0.33693281
-0.02643083;0.059770752;0.34483793
-0.028407115;0.059770752;0.33693281
-0.02643083;0.059770752;0.33693281
-0.02643083;0.059770752;0.32902768
-0.02643083;0.059770752;0.33693281
-0.024454545;0.059770752;0.33693281
-0.024454545;0.059770752;0.34483793
-0.024454545;0.059770752;0.33693281
-0.024454545;0.057794467;0.34483793
-0.024454545;0.059770752;0.33693281
-0.02247826;0.059770752;0.33693281
-0.02247826;0.057794467;0.34483793
-0.02247826;0.057794467;0.33693281
-0.020501977;0.057794467;0.33693281
-0.020501977;0.057794467;0.33693281
-0.020501977;0.057794467;0.33693281
-0.020501977;0.057794467;0.33693281
-0.020501977;0.057794467;0.33693281
-0.018525692;0.059770752;0.33693281
-0.018525692;0.059770752;0.34483793
-0.016549407;0.057794467;0.33693281
-0.016549407;0.057794467;0.33693281
-0.016549407;0.057794467;0.34483793
-0.014573122;0.057794467;0.34483793
-0.014573122;0.057794467;0.33693281
-0.014573122;0.057794467;0.33693281
-0.012596838;0.057794467;0.33693281
-0.014573122;0.057794467;0.33693281
-0.012596838;0.057794467;0.33693281
-0.012596838;0.057794467;0.33693281
-0.012596838;0.057794467;0.33693281
-0.010620553;0.057794467;0.33693281
-0.010620553;0.057794467;0.33693281
-0.010620553;0.057794467;0.34483793
-0.010620553;0.055818181;0.33693281
-0.0086442688;0.057794467;0.33693281
-0.0086442688;0.057794467;0.33693281
-0.0086442688;0.055818181;0.33693281
-0.0046916995;0.057794467;0.33693281
-0.0066679842;0.055818181;0.33693281
-0.0066679842;0.055818181;0.33693281
-0.0027154151;0.057794467;0.33693281
-0.0027154151;0.055818181;0.33693281
-0.0027154151;0.055818181;0.33693281
-0.0027154151;0.053841896;0.34483793
-0.0027154151;0.053841896;0.33693281
-0.00073913042;0.053841896;0.33693281
-0.00073913042;0.057794467;0.33693281
0.0012371541;0.057794467;0.33693281
0.0012371541;0.055818181;0.34483793
0.0012371541;0.055818181;0.34483793
0.0012371541;0.055818181;0.33693281
0.0012371541;0.055818181;0.33693281
0.0012371541;0.055818181;0.34483793
0.0051897233;0.055818181;0.34483793
0.0051897233;0.055818181;0.33693281
0.0051897233;0.053841896;0.33693281
0.0051897233;0.055818181;0.33693281
0.0051897233;0.055818181;0.33693281
0.007166008;0.055818181;0.32902768
0.0091422927;0.053841896;0.33693281
0.0091422927;0.053841896;0.33693281
0.011118577;0.053841896;0.34483793
0.011118577;0.055818181;0.33693281
0.013094862;0.053841896;0.34483793
0.011118577;0.053841896;0.34483793
0.013094862;0.053841896;0.33693281
0.015071146;0.053841896;0.33693281
0.015071146;0.053841896;0.33693281
0.017047431;0.053841896;0.34483793
0.015071146;0.053841896;0.33693281
0.017047431;0.053841896;0.33693281
0.019023715;0.051865611;0.33693281
0.017047431;0.053841896;0.33693281
0.019023715;0.051865611;0.33693281
0.021;0.053841896;0.33693281
0.022976285;0.053841896;0.33693281
0.022976285;0.051865611;0.33693281
0.022976285;0.051865611;0.34483793
0.022976285;0.053841896;0.33693281
0.022976285;0.051865611;0.33693281
0.02495257;0.051865611;0.34483793
0.02495257;0.051865611;0.33693281
0.026928853;0.051865611;0.34483793
0.028905138;0.053841896;0.33693281
0.028905138;0.051865611;0.33693281
0.028905138;0.053841896;0.33693281
0.028905138;0.051865611;0.33693281
0.030881424;0.051865611;0.33693281
0.032857709;0.051865611;0.33693281
0.032857709;0.051865611;0.33693281
0.032857709;0.051865611;0.33693281
0.034833994;0.04988933;0.33693281
0.032857709;0.04988933;0.34483793
0.032857709;0.04988933;0.34483793
0.036810275;0.04988933;0.34483793
0.036810275;0.051865611;0.33693281
0.03878656;0.051865611;0.33693281
0.03878656;0.04988933;0.34483793
0.03878656;0.051865611;0.34483793
0.03878656;0.04988933;0.33693281
0.040762845;0.04988933;0.34483793
0.040762845;0.04988933;0.33693281
0.040762845;0.04988933;0.33693281
0.042739131;0.04988933;0.33693281
0.042739131;0.04988933;0.33693281
0.044715416;0.04988933;0.34483793
0.044715416;0.04988933;0.33693281
0.044715416;0.04988933;0.33693281
0.046691701;0.04988933;0.33693281
0.046691701;0.04988933;0.33693281
0.046691701;0.04988933;0.34483793
0.048667986;0.04988933;0.33693281
0.048667986;0.04988933;0.33693281
0.048667986;0.04988933;0.33693281
0.050644267;0.04988933;0.33693281
0.050644267;0.04988933;0.33693281
0.050644267;0.047913045;0.33693281
0.052620552;0.047913045;0.34483793
0.052620552;0.047913045;0.33693281
0.054596838;0.047913045;0.33693281
0.052620552;0.04988933;0.33693281
0.054596838;0.047913045;0.34483793
0.054596838;0.047913045;0.33693281
0.056573123;0.047913045;0.33693281
0.056573123;0.047913045;0.34483793
0.058549408;0.047913045;0.34483793
0.058549408;0.047913045;0.34483793
0.058549408;0.047913045;0.33693281
0.058549408;0.047913045;0.34483793
0.058549408;0.047913045;0.33693281
0.060525693;0.047913045;0.33693281
0.060525693;0.047913045;0.34483793
0.062501974;0.047913045;0.33693281
0.062501974;0.047913045;0.33693281
0.062501974;0.047913045;0.34483793
0.062501974;0.04593676;0.34483793
0.064478263;0.047913045;0.33693281
0.064478263;0.047913045;0.33693281
0.064478263;0.047913045;0.33693281
0.066454545;0.04593676;0.33693281
0.066454545;0.04593676;0.33693281
0.066454545;0.04593676;0.33693281
0.066454545;0.04593676;0.34483793
0.066454545;0.04593676;0.33693281
0.066454545;0.04593676;0.33693281
0.068430834;0.047913045;0.33693281
0.066454545;0.04593676;0.33693281
0.068430834;0.04593676;0.33693281
0.070407115;0.04593676;0.33693281
0.068430834;0.047913045;0.33693281
0.070407115;0.04593676;0.33693281
0.070407115;0.04593676;0.33693281
0.070407115;0.04593676;0.34483793
0.070407115;0.04593676;0.34483793
0.070407115;0.04593676;0.34483793
0.072383396;0.04593676;0.34483793
0.072383396;0.043960474;0.33693281
0.072383396;0.04593676;0.33693281
0.074359685;0.04593676;0.33693281
0.072383396;0.043960474;0.34483793
0.072383396;0.043960474;0.33693281
0.074359685;0.04593676;0.33693281
0.074359685;0.043960474;0.34483793
0.074359685;0.043960474;0.33693281
0.074359685;0.043960474;0.34483793
0.074359685;0.043960474;0.34483793
0.074359685;0.043960474;0.33693281
0.074359685;0.043960474;0.33693281
0.076335967;0.043960474;0.33693281
0.076335967;0.041984189;0.34483793
0.076335967;0.043960474;0.33693281
0.078312255;0.043960474;0.33693281
0.076335967;0.041984189;0.34483793
0.076335967;0.043960474;0.34483793
0.076335967;0.041984189;0.34483793
0.076335967;0.041984189;0.33693281
0.078312255;0.043960474;0.34483793
0.078312255;0.043960474;0.34483793
0.078312255;0.043960474;0.33693281
0.078312255;0.041984189;0.33693281
0.078312255;0.041984189;0.34483793
0.078312255;0.041984189;0.33693281
0.078312255;0.043960474;0.34483793
0.078312255;0.041984189;0.33693281
0.078312255;0.041984189;0.33693281
0.078312255;0.041984189;0.33693281
0.078312255;0.041984189;0.33693281
0.078312255;0.041984189;0.34483793
0.078312255;0.041984189;0.33693281
0.078312255;0.041984189;0.33693281
0.078312255;0.041984189;0.33693281
0.078312255;0.041984189;0.33693281
0.078312255;0.040007904;0.33693281
0.078312255;0.040007904;0.33693281
0.078312255;0.040007904;0.33693281
0.076335967;0.041984189;0.33693281
0.076335967;0.040007904;0.33693281
0.078312255;0.041984189;0.34483793
0.076335967;0.041984189;0.33693281
0.074359685;0.040007904;0.33693281
0.076335967;0.040007904;0.34483793
0.076335967;0.040007904;0.33693281
0.076335967;0.040007904;0.33693281
0.074359685;0.040007904;0.34483793
0.076335967;0.040007904;0.33693281
0.076335967;0.040007904;0.34483793
0.076335967;0.041984189;0.33693281
0.074359685;0.040007904;0.33693281
0.074359685;0.040007904;0.33693281
0.074359685;0.040007904;0.33693281
0.074359685;0.040007904;0.33693281
0.074359685;0.040007904;0.33693281
0.074359685;0.040007904;0.33693281
0.074359685;0.040007904;0.34483793
0.072383396;0.040007904;0.33693281
0.072383396;0.038031619;0.34483793
0.072383396;0.038031619;0.34483793
0.072383396;0.038031619;0.33693281
0.072383396;0.040007904;0.34483793
0.072383396;0.038031619;0.34483793
0.072383396;0.038031619;0.33693281
0.070407115;0.038031619;0.33693281
0.070407115;0.040007904;0.34483793
0.068430834;0.038031619;0.33693281
0.070407115;0.038031619;0.34483793
0.070407115;0.038031619;0.34483793
0.068430834;0.038031619;0.33693281
0.070407115;0.038031619;0.34483793
0.066454545;0.040007904;0.33693281
0.066454545;0.038031619;0.33693281
0.066454545;0.038031619;0.33693281
0.066454545;0.038031619;0.34483793
0.064478263;0.038031619;0.33693281
0.066454545;0.038031619;0.33693281
0.064478263;0.038031619;0.33693281
0.064478263;0.038031619;0.34483793
0.064478263;0.036055338;0.33693281
0.062501974;0.034079053;0.33693281
0.062501974;0.038031619;0.34483793
0.062501974;0.036055338;0.33693281
0.060525693;0.036055338;0.34483793
0.062501974;0.036055338;0.33693281
0.058549408;0.038031619;0.33693281
0.060525693;0.036055338;0.33693281
0.058549408;0.036055338;0.33693281
0.060525693;0.036055338;0.33693281
0.056573123;0.036055338;0.33693281
0.058549408;0.034079053;0.34483793
0.054596838;0.036055338;0.33693281
0.058549408;0.036055338;0.34483793
0.056573123;0.036055338;0.33693281
0.054596838;0.036055338;0.33693281
0.054596838;0.036055338;0.33693281
0.054596838;0.034079053;0.33693281
0.052620552;0.036055338;0.33693281
0.052620552;0.034079053;0.33693281
0.052620552;0.034079053;0.34483793
0.050644267;0.034079053;0.34483793
0.048667986;0.034079053;0.33693281
0.048667986;0.034079053;0.33693281
0.048667986;0.034079053;0.33693281
0.048667986;0.034079053;0.34483793
0.048667986;0.034079053;0.33693281
0.046691701;0.034079053;0.33693281
0.046691701;0.034079053;0.34483793
0.044715416;0.034079053;0.33693281
0.044715416;0.034079053;0.33693281
0.044715416;0.034079053;0.33693281
0.044715416;0.034079053;0.33693281
0.040762845;0.034079053;0.33693281
0.044715416;0.032102767;0.33693281
0.042739131;0.034079053;0.33693281
0.040762845;0.034079053;0.33693281
0.040762845;0.032102767;0.34483793
0.03878656;0.034079053;0.33693281
0.03878656;0.032102767;0.33693281
0.03878656;0.032102767;0.34483793
0.03878656;0.032102767;0.34483793
0.036810275;0.032102767;0.33693281
0.034833994;0.034079053;0.33693281
0.034833994;0.032102767;0.34483793
0.032857709;0.032102767;0.34483793
0.034833994;0.032102767;0.34483793
0.032857709;0.032102767;0.33693281
0.030881424;0.032102767;0.33693281
0.030881424;0.032102767;0.34483793
0.028905138;0.032102767;0.33693281
0.030881424;0.032102767;0.34483793
0.028905138;0.032102767;0.34483793
0.028905138;0.032102767;0.33693281
0.026928853;0.030126482;0.33693281
0.026928853;0.032102767;0.33693281
0.02495257;0.030126482;0.33693281
0.02495257;0.030126482;0.33693281
0.02495257;0.030126482;0.34483793
0.022976285;0.030126482;0.34483793
0.022976285;0.030126482;0.34483793
0.022976285;0.030126482;0.34483793
0.021;0.030126482;0.33693281
0.019023715;0.030126482;0.33693281
0.021;0.030126482;0.34483793
0.019023715;0.028150197;0.34483793
0.017047431;0.028150197;0.33693281
0.019023715;0.030126482;0.33693281
0.017047431;0.030126482;0.33693281
0.017047431;0.030126482;0.33693281
0.015071146;0.028150197;0.33693281
0.017047431;0.030126482;0.33693281
0.015071146;0.028150197;0.33693281
0.013094862;0.028150197;0.33693281
0.011118577;0.030126482;0.33693281
0.011118577;0.028150197;0.33693281
0.0091422927;0.028150197;0.34483793
0.011118577;0.028150197;0.33693281
0.0091422927;0.028150197;0.33693281
0.0091422927;0.028150197;0.34483793
0.0091422927;0.026173914;0.33693281
0.007166008;0.026173914;0.33693281
0.0051897233;0.028150197;0.33693281
0.0051897233;0.026173914;0.34483793
0.0051897233;0.028150197;0.33693281
0.0032134387;0.026173914;0.33693281
0.0032134387;0.026173914;0.33693281
0.0012371541;0.026173914;0.33693281
0.0012371541;0.026173914;0.33693281
-0.00073913042;0.026173914;0.33693281
-0.00073913042;0.026173914;0.33693281
-0.00073913042;0.028150197;0.33693281
-0.00073913042;0.026173914;0.33693281
-0.0046916995;0.026173914;0.33693281
-0.0027154151;0.026173914;0.34483793
-0.0046916995;0.026173914;0.33693281
-0.0046916995;0.026173914;0.34483793
-0.0066679842;0.024197629;0.33693281
-0.0046916995;0.026173914;0.33693281
-0.0066679842;0.026173914;0.33693281
-0.0066679842;0.026173914;0.33693281
-0.0066679842;0.026173914;0.34483793
-0.0086442688;0.026173914;0.33693281
-0.0086442688;0.024197629;0.33693281
-0.010620553;0.024197629;0.33693281
-0.010620553;0.024197629;0.34483793
-0.010620553;0.024197629;0.34483793
-0.012596838;0.024197629;0.34483793
-0.012596838;0.026173914;0.33693281
-0.012596838;0.022221344;0.33693281
-0.014573122;0.024197629;0.33693281
-0.014573122;0.024197629;0.33693281
-0.014573122;0.022221344;0.34483793
-0.014573122;0.024197629;0.33693281
-0.014573122;0.024197629;0.33693281
-0.016549407;0.024197629;0.33693281
-0.014573122;0.024197629;0.34483793
-0.016549407;0.024197629;0.33693281
-0.016549407;0.022221344;0.33693281
-0.018525692;0.024197629;0.33693281
-0.020501977;0.024197629;0.34483793
-0.020501977;0.022221344;0.32902768
-0.020501977;0.022221344;0.33693281
-0.020501977;0.022221344;0.33693281
-0.020501977;0.024197629;0.33693281
-0.020501977;0.022221344;0.34483793
-0.020501977;0.020245058;0.33693281
-0.02247826;0.022221344;0.33693281
-0.020501977;0.020245058;0.33693281
-0.02247826;0.022221344;0.34483793
-0.02247826;0.022221344;0.33693281
-0.024454545;0.022221344;0.33693281
-0.024454545;0.022221344;0.33693281
-0.024454545;0.022221344;0.33693281
-0.024454545;0.022221344;0.33693281
-0.02643083;0.022221344;0.33693281
-0.02643083;0.020245058;0.33693281
-0.024454545;0.020245058;0.33693281
-0.028407115;0.020245058;0.33693281
-0.02643083;0.020245058;0.33693281
-0.028407115;0.020245058;0.34483793
-0.028407115;0.020245058;0.33693281
-0.028407115;0.020245058;0.33693281
-0.028407115;0.020245058;0.33693281
-0.028407115;0.020245058;0.33693281
-0.030383399;0.022221344;0.33693281
-0.030383399;0.020245058;0.33693281
-0.030383399;0.018268775;0.33693281
-0.030383399;0.018268775;0.33693281
-0.032359682;0.018268775;0.33693281
-0.030383399;0.018268775;0.33693281
-0.032359682;0.018268775;0.34483793
-0.032359682;0.018268775;0.34483793
-0.030383399;0.018268775;0.33693281
-0.030383399;0.020245058;0.33693281
-0.032359682;0.018268775;0.33693281
-0.032359682;0.018268775;0.34483793
-0.032359682;0.018268775;0.33693281
-0.032359682;0.018268775;0.33693281
-0.030383399;0.018268775;0.33693281
-0.032359682;0.018268775;0.34483793
-0.030383399;0.018268775;0.33693281
-0.032359682;0.01629249;0.33693281
-0.032359682;0.018268775;0.33693281
-0.032359682;0.018268775;0.33693281
-0.032359682;0.018268775;0.34483793
-0.032359682;0.01629249;0.33693281
-0.034335967;0.01629249;0.33693281
-0.032359682;0.01629249;0.33693281
-0.034335967;0.018268775;0.33693281
-0.032359682;0.01629249;0.34483793
-0.032359682;0.01629249;0.33693281
-0.032359682;0.01629249;0.34483793
-0.032359682;0.01629249;0.34483793
-0.032359682;0.01629249;0.33693281
-0.032359682;0.01629249;0.34483793
-0.034335967;0.01629249;0.34483793
-0.032359682;0.01629249;0.33693281
-0.032359682;0.018268775;0.33693281
-0.032359682;0.01629249;0.33693281
-0.032359682;0.014316206;0.33693281
-0.032359682;0.01629249;0.33693281
-0.032359682;0.014316206;0.34483793
-0.030383399;0.014316206;0.33693281
-0.030383399;0.014316206;0.33693281
-0.030383399;0.014316206;0.33693281
-0.030383399;0.014316206;0.33693281
-0.030383399;0.014316206;0.33693281
-0.030383399;0.01629249;0.34483793
-0.032359682;0.014316206;0.33693281
-0.032359682;0.014316206;0.33693281
-0.030383399;0.014316206;0.34483793
-0.030383399;0.014316206;0.33693281
-0.030383399;0.014316206;0.33693281
-0.030383399;0.014316206;0.33693281
-0.030383399;0.012339921;0.34483793
-0.030383399;0.014316206;0.33693281
-0.028407115;0.014316206;0.33693281
-0.028407115;0.014316206;0.33693281
-0.028407115;0.012339921;0.34483793
-0.02643083;0.014316206;0.34483793
-0.02643083;0.012339921;0.33693281
-0.024454545;0.012339921;0.33693281
-0.02643083;0.012339921;0.34483793
-0.02643083;0.012339921;0.34483793
-0.02643083;0.012339921;0.33693281
-0.024454545;0.012339921;0.33693281
-0.024454545;0.012339921;0.33693281
-0.024454545;0.010363637;0.33693281
-0.024454545;0.012339921;0.33693281
-0.024454545;0.012339921;0.33693281
-0.02247826;0.010363637;0.33693281
-0.02247826;0.012339921;0.33693281
-0.02247826;0.010363637;0.33693281
-0.02247826;0.012339921;0.33693281
-0.020501977;0.010363637;0.34483793
-0.020501977;0.012339921;0.33693281
-0.020501977;0.010363637;0.33693281
-0.020501977;0.010363637;0.33693281
-0.020501977;0.010363637;0.33693281
-0.018525692;0.012339921;0.33693281
-0.018525692;0.010363637;0.33693281
-0.018525692;0.010363637;0.34483793
-0.016549407;0.010363637;0.33693281
-0.016549407;0.010363637;0.33693281
-0.014573122;0.010363637;0.33693281
-0.016549407;0.010363637;0.33693281
-0.014573122;0.010363637;0.33693281
-0.012596838;0.010363637;0.33693281
-0.014573122;0.010363637;0.33693281
-0.012596838;0.010363637;0.34483793
-0.012596838;0.0083873514;0.33693281
-0.010620553;0.010363637;0.33693281
-0.010620553;0.010363637;0.33693281
-0.010620553;0.010363637;0.34483793
-0.0086442688;0.0083873514;0.33693281
-0.0086442688;0.010363637;0.33693281
-0.0086442688;0.0083873514;0.33693281
-0.0086442688;0.0083873514;0.34483793
-0.0066679842;0.0083873514;0.33693281
-0.0066679842;0.0083873514;0.33693281
-0.0046916995;0.0083873514;0.34483793
-0.0066679842;0.0064110672;0.33693281
-0.0046916995;0.0064110672;0.34483793
-0.0046916995;0.0083873514;0.33693281
-0.0027154151;0.0083873514;0.34483793
-0.00073913042;0.0083873514;0.33693281
-0.0027154151;0.0083873514;0.33693281
-0.0027154151;0.0083873514;0.33693281
-0.00073913042;0.0064110672;0.34483793
0.0012371541;0.0083873514;0.34483793
-0.00073913042;0.0064110672;0.33693281
0.0012371541;0.0064110672;0.33693281
0.0032134387;0.0064110672;0.33693281
0.0012371541;0.0064110672;0.33693281
0.0032134387;0.0064110672;0.33693281
0.0051897233;0.0064110672;0.33693281
0.007166008;0.0064110672;0.34483793
0.0051897233;0.0044347825;0.33693281
0.007166008;0.0064110672;0.33693281
0.0091422927;0.0064110672;0.33693281
0.007166008;0.0044347825;0.33693281
0.0091422927;0.0064110672;0.33693281
0.0091422927;0.0064110672;0.33693281
0.0091422927;0.0064110672;0.33693281
0.013094862;0.0064110672;0.33693281
0.011118577;0.0044347825;0.34483793
0.011118577;0.0064110672;0.33693281
0.011118577;0.0064110672;0.33693281
0.015071146;0.0064110672;0.34483793
0.015071146;0.0044347825;0.34483793
0.015071146;0.0044347825;0.33693281
0.017047431;0.0044347825;0.33693281
0.017047431;0.0044347825;0.33693281
0.017047431;0.0044347825;0.34483793
0.019023715;0.0044347825;0.33693281
0.021;0.0044347825;0.33693281
0.021;0.0044347825;0.33693281
0.021;0.0024584981;0.33693281
0.021;0.0044347825;0.33693281
0.022976285;0.0024584981;0.33693281
0.02495257;0.0024584981;0.34483793
0.02495257;0.0024584981;0.34483793
0.02495257;0.0044347825;0.33693281
0.02495257;0.0024584981;0.34483793
0.026928853;0.0024584981;0.34483793
0.028905138;0.0044347825;0.33693281
0.028905138;0.0024584981;0.34483793
0.028905138;0.0024584981;0.33693281
0.030881424;0.0024584981;0.34483793
0.030881424;0.0044347825;0.33693281
0.030881424;0.0024584981;0.34483793
0.032857709;0.0024584981;0.34483793
0.032857709;0.0024584981;0.33693281
0.032857709;0.0044347825;0.33693281
0.034833994;0.0024584981;0.33693281
0.034833994;0.00048221345;0.33693281
0.036810275;0.0024584981;0.34483793
0.036810275;0.00048221345;0.33693281
0.036810275;0.00048221345;0.33693281
0.03878656;0.0024584981;0.33693281
0.040762845;0.00048221345;0.34483793
0.040762845;0.00048221345;0.33693281
0.040762845;0.00048221345;0.33693281
0.042739131;0.00048221345;0.33693281
0.042739131;-0.0014940711;0.33693281
0.042739131;0.00048221345;0.33693281
0.044715416;0.00048221345;0.33693281
0.044715416;0.00048221345;0.33693281
0.044715416;0.00048221345;0.33693281
0.046691701;0.00048221345;0.33693281
0.046691701;0.00048221345;0.33693281
0.046691701;0.00048221345;0.34483793
0.046691701;-0.0014940711;0.33693281
0.048667986;0.00048221345;0.34483793
0.050644267;-0.0014940711;0.33693281
0.050644267;0.00048221345;0.34483793
0.052620552;-0.0014940711;0.34483793
0.050644267;-0.0014940711;0.33693281
0.052620552;0.00048221345;0.33693281
0.052620552;-0.0014940711;0.34483793
0.052620552;0.00048221345;0.33693281
0.054596838;-0.0014940711;0.33693281
0.054596838;-0.0014940711;0.33693281
0.054596838;-0.0014940711;0.33693281
0.056573123;-0.0014940711;0.34483793
0.056573123;-0.0014940711;0.33693281
0.056573123;-0.0014940711;0.33693281
0.058549408;-0.0014940711;0.33693281
0.058549408;-0.0014940711;0.33693281
0.058549408;-0.0014940711;0.33693281
0.060525693;-0.0014940711;0.33693281
0.060525693;-0.0034703556;0.34483793
0.058549408;-0.0034703556;0.33693281
0.060525693;-0.0014940711;0.33693281
0.062501974;-0.0014940711;0.33693281
0.062501974;-0.0014940711;0.34483793
0.062501974;-0.0034703556;0.34483793
0.062501974;-0.0034703556;0.33693281
0.064478263;-0.0014940711;0.33693281
0.064478263;-0.0034703556;0.34483793
0.064478263;-0.0034703556;0.33693281
0.066454545;-0.0034703556;0.33693281
0.066454545;-0.0034703556;0.33693281
0.066454545;-0.0034703556;0.34483793
0.066454545;-0.0014940711;0.33693281
0.066454545;-0.0034703556;0.33693281
0.068430834;-0.0034703556;0.33693281
0.066454545;-0.0034703556;0.33693281
0.068430834;-0.0034703556;0.34483793
0.068430834;-0.0034703556;0.33693281
0.068430834;-0.0054466403;0.33693281
0.070407115;-0.0034703556;0.33693281
0.070407115;-0.0034703556;0.34483793
0.070407115;-0.0054466403;0.34483793
0.072383396;-0.0054466403;0.33693281
0.070407115;-0.0054466403;0.34483793
0.070407115;-0.0034703556;0.33693281
0.072383396;-0.0034703556;0.34483793
0.072383396;-0.0054466403;0.33693281
0.074359685;-0.0054466403;0.33693281
0.072383396;-0.0054466403;0.33693281
0.074359685;-0.0054466403;0.33693281
0.074359685;-0.0054466403;0.34483793
0.074359685;-0.0054466403;0.34483793
0.074359685;-0.0054466403;0.34483793
0.074359685;-0.0054466403;0.33693281
0.074359685;-0.0054466403;0.33693281
0.076335967;-0.0054466403;0.34483793
0.076335967;-0.007422925;0.33693281
0.076335967;-0.0054466403;0.34483793
0.074359685;-0.0054466403;0.33693281
0.076335967;-0.0054466403;0.33693281
0.076335967;-0.0054466403;0.33693281
0.076335967;-0.0054466403;0.34483793
0.078312255;-0.0054466403;0.33693281
0.078312255;-0.0054466403;0.33693281
0.078312255;-0.0054466403;0.33693281
0.076335967;-0.0054466403;0.34483793
0.078312255;-0.0054466403;0.34483793
0.076335967;-0.007422925;0.33693281
0.078312255;-0.0054466403;0.34483793
0.080288537;-0.0054466403;0.33693281
0.078312255;-0.0054466403;0.34483793
0.078312255;-0.0054466403;0.33693281
0.078312255;-0.007422925;0.34483793
0.080288537;-0.007422925;0.34483793
0.078312255;-0.007422925;0.33693281
0.078312255;-0.007422925;0.33693281
0.078312255;-0.007422925;0.33693281
0.078312255;-0.007422925;0.34483793
0.078312255;-0.007422925;0.33693281
0.078312255;-0.0093992092;0.33693281
0.078312255;-0.007422925;0.33693281
0.078312255;-0.007422925;0.33693281
0.078312255;-0.007422925;0.33693281
0.078312255;-0.007422925;0.33693281
0.076335967;-0.0093992092;0.33693281
0.078312255;-0.007422925;0.33693281
0.076335967;-0.007422925;0.33693281
0.078312255;-0.007422925;0.33693281
0.076335967;-0.0093992092;0.33693281
0.076335967;-0.007422925;0.34483793
0.076335967;-0.0093992092;0.34483793
0.076335967;-0.0093992092;0.34483793
0.076335967;-0.0093992092;0.33693281
0.076335967;-0.0093992092;0.34483793
0.076335967;-0.0093992092;0.34483793
0.076335967;-0.0093992092;0.34483793
0.076335967;-0.007422925;0.33693281
0.076335967;-0.0093992092;0.33693281
0.074359685;-0.0093992092;0.33693281
0.076335967;-0.0093992092;0.33693281
0.074359685;-0.0093992092;0.34483793
0.074359685;-0.0093992092;0.34483793
0.072383396;-0.0093992092;0.34483793
0.072383396;-0.011375494;0.33693281
0.074359685;-0.0093992092;0.33693281
0.074359685;-0.0093992092;0.34483793
0.074359685;-0.011375494;0.34483793
0.070407115;-0.011375494;0.34483793
0.070407115;-0.0093992092;0.33693281
0.070407115;-0.011375494;0.34483793
0.068430834;-0.0093992092;0.34483793
0.070407115;-0.0093992092;0.33693281
0.070407115;-0.0093992092;0.33693281
0.070407115;-0.0093992092;0.33693281
0.070407115;-0.0093992092;0.34483793
0.068430834;-0.011375494;0.34483793
0.068430834;-0.011375494;0.34483793
0.070407115;-0.0093992092;0.33693281
0.066454545;-0.011375494;0.33693281
0.068430834;-0.011375494;0.33693281
0.066454545;-0.011375494;0.33693281
0.066454545;-0.0093992092;0.33693281
0.064478263;-0.0093992092;0.33693281
0.064478263;-0.011375494;0.33693281
0.066454545;-0.011375494;0.33693281
0.064478263;-0.011375494;0.33693281
0.062501974;-0.0093992092;0.34483793
0.062501974;-0.011375494;0.33693281
0.062501974;-0.013351778;0.33693281
0.062501974;-0.011375494;0.33693281
0.058549408;-0.013351778;0.34483793
0.060525693;-0.011375494;0.34483793
0.058549408;-0.013351778;0.33693281
0.058549408;-0.011375494;0.34483793
0.060525693;-0.011375494;0.34483793
0.058549408;-0.011375494;0.34483793
0.058549408;-0.011375494;0.33693281
0.056573123;-0.013351778;0.33693281
0.056573123;-0.013351778;0.33693281
0.056573123;-0.013351778;0.33693281
0.054596838;-0.011375494;0.33693281
0.054596838;-0.013351778;0.34483793
0.054596838;-0.013351778;0.33693281
0.052620552;-0.013351778;0.33693281
0.052620552;-0.013351778;0.33693281
0.052620552;-0.013351778;0.33693281
0.050644267;-0.013351778;0.33693281
0.050644267;-0.013351778;0.34483793
0.048667986;-0.013351778;0.34483793
0.048667986;-0.013351778;0.34483793
0.048667986;-0.013351778;0.33693281
0.046691701;-0.013351778;0.34483793
0.046691701;-0.013351778;0.33693281
0.044715416;-0.013351778;0.33693281
0.044715416;-0.013351778;0.34483793
0.044715416;-0.013351778;0.33693281
0.044715416;-0.013351778;0.33693281
0.042739131;-0.015328064;0.33693281
0.042739131;-0.013351778;0.33693281
0.040762845;-0.013351778;0.33693281
0.040762845;-0.013351778;0.33693281
0.040762845;-0.013351778;0.33693281
0.040762845;-0.013351778;0.33693281
0.03878656;-0.013351778;0.33693281
0.03878656;-0.015328064;0.33693281
0.036810275;-0.013351778;0.34483793
0.036810275;-0.015328064;0.33693281
0.036810275;-0.015328064;0.33693281
0.034833994;-0.015328064;0.33693281
0.034833994;-0.015328064;0.33693281
0.032857709;-0.015328064;0.33693281
0.032857709;-0.015328064;0.33693281
0.032857709;-0.015328064;0.33693281
0.030881424;-0.015328064;0.33693281
0.030881424;-0.015328064;0.34483793
0.030881424;-0.015328064;0.33693281
0.030881424;-0.015328064;0.33693281
0.026928853;-0.015328064;0.33693281
0.026928853;-0.015328064;0.33693281
0.028905138;-0.017304348;0.34483793
0.02495257;-0.015328064;0.33693281
0.02495257;-0.017304348;0.34483793
0.02495257;-0.015328064;0.33693281
0.02495257;-0.015328064;0.33693281
0.022976285;-0.015328064;0.34483793
0.022976285;-0.017304348;0.33693281
0.021;-0.015328064;0.33693281
0.021;-0.017304348;0.33693281
0.021;-0.017304348;0.33693281
0.019023715;-0.015328064;0.33693281
0.017047431;-0.017304348;0.33693281
0.019023715;-0.015328064;0.34483793
0.017047431;-0.017304348;0.33693281
0.015071146;-0.017304348;0.33693281
0.015071146;-0.017304348;0.33693281
0.013094862;-0.015328064;0.33693281
0.015071146;-0.017304348;0.34483793
0.013094862;-0.015328064;0.33693281
0.013094862;-0.017304348;0.33693281
0.011118577;-0.017304348;0.33693281
0.011118577;-0.017304348;0.34483793
0.011118577;-0.017304348;0.34483793
0.0091422927;-0.017304348;0.33693281
0.0091422927;-0.017304348;0.33693281
0.0091422927;-0.017304348;0.33693281
0.007166008;-0.019280633;0.33693281
0.007166008;-0.017304348;0.33693281
0.007166008;-0.017304348;0.34483793
0.0051897233;-0.017304348;0.34483793
0.0051897233;-0.017304348;0.33693281
0.0032134387;-0.017304348;0.34483793
0.0012371541;-0.019280633;0.34483793
0.0012371541;-0.017304348;0.33693281
0.0012371541;-0.017304348;0.34483793
0.0012371541;-0.017304348;0.33693281
-0.00073913042;-0.017304348;0.33693281
-0.0046916995;-0.017304348;0.33693281
-0.0027154151;-0.017304348;0.33693281
-0.0027154151;-0.019280633;0.33693281
-0.0027154151;-0.017304348;0.34483793
-0.0066679842;-0.019280633;0.34483793
-0.0046916995;-0.019280633;0.34483793
-0.0066679842;-0.019280633;0.34483793
-0.0066679842;-0.019280633;0.33693281
-0.0066679842;-0.017304348;0.33693281
-0.0066679842;-0.017304348;0.32902768
-0.0086442688;-0.019280633;0.33693281
-0.0086442688;-0.019280633;0.33693281
-0.010620553;-0.019280633;0.33693281
-0.0086442688;-0.017304348;0.33693281
-0.010620553;-0.019280633;0.33693281
-0.010620553;-0.019280633;0.33693281
-0.012596838;-0.019280633;0.33693281
-0.012596838;-0.019280633;0.33693281
-0.012596838;-0.019280633;0.33693281
-0.014573122;-0.019280633;0.33693281
-0.014573122;-0.019280633;0.33693281
-0.014573122;-0.019280633;0.33693281
-0.016549407;-0.017304348;0.33693281
-0.018525692;-0.019280633;0.33693281
-0.016549407;-0.021256916;0.34483793
-0.016549407;-0.021256916;0.34483793
-0.018525692;-0.019280633;0.34483793
-0.018525692;-0.019280633;0.33693281
-0.018525692;-0.019280633;0.33693281
-0.018525692;-0.019280633;0.34483793
-0.018525692;-0.019280633;0.34483793
-0.020501977;-0.021256916;0.34483793
-0.020501977;-0.019280633;0.33693281
-0.02247826;-0.019280633;0.33693281
-0.02247826;-0.021256916;0.33693281
-0.02247826;-0.021256916;0.33693281
-0.02247826;-0.021256916;0.33693281
-0.02247826;-0.021256916;0.34483793
-0.024454545;-0.021256916;0.34483793
-0.024454545;-0.021256916;0.33693281
-0.024454545;-0.021256916;0.33693281
-0.024454545;-0.019280633;0.33693281
-0.024454545;-0.019280633;0.34483793
-0.02643083;-0.021256916;0.34483793
-0.02643083;-0.021256916;0.33693281
-0.02643083;-0.019280633;0.33693281
-0.02643083;-0.019280633;0.33693281
-0.028407115;-0.021256916;0.33693281
-0.02643083;-0.021256916;0.33693281
-0.028407115;-0.021256916;0.33693281
-0.030383399;-0.021256916;0.34483793
-0.028407115;-0.021256916;0.33693281
-0.028407115;-0.021256916;0.34483793
-0.030383399;-0.021256916;0.34483793
-0.030383399;-0.021256916;0.33693281
-0.030383399;-0.021256916;0.33693281
-0.030383399;-0.021256916;0.34483793
-0.030383399;-0.021256916;0.33693281
-0.032359682;-0.021256916;0.33693281
-0.032359682;-0.021256916;0.33693281
-0.032359682;-0.023233201;0.33693281
-0.030383399;-0.021256916;0.33693281
-0.032359682;-0.021256916;0.33693281
-0.032359682;-0.021256916;0.33693281
-0.030383399;-0.021256916;0.33693281
-0.032359682;-0.021256916;0.33693281
-0.030383399;-0.023233201;0.33693281
-0.032359682;-0.021256916;0.33693281
-0.034335967;-0.021256916;0.33693281
-0.032359682;-0.021256916;0.33693281
-0.032359682;-0.021256916;0.34483793
-0.032359682;-0.021256916;0.33693281
-0.032359682;-0.023233201;0.33693281
-0.034335967;-0.021256916;0.34483793
-0.032359682;-0.021256916;0.33693281
-0.034335967;-0.023233201;0.34483793
-0.032359682;-0.023233201;0.33693281
-0.032359682;-0.023233201;0.34483793
-0.034335967;-0.023233201;0.34483793
-0.032359682;-0.023233201;0.33693281
-0.034335967;-0.023233201;0.33693281
-0.032359682;-0.021256916;0.33693281
-0.032359682;-0.023233201;0.33693281
-0.032359682;-0.023233201;0.33693281
-0.032359682;-0.021256916;0.34483793
-0.032359682;-0.023233201;0.33693281
-0.032359682;-0.023233201;0.33693281
-0.034335967;-0.023233201;0.33693281
-0.032359682;-0.023233201;0.34483793
-0.030383399;-0.023233201;0.33693281
-0.032359682;-0.023233201;0.34483793
-0.030383399;-0.023233201;0.33693281
-0.030383399;-0.023233201;0.33693281
-0.030383399;-0.023233201;0.34483793
-0.030383399;-0.021256916;0.34483793
-0.032359682;-0.023233201;0.33693281
-0.030383399;-0.021256916;0.33693281
-0.030383399;-0.023233201;0.33693281
-0.030383399;-0.023233201;0.33693281
-0.030383399;-0.023233201;0.33693281
-0.030383399;-0.023233201;0.33693281
-0.030383399;-0.023233201;0.34483793
-0.028407115;-0.023233201;0.33693281
-0.030383399;-0.023233201;0.34483793
-0.028407115;-0.023233201;0.33693281
-0.028407115;-0.023233201;0.33693281
-0.028407115;-0.023233201;0.33693281
-0.028407115;-0.023233201;0.34483793
-0.028407115;-0.025209486;0.33693281
-0.028407115;-0.023233201;0.33693281
-0.02643083;-0.023233201;0.34483793
-0.02643083;-0.025209486;0.33693281
-0.02643083;-0.023233201;0.33693281
-0.024454545;-0.023233201;0.34483793
-0.024454545;-0.023233201;0.33693281
-0.02643083;-0.023233201;0.33693281
-0.024454545;-0.023233201;0.33693281
-0.02247826;-0.021256916;0.34483793
-0.02247826;-0.025209486;0.33693281
-0.02247826;-0.023233201;0.34483793
-0.02247826;-0.023233201;0.33693281
-0.02247826;-0.023233201;0.34483793
-0.02247826;-0.023233201;0.33693281
-0.020501977;-0.023233201;0.33693281
-0.020501977;-0.023233201;0.34483793
-0.020501977;-0.023233201;0.33693281
-0.020501977;-0.023233201;0.34483793
-0.020501977;-0.025209486;0.33693281
-0.016549407;-0.025209486;0.33693281
-0.014573122;-0.023233201;0.33693281
-0.018525692;-0.025209486;0.33693281
-0.016549407;-0.025209486;0.34483793
-0.014573122;-0.023233201;0.33693281
-0.016549407;-0.023233201;0.33693281
-0.012596838;-0.025209486;0.33693281
-0.014573122;-0.025209486;0.33693281
-0.012596838;-0.023233201;0.33693281
-0.012596838;-0.025209486;0.34483793
-0.012596838;-0.025209486;0.33693281
-0.010620553;-0.025209486;0.33693281
-0.012596838;-0.025209486;0.33693281
-0.010620553;-0.025209486;0.33693281
-0.010620553;-0.025209486;0.33693281
-0.010620553;-0.025209486;0.33693281
-0.0086442688;-0.025209486;0.33693281
-0.0086442688;-0.025209486;0.33693281
-0.0086442688;-0.025209486;0.33693281
-0.0066679842;-0.025209486;0.33693281
-0.0066679842;-0.025209486;0.34483793
-0.0066679842;-0.025209486;0.33693281
-0.0046916995;-0.025209486;0.33693281
-0.0046916995;-0.025209486;0.33693281
-0.0046916995;-0.025209486;0.34483793
-0.0027154151;-0.023233201;0.34483793
-0.0027154151;-0.025209486;0.34483793
-0.0027154151;-0.025209486;0.33693281
-0.00073913042;-0.025209486;0.34483793
-0.00073913042;-0.025209486;0.33693281
-0.00073913042;-0.025209486;0.34483793
0.0012371541;-0.025209486;0.34483793
0.0012371541;-0.023233201;0.34483793
0.0032134387;-0.025209486;0.34483793
0.0032134387;-0.025209486;0.34483793
0.0051897233;-0.025209486;0.33693281
0.0051897233;-0.025209486;0.33693281
0.007166008;-0.025209486;0.33693281
0.007166008;-0.025209486;0.33693281
0.007166008;-0.023233201;0.34483793
0.0091422927;-0.023233201;0.33693281
0.0091422927;-0.023233201;0.33693281
0.0091422927;-0.025209486;0.33693281
0.0091422927;-0.025209486;0.33693281
0.011118577;-0.025209486;0.34483793
0.011118577;-0.025209486;0.34483793
0.013094862;-0.025209486;0.33693281
0.013094862;-0.025209486;0.33693281
0.013094862;-0.025209486;0.33693281
0.015071146;-0.025209486;0.33693281
0.015071146;-0.025209486;0.33693281
0.015071146;-0.025209486;0.34483793
0.017047431;-0.025209486;0.33693281
0.019023715;-0.025209486;0.33693281
0.019023715;-0.025209486;0.33693281
0.019023715;-0.025209486;0.33693281
0.021;-0.025209486;0.34483793
0.021;-0.025209486;0.34483793
0.022976285;-0.027185772;0.34483793
0.022976285;-0.025209486;0.33693281
0.022976285;-0.025209486;0.34483793
0.02495257;-0.025209486;0.33693281
0.02495257;-0.025209486;0.33693281
0.02495257;-0.025209486;0.33693281
0.026928853;-0.025209486;0.33693281
0.028905138;-0.027185772;0.33693281
0.026928853;-0.025209486;0.33693281
0.028905138;-0.025209486;0.33693281
0.030881424;-0.025209486;0.34483793
0.030881424;-0.025209486;0.33693281
0.030881424;-0.025209486;0.34483793
0.032857709;-0.027185772;0.34483793
0.032857709;-0.027185772;0.34483793
0.034833994;-0.025209486;0.33693281
0.032857709;-0.025209486;0.33693281
0.034833994;-0.025209486;0.33693281
0.036810275;-0.025209486;0.33693281
0.036810275;-0.025209486;0.34483793
0.036810275;-0.025209486;0.33693281
0.03878656;-0.025209486;0.34483793
0.03878656;-0.025209486;0.33693281
0.040762845;-0.027185772;0.34483793
0.040762845;-0.025209486;0.34483793
0.040762845;-0.025209486;0.34483793
0.042739131;-0.027185772;0.33693281
0.042739131;-0.025209486;0.33693281
0.042739131;-0.025209486;0.33693281
0.044715416;-0.025209486;0.33693281
0.046691701;-0.027185772;0.33693281
0.044715416;-0.027185772;0.33693281
0.046691701;-0.025209486;0.34483793
0.046691701;-0.025209486;0.34483793
0.046691701;-0.025209486;0.34483793
0.048667986;-0.025209486;0.34483793
0.048667986;-0.025209486;0.34483793
0.050644267;-0.025209486;0.33693281
0.050644267;-0.025209486;0.34483793
0.050644267;-0.025209486;0.33693281
0.050644267;-0.025209486;0.33693281
0.052620552;-0.025209486;0.33693281
0.052620552;-0.025209486;0.33693281
0.052620552;-0.025209486;0.33693281
0.054596838;-0.025209486;0.33693281
0.054596838;-0.025209486;0.33693281
0.056573123;-0.025209486;0.34483793
0.056573123;-0.025209486;0.33693281
0.056573123;-0.025209486;0.33693281
0.058549408;-0.025209486;0.33693281
0.058549408;-0.027185772;0.34483793
0.058549408;-0.025209486;0.33693281
0.060525693;-0.025209486;0.34483793
0.060525693;-0.025209486;0.33693281
0.062501974;-0.025209486;0.33693281
0.062501974;-0.025209486;0.33693281
0.060525693;-0.025209486;0.33693281
0.062501974;-0.025209486;0.33693281
0.062501974;-0.027185772;0.34483793
0.062501974;-0.027185772;0.33693281
0.064478263;-0.025209486;0.33693281
0.064478263;-0.025209486;0.33693281
0.064478263;-0.025209486;0.33693281
0.064478263;-0.025209486;0.34483793
0.064478263;-0.027185772;0.33693281
0.066454545;-0.027185772;0.33693281
0.066454545;-0.027185772;0.33693281
0.066454545;-0.025209486;0.34483793
0.068430834;-0.025209486;0.34483793
0.068430834;-0.025209486;0.33693281
0.068430834;-0.025209486;0.33693281
0.068430834;-0.023233201;0.34483793
0.070407115;-0.025209486;0.33693281
0.070407115;-0.027185772;0.33693281
0.070407115;-0.027185772;0.33693281
0.070407115;-0.027185772;0.33693281
0.072383396;-0.025209486;0.34483793
0.072383396;-0.025209486;0.34483793
0.070407115;-0.025209486;0.33693281
0.072383396;-0.025209486;0.34483793
0.072383396;-0.025209486;0.34483793
0.074359685;-0.025209486;0.33693281
0.074359685;-0.027185772;0.33693281
0.074359685;-0.027185772;0.34483793
0.072383396;-0.025209486;0.34483793
0.074359685;-0.025209486;0.33693281
0.074359685;-0.025209486;0.34483793
0.074359685;-0.025209486;0.33693281
0.074359685;-0.025209486;0.34483793
0.076335967;-0.025209486;0.33693281
0.076335967;-0.025209486;0.34483793
0.076335967;-0.025209486;0.33693281
0.076335967;-0.025209486;0.34483793
0.076335967;-0.025209486;0.33693281
0.076335967;-0.025209486;0.34483793
0.078312255;-0.025209486;0.33693281
0.078312255;-0.025209486;0.34483793
0.076335967;-0.025209486;0.33693281
0.078312255;-0.025209486;0.33693281
0.078312255;-0.025209486;0.33693281
0.078312255;-0.025209486;0.33693281
0.078312255;-0.025209486;0.34483793
0.078312255;-0.025209486;0.33693281
0.078312255;-0.025209486;0.33693281
0.078312255;-0.025209486;0.34483793
0.076335967;-0.025209486;0.33693281
0.078312255;-0.025209486;0.33693281
0.078312255;-0.025209486;0.33693281
0.078312255;-0.025209486;0.34483793
0.078312255;-0.025209486;0.33693281
0.078312255;-0.025209486;0.33693281
0.078312255;-0.023233201;0.34483793
0.078312255;-0.023233201;0.34483793
0.078312255;-0.025209486;0.34483793
0.078312255;-0.025209486;0.33693281
0.076335967;-0.025209486;0.33693281
0.078312255;-0.025209486;0.33693281
0.078312255;-0.025209486;0.33693281
0.078312255;-0.025209486;0.33693281
0.078312255;-0.025209486;0.34483793
0.076335967;-0.023233201;0.33693281
0.076335967;-0.023233201;0.34483793
0.076335967;-0.025209486;0.33693281
0.076335967;-0.023233201;0.33693281
0.076335967;-0.023233201;0.33693281
0.076335967;-0.025209486;0.34483793
0.076335967;-0.023233201;0.33693281
0.076335967;-0.025209486;0.34483793
0.076335967;-0.025209486;0.33693281
0.076335967;-0.025209486;0.34483793
0.076335967;-0.025209486;0.33693281
0.076335967;-0.023233201;0.33693281
0.074359685;-0.025209486;0.33693281
0.074359685;-0.025209486;0.33693281
0.074359685;-0.023233201;0.33693281
0.074359685;-0.023233201;0.33693281
0.074359685;-0.025209486;0.33693281
0.072383396;-0.025209486;0.33693281
0.074359685;-0.025209486;0.33693281
0.072383396;-0.023233201;0.33693281
0.072383396;-0.023233201;0.33693281
0.070407115;-0.023233201;0.33693281
0.072383396;-0.025209486;0.33693281
0.070407115;-0.023233201;0.34483793
0.070407115;-0.023233201;0.34483793
0.068430834;-0.023233201;0.33693281
0.070407115;-0.025209486;0.34483793
0.070407115;-0.023233201;0.33693281
0.068430834;-0.025209486;0.34483793
0.068430834;-0.025209486;0.34483793
0.066454545;-0.023233201;0.33693281
0.068430834;-0.025209486;0.33693281
0.068430834;-0.023233201;0.34483793
0.066454545;-0.023233201;0.33693281
0.064478263;-0.023233201;0.34483793
0.064478263;-0.023233201;0.34483793
0.064478263;-0.025209486;0.33693281
0.064478263;-0.023233201;0.33693281
0.062501974;-0.023233201;0.33693281
0.064478263;-0.023233201;0.33693281
0.062501974;-0.023233201;0.34483793
0.062501974;-0.023233201;0.33693281
0.060525693;-0.023233201;0.33693281
0.060525693;-0.023233201;0.34483793
0.060525693;-0.023233201;0.33693281
0.060525693;-0.023233201;0.33693281
0.058549408;-0.023233201;0.33693281
0.058549408;-0.023233201;0.33693281
0.058549408;-0.023233201;0.34483793
0.056573123;-0.023233201;0.33693281
0.056573123;-0.023233201;0.34483793
0.056573123;-0.023233201;0.33693281
0.054596838;-0.023233201;0.33693281
0.054596838;-0.023233201;0.33693281
0.056573123;-0.021256916;0.33693281
0.054596838;-0.023233201;0.33693281
0.052620552;-0.023233201;0.33693281
0.052620552;-0.021256916;0.34483793
0.052620552;-0.023233201;0.33693281
0.050644267;-0.023233201;0.33693281
0.050644267;-0.023233201;0.33693281
0.050644267;-0.023233201;0.33693281
0.048667986;-0.023233201;0.33693281
0.046691701;-0.023233201;0.33693281
0.048667986;-0.021256916;0.33693281
0.046691701;-0.023233201;0.33693281
0.046691701;-0.021256916;0.33693281
0.044715416;-0.023233201;0.33693281
0.044715416;-0.021256916;0.33693281
0.044715416;-0.023233201;0.33693281
0.042739131;-0.023233201;0.34483793
0.042739131;-0.023233201;0.33693281
0.040762845;-0.021256916;0.34483793
0.040762845;-0.021256916;0.33693281
0.040762845;-0.021256916;0.34483793
0.040762845;-0.021256916;0.33693281
0.040762845;-0.021256916;0.33693281
0.03878656;-0.021256916;0.33693281
0.03878656;-0.021256916;0.33693281
0.036810275;-0.021256916;0.33693281
0.034833994;-0.021256916;0.34483793
0.034833994;-0.023233201;0.34483793
0.034833994;-0.021256916;0.34483793
0.034833994;-0.021256916;0.34483793
0.032857709;-0.021256916;0.34483793
0.032857709;-0.021256916;0.33693281
0.030881424;-0.019280633;0.34483793
0.030881424;-0.021256916;0.34483793
0.030881424;-0.021256916;0.33693281
0.028905138;-0.021256916;0.33693281
0.028905138;-0.021256916;0.32902768
0.030881424;-0.021256916;0.33693281
0.026928853;-0.019280633;0.33693281
0.026928853;-0.023233201;0.34483793
0.02495257;-0.023233201;0.33693281
0.02495257;-0.023233201;0.33693281
0.022976285;-0.021256916;0.33693281
0.022976285;-0.019280633;0.33693281
0.022976285;-0.021256916;0.33693281
0.021;-0.021256916;0.33693281
0.022976285;-0.021256916;0.33693281
0.021;-0.021256916;0.34483793
0.019023715;-0.021256916;0.34483793
0.019023715;-0.021256916;0.33693281
0.017047431;-0.019280633;0.34483793
0.019023715;-0.021256916;0.34483793
0.017047431;-0.021256916;0.33693281
0.015071146;-0.021256916;0.33693281
0.015071146;-0.021256916;0.33693281
0.015071146;-0.021256916;0.33693281
0.015071146;-0.021256916;0.34483793
0.013094862;-0.019280633;0.33693281
0.011118577;-0.019280633;0.33693281
0.011118577;-0.019280633;0.34483793
0.011118577;-0.021256916;0.34483793
0.0091422927;-0.021256916;0.34483793
0.0091422927;-0.021256916;0.33693281
0.0091422927;-0.021256916;0.34483793
0.007166008;-0.019280633;0.34483793
0.007166008;-0.019280633;0.33693281
0.0051897233;-0.021256916;0.33693281
0.0032134387;-0.021256916;0.33693281
0.0051897233;-0.021256916;0.34483793
0.0032134387;-0.019280633;0.33693281
0.0012371541;-0.019280633;0.34483793
0.0032134387;-0.019280633;0.33693281
-0.00073913042;-0.019280633;0.34483793
0.0012371541;-0.019280633;0.33693281
-0.00073913042;-0.021256916;0.34483793
-0.0027154151;-0.019280633;0.33693281
-0.0027154151;-0.019280633;0.33693281
-0.0027154151;-0.019280633;0.33693281
-0.0046916995;-0.019280633;0.34483793
-0.0046916995;-0.019280633;0.34483793
-0.0046916995;-0.019280633;0.33693281
-0.0046916995;-0.019280633;0.33693281
-0.0066679842;-0.019280633;0.34483793
-0.0066679842;-0.019280633;0.34483793
-0.0066679842;-0.019280633;0.34483793
-0.0086442688;-0.019280633;0.34483793
-0.0086442688;-0.019280633;0.33693281
-0.0086442688;-0.017304348;0.34483793
-0.010620553;-0.019280633;0.33693281
-0.010620553;-0.017304348;0.33693281
-0.012596838;-0.019280633;0.33693281
-0.010620553;-0.019280633;0.34483793
-0.012596838;-0.019280633;0.33693281
-0.014573122;-0.019280633;0.33693281
-0.012596838;-0.017304348;0.33693281
-0.014573122;-0.017304348;0.33693281
-0.014573122;-0.017304348;0.33693281
-0.016549407;-0.017304348;0.34483793
-0.014573122;-0.017304348;0.33693281
-0.016549407;-0.017304348;0.33693281
-0.018525692;-0.017304348;0.33693281
-0.016549407;-0.017304348;0.33693281
-0.020501977;-0.017304348;0.33693281
-0.018525692;-0.017304348;0.34483793
-0.020501977;-0.017304348;0.33693281
-0.018525692;-0.017304348;0.34483793
-0.020501977;-0.017304348;0.33693281
-0.020501977;-0.017304348;0.34483793
-0.02247826;-0.017304348;0.33693281
-0.02247826;-0.017304348;0.33693281
-0.02247826;-0.017304348;0.33693281
-0.024454545;-0.017304348;0.33693281
-0.024454545;-0.017304348;0.33693281
-0.02247826;-0.019280633;0.33693281
-0.024454545;-0.017304348;0.34483793
-0.024454545;-0.017304348;0.34483793
-0.024454545;-0.017304348;0.33693281
-0.02643083;-0.015328064;0.33693281
-0.02643083;-0.017304348;0.33693281
-0.02643083;-0.017304348;0.33693281
-0.028407115;-0.017304348;0.33693281
-0.028407115;-0.015328064;0.34483793
-0.028407115;-0.017304348;0.33693281
-0.02643083;-0.017304348;0.34483793
-0.028407115;-0.017304348;0.33693281
-0.028407115;-0.015328064;0.34483793
-0.028407115;-0.015328064;0.33693281
-0.030383399;-0.015328064;0.33693281
-0.028407115;-0.017304348;0.33693281
-0.030383399;-0.015328064;0.34483793
-0.030383399;-0.015328064;0.33693281
-0.030383399;-0.015328064;0.33693281
-0.030383399;-0.015328064;0.34483793
-0.032359682;-0.015328064;0.33693281
-0.032359682;-0.015328064;0.33693281
-0.030383399;-0.015328064;0.33693281
-0.032359682;-0.015328064;0.33693281
-0.032359682;-0.013351778;0.33693281
-0.032359682;-0.015328064;0.33693281
-0.032359682;-0.013351778;0.33693281
-0.032359682;-0.015328064;0.34483793
-0.032359682;-0.017304348;0.34483793
-0.032359682;-0.013351778;0.34483793
-0.034335967;-0.013351778;0.34483793
-0.032359682;-0.015328064;0.33693281
-0.032359682;-0.013351778;0.34483793
-0.032359682;-0.013351778;0.33693281
-0.032359682;-0.015328064;0.33693281
-0.032359682;-0.015328064;0.34483793
-0.034335967;-0.013351778;0.34483793
-0.032359682;-0.013351778;0.34483793
-0.032359682;-0.013351778;0.34483793
-0.032359682;-0.013351778;0.33693281
-0.032359682;-0.013351778;0.33693281
-0.032359682;-0.013351778;0.34483793
-0.034335967;-0.015328064;0.33693281
-0.032359682;-0.013351778;0.33693281
-0.032359682;-0.013351778;0.34483793
-0.034335967;-0.013351778;0.34483793
-0.032359682;-0.013351778;0.33693281
-0.032359682;-0.013351778;0.33693281
-0.032359682;-0.013351778;0.34483793
-0.032359682;-0.013351778;0.34483793
-0.032359682;-0.013351778;0.33693281
-0.030383399;-0.013351778;0.33693281
-0.030383399;-0.013351778;0.33693281
-0.030383399;-0.013351778;0.33693281
-0.032359682;-0.011375494;0.33693281
-0.030383399;-0.011375494;0.33693281
-0.030383399;-0.013351778;0.33693281
-0.032359682;-0.013351778;0.33693281
-0.030383399;-0.013351778;0.33693281
-0.030383399;-0.011375494;0.34483793
-0.030383399;-0.011375494;0.34483793
-0.030383399;-0.011375494;0.34483793
-0.030383399;-0.013351778;0.33693281
-0.028407115;-0.011375494;0.34483793
-0.030383399;-0.011375494;0.34483793
-0.028407115;-0.011375494;0.33693281
-0.028407115;-0.011375494;0.33693281
-0.028407115;-0.011375494;0.33693281
-0.028407115;-0.011375494;0.33693281
-0.028407115;-0.011375494;0.33693281
-0.02643083;-0.011375494;0.34483793
-0.02643083;-0.011375494;0.34483793
-0.02643083;-0.011375494;0.33693281
-0.02643083;-0.011375494;0.33693281
-0.024454545;-0.011375494;0.34483793
-0.02643083;-0.011375494;0.33693281
-0.024454545;-0.011375494;0.33693281
-0.02643083;-0.011375494;0.33693281
-0.024454545;-0.011375494;0.33693281
-0.02247826;-0.011375494;0.33693281
-0.024454545;-0.011375494;0.33693281
-0.02247826;-0.011375494;0.33693281
-0.02247826;-0.0093992092;0.33693281
-0.02247826;-0.011375494;0.34483793
-0.020501977;-0.0093992092;0.34483793
-0.020501977;-0.0093992092;0.33693281
-0.018525692;-0.011375494;0.34483793
-0.018525692;-0.0093992092;0.34483793
-0.018525692;-0.0093992092;0.34483793
-0.018525692;-0.0093992092;0.33693281
-0.018525692;-0.0093992092;0.33693281
-0.016549407;-0.0093992092;0.33693281
-0.016549407;-0.0093992092;0.33693281
-0.014573122;-0.0093992092;0.33693281
-0.014573122;-0.0093992092;0.33693281
-0.014573122;-0.0093992092;0.34483793
-0.014573122;-0.007422925;0.33693281
-0.012596838;-0.0093992092;0.33693281
-0.012596838;-0.0093992092;0.34483793
-0.012596838;-0.0093992092;0.32902768
-0.012596838;-0.007422925;0.33693281
-0.012596838;-0.0093992092;0.34483793
-0.010620553;-0.0093992092;0.34483793
-0.0086442688;-0.0093992092;0.33693281
-0.0086442688;-0.0093992092;0.33693281
-0.010620553;-0.007422925;0.33693281
-0.0086442688;-0.007422925;0.33693281
-0.0086442688;-0.007422925;0.33693281
-0.0066679842;-0.007422925;0.33693281
-0.0066679842;-0.007422925;0.34483793
-0.0066679842;-0.0054466403;0.33693281
-0.0046916995;-0.007422925;0.34483793
-0.0046916995;-0.007422925;0.33693281
-0.0046916995;-0.007422925;0.33693281
-0.0046916995;-0.007422925;0.34483793
-0.0027154151;-0.007422925;0.33693281
-0.0027154151;-0.007422925;0.34483793
-0.0027154151;-0.007422925;0.33693281
-0.00073913042;-0.007422925;0.33693281
0.0012371541;-0.0054466403;0.34483793
-0.00073913042;-0.007422925;0.34483793
0.0032134387;-0.0054466403;0.33693281
0.0012371541;-0.007422925;0.33693281
0.0051897233;-0.0054466403;0.33693281
0.0032134387;-0.0054466403;0.33693281
0.0051897233;-0.0054466403;0.33693281
0.0051897233;-0.0054466403;0.34483793
0.007166008;-0.0054466403;0.33693281
0.007166008;-0.007422925;0.33693281
0.007166008;-0.0054466403;0.34483793
0.007166008;-0.0054466403;0.34483793
0.011118577;-0.0054466403;0.33693281
0.0091422927;-0.0054466403;0.33693281
0.011118577;-0.0054466403;0.33693281
0.011118577;-0.0054466403;0.32902768
0.011118577;-0.0054466403;0.33693281
0.013094862;-0.0054466403;0.34483793
0.015071146;-0.0054466403;0.33693281
0.015071146;-0.0054466403;0.33693281
0.015071146;-0.0054466403;0.33693281
0.017047431;-0.0054466403;0.33693281
0.017047431;-0.0054466403;0.33693281
0.017047431;-0.0054466403;0.33693281
0.019023715;-0.0054466403;0.33693281
0.021;-0.0054466403;0.33693281
0.021;-0.0034703556;0.33693281
0.021;-0.0054466403;0.33693281
0.021;-0.0054466403;0.34483793
0.022976285;-0.0054466403;0.34483793
0.021;-0.0054466403;0.34483793
0.02495257;-0.0034703556;0.34483793
0.02495257;-0.0034703556;0.34483793
0.026928853;-0.0054466403;0.33693281
0.026928853;-0.0054466403;0.34483793
0.028905138;-0.0034703556;0.33693281
0.028905138;-0.0034703556;0.34483793
0.028905138;-0.0034703556;0.34483793
0.030881424;-0.0034703556;0.34483793
0.030881424;-0.0034703556;0.33693281
0.030881424;-0.0034703556;0.33693281
0.032857709;-0.0034703556;0.34483793
0.032857709;-0.0034703556;0.33693281
0.032857709;-0.0034703556;0.33693281
0.032857709;-0.0034703556;0.34483793
0.034833994;-0.0034703556;0.33693281
0.036810275;-0.0034703556;0.34483793
0.034833994;-0.0034703556;0.33693281
0.03878656;-0.0034703556;0.33693281
0.03878656;-0.0034703556;0.33693281
0.03878656;-0.0034703556;0.34483793
0.040762845;-0.0034703556;0.33693281
0.040762845;-0.0034703556;0.33693281
0.040762845;-0.0034703556;0.33693281
0.042739131;-0.0034703556;0.33693281
0.042739131;-0.0034703556;0.34483793
0.044715416;-0.0034703556;0.33693281
0.044715416;-0.0014940711;0.34483793
0.044715416;-0.0014940711;0.33693281
0.046691701;-0.0034703556;0.34483793
0.046691701;-0.0014940711;0.33693281
0.048667986;-0.0034703556;0.33693281
0.046691701;-0.0014940711;0.33693281
0.050644267;-0.0034703556;0.33693281
0.048667986;-0.0014940711;0.33693281
0.050644267;-0.0014940711;0.33693281
0.050644267;-0.0014940711;0.33693281
0.050644267;-0.0014940711;0.33693281
0.052620552;0.00048221345;0.33693281
0.054596838;0.00048221345;0.34483793
0.054596838;-0.0014940711;0.33693281
0.054596838;-0.0014940711;0.33693281
0.056573123;-0.0014940711;0.34483793
0.054596838;-0.0014940711;0.34483793
0.056573123;-0.0014940711;0.34483793
0.056573123;-0.0014940711;0.33693281
0.056573123;-0.0014940711;0.33693281
0.058549408;-0.0014940711;0.33693281
0.060525693;0.00048221345;0.33693281
0.058549408;0.00048221345;0.33693281
0.058549408;0.00048221345;0.33693281
0.060525693;0.00048221345;0.33693281
0.060525693;0.00048221345;0.34483793
0.060525693;0.00048221345;0.32902768
0.060525693;0.00048221345;0.33693281
0.062501974;0.00048221345;0.34483793
0.062501974;0.00048221345;0.33693281
0.062501974;0.00048221345;0.33693281
0.064478263;0.0024584981;0.33693281
0.066454545;0.00048221345;0.34483793
0.064478263;0.00048221345;0.33693281
0.066454545;0.0024584981;0.33693281
0.066454545;0.0024584981;0.34483793
0.066454545;0.0024584981;0.34483793
0.066454545;0.0024584981;0.33693281
0.066454545;0.0024584981;0.33693281
0.066454545;0.0024584981;0.33693281
0.068430834;0.0024584981;0.33693281
0.068430834;0.0024584981;0.33693281
0.068430834;0.0024584981;0.32902768
0.070407115;0.0024584981;0.33693281
0.070407115;0.0024584981;0.33693281
0.070407115;0.0024584981;0.34483793
0.070407115;0.0024584981;0.34483793
0.072383396;0.0024584981;0.33693281
0.072383396;0.0024584981;0.33693281
0.070407115;0.0024584981;0.33693281
0.072383396;0.0024584981;0.33693281
0.072383396;0.0044347825;0.34483793
0.074359685;0.0044347825;0.33693281
0.074359685;0.0044347825;0.33693281
0.072383396;0.0044347825;0.34483793
0.074359685;0.0024584981;0.34483793
0.074359685;0.0044347825;0.33693281
0.076335967;0.0044347825;0.33693281
0.074359685;0.0044347825;0.33693281
0.078312255;0.0044347825;0.33693281
0.076335967;0.0044347825;0.33693281
0.076335967;0.0044347825;0.33693281
0.076335967;0.0044347825;0.34483793
0.076335967;0.0044347825;0.33693281
0.078312255;0.0044347825;0.34483793
0.076335967;0.0044347825;0.33693281
0.078312255;0.0044347825;0.34483793
0.076335967;0.0064110672;0.34483793
0.078312255;0.0064110672;0.33693281
0.078312255;0.0044347825;0.33693281
0.078312255;0.0064110672;0.33693281
0.076335967;0.0044347825;0.33693281
0.078312255;0.0044347825;0.33693281
0.076335967;0.0064110672;0.33693281
0.078312255;0.0064110672;0.33693281
0.078312255;0.0064110672;0.33693281
0.076335967;0.0064110672;0.33693281
0.078312255;0.0064110672;0.33693281
0.078312255;0.0064110672;0.34483793
0.078312255;0.0064110672;0.33693281
0.078312255;0.0083873514;0.33693281
0.078312255;0.0064110672;0.33693281
0.078312255;0.0064110672;0.33693281
0.076335967;0.0083873514;0.33693281
0.078312255;0.0064110672;0.33693281
0.076335967;0.0083873514;0.33693281
0.078312255;0.0064110672;0.33693281
0.078312255;0.0064110672;0.33693281
0.078312255;0.0064110672;0.33693281
0.076335967;0.0064110672;0.33693281
0.076335967;0.0083873514;0.33693281
0.078312255;0.0083873514;0.33693281
0.076335967;0.0064110672;0.34483793
0.076335967;0.0083873514;0.33693281
0.076335967;0.0083873514;0.34483793
0.076335967;0.010363637;0.33693281
0.076335967;0.0083873514;0.34483793
0.076335967;0.0083873514;0.33693281
0.076335967;0.0083873514;0.34483793
0.074359685;0.0083873514;0.34483793
0.076335967;0.0083873514;0.33693281
0.076335967;0.010363637;0.33693281
0.076335967;0.0083873514;0.33693281
0.076335967;0.010363637;0.33693281
0.074359685;0.010363637;0.33693281
0.074359685;0.010363637;0.33693281
0.074359685;0.0083873514;0.33693281
0.072383396;0.010363637;0.33693281
0.074359685;0.010363637;0.34483793
0.072383396;0.010363637;0.33693281
0.072383396;0.010363637;0.33693281
0.072383396;0.010363637;0.33693281
0.072383396;0.010363637;0.33693281
0.070407115;0.010363637;0.33693281
0.070407115;0.010363637;0.33693281
0.070407115;0.010363637;0.34483793
0.070407115;0.012339921;0.33693281
0.070407115;0.012339921;0.33693281
0.068430834;0.010363637;0.34483793
0.070407115;0.010363637;0.34483793
0.068430834;0.010363637;0.34483793
0.068430834;0.010363637;0.33693281
0.068430834;0.010363637;0.34483793
0.066454545;0.012339921;0.34483793
0.066454545;0.012339921;0.34483793
0.066454545;0.012339921;0.34483793
0.066454545;0.010363637;0.33693281
0.064478263;0.010363637;0.33693281
0.064478263;0.012339921;0.33693281
0.064478263;0.012339921;0.33693281
0.062501974;0.012339921;0.33693281
0.062501974;0.012339921;0.33693281
0.062501974;0.012339921;0.33693281
0.060525693;0.012339921;0.33693281
0.060525693;0.014316206;0.33693281
0.060525693;0.012339921;0.34483793
0.058549408;0.012339921;0.33693281
0.058549408;0.014316206;0.33693281
0.058549408;0.012339921;0.33693281
0.058549408;0.014316206;0.34483793
0.056573123;0.014316206;0.33693281
0.058549408;0.014316206;0.34483793
0.056573123;0.014316206;0.33693281
0.056573123;0.014316206;0.33693281
0.054596838;0.014316206;0.33693281
0.052620552;0.014316206;0.33693281
0.052620552;0.01629249;0.33693281
0.052620552;0.014316206;0.33693281
0.052620552;0.014316206;0.33693281
0.052620552;0.014316206;0.34483793
0.050644267;0.01629249;0.33693281
0.050644267;0.014316206;0.33693281
0.048667986;0.018268775;0.33693281
0.048667986;0.014316206;0.33693281
0.048667986;0.014316206;0.33693281
0.044715416;0.01629249;0.33693281
0.046691701;0.01629249;0.33693281
0.046691701;0.014316206;0.34483793
0.044715416;0.01629249;0.33693281
0.044715416;0.01629249;0.33693281
0.042739131;0.014316206;0.33693281
0.042739131;0.01629249;0.34483793
0.042739131;0.01629249;0.33693281
0.042739131;0.01629249;0.33693281
0.042739131;0.018268775;0.34483793
0.040762845;0.01629249;0.33693281
0.03878656;0.01629249;0.34483793
0.03878656;0.01629249;0.34483793
0.036810275;0.018268775;0.33693281
0.036810275;0.01629249;0.33693281
0.036810275;0.018268775;0.33693281
0.034833994;0.01629249;0.34483793
0.036810275;0.018268775;0.33693281
0.032857709;0.018268775;0.33693281
0.032857709;0.018268775;0.33693281
0.032857709;0.018268775;0.34483793
0.032857709;0.020245058;0.34483793
0.030881424;0.018268775;0.34483793
0.030881424;0.018268775;0.33693281
0.028905138;0.018268775;0.33693281
0.028905138;0.018268775;0.34483793
0.026928853;0.018268775;0.33693281
0.026928853;0.020245058;0.33693281
0.026928853;0.020245058;0.34483793
0.02495257;0.018268775;0.34483793
0.02495257;0.018268775;0.33693281
0.02495257;0.018268775;0.34483793
0.02495257;0.018268775;0.34483793
0.021;0.020245058;0.33693281
0.021;0.020245058;0.33693281
0.022976285;0.020245058;0.33693281
0.021;0.020245058;0.33693281
0.019023715;0.020245058;0.33693281
0.019023715;0.020245058;0.34483793
0.019023715;0.020245058;0.33693281
0.017047431;0.020245058;0.33693281
0.017047431;0.020245058;0.33693281
0.015071146;0.020245058;0.33693281
0.015071146;0.020245058;0.33693281
0.013094862;0.020245058;0.34483793
0.013094862;0.020245058;0.33693281
0.013094862;0.022221344;0.33693281
0.0091422927;0.022221344;0.33693281
0.011118577;0.020245058;0.33693281
0.0091422927;0.022221344;0.34483793
0.0091422927;0.022221344;0.34483793
0.007166008;0.020245058;0.33693281
0.007166008;0.022221344;0.33693281
0.007166008;0.022221344;0.33693281
0.007166008;0.024197629;0.33693281
0.0051897233;0.022221344;0.34483793
0.0051897233;0.022221344;0.34483793
0.0032134387;0.022221344;0.33693281
0.0032134387;0.022221344;0.33693281
0.0012371541;0.022221344;0.33693281
0.0032134387;0.022221344;0.33693281
0.0012371541;0.022221344;0.34483793
-0.00073913042;0.022221344;0.34483793
-0.00073913042;0.022221344;0.34483793
-0.00073913042;0.022221344;0.33693281
-0.0027154151;0.022221344;0.33693281
-0.0046916995;0.022221344;0.33693281
-0.0027154151;0.022221344;0.33693281
-0.0027154151;0.022221344;0.33693281
-0.0066679842;0.024197629;0.33693281
-0.0066679842;0.024197629;0.33693281
-0.0086442688;0.024197629;0.34483793
-0.0066679842;0.024197629;0.34483793
-0.0086442688;0.024197629;0.33693281
-0.0086442688;0.024197629;0.34483793
-0.010620553;0.024197629;0.34483793
-0.010620553;0.024197629;0.33693281
-0.010620553;0.024197629;0.33693281
-0.010620553;0.024197629;0.33693281
-0.012596838;0.024197629;0.34483793
-0.012596838;0.026173914;0.33693281
-0.012596838;0.024197629;0.33693281
-0.012596838;0.024197629;0.33693281
-0.014573122;0.026173914;0.33693281
-0.014573122;0.026173914;0.34483793
-0.014573122;0.026173914;0.33693281
-0.016549407;0.026173914;0.33693281
-0.016549407;0.026173914;0.33693281
-0.018525692;0.026173914;0.34483793
-0.016549407;0.026173914;0.33693281
-0.018525692;0.026173914;0.34483793
-0.018525692;0.026173914;0.33693281
-0.020501977;0.026173914;0.33693281
-0.020501977;0.026173914;0.33693281
-0.020501977;0.026173914;0.34483793
-0.020501977;0.028150197;0.33693281
-0.020501977;0.028150197;0.33693281
-0.02247826;0.028150197;0.33693281
-0.02247826;0.028150197;0.33693281
-0.02247826;0.026173914;0.34483793
-0.02247826;0.028150197;0.33693281
-0.02247826;0.028150197;0.33693281
-0.02247826;0.028150197;0.33693281
-0.024454545;0.030126482;0.33693281
-0.024454545;0.028150197;0.33693281
-0.024454545;0.028150197;0.33693281
-0.024454545;0.028150197;0.33693281
-0.02643083;0.028150197;0.33693281
-0.02643083;0.028150197;0.33693281
-0.02643083;0.028150197;0.33693281
-0.02643083;0.028150197;0.34483793
-0.028407115;0.028150197;0.33693281
-0.02643083;0.028150197;0.33693281
-0.028407115;0.030126482;0.34483793
-0.028407115;0.028150197;0.33693281
-0.028407115;0.030126482;0.34483793
-0.028407115;0.030126482;0.34483793
-0.028407115;0.030126482;0.33693281
-0.030383399;0.028150197;0.33693281
-0.028407115;0.030126482;0.33693281
-0.030383399;0.030126482;0.34483793
-0.032359682;0.028150197;0.33693281
-0.030383399;0.030126482;0.34483793
-0.030383399;0.030126482;0.34483793
-0.032359682;0.032102767;0.34483793
-0.032359682;0.030126482;0.33693281
-0.030383399;0.030126482;0.33693281
-0.032359682;0.032102767;0.33693281
-0.034335967;0.032102767;0.33693281
-0.030383399;0.030126482;0.33693281
-0.032359682;0.032102767;0.33693281
-0.032359682;0.030126482;0.34483793
-0.032359682;0.030126482;0.34483793
-0.032359682;0.032102767;0.34483793
-0.034335967;0.032102767;0.33693281
-0.032359682;0.032102767;0.33693281
-0.032359682;0.032102767;0.34483793
-0.032359682;0.032102767;0.33693281
-0.032359682;0.032102767;0.33693281
-0.032359682;0.032102767;0.33693281
-0.032359682;0.032102767;0.33693281
-0.032359682;0.032102767;0.33693281
-0.034335967;0.032102767;0.33693281
-0.032359682;0.030126482;0.33693281
-0.032359682;0.032102767;0.33693281
-0.032359682;0.032102767;0.34483793
-0.032359682;0.032102767;0.33693281
-0.032359682;0.032102767;0.33693281
-0.032359682;0.034079053;0.34483793
-0.032359682;0.034079053;0.32902768
-0.032359682;0.034079053;0.33693281
-0.030383399;0.034079053;0.34483793
-0.030383399;0.034079053;0.33693281
-0.032359682;0.034079053;0.33693281
-0.032359682;0.034079053;0.33693281
-0.030383399;0.034079053;0.33693281
-0.030383399;0.034079053;0.34483793
-0.030383399;0.034079053;0.33693281
-0.030383399;0.034079053;0.33693281
-0.030383399;0.034079053;0.33693281
-0.030383399;0.034079053;0.33693281
-0.030383399;0.034079053;0.33693281
-0.030383399;0.034079053;0.33693281
-0.030383399;0.034079053;0.33693281
-0.030383399;0.036055338;0.34483793
-0.030383399;0.036055338;0.33693281
-0.028407115;0.034079053;0.33693281
-0.028407115;0.036055338;0.33693281
-0.028407115;0.036055338;0.33693281
-0.02643083;0.036055338;0.34483793
-0.028407115;0.036055338;0.34483793
-0.028407115;0.036055338;0.33693281
-0.028407115;0.036055338;0.33693281
-0.028407115;0.036055338;0.33693281
-0.02643083;0.036055338;0.33693281
-0.024454545;0.036055338;0.33693281
-0.02643083;0.038031619;0.33693281
-0.024454545;0.038031619;0.33693281
-0.02643083;0.036055338;0.33693281
-0.024454545;0.036055338;0.33693281
-0.024454545;0.038031619;0.34483793
-0.02247826;0.036055338;0.33693281
-0.02247826;0.038031619;0.33693281
-0.02247826;0.038031619;0.34483793
-0.020501977;0.038031619;0.34483793
-0.020501977;0.038031619;0.33693281
-0.020501977;0.036055338;0.33693281
-0.018525692;0.038031619;0.33693281
-0.018525692;0.036055338;0.33693281
-0.020501977;0.038031619;0.34483793
-0.018525692;0.036055338;0.33693281
-0.018525692;0.038031619;0.33693281
-0.016549407;0.038031619;0.34483793
-0.016549407;0.038031619;0.33693281
-0.014573122;0.038031619;0.33693281
-0.014573122;0.038031619;0.33693281
-0.014573122;0.038031619;0.34483793
-0.014573122;0.038031619;0.34483793
-0.014573122;0.040007904;0.34483793
-0.012596838;0.038031619;0.34483793
-0.012596838;0.040007904;0.32902768
-0.012596838;0.040007904;0.34483793
-0.012596838;0.038031619;0.33693281
-0.010620553;0.040007904;0.33693281
-0.010620553;0.040007904;0.33693281
-0.0086442688;0.040007904;0.33693281
-0.0086442688;0.040007904;0.33693281
-0.0086442688;0.040007904;0.33693281
-0.0086442688;0.040007904;0.33693281
-0.0066679842;0.040007904;0.33693281
-0.0066679842;0.040007904;0.34483793
-0.0066679842;0.040007904;0.33693281
-0.0066679842;0.040007904;0.33693281
-0.0046916995;0.040007904;0.33693281
-0.0027154151;0.040007904;0.33693281
-0.0027154151;0.040007904;0.34483793
-0.0027154151;0.040007904;0.33693281
-0.0027154151;0.040007904;0.33693281
-0.00073913042;0.040007904;0.33693281
-0.00073913042;0.040007904;0.33693281
-0.00073913042;0.041984189;0.34483793
0.0012371541;0.041984189;0.33693281
0.0032134387;0.041984189;0.34483793
0.0032134387;0.041984189;0.34483793
0.0032134387;0.041984189;0.33693281
0.0032134387;0.041984189;0.33693281
0.0051897233;0.041984189;0.33693281
0.007166008;0.041984189;0.33693281
0.007166008;0.041984189;0.33693281
0.007166008;0.041984189;0.33693281
0.0091422927;0.041984189;0.34483793
0.0091422927;0.041984189;0.33693281
0.0091422927;0.041984189;0.33693281
0.0091422927;0.041984189;0.33693281
0.011118577;0.041984189;0.33693281
0.011118577;0.041984189;0.33693281
0.013094862;0.041984189;0.34483793
0.013094862;0.041984189;0.33693281
0.015071146;0.043960474;0.34483793
0.015071146;0.041984189;0.33693281
0.015071146;0.043960474;0.33693281
0.017047431;0.041984189;0.34483793
0.017047431;0.043960474;0.33693281
0.017047431;0.043960474;0.33693281
0.019023715;0.043960474;0.34483793
0.021;0.043960474;0.34483793
0.019023715;0.043960474;0.33693281
0.021;0.043960474;0.34483793
0.021;0.043960474;0.34483793
0.022976285;0.043960474;0.33693281
0.022976285;0.04593676;0.33693281
0.02495257;0.043960474;0.34483793
0.02495257;0.043960474;0.33693281
0.026928853;0.043960474;0.33693281
0.026928853;0.043960474;0.34483793
0.028905138;0.043960474;0.33693281
0.028905138;0.043960474;0.33693281
0.030881424;0.043960474;0.34483793
0.028905138;0.043960474;0.33693281
0.030881424;0.043960474;0.33693281
0.032857709;0.04593676;0.33693281
0.032857709;0.04593676;0.34483793
0.032857709;0.04593676;0.33693281
0.034833994;0.043960474;0.32902768
0.034833994;0.04593676;0.33693281
0.034833994;0.04593676;0.33693281
0.036810275;0.04593676;0.33693281
0.036810275;0.043960474;0.33693281
0.03878656;0.04593676;0.34483793
0.03878656;0.04593676;0.33693281
0.03878656;0.04593676;0.34483793
0.040762845;0.04593676;0.33693281
0.040762845;0.047913045;0.34483793
0.040762845;0.04593676;0.33693281
0.042739131;0.04593676;0.33693281
0.042739131;0.047913045;0.33693281
0.042739131;0.047913045;0.33693281
0.044715416;0.047913045;0.33693281
0.044715416;0.047913045;0.33693281
0.044715416;0.047913045;0.33693281
0.048667986;0.047913045;0.33693281
0.046691701;0.047913045;0.33693281
0.048667986;0.047913045;0.33693281
0.048667986;0.047913045;0.33693281
0.048667986;0.047913045;0.33693281
0.050644267;0.047913045;0.33693281
0.050644267;0.047913045;0.33693281
0.052620552;0.04593676;0.33693281
0.050644267;0.04988933;0.33693281
0.054596838;0.047913045;0.33693281
0.054596838;0.047913045;0.33693281
0.054596838;0.04988933;0.33693281
0.054596838;0.047913045;0.33693281
0.054596838;0.047913045;0.33693281
0.056573123;0.04988933;0.33693281
0.056573123;0.04988933;0.33693281
0.056573123;0.047913045;0.33693281
0.058549408;0.04988933;0.33693281
0.058549408;0.04988933;0.33693281
0.060525693;0.04988933;0.33693281
0.060525693;0.04988933;0.33693281
0.060525693;0.04988933;0.33693281
0.060525693;0.04988933;0.33693281
0.060525693;0.047913045;0.33693281
0.062501974;0.04988933;0.33693281
0.062501974;0.04988933;0.33693281
0.062501974;0.04988933;0.34483793
0.062501974;0.04988933;0.33693281
0.064478263;0.051865611;0.33693281
0.064478263;0.04988933;0.34483793
0.066454545;0.04988933;0.33693281
0.066454545;0.051865611;0.33693281
0.064478263;0.04988933;0.34483793
0.066454545;0.04988933;0.33693281
0.068430834;0.04988933;0.33693281
0.066454545;0.051865611;0.33693281
0.070407115;0.051865611;0.33693281
0.070407115;0.04988933;0.34483793
0.068430834;0.051865611;0.34483793
0.070407115;0.04988933;0.33693281
0.070407115;0.051865611;0.33693281
0.070407115;0.051865611;0.33693281
0.070407115;0.051865611;0.34483793
0.070407115;0.051865611;0.33693281
0.072383396;0.051865611;0.34483793
0.072383396;0.051865611;0.33693281
0.072383396;0.051865611;0.33693281
0.072383396;0.053841896;0.33693281
0.074359685;0.051865611;0.33693281
0.072383396;0.051865611;0.32902768
0.072383396;0.051865611;0.33693281
0.074359685;0.051865611;0.33693281
0.076335967;0.051865611;0.33693281
0.074359685;0.051865611;0.33693281
0.074359685;0.053841896;0.33693281
0.076335967;0.051865611;0.33693281
0.076335967;0.051865611;0.34483793
0.076335967;0.053841896;0.34483793
0.076335967;0.053841896;0.34483793
0.076335967;0.053841896;0.34483793
0.076335967;0.053841896;0.33693281
0.078312255;0.053841896;0.33693281
0.076335967;0.053841896;0.34483793
0.076335967;0.051865611;0.34483793
0.078312255;0.053841896;0.34483793
0.078312255;0.053841896;0.33693281
0.078312255;0.053841896;0.33693281
0.078312255;0.053841896;0.33693281
0.076335967;0.053841896;0.34483793
0.078312255;0.053841896;0.33693281
0.076335967;0.053841896;0.33693281
0.076335967;0.053841896;0.33693281
0.078312255;0.053841896;0.33693281
0.078312255;0.053841896;0.33693281
0.078312255;0.055818181;0.33693281
0.080288537;0.055818181;0.33693281
0.078312255;0.053841896;0.33693281
0.078312255;0.053841896;0.33693281
0.078312255;0.053841896;0.33693281
0.078312255;0.055818181;0.34483793
0.078312255;0.053841896;0.33693281
0.078312255;0.053841896;0.33693281
0.078312255;0.053841896;0.33693281
0.078312255;0.053841896;0.33693281
0.076335967;0.053841896;0.33693281
0.078312255;0.055818181;0.33693281
0.078312255;0.055818181;0.33693281
0.076335967;0.055818181;0.34483793
0.076335967;0.055818181;0.33693281
0.078312255;0.053841896;0.33693281
0.076335967;0.055818181;0.33693281
0.076335967;0.057794467;0.34483793
0.076335967;0.057794467;0.33693281
0.076335967;0.057794467;0.33693281
0.076335967;0.055818181;0.33693281
0.076335967;0.055818181;0.33693281
0.076335967;0.055818181;0.33693281
0.076335967;0.055818181;0.33693281
0.074359685;0.055818181;0.32902768
0.074359685;0.057794467;0.33693281
0.074359685;0.055818181;0.33693281
0.074359685;0.057794467;0.33693281
0.074359685;0.055818181;0.33693281
0.074359685;0.057794467;0.33693281
0.074359685;0.059770752;0.34483793
0.072383396;0.057794467;0.34483793
0.072383396;0.057794467;0.34483793
0.072383396;0.057794467;0.33693281
0.072383396;0.057794467;0.33693281
0.072383396;0.057794467;0.34483793
0.070407115;0.057794467;0.33693281
0.070407115;0.055818181;0.33693281
0.070407115;0.057794467;0.33693281
0.070407115;0.057794467;0.33693281
0.068430834;0.057794467;0.33693281
0.068430834;0.057794467;0.33693281
0.068430834;0.057794467;0.33693281
0.068430834;0.057794467;0.33693281
0.068430834;0.057794467;0.33693281
0.066454545;0.057794467;0.33693281
0.066454545;0.057794467;0.33693281
0.064478263;0.059770752;0.34483793
0.066454545;0.057794467;0.34483793
0.064478263;0.059770752;0.34483793
0.064478263;0.057794467;0.33693281
0.062501974;0.059770752;0.33693281
0.062501974;0.057794467;0.33693281
0.062501974;0.059770752;0.33693281
0.062501974;0.059770752;0.33693281
0.062501974;0.057794467;0.33693281
0.060525693;0.057794467;0.33693281
0.060525693;0.059770752;0.33693281
0.060525693;0.057794467;0.33693281
0.058549408;0.057794467;0.33693281
0.058549408;0.057794467;0.33693281
0.058549408;0.057794467;0.33693281
0.058549408;0.059770752;0.33693281
0.056573123;0.057794467;0.33693281
0.054596838;0.059770752;0.34483793
0.054596838;0.059770752;0.33693281
0.054596838;0.057794467;0.33693281
0.052620552;0.059770752;0.34483793
0.052620552;0.059770752;0.33693281
0.052620552;0.059770752;0.33693281
0.050644267;0.059770752;0.33693281
0.050644267;0.059770752;0.33693281
0.050644267;0.059770752;0.33693281
0.050644267;0.061747037;0.33693281
0.048667986;0.059770752;0.33693281
0.046691701;0.061747037;0.34483793
0.046691701;0.061747037;0.34483793
0.046691701;0.061747037;0.33693281
0.046691701;0.059770752;0.34483793
0.046691701;0.061747037;0.33693281
0.044715416;0.061747037;0.33693281
0.044715416;0.061747037;0.33693281
0.042739131;0.061747037;0.33693281
0.042739131;0.061747037;0.33693281
0.040762845;0.059770752;0.33693281
0.040762845;0.061747037;0.33693281
0.040762845;0.061747037;0.33693281
0.040762845;0.061747037;0.33693281
0.03878656;0.061747037;0.33693281
0.03878656;0.061747037;0.34483793
0.03878656;0.061747037;0.33693281
0.036810275;0.061747037;0.34483793
0.036810275;0.061747037;0.33693281
0.034833994;0.061747037;0.34483793
0.032857709;0.061747037;0.33693281
0.032857709;0.061747037;0.33693281
0.032857709;0.061747037;0.33693281
0.030881424;0.061747037;0.33693281
0.030881424;0.061747037;0.34483793
0.030881424;0.061747037;0.33693281
0.028905138;0.061747037;0.33693281
0.028905138;0.061747037;0.33693281
0.028905138;0.061747037;0.34483793
0.028905138;0.061747037;0.33693281
0.026928853;0.061747037;0.33693281
0.02495257;0.063723318;0.33693281
0.02495257;0.061747037;0.34483793
0.02495257;0.061747037;0.33693281
0.02495257;0.061747037;0.33693281
0.022976285;0.061747037;0.33693281
0.021;0.061747037;0.34483793
0.021;0.061747037;0.33693281
0.021;0.063723318;0.33693281
0.019023715;0.061747037;0.34483793
0.019023715;0.063723318;0.33693281
0.017047431;0.061747037;0.33693281
0.017047431;0.061747037;0.33693281
0.017047431;0.063723318;0.33693281
0.017047431;0.063723318;0.33693281
0.015071146;0.061747037;0.33693281
0.015071146;0.063723318;0.33693281
0.013094862;0.063723318;0.33693281
0.015071146;0.061747037;0.33693281
0.011118577;0.063723318;0.33693281
0.013094862;0.063723318;0.33693281
0.011118577;0.063723318;0.34483793
0.0091422927;0.063723318;0.33693281
0.0091422927;0.065699607;0.34483793
0.007166008;0.063723318;0.33693281
0.007166008;0.063723318;0.34483793
0.007166008;0.063723318;0.33693281
0.0051897233;0.063723318;0.33693281
0.0032134387;0.063723318;0.33693281
0.0051897233;0.063723318;0.33693281
0.0032134387;0.063723318;0.33693281
0.0032134387;0.063723318;0.33693281
0.0012371541;0.065699607;0.33693281
-0.00073913042;0.065699607;0.33693281
-0.00073913042;0.063723318;0.33693281
-0.00073913042;0.065699607;0.33693281
-0.00073913042;0.063723318;0.33693281
-0.0027154151;0.063723318;0.34483793
-0.0027154151;0.065699607;0.33693281
-0.0027154151;0.065699607;0.33693281
-0.0046916995;0.065699607;0.33693281
-0.0066679842;0.063723318;0.33693281
-0.0066679842;0.063723318;0.33693281
-0.0066679842;0.063723318;0.33693281
-0.0066679842;0.065699607;0.33693281
-0.0066679842;0.065699607;0.33693281
-0.0086442688;0.065699607;0.32902768
-0.0086442688;0.063723318;0.34483793
-0.010620553;0.063723318;0.33693281
-0.010620553;0.065699607;0.34483793
-0.010620553;0.065699607;0.33693281
-0.012596838;0.065699607;0.33693281
-0.012596838;0.065699607;0.33693281
-0.012596838;0.065699607;0.33693281
-0.012596838;0.065699607;0.33693281
-0.014573122;0.065699607;0.34483793
-0.014573122;0.065699607;0.34483793
-0.014573122;0.065699607;0.33693281
-0.016549407;0.065699607;0.33693281
-0.016549407;0.065699607;0.33693281
-0.016549407;0.065699607;0.33693281
-0.016549407;0.065699607;0.33693281
-0.018525692;0.065699607;0.33693281
-0.018525692;0.065699607;0.33693281
-0.016549407;0.067675889;0.33693281
-0.018525692;0.065699607;0.33693281
-0.020501977;0.065699607;0.33693281
-0.020501977;0.065699607;0.33693281
-0.020501977;0.067675889;0.34483793
-0.020501977;0.065699607;0.33693281
-0.020501977;0.065699607;0.33693281
-0.02247826;0.065699607;0.33693281
-0.02247826;0.067675889;0.34483793
-0.02247826;0.065699607;0.33693281
-0.024454545;0.065699607;0.33693281
-0.024454545;0.065699607;0.32902768
-0.024454545;0.065699607;0.33693281
-0.02643083;0.065699607;0.33693281
-0.02643083;0.065699607;0.33693281
-0.024454545;0.067675889;0.33693281
-0.02643083;0.067675889;0.33693281
-0.02643083;0.067675889;0.33693281
-0.02643083;0.065699607;0.33693281
-0.028407115;0.067675889;0.33693281
-0.028407115;0.065699607;0.34483793
-0.028407115;0.067675889;0.33693281
-0.028407115;0.065699607;0.33693281
-0.030383399;0.065699607;0.33693281
-0.030383399;0.065699607;0.33693281
-0.028407115;0.065699607;0.33693281
-0.028407115;0.067675889;0.33693281
-0.028407115;0.067675889;0.33693281
-0.030383399;0.065699607;0.33693281
-0.030383399;0.067675889;0.33693281
-0.030383399;0.067675889;0.33693281
-0.030383399;0.067675889;0.33693281
-0.030383399;0.067675889;0.33693281
-0.030383399;0.067675889;0.33693281
-0.032359682;0.067675889;0.33693281
-0.030383399;0.067675889;0.33693281
-0.030383399;0.067675889;0.33693281
-0.030383399;0.067675889;0.33693281
-0.032359682;0.067675889;0.33693281
-0.034335967;0.067675889;0.33693281
-0.030383399;0.067675889;0.34483793
-0.032359682;0.067675889;0.33693281
-0.032359682;0.067675889;0.34483793
-0.032359682;0.067675889;0.33693281
-0.034335967;0.067675889;0.33693281
-0.032359682;0.067675889;0.34483793
-0.034335967;0.067675889;0.33693281
-0.032359682;0.067675889;0.33693281
-0.034335967;0.067675889;0.34483793
-0.032359682;0.067675889;0.33693281
-0.032359682;0.067675889;0.33693281
-0.034335967;0.067675889;0.33693281
-0.032359682;0.067675889;0.34483793
-0.032359682;0.067675889;0.34483793
-0.032359682;0.067675889;0.33693281
-0.032359682;0.067675889;0.33693281
-0.032359682;0.067675889;0.34483793
-0.032359682;0.067675889;0.33693281
-0.032359682;0.067675889;0.33693281
-0.032359682;0.067675889;0.33693281
-0.030383399;0.067675889;0.33693281
-0.030383399;0.067675889;0.33693281
-0.030383399;0.067675889;0.33693281
-0.030383399;0.067675889;0.33693281
-0.030383399;0.067675889;0.33693281
-0.030383399;0.067675889;0.33693281
-0.032359682;0.067675889;0.34483793
-0.030383399;0.067675889;0.33693281
-0.030383399;0.067675889;0.34483793
-0.030383399;0.069652177;0.33693281
-0.030383399;0.067675889;0.33693281
-0.030383399;0.067675889;0.33693281
-0.028407115;0.067675889;0.33693281
-0.030383399;0.067675889;0.33693281
-0.028407115;0.067675889;0.33693281
-0.028407115;0.067675889;0.33693281
-0.030383399;0.067675889;0.33693281
-0.028407115;0.067675889;0.33693281
-0.028407115;0.067675889;0.34483793
-0.02643083;0.067675889;0.33693281
-0.02643083;0.067675889;0.33693281
-0.02643083;0.067675889;0.33693281
-0.02643083;0.067675889;0.33693281
-0.024454545;0.069652177;0.33693281
-0.024454545;0.067675889;0.33693281
-0.024454545;0.067675889;0.34483793
-0.024454545;0.069652177;0.33693281
-0.024454545;0.067675889;0.34483793
-0.024454545;0.067675889;0.34483793
-0.02247826;0.067675889;0.33693281
-0.02247826;0.069652177;0.32902768
-0.02247826;0.069652177;0.34483793
-0.020501977;0.069652177;0.33693281
-0.020501977;0.069652177;0.33693281
-0.020501977;0.069652177;0.33693281
-0.020501977;0.069652177;0.33693281
-0.020501977;0.069652177;0.33693281
-0.018525692;0.067675889;0.34483793
-0.016549407;0.067675889;0.33693281
-0.016549407;0.069652177;0.34483793
-0.016549407;0.067675889;0.33693281
-0.016549407;0.067675889;0.33693281
-0.014573122;0.067675889;0.33693281
-0.014573122;0.067675889;0.33693281
-0.014573122;0.067675889;0.34483793
-0.014573122;0.069652177;0.34483793
-0.012596838;0.067675889;0.33693281
-0.014573122;0.067675889;0.33693281
-0.012596838;0.069652177;0.33693281
-0.012596838;0.067675889;0.33693281
-0.010620553;0.069652177;0.33693281
-0.010620553;0.069652177;0.33693281
-0.012596838;0.069652177;0.33693281
-0.010620553;0.069652177;0.34483793
-0.0086442688;0.067675889;0.34483793
-0.0086442688;0.069652177;0.33693281
-0.0086442688;0.069652177;0.34483793
-0.0066679842;0.069652177;0.33693281
-0.0066679842;0.069652177;0.33693281
-0.0066679842;0.069652177;0.34483793
-0.0046916995;0.067675889;0.34483793
-0.0046916995;0.067675889;0.33693281
-0.0046916995;0.069652177;0.33693281
-0.0027154151;0.069652177;0.33693281
-0.0027154151;0.069652177;0.34483793
-0.00073913042;0.069652177;0.33693281
-0.0027154151;0.069652177;0.33693281
-0.00073913042;0.069652177;0.34483793
-0.00073913042;0.069652177;0.33693281
-0.00073913042;0.069652177;0.34483793
0.0032134387;0.071628459;0.33693281
0.0032134387;0.069652177;0.34483793
0.0032134387;0.069652177;0.33693281
0.0032134387;0.069652177;0.33693281
0.0051897233;0.069652177;0.33693281
0.007166008;0.069652177;0.32902768
0.007166008;0.069652177;0.33693281
0.007166008;0.067675889;0.33693281
0.0091422927;0.069652177;0.33693281
0.0091422927;0.067675889;0.33693281
0.0091422927;0.069652177;0.33693281
0.011118577;0.069652177;0.32902768
0.013094862;0.069652177;0.34483793
0.013094862;0.069652177;0.33693281
0.013094862;0.069652177;0.34483793
0.013094862;0.069652177;0.33693281
0.017047431;0.069652177;0.33693281
0.017047431;0.067675889;0.33693281
0.017047431;0.069652177;0.34483793
0.017047431;0.069652177;0.32902768
0.017047431;0.069652177;0.33693281
0.019023715;0.067675889;0.34483793
0.019023715;0.069652177;0.33693281
0.021;0.067675889;0.33693281
0.021;0.069652177;0.34483793
0.021;0.067675889;0.33693281
0.022976285;0.069652177;0.33693281
0.022976285;0.069652177;0.33693281
0.022976285;0.069652177;0.34483793
0.02495257;0.069652177;0.33693281
0.026928853;0.069652177;0.33693281
0.026928853;0.067675889;0.33693281
0.028905138;0.067675889;0.34483793
0.028905138;0.069652177;0.33693281
0.028905138;0.067675889;0.33693281
0.030881424;0.067675889;0.33693281
0.030881424;0.069652177;0.33693281
0.030881424;0.067675889;0.33693281
0.032857709;0.067675889;0.33693281
0.032857709;0.069652177;0.33693281
0.032857709;0.067675889;0.33693281
0.034833994;0.069652177;0.33693281
0.036810275;0.069652177;0.33693281
0.036810275;0.069652177;0.33693281
0.036810275;0.069652177;0.33693281
0.03878656;0.067675889;0.33693281
0.03878656;0.069652177;0.34483793
0.03878656;0.069652177;0.33693281
0.040762845;0.067675889;0.33693281
0.040762845;0.067675889;0.33693281
0.042739131;0.069652177;0.34483793
0.040762845;0.069652177;0.34483793
0.042739131;0.069652177;0.33693281
0.042739131;0.069652177;0.32902768
0.046691701;0.067675889;0.33693281
0.046691701;0.069652177;0.33693281
0.046691701;0.069652177;0.34483793
0.046691701;0.069652177;0.34483793
0.046691701;0.069652177;0.33693281
0.048667986;0.069652177;0.34483793
0.048667986;0.069652177;0.33693281
0.050644267;0.069652177;0.33693281
0.050644267;0.067675889;0.33693281
0.050644267;0.067675889;0.33693281
0.052620552;0.067675889;0.34483793
0.052620552;0.069652177;0.33693281
0.052620552;0.067675889;0.34483793
0.054596838;0.067675889;0.34483793
0.052620552;0.067675889;0.33693281
0.056573123;0.069652177;0.33693281
0.054596838;0.067675889;0.33693281
0.054596838;0.067675889;0.33693281
0.056573123;0.067675889;0.33693281
0.056573123;0.067675889;0.33693281
0.058549408;0.067675889;0.33693281
0.058549408;0.067675889;0.33693281
0.060525693;0.067675889;0.33693281
0.058549408;0.069652177;0.33693281
0.058549408;0.067675889;0.33693281
0.060525693;0.067675889;0.33693281
0.062501974;0.067675889;0.32902768
0.062501974;0.067675889;0.33693281
0.062501974;0.067675889;0.33693281
0.062501974;0.067675889;0.33693281
0.064478263;0.067675889;0.33693281
0.064478263;0.067675889;0.33693281
0.066454545;0.069652177;0.33693281
0.064478263;0.069652177;0.33693281
0.064478263;0.067675889;0.33693281
0.066454545;0.069652177;0.34483793
0.066454545;0.067675889;0.34483793
0.066454545;0.067675889;0.33693281
0.068430834;0.067675889;0.33693281
0.068430834;0.069652177;0.33693281
0.068430834;0.069652177;0.32902768
0.068430834;0.069652177;0.34483793
0.068430834;0.067675889;0.33693281
0.070407115;0.067675889;0.33693281
0.070407115;0.069652177;0.32902768
0.072383396;0.067675889;0.33693281
0.072383396;0.067675889;0.34483793
0.072383396;0.069652177;0.33693281
0.072383396;0.067675889;0.34483793
0.074359685;0.067675889;0.33693281
0.074359685;0.067675889;0.33693281
0.072383396;0.067675889;0.33693281
0.072383396;0.067675889;0.33693281
0.074359685;0.069652177;0.33693281
0.074359685;0.069652177;0.34483793
0.076335967;0.067675889;0.33693281
0.074359685;0.069652177;0.33693281
0.076335967;0.067675889;0.34483793
0.076335967;0.067675889;0.33693281
0.076335967;0.067675889;0.34483793
0.076335967;0.067675889;0.33693281
0.076335967;0.065699607;0.34483793
0.076335967;0.067675889;0.34483793
0.076335967;0.067675889;0.33693281
0.076335967;0.067675889;0.33693281
0.076335967;0.069652177;0.34483793
0.076335967;0.067675889;0.33693281
0.076335967;0.067675889;0.34483793
0.078312255;0.067675889;0.33693281
0.078312255;0.065699607;0.33693281
0.076335967;0.067675889;0.33693281
0.076335967;0.067675889;0.33693281
0.078312255;0.067675889;0.33693281
0.078312255;0.067675889;0.34483793
0.078312255;0.067675889;0.33693281
0.078312255;0.067675889;0.34483793
0.078312255;0.067675889;0.34483793
0.078312255;0.067675889;0.33693281
0.078312255;0.067675889;0.33693281
0.078312255;0.065699607;0.33693281
0.078312255;0.067675889;0.32902768
0.078312255;0.067675889;0.33693281
0.078312255;0.067675889;0.33693281
0.078312255;0.067675889;0.33693281
0.078312255;0.067675889;0.33693281
0.076335967;0.067675889;0.33693281
0.076335967;0.067675889;0.34483793
0.076335967;0.067675889;0.34483793
0.078312255;0.067675889;0.33693281
0.078312255;0.067675889;0.34483793
0.076335967;0.067675889;0.34483793
0.076335967;0.067675889;0.34483793
0.076335967;0.067675889;0.33693281
0.076335967;0.067675889;0.33693281
0.076335967;0.067675889;0.33693281
0.076335967;0.065699607;0.33693281
0.076335967;0.067675889;0.33693281
0.076335967;0.067675889;0.33693281
0.076335967;0.067675889;0.32902768
0.076335967;0.065699607;0.32902768
0.074359685;0.065699607;0.34483793
0.076335967;0.067675889;0.33693281
0.074359685;0.065699607;0.33693281
0.074359685;0.067675889;0.34483793
0.074359685;0.067675889;0.33693281
0.074359685;0.065699607;0.33693281
0.074359685;0.065699607;0.33693281
0.074359685;0.065699607;0.32902768
0.072383396;0.065699607;0.33693281
0.074359685;0.067675889;0.33693281
0.072383396;0.067675889;0.33693281
0.072383396;0.065699607;0.33693281
0.072383396;0.065699607;0.33693281
0.072383396;0.065699607;0.33693281
0.070407115;0.065699607;0.34483793
0.070407115;0.067675889;0.33693281
0.070407115;0.065699607;0.33693281
0.068430834;0.065699607;0.33693281
0.068430834;0.065699607;0.33693281
0.068430834;0.065699607;0.33693281
0.068430834;0.065699607;0.34483793
0.066454545;0.065699607;0.34483793
0.068430834;0.063723318;0.33693281
0.066454545;0.065699607;0.33693281
0.066454545;0.065699607;0.33693281
0.064478263;0.065699607;0.33693281
0.064478263;0.065699607;0.33693281
0.064478263;0.065699607;0.33693281
0.064478263;0.065699607;0.33693281
0.062501974;0.065699607;0.33693281
0.062501974;0.065699607;0.33693281
0.060525693;0.065699607;0.33693281
0.060525693;0.065699607;0.34483793
0.060525693;0.065699607;0.34483793
0.060525693;0.063723318;0.33693281
0.058549408;0.065699607;0.33693281
0.058549408;0.063723318;0.33693281
0.058549408;0.065699607;0.33693281
0.058549408;0.063723318;0.34483793
0.056573123;0.065699607;0.33693281
0.056573123;0.065699607;0.34483793
0.056573123;0.065699607;0.33693281
0.054596838;0.065699607;0.34483793
0.054596838;0.065699607;0.33693281
0.054596838;0.065699607;0.33693281
0.052620552;0.063723318;0.33693281
0.052620552;0.063723318;0.33693281
0.050644267;0.063723318;0.34483793
0.050644267;0.063723318;0.33693281
0.050644267;0.063723318;0.33693281
0.048667986;0.063723318;0.33693281
0.048667986;0.065699607;0.33693281
0.048667986;0.063723318;0.33693281
0.046691701;0.065699607;0.33693281
0.048667986;0.063723318;0.34483793
0.046691701;0.065699607;0.33693281
0.044715416;0.063723318;0.34483793
0.044715416;0.063723318;0.33693281
0.042739131;0.063723318;0.33693281
0.042739131;0.063723318;0.33693281
0.042739131;0.065699607;0.34483793
0.040762845;0.065699607;0.33693281
0.040762845;0.063723318;0.33693281
0.03878656;0.063723318;0.33693281
0.03878656;0.063723318;0.32902768
0.03878656;0.063723318;0.33693281
0.036810275;0.063723318;0.33693281
0.034833994;0.065699607;0.34483793
0.036810275;0.063723318;0.33693281
0.034833994;0.063723318;0.34483793
0.034833994;0.063723318;0.34483793
0.032857709;0.063723318;0.33693281
0.032857709;0.063723318;0.33693281
0.032857709;0.061747037;0.34483793
0.030881424;0.061747037;0.33693281
0.030881424;0.063723318;0.32902768
0.028905138;0.063723318;0.33693281
0.028905138;0.063723318;0.33693281
0.028905138;0.061747037;0.33693281
0.026928853;0.061747037;0.33693281
0.026928853;0.063723318;0.33693281
0.02495257;0.061747037;0.34483793
0.02495257;0.063723318;0.33693281
0.02495257;0.061747037;0.33693281
0.022976285;0.063723318;0.33693281
0.021;0.061747037;0.33693281
0.022976285;0.061747037;0.33693281
0.021;0.063723318;0.33693281
0.021;0.061747037;0.33693281
0.019023715;0.061747037;0.33693281
0.019023715;0.061747037;0.34483793
0.019023715;0.061747037;0.33693281
0.017047431;0.061747037;0.34483793
0.017047431;0.061747037;0.34483793
0.015071146;0.061747037;0.33693281
0.015071146;0.061747037;0.33693281
0.015071146;0.061747037;0.33693281
0.015071146;0.061747037;0.33693281
0.011118577;0.061747037;0.33693281
0.011118577;0.061747037;0.33693281
0.0091422927;0.061747037;0.33693281
0.011118577;0.061747037;0.34483793
0.0091422927;0.061747037;0.33693281
0.007166008;0.059770752;0.33693281
0.007166008;0.061747037;0.34483793
0.007166008;0.059770752;0.33693281
0.0051897233;0.059770752;0.33693281
0.0051897233;0.061747037;0.34483793
0.0051897233;0.059770752;0.33693281
0.0051897233;0.061747037;0.33693281
0.0032134387;0.059770752;0.33693281
0.0012371541;0.059770752;0.33693281
0.0012371541;0.059770752;0.33693281
-0.00073913042;0.059770752;0.33693281
0.0012371541;0.059770752;0.34483793
0.0012371541;0.059770752;0.33693281
-0.00073913042;0.059770752;0.33693281
-0.0027154151;0.059770752;0.33693281
-0.0027154151;0.059770752;0.33693281
-0.0046916995;0.061747037;0.33693281
-0.0027154151;0.059770752;0.33693281
-0.0046916995;0.059770752;0.34483793
-0.0046916995;0.059770752;0.34483793
-0.0066679842;0.059770752;0.33693281
-0.0086442688;0.059770752;0.33693281
-0.0066679842;0.057794467;0.33693281
-0.0086442688;0.059770752;0.33693281
-0.0086442688;0.059770752;0.33693281
-0.010620553;0.059770752;0.33693281
-0.0086442688;0.059770752;0.33693281
-0.0086442688;0.059770752;0.33693281
-0.010620553;0.059770752;0.32902768
-0.012596838;0.057794467;0.33693281
-0.012596838;0.057794467;0.33693281
-0.012596838;0.059770752;0.33693281
-0.014573122;0.059770752;0.33693281
-0.014573122;0.057794467;0.33693281
-0.016549407;0.057794467;0.32902768
-0.014573122;0.057794467;0.34483793
-0.016549407;0.057794467;0.33693281
-0.016549407;0.059770752;0.33693281
-0.018525692;0.057794467;0.33693281
-0.016549407;0.059770752;0.33693281
-0.020501977;0.059770752;0.33693281
-0.018525692;0.057794467;0.33693281
-0.020501977;0.057794467;0.33693281
-0.020501977;0.057794467;0.34483793
-0.020501977;0.057794467;0.34483793
-0.020501977;0.057794467;0.33693281
-0.02247826;0.057794467;0.33693281
-0.02247826;0.057794467;0.33693281
-0.02247826;0.057794467;0.33693281
-0.024454545;0.057794467;0.33693281
-0.024454545;0.057794467;0.33693281
-0.024454545;0.055818181;0.33693281
-0.024454545;0.057794467;0.33693281
-0.024454545;0.057794467;0.33693281
-0.024454545;0.057794467;0.33693281
-0.02643083;0.057794467;0.33693281
-0.02643083;0.055818181;0.33693281
-0.024454545;0.055818181;0.33693281
-0.02643083;0.057794467;0.33693281
-0.028407115;0.055818181;0.33693281
-0.02643083;0.055818181;0.34483793
-0.028407115;0.055818181;0.33693281
-0.02643083;0.055818181;0.33693281
-0.028407115;0.055818181;0.33693281
-0.028407115;0.055818181;0.33693281
-0.030383399;0.053841896;0.33693281
-0.030383399;0.055818181;0.33693281
-0.030383399;0.055818181;0.33693281
-0.030383399;0.057794467;0.32902768
-0.030383399;0.055818181;0.33693281
-0.032359682;0.055818181;0.34483793
-0.032359682;0.055818181;0.33693281
-0.030383399;0.055818181;0.33693281
-0.030383399;0.055818181;0.34483793
-0.030383399;0.053841896;0.33693281
-0.030383399;0.053841896;0.33693281
-0.030383399;0.055818181;0.33693281
-0.032359682;0.055818181;0.33693281
-0.032359682;0.053841896;0.33693281
-0.032359682;0.055818181;0.34483793
-0.032359682;0.055818181;0.33693281
-0.032359682;0.055818181;0.33693281
-0.032359682;0.055818181;0.33693281
-0.032359682;0.053841896;0.33693281
-0.032359682;0.053841896;0.33693281
-0.032359682;0.053841896;0.33693281
-0.034335967;0.053841896;0.34483793
-0.032359682;0.053841896;0.33693281
-0.034335967;0.053841896;0.33693281
-0.032359682;0.053841896;0.33693281
-0.032359682;0.055818181;0.33693281
-0.032359682;0.053841896;0.33693281
-0.032359682;0.053841896;0.33693281
-0.034335967;0.053841896;0.33693281
-0.034335967;0.053841896;0.34483793
-0.032359682;0.053841896;0.33693281
-0.032359682;0.051865611;0.33693281
-0.032359682;0.051865611;0.34483793
-0.032359682;0.053841896;0.33693281
-0.034335967;0.051865611;0.33693281
-0.030383399;0.051865611;0.34483793
-0.030383399;0.051865611;0.33693281
-0.030383399;0.051865611;0.33693281
-0.030383399;0.051865611;0.33693281
-0.030383399;0.051865611;0.33693281
-0.030383399;0.053841896;0.33693281
-0.030383399;0.051865611;0.33693281
-0.030383399;0.051865611;0.33693281
-0.030383399;0.051865611;0.33693281
-0.030383399;0.051865611;0.33693281
-0.030383399;0.051865611;0.33693281
-0.030383399;0.051865611;0.33693281
-0.028407115;0.051865611;0.33693281
-0.030383399;0.051865611;0.33693281
-0.030383399;0.051865611;0.33693281
-0.030383399;0.051865611;0.34483793
-0.028407115;0.04988933;0.33693281
-0.028407115;0.051865611;0.34483793
-0.02643083;0.051865611;0.33693281
-0.028407115;0.04988933;0.34483793
-0.02643083;0.051865611;0.33693281
-0.02643083;0.04988933;0.33693281
-0.02643083;0.04988933;0.33693281
-0.02643083;0.04988933;0.33693281
-0.02643083;0.04988933;0.33693281
-0.024454545;0.04988933;0.33693281
-0.024454545;0.04988933;0.34483793
-0.024454545;0.04988933;0.33693281
-0.024454545;0.04988933;0.33693281
-0.024454545;0.04988933;0.33693281
-0.02247826;0.04988933;0.33693281
-0.02247826;0.04988933;0.33693281
-0.020501977;0.04988933;0.34483793
-0.020501977;0.047913045;0.33693281
-0.020501977;0.047913045;0.34483793
-0.020501977;0.047913045;0.33693281
-0.020501977;0.04988933;0.32902768
-0.020501977;0.047913045;0.33693281
-0.018525692;0.04988933;0.33693281
-0.016549407;0.047913045;0.34483793
-0.016549407;0.047913045;0.33693281
-0.014573122;0.047913045;0.33693281
-0.014573122;0.047913045;0.33693281
-0.016549407;0.047913045;0.33693281
-0.012596838;0.047913045;0.33693281
-0.014573122;0.047913045;0.34483793
-0.014573122;0.047913045;0.34483793
-0.012596838;0.047913045;0.33693281
-0.012596838;0.04988933;0.33693281
-0.012596838;0.04988933;0.33693281
-0.010620553;0.047913045;0.34483793
-0.012596838;0.04593676;0.34483793
-0.010620553;0.047913045;0.33693281
-0.010620553;0.047913045;0.34483793
-0.0086442688;0.047913045;0.33693281
-0.0086442688;0.047913045;0.34483793
-0.0086442688;0.047913045;0.33693281
-0.0086442688;0.047913045;0.33693281
-0.0066679842;0.047913045;0.33693281
-0.0066679842;0.047913045;0.34483793
-0.0046916995;0.047913045;0.33693281
-0.0027154151;0.047913045;0.33693281
-0.0046916995;0.047913045;0.33693281
-0.0027154151;0.047913045;0.34483793
-0.0027154151;0.047913045;0.33693281
-0.0027154151;0.04593676;0.33693281
-0.00073913042;0.047913045;0.34483793
-0.00073913042;0.047913045;0.33693281
-0.00073913042;0.04593676;0.34483793
0.0012371541;0.04593676;0.33693281
0.0032134387;0.04593676;0.34483793
0.0032134387;0.04593676;0.33693281
0.0051897233;0.043960474;0.33693281
0.0051897233;0.04593676;0.33693281
0.007166008;0.04593676;0.34483793
0.007166008;0.04593676;0.33693281
0.0051897233;0.04593676;0.33693281
0.007166008;0.04593676;0.33693281
0.0091422927;0.04593676;0.33693281
0.0091422927;0.04593676;0.34483793
0.0091422927;0.04593676;0.34483793
0.0091422927;0.04593676;0.33693281
0.011118577;0.043960474;0.33693281
0.011118577;0.04593676;0.33693281
0.013094862;0.043960474;0.33693281
0.015071146;0.043960474;0.34483793
0.015071146;0.04593676;0.33693281
0.017047431;0.043960474;0.34483793
0.017047431;0.043960474;0.33693281
0.017047431;0.043960474;0.33693281
0.017047431;0.043960474;0.33693281
0.017047431;0.043960474;0.33693281
0.021;0.041984189;0.33693281
0.019023715;0.043960474;0.33693281
0.021;0.043960474;0.33693281
0.021;0.043960474;0.34483793
0.022976285;0.043960474;0.33693281
0.022976285;0.043960474;0.33693281
0.02495257;0.043960474;0.34483793
0.02495257;0.043960474;0.33693281
0.02495257;0.041984189;0.33693281
0.026928853;0.041984189;0.34483793
0.028905138;0.041984189;0.33693281
0.028905138;0.041984189;0.33693281
0.028905138;0.043960474;0.33693281
0.028905138;0.043960474;0.33693281
0.030881424;0.041984189;0.34483793
0.030881424;0.043960474;0.34483793
0.032857709;0.041984189;0.33693281
0.032857709;0.041984189;0.34483793
0.032857709;0.041984189;0.33693281
0.034833994;0.041984189;0.33693281
0.034833994;0.041984189;0.32902768
0.034833994;0.041984189;0.34483793
0.036810275;0.041984189;0.33693281
0.03878656;0.041984189;0.33693281
0.03878656;0.040007904;0.33693281
0.03878656;0.041984189;0.33693281
0.040762845;0.041984189;0.33693281
0.040762845;0.041984189;0.33693281
0.040762845;0.041984189;0.34483793
0.042739131;0.040007904;0.33693281
0.042739131;0.040007904;0.34483793
0.044715416;0.040007904;0.34483793
0.044715416;0.040007904;0.33693281
0.044715416;0.040007904;0.33693281
0.046691701;0.040007904;0.34483793
0.046691701;0.040007904;0.34483793
0.046691701;0.040007904;0.34483793
0.048667986;0.040007904;0.33693281
0.048667986;0.040007904;0.33693281
0.050644267;0.041984189;0.33693281
0.050644267;0.040007904;0.33693281
0.050644267;0.040007904;0.33693281
0.052620552;0.040007904;0.33693281
0.052620552;0.038031619;0.34483793
0.052620552;0.040007904;0.33693281
0.054596838;0.038031619;0.33693281
0.052620552;0.040007904;0.33693281
0.056573123;0.040007904;0.33693281
0.056573123;0.038031619;0.33693281
0.058549408;0.038031619;0.33693281
0.056573123;0.038031619;0.33693281
0.056573123;0.040007904;0.33693281
0.058549408;0.040007904;0.34483793
0.058549408;0.038031619;0.33693281
0.060525693;0.038031619;0.33693281
0.058549408;0.038031619;0.33693281
0.060525693;0.038031619;0.33693281
0.060525693;0.038031619;0.34483793
0.062501974;0.040007904;0.33693281
0.062501974;0.038031619;0.33693281
0.062501974;0.038031619;0.33693281
0.064478263;0.038031619;0.33693281
0.064478263;0.038031619;0.33693281
0.064478263;0.038031619;0.32902768
0.064478263;0.038031619;0.34483793
0.064478263;0.038031619;0.34483793
0.064478263;0.036055338;0.33693281
0.066454545;0.036055338;0.34483793
0.066454545;0.038031619;0.33693281
0.066454545;0.036055338;0.33693281
0.068430834;0.036055338;0.33693281
0.068430834;0.036055338;0.33693281
0.070407115;0.036055338;0.33693281
0.070407115;0.038031619;0.33693281
0.070407115;0.036055338;0.33693281
0.070407115;0.036055338;0.33693281
0.070407115;0.036055338;0.33693281
0.070407115;0.036055338;0.33693281
0.070407115;0.036055338;0.33693281
0.072383396;0.034079053;0.34483793
0.072383396;0.036055338;0.33693281
0.072383396;0.034079053;0.33693281
0.072383396;0.036055338;0.33693281
0.074359685;0.036055338;0.33693281
0.072383396;0.036055338;0.33693281
0.074359685;0.034079053;0.33693281
0.076335967;0.034079053;0.33693281
0.076335967;0.032102767;0.33693281
0.074359685;0.034079053;0.33693281
0.076335967;0.032102767;0.33693281
0.076335967;0.034079053;0.34483793
0.076335967;0.034079053;0.33693281
0.078312255;0.034079053;0.33693281
0.076335967;0.034079053;0.34483793
0.076335967;0.034079053;0.33693281
0.076335967;0.034079053;0.33693281
0.076335967;0.034079053;0.34483793
0.076335967;0.034079053;0.33693281
0.076335967;0.034079053;0.33693281
0.078312255;0.034079053;0.33693281
0.076335967;0.034079053;0.33693281
0.076335967;0.034079053;0.33693281
0.078312255;0.032102767;0.33693281
0.078312255;0.034079053;0.33693281
0.078312255;0.032102767;0.33693281
0.078312255;0.032102767;0.33693281
0.078312255;0.032102767;0.33693281
0.078312255;0.032102767;0.33693281
0.078312255;0.032102767;0.33693281
0.076335967;0.032102767;0.33693281
0.078312255;0.034079053;0.34483793
0.078312255;0.032102767;0.33693281
0.078312255;0.030126482;0.32902768
0.078312255;0.032102767;0.33693281
0.078312255;0.032102767;0.33693281
0.078312255;0.030126482;0.34483793
0.078312255;0.032102767;0.34483793
0.078312255;0.032102767;0.33693281
0.078312255;0.030126482;0.33693281
0.076335967;0.030126482;0.34483793
0.076335967;0.030126482;0.34483793
0.076335967;0.030126482;0.33693281
0.076335967;0.030126482;0.34483793
0.076335967;0.030126482;0.34483793
0.074359685;0.030126482;0.34483793
0.076335967;0.030126482;0.33693281
0.076335967;0.030126482;0.33693281
0.076335967;0.030126482;0.33693281
0.076335967;0.028150197;0.33693281
0.076335967;0.030126482;0.32902768
0.076335967;0.030126482;0.34483793
0.074359685;0.028150197;0.33693281
0.074359685;0.030126482;0.33693281
0.074359685;0.030126482;0.34483793
0.074359685;0.028150197;0.34483793
0.074359685;0.030126482;0.33693281
0.074359685;0.030126482;0.33693281
0.072383396;0.028150197;0.33693281
0.074359685;0.028150197;0.33693281
0.072383396;0.028150197;0.33693281
0.074359685;0.028150197;0.33693281
0.070407115;0.028150197;0.33693281
0.072383396;0.028150197;0.34483793
0.072383396;0.030126482;0.33693281
0.070407115;0.030126482;0.33693281
0.072383396;0.028150197;0.34483793
0.068430834;0.028150197;0.33693281
0.070407115;0.028150197;0.34483793
0.070407115;0.026173914;0.33693281
0.068430834;0.028150197;0.33693281
0.068430834;0.028150197;0.33693281
0.068430834;0.028150197;0.33693281
0.068430834;0.026173914;0.34483793
0.066454545;0.028150197;0.33693281
0.068430834;0.028150197;0.33693281
0.066454545;0.026173914;0.34483793
0.064478263;0.026173914;0.33693281
0.064478263;0.026173914;0.33693281
0.064478263;0.026173914;0.34483793
0.064478263;0.026173914;0.32902768
0.064478263;0.026173914;0.33693281
0.060525693;0.026173914;0.33693281
0.060525693;0.026173914;0.33693281
0.060525693;0.026173914;0.34483793
0.062501974;0.026173914;0.33693281
0.060525693;0.026173914;0.33693281
0.060525693;0.026173914;0.33693281
0.058549408;0.026173914;0.33693281
0.056573123;0.024197629;0.33693281
0.058549408;0.024197629;0.33693281
0.056573123;0.026173914;0.33693281
0.056573123;0.024197629;0.33693281
0.056573123;0.026173914;0.33693281
0.054596838;0.024197629;0.34483793
0.054596838;0.024197629;0.34483793
0.052620552;0.024197629;0.33693281
0.054596838;0.024197629;0.33693281
0.052620552;0.024197629;0.33693281
0.050644267;0.024197629;0.33693281
0.050644267;0.024197629;0.34483793
0.050644267;0.024197629;0.33693281
0.050644267;0.022221344;0.33693281
0.048667986;0.024197629;0.32902768
0.048667986;0.022221344;0.33693281
0.046691701;0.022221344;0.33693281
0.046691701;0.024197629;0.34483793
0.046691701;0.024197629;0.34483793
0.046691701;0.022221344;0.33693281
0.044715416;0.024197629;0.34483793
0.044715416;0.022221344;0.33693281
0.044715416;0.022221344;0.33693281
0.042739131;0.022221344;0.33693281
0.040762845;0.022221344;0.33693281
0.040762845;0.022221344;0.34483793
0.040762845;0.020245058;0.34483793
0.03878656;0.022221344;0.34483793
0.03878656;0.020245058;0.33693281
0.03878656;0.020245058;0.33693281
0.03878656;0.022221344;0.34483793
0.036810275;0.020245058;0.33693281
0.034833994;0.020245058;0.33693281
0.034833994;0.020245058;0.34483793
0.032857709;0.020245058;0.34483793
0.032857709;0.022221344;0.33693281
0.030881424;0.022221344;0.34483793
0.030881424;0.020245058;0.33693281
0.030881424;0.022221344;0.33693281
0.030881424;0.020245058;0.33693281
0.028905138;0.018268775;0.33693281
0.028905138;0.022221344;0.32902768
0.026928853;0.020245058;0.33693281
0.02495257;0.020245058;0.33693281
0.026928853;0.020245058;0.33693281
0.02495257;0.018268775;0.34483793
0.02495257;0.020245058;0.34483793
0.022976285;0.020245058;0.33693281
0.021;0.020245058;0.33693281
0.022976285;0.020245058;0.34483793
0.022976285;0.020245058;0.34483793
0.019023715;0.018268775;0.33693281
0.021;0.020245058;0.33693281
0.021;0.018268775;0.33693281
0.019023715;0.018268775;0.33693281
0.017047431;0.018268775;0.33693281
0.017047431;0.018268775;0.33693281
0.017047431;0.018268775;0.34483793
0.015071146;0.018268775;0.33693281
0.013094862;0.018268775;0.33693281
0.013094862;0.018268775;0.33693281
0.013094862;0.018268775;0.33693281
0.013094862;0.018268775;0.34483793
0.011118577;0.018268775;0.33693281
0.011118577;0.01629249;0.33693281
0.0091422927;0.01629249;0.34483793
0.0091422927;0.018268775;0.33693281
0.0091422927;0.018268775;0.34483793
0.007166008;0.01629249;0.34483793
0.007166008;0.01629249;0.34483793
0.0051897233;0.01629249;0.32902768
0.007166008;0.01629249;0.33693281
0.0051897233;0.01629249;0.32902768
0.0051897233;0.01629249;0.33693281
0.0012371541;0.01629249;0.33693281
0.0012371541;0.01629249;0.33693281
-0.00073913042;0.01629249;0.33693281
0.0012371541;0.01629249;0.33693281
-0.00073913042;0.014316206;0.34483793
-0.0027154151;0.01629249;0.34483793
-0.0027154151;0.014316206;0.34483793
-0.0027154151;0.01629249;0.33693281
-0.0046916995;0.014316206;0.34483793
-0.0046916995;0.014316206;0.33693281
-0.0066679842;0.01629249;0.33693281
-0.0066679842;0.014316206;0.34483793
-0.0046916995;0.014316206;0.33693281
-0.0066679842;0.014316206;0.33693281
-0.0086442688;0.014316206;0.33693281
-0.0086442688;0.014316206;0.33693281
-0.0086442688;0.014316206;0.33693281
-0.010620553;0.014316206;0.33693281
-0.010620553;0.012339921;0.32902768
-0.010620553;0.014316206;0.33693281
-0.012596838;0.014316206;0.33693281
-0.012596838;0.012339921;0.33693281
-0.012596838;0.012339921;0.33693281
-0.012596838;0.014316206;0.33693281
-0.012596838;0.014316206;0.33693281
-0.014573122;0.012339921;0.33693281
-0.014573122;0.012339921;0.33693281
-0.016549407;0.012339921;0.33693281
-0.014573122;0.012339921;0.33693281
-0.018525692;0.012339921;0.33693281
-0.018525692;0.010363637;0.33693281
-0.018525692;0.012339921;0.34483793
-0.018525692;0.012339921;0.34483793
-0.018525692;0.012339921;0.33693281
-0.020501977;0.012339921;0.33693281
-0.020501977;0.010363637;0.33693281
-0.020501977;0.012339921;0.34483793
-0.020501977;0.012339921;0.33693281
-0.02247826;0.012339921;0.33693281
-0.02247826;0.010363637;0.33693281
-0.02247826;0.012339921;0.33693281
-0.02247826;0.010363637;0.33693281
-0.02247826;0.010363637;0.33693281
-0.024454545;0.010363637;0.33693281
-0.024454545;0.012339921;0.33693281
-0.024454545;0.010363637;0.34483793
-0.024454545;0.010363637;0.33693281
-0.02643083;0.010363637;0.33693281
-0.02643083;0.010363637;0.33693281
-0.02643083;0.010363637;0.34483793
-0.02643083;0.010363637;0.33693281
-0.02643083;0.010363637;0.32902768
-0.02643083;0.010363637;0.33693281
-0.028407115;0.0083873514;0.33693281
-0.02643083;0.010363637;0.33693281
-0.02643083;0.010363637;0.33693281
-0.02643083;0.010363637;0.34483793
-0.030383399;0.010363637;0.33693281
-0.028407115;0.010363637;0.33693281
-0.030383399;0.0083873514;0.33693281
-0.030383399;0.0083873514;0.33693281
-0.032359682;0.0083873514;0.33693281
-0.032359682;0.010363637;0.33693281
-0.032359682;0.010363637;0.33693281
-0.030383399;0.0083873514;0.33693281
-0.032359682;0.0083873514;0.34483793
-0.030383399;0.0083873514;0.33693281
-0.032359682;0.0083873514;0.33693281
-0.032359682;0.0064110672;0.33693281
-0.032359682;0.0083873514;0.33693281
-0.032359682;0.010363637;0.33693281
-0.032359682;0.0083873514;0.34483793
-0.032359682;0.0083873514;0.32902768
-0.032359682;0.0083873514;0.33693281
-0.032359682;0.0083873514;0.33693281
-0.032359682;0.0083873514;0.33693281
-0.032359682;0.0064110672;0.33693281
-0.032359682;0.0064110672;0.33693281
-0.034335967;0.0083873514;0.33693281
-0.032359682;0.0083873514;0.34483793
-0.034335967;0.0064110672;0.33693281
-0.032359682;0.0064110672;0.34483793
-0.032359682;0.0064110672;0.34483793
-0.034335967;0.0064110672;0.33693281
-0.032359682;0.0064110672;0.33693281
-0.032359682;0.0064110672;0.33693281
-0.032359682;0.0064110672;0.34483793
-0.034335967;0.0064110672;0.33693281
-0.030383399;0.0064110672;0.33693281
-0.032359682;0.0064110672;0.33693281
-0.032359682;0.0044347825;0.33693281
-0.032359682;0.0044347825;0.34483793
-0.032359682;0.0044347825;0.34483793
-0.032359682;0.0044347825;0.33693281
-0.030383399;0.0064110672;0.34483793
-0.030383399;0.0064110672;0.33693281
-0.030383399;0.0044347825;0.33693281
-0.032359682;0.0044347825;0.33693281
-0.032359682;0.0044347825;0.33693281
-0.030383399;0.0044347825;0.33693281
-0.030383399;0.0044347825;0.33693281
-0.030383399;0.0044347825;0.33693281
-0.030383399;0.0024584981;0.34483793
-0.030383399;0.0044347825;0.33693281
-0.030383399;0.0024584981;0.33693281
-0.030383399;0.0024584981;0.33693281
-0.028407115;0.0044347825;0.33693281
-0.030383399;0.0044347825;0.33693281
-0.028407115;0.0024584981;0.34483793
-0.028407115;0.0024584981;0.33693281
-0.02643083;0.0024584981;0.33693281
-0.028407115;0.0044347825;0.33693281
-0.02643083;0.0044347825;0.33693281
-0.02643083;0.0024584981;0.34483793
-0.024454545;0.0024584981;0.34483793
-0.024454545;0.0024584981;0.33693281
-0.024454545;0.0044347825;0.33693281
-0.024454545;0.0024584981;0.33693281
-0.024454545;0.0024584981;0.33693281
-0.024454545;0.00048221345;0.34483793
-0.024454545;0.0024584981;0.34483793
-0.02247826;0.0024584981;0.34483793
-0.02247826;0.0024584981;0.34483793
-0.02247826;0.00048221345;0.33693281
-0.020501977;0.0024584981;0.33693281
-0.020501977;0.0024584981;0.33693281
-0.020501977;0.00048221345;0.33693281
-0.020501977;0.00048221345;0.33693281
-0.018525692;0.00048221345;0.33693281
-0.018525692;0.0024584981;0.33693281
-0.016549407;0.00048221345;0.33693281
-0.016549407;0.00048221345;0.33693281
-0.016549407;0.00048221345;0.33693281
-0.016549407;0.00048221345;0.34483793
-0.016549407;0.00048221345;0.34483793
-0.014573122;0.00048221345;0.34483793
-0.012596838;0.00048221345;0.33693281
-0.014573122;0.00048221345;0.33693281
-0.014573122;-0.0014940711;0.33693281
-0.012596838;0.00048221345;0.33693281
-0.010620553;0.00048221345;0.34483793
-0.010620553;-0.0014940711;0.33693281
-0.010620553;0.00048221345;0.33693281
-0.0086442688;0.00048221345;0.34483793
-0.010620553;0.00048221345;0.33693281
-0.010620553;0.00048221345;0.34483793
-0.010620553;0.00048221345;0.33693281
-0.0086442688;0.00048221345;0.34483793
-0.0066679842;-0.0014940711;0.33693281
-0.0066679842;-0.0014940711;0.33693281
-0.0066679842;0.00048221345;0.33693281
-0.0066679842;-0.0014940711;0.33693281
-0.0046916995;-0.0014940711;0.34483793
-0.0046916995;-0.0014940711;0.33693281
-0.0027154151;-0.0014940711;0.34483793
-0.0027154151;-0.0014940711;0.33693281
-0.00073913042;-0.0014940711;0.34483793
-0.00073913042;-0.0014940711;0.34483793
-0.00073913042;-0.0014940711;0.33693281
-0.00073913042;-0.0014940711;0.33693281
-0.00073913042;-0.0014940711;0.33693281
0.0012371541;-0.0034703556;0.33693281
0.0012371541;-0.0014940711;0.33693281
0.0032134387;-0.0034703556;0.34483793
0.0032134387;-0.0014940711;0.33693281
0.0051897233;-0.0034703556;0.33693281
0.0051897233;-0.0034703556;0.33693281
0.007166008;-0.0014940711;0.33693281
0.007166008;-0.0034703556;0.33693281
0.007166008;-0.0034703556;0.34483793
0.0091422927;-0.0014940711;0.33693281
0.0091422927;-0.0034703556;0.33693281
0.011118577;-0.0034703556;0.33693281
0.011118577;-0.0034703556;0.33693281
0.011118577;-0.0034703556;0.33693281
0.011118577;-0.0034703556;0.33693281
0.013094862;-0.0034703556;0.33693281
0.015071146;-0.0034703556;0.33693281
0.013094862;-0.0034703556;0.33693281
0.015071146;-0.0054466403;0.33693281
0.015071146;-0.0034703556;0.33693281
0.019023715;-0.0034703556;0.34483793
0.019023715;-0.0054466403;0.33693281
0.019023715;-0.0034703556;0.34483793
0.021;-0.0034703556;0.33693281
0.021;-0.0054466403;0.34483793
0.021;-0.0034703556;0.33693281
0.022976285;-0.0054466403;0.33693281
0.022976285;-0.0054466403;0.34483793
0.02495257;-0.0054466403;0.33693281
0.02495257;-0.0054466403;0.33693281
0.02495257;-0.0054466403;0.33693281
0.02495257;-0.0054466403;0.33693281
0.026928853;-0.0054466403;0.33693281
0.028905138;-0.0054466403;0.33693281
0.028905138;-0.0054466403;0.33693281
0.028905138;-0.0054466403;0.33693281
0.030881424;-0.0054466403;0.32902768
0.030881424;-0.0054466403;0.33693281
0.032857709;-0.0054466403;0.34483793
0.034833994;-0.007422925;0.33693281
0.032857709;-0.007422925;0.34483793
0.034833994;-0.0054466403;0.33693281
0.036810275;-0.007422925;0.34483793
0.034833994;-0.007422925;0.33693281
0.036810275;-0.007422925;0.33693281
0.03878656;-0.0054466403;0.34483793
0.03878656;-0.0054466403;0.33693281
0.03878656;-0.007422925;0.34483793
0.03878656;-0.007422925;0.34483793
0.040762845;-0.0054466403;0.33693281
0.040762845;-0.007422925;0.33693281
0.040762845;-0.007422925;0.33693281
0.042739131;-0.007422925;0.33693281
0.042739131;-0.007422925;0.33693281
0.044715416;-0.007422925;0.34483793
0.044715416;-0.007422925;0.34483793
0.046691701;-0.007422925;0.34483793
0.046691701;-0.007422925;0.33693281
0.046691701;-0.007422925;0.33693281
0.048667986;-0.007422925;0.33693281
0.048667986;-0.007422925;0.34483793
0.048667986;-0.007422925;0.33693281
0.050644267;-0.007422925;0.34483793
0.052620552;-0.007422925;0.33693281
0.052620552;-0.007422925;0.33693281
0.052620552;-0.007422925;0.33693281
0.054596838;-0.0093992092;0.33693281
0.054596838;-0.0093992092;0.34483793
0.056573123;-0.007422925;0.33693281
0.054596838;-0.0093992092;0.33693281
0.054596838;-0.0093992092;0.34483793
0.056573123;-0.0093992092;0.33693281
0.056573123;-0.0093992092;0.33693281
0.056573123;-0.0093992092;0.33693281
0.058549408;-0.0093992092;0.33693281
0.058549408;-0.0093992092;0.33693281
0.060525693;-0.0093992092;0.33693281
0.058549408;-0.0093992092;0.33693281
0.060525693;-0.0093992092;0.33693281
0.060525693;-0.011375494;0.34483793
0.062501974;-0.0093992092;0.33693281
0.062501974;-0.0093992092;0.34483793
0.062501974;-0.0093992092;0.33693281
0.064478263;-0.0093992092;0.33693281
0.064478263;-0.0093992092;0.34483793
0.064478263;-0.011375494;0.33693281
0.066454545;-0.0093992092;0.33693281
0.064478263;-0.0093992092;0.33693281
0.066454545;-0.0093992092;0.34483793
0.066454545;-0.011375494;0.33693281
0.066454545;-0.0093992092;0.33693281
0.066454545;-0.011375494;0.34483793
0.066454545;-0.011375494;0.33693281
0.068430834;-0.0093992092;0.33693281
0.068430834;-0.0093992092;0.33693281
0.068430834;-0.0093992092;0.33693281
0.070407115;-0.011375494;0.34483793
0.070407115;-0.011375494;0.33693281
0.070407115;-0.011375494;0.33693281
0.070407115;-0.011375494;0.33693281
0.072383396;-0.011375494;0.34483793
0.070407115;-0.011375494;0.34483793
0.072383396;-0.011375494;0.33693281
0.072383396;-0.011375494;0.34483793
0.074359685;-0.013351778;0.34483793
0.074359685;-0.011375494;0.34483793
0.074359685;-0.011375494;0.33693281
0.074359685;-0.011375494;0.34483793
0.074359685;-0.011375494;0.33693281
0.076335967;-0.011375494;0.33693281
0.074359685;-0.011375494;0.34483793
0.076335967;-0.011375494;0.33693281
0.076335967;-0.011375494;0.33693281
0.076335967;-0.011375494;0.33693281
0.074359685;-0.013351778;0.33693281
0.076335967;-0.011375494;0.33693281
0.078312255;-0.011375494;0.33693281
0.076335967;-0.013351778;0.34483793
0.076335967;-0.013351778;0.33693281
0.078312255;-0.013351778;0.33693281
0.076335967;-0.013351778;0.33693281
0.078312255;-0.011375494;0.33693281
0.078312255;-0.013351778;0.33693281
0.078312255;-0.013351778;0.33693281
0.078312255;-0.013351778;0.33693281
0.078312255;-0.011375494;0.33693281
0.076335967;-0.013351778;0.33693281
0.078312255;-0.013351778;0.34483793
0.078312255;-0.013351778;0.33693281
0.078312255;-0.013351778;0.33693281
0.078312255;-0.015328064;0.33693281
0.078312255;-0.015328064;0.33693281
0.078312255;-0.013351778;0.33693281
0.076335967;-0.013351778;0.33693281
0.078312255;-0.013351778;0.33693281
0.078312255;-0.013351778;0.33693281
0.076335967;-0.013351778;0.34483793
0.078312255;-0.013351778;0.34483793
0.078312255;-0.015328064;0.33693281
0.078312255;-0.015328064;0.34483793
0.076335967;-0.015328064;0.32902768
0.078312255;-0.015328064;0.33693281
0.078312255;-0.015328064;0.34483793
0.076335967;-0.015328064;0.33693281
0.076335967;-0.015328064;0.34483793
0.076335967;-0.015328064;0.33693281
0.074359685;-0.015328064;0.33693281
0.076335967;-0.013351778;0.33693281
0.076335967;-0.015328064;0.33693281
0.076335967;-0.013351778;0.33693281
0.076335967;-0.013351778;0.33693281
0.074359685;-0.015328064;0.33693281
0.074359685;-0.015328064;0.33693281
0.074359685;-0.015328064;0.33693281
0.076335967;-0.015328064;0.33693281
0.074359685;-0.017304348;0.33693281
0.074359685;-0.015328064;0.33693281
0.074359685;-0.015328064;0.33693281
0.072383396;-0.015328064;0.33693281
0.074359685;-0.015328064;0.33693281
0.074359685;-0.015328064;0.33693281
0.074359685;-0.017304348;0.33693281
0.072383396;-0.015328064;0.33693281
0.072383396;-0.015328064;0.33693281
0.072383396;-0.015328064;0.34483793
0.072383396;-0.017304348;0.33693281
0.070407115;-0.015328064;0.34483793
0.070407115;-0.017304348;0.33693281
0.070407115;-0.015328064;0.33693281
0.068430834;-0.015328064;0.33693281
0.070407115;-0.017304348;0.33693281
0.068430834;-0.015328064;0.34483793
0.068430834;-0.015328064;0.33693281
0.068430834;-0.015328064;0.33693281
0.066454545;-0.017304348;0.34483793
0.066454545;-0.017304348;0.34483793
0.066454545;-0.017304348;0.34483793
0.064478263;-0.017304348;0.34483793
0.066454545;-0.017304348;0.33693281
0.064478263;-0.017304348;0.33693281
0.064478263;-0.017304348;0.33693281
0.064478263;-0.017304348;0.33693281
0.062501974;-0.017304348;0.33693281
0.062501974;-0.017304348;0.33693281
0.060525693;-0.017304348;0.33693281
0.060525693;-0.017304348;0.33693281
0.060525693;-0.017304348;0.33693281
0.060525693;-0.017304348;0.33693281
0.058549408;-0.019280633;0.33693281
0.058549408;-0.017304348;0.34483793
0.058549408;-0.017304348;0.33693281
0.056573123;-0.019280633;0.33693281
0.056573123;-0.017304348;0.33693281
0.056573123;-0.017304348;0.33693281
0.054596838;-0.019280633;0.33693281
0.054596838;-0.019280633;0.34483793
0.054596838;-0.017304348;0.33693281
0.054596838;-0.017304348;0.33693281
0.052620552;-0.019280633;0.34483793
0.052620552;-0.017304348;0.34483793
0.050644267;-0.017304348;0.33693281
0.050644267;-0.019280633;0.34483793
0.048667986;-0.019280633;0.33693281
0.048667986;-0.019280633;0.33693281
0.048667986;-0.019280633;0.34483793
0.046691701;-0.019280633;0.34483793
0.046691701;-0.019280633;0.33693281
0.046691701;-0.019280633;0.33693281
0.044715416;-0.017304348;0.33693281
0.044715416;-0.019280633;0.33693281
0.042739131;-0.019280633;0.33693281
0.044715416;-0.019280633;0.34483793
0.040762845;-0.019280633;0.33693281
0.040762845;-0.021256916;0.33693281
0.040762845;-0.019280633;0.33693281
0.040762845;-0.021256916;0.32902768
0.03878656;-0.019280633;0.34483793
0.03878656;-0.021256916;0.33693281
0.03878656;-0.021256916;0.34483793
0.03878656;-0.019280633;0.34483793
0.03878656;-0.021256916;0.34483793
0.034833994;-0.019280633;0.34483793
0.034833994;-0.019280633;0.33693281
0.034833994;-0.019280633;0.33693281
0.034833994;-0.021256916;0.33693281
0.032857709;-0.019280633;0.34483793
0.032857709;-0.021256916;0.33693281
0.030881424;-0.021256916;0.33693281
0.030881424;-0.021256916;0.33693281
0.028905138;-0.021256916;0.33693281
0.028905138;-0.021256916;0.33693281
0.028905138;-0.021256916;0.33693281
0.02495257;-0.021256916;0.34483793
0.026928853;-0.021256916;0.33693281
0.02495257;-0.021256916;0.34483793
0.022976285;-0.021256916;0.33693281
0.02495257;-0.021256916;0.33693281
0.022976285;-0.021256916;0.33693281
0.021;-0.021256916;0.34483793
0.021;-0.021256916;0.33693281
0.021;-0.021256916;0.33693281
0.021;-0.021256916;0.33693281
0.019023715;-0.023233201;0.32902768
0.019023715;-0.021256916;0.33693281
0.019023715;-0.021256916;0.33693281
0.017047431;-0.021256916;0.33693281
0.017047431;-0.021256916;0.34483793
0.015071146;-0.021256916;0.34483793
0.015071146;-0.021256916;0.33693281
0.015071146;-0.021256916;0.33693281
0.013094862;-0.021256916;0.34483793
0.013094862;-0.021256916;0.34483793
0.0091422927;-0.021256916;0.34483793
0.011118577;-0.021256916;0.33693281
0.0091422927;-0.023233201;0.33693281
0.0091422927;-0.023233201;0.33693281
0.007166008;-0.021256916;0.34483793
0.007166008;-0.021256916;0.34483793
0.007166008;-0.021256916;0.33693281
0.0051897233;-0.021256916;0.33693281
0.0051897233;-0.021256916;0.33693281
0.0032134387;-0.023233201;0.33693281
0.0032134387;-0.021256916;0.33693281
0.0012371541;-0.021256916;0.34483793
0.0012371541;-0.021256916;0.33693281
-0.00073913042;-0.021256916;0.33693281
0.0012371541;-0.021256916;0.34483793
-0.00073913042;-0.023233201;0.34483793
-0.00073913042;-0.023233201;0.34483793
-0.0027154151;-0.023233201;0.33693281
-0.0027154151;-0.021256916;0.33693281
-0.0046916995;-0.023233201;0.34483793
-0.0046916995;-0.021256916;0.33693281
-0.0046916995;-0.023233201;0.33693281
-0.0066679842;-0.023233201;0.34483793
-0.0066679842;-0.023233201;0.34483793
-0.0066679842;-0.023233201;0.34483793
-0.0066679842;-0.023233201;0.33693281
-0.0086442688;-0.023233201;0.34483793
-0.0086442688;-0.021256916;0.33693281
-0.0086442688;-0.023233201;0.34483793
-0.010620553;-0.023233201;0.33693281
-0.010620553;-0.023233201;0.34483793
-0.010620553;-0.023233201;0.33693281
-0.010620553;-0.025209486;0.33693281
-0.012596838;-0.021256916;0.33693281
-0.012596838;-0.021256916;0.33693281
-0.014573122;-0.023233201;0.33693281
-0.014573122;-0.021256916;0.33693281
-0.014573122;-0.023233201;0.33693281
-0.014573122;-0.025209486;0.33693281
-0.016549407;-0.023233201;0.33693281
-0.016549407;-0.023233201;0.33693281
-0.018525692;-0.023233201;0.33693281
-0.018525692;-0.023233201;0.33693281
-0.018525692;-0.023233201;0.33693281
-0.018525692;-0.023233201;0.33693281
-0.020501977;-0.023233201;0.33693281
-0.020501977;-0.023233201;0.34483793
-0.02247826;-0.023233201;0.33693281
-0.02247826;-0.023233201;0.33693281
-0.02247826;-0.023233201;0.33693281
-0.020501977;-0.023233201;0.34483793
-0.02247826;-0.023233201;0.33693281
-0.02247826;-0.023233201;0.33693281
-0.02247826;-0.023233201;0.33693281
-0.024454545;-0.023233201;0.34483793
-0.024454545;-0.023233201;0.33693281
-0.024454545;-0.025209486;0.33693281
-0.02643083;-0.023233201;0.34483793
-0.024454545;-0.023233201;0.34483793
-0.02643083;-0.023233201;0.33693281
-0.02643083;-0.023233201;0.33693281
-0.028407115;-0.023233201;0.33693281
-0.028407115;-0.025209486;0.34483793
-0.028407115;-0.023233201;0.34483793
-0.028407115;-0.023233201;0.33693281
-0.028407115;-0.025209486;0.34483793
-0.028407115;-0.023233201;0.33693281
-0.028407115;-0.025209486;0.33693281
-0.028407115;-0.025209486;0.33693281
-0.028407115;-0.023233201;0.34483793
-0.030383399;-0.025209486;0.33693281
-0.030383399;-0.023233201;0.33693281
-0.032359682;-0.025209486;0.33693281
-0.032359682;-0.023233201;0.33693281
-0.030383399;-0.023233201;0.34483793
-0.032359682;-0.025209486;0.33693281
-0.032359682;-0.025209486;0.33693281
-0.032359682;-0.023233201;0.32902768
-0.030383399;-0.025209486;0.33693281
-0.032359682;-0.023233201;0.33693281
-0.032359682;-0.023233201;0.33693281
-0.032359682;-0.025209486;0.33693281
-0.034335967;-0.025209486;0.33693281
-0.032359682;-0.025209486;0.34483793
-0.032359682;-0.025209486;0.34483793
-0.034335967;-0.023233201;0.33693281
-0.030383399;-0.023233201;0.34483793
-0.032359682;-0.025209486;0.33693281
-0.032359682;-0.025209486;0.33693281
-0.032359682;-0.025209486;0.33693281
-0.032359682;-0.023233201;0.34483793
-0.034335967;-0.025209486;0.33693281
-0.032359682;-0.025209486;0.34483793
-0.032359682;-0.023233201;0.33693281
-0.034335967;-0.023233201;0.34483793
-0.032359682;-0.025209486;0.33693281
-0.032359682;-0.025209486;0.33693281
-0.032359682;-0.023233201;0.33693281
-0.032359682;-0.023233201;0.34483793
-0.032359682;-0.023233201;0.33693281
-0.032359682;-0.025209486;0.33693281
-0.032359682;-0.023233201;0.33693281
-0.032359682;-0.023233201;0.34483793
-0.032359682;-0.025209486;0.33693281
-0.032359682;-0.025209486;0.34483793
-0.030383399;-0.025209486;0.33693281
-0.030383399;-0.023233201;0.34483793
-0.030383399;-0.025209486;0.33693281
-0.032359682;-0.025209486;0.33693281
-0.030383399;-0.025209486;0.33693281
-0.032359682;-0.025209486;0.33693281
-0.030383399;-0.025209486;0.33693281
-0.030383399;-0.025209486;0.34483793
-0.030383399;-0.025209486;0.33693281
-0.028407115;-0.025209486;0.33693281
-0.030383399;-0.025209486;0.34483793
-0.030383399;-0.025209486;0.33693281
-0.030383399;-0.025209486;0.33693281
-0.028407115;-0.025209486;0.33693281
-0.02643083;-0.025209486;0.33693281
-0.028407115;-0.025209486;0.34483793
-0.028407115;-0.025209486;0.32902768
-0.02643083;-0.025209486;0.33693281
-0.02643083;-0.025209486;0.33693281
-0.024454545;-0.025209486;0.34483793
-0.02643083;-0.025209486;0.33693281
-0.02643083;-0.027185772;0.34483793
-0.02643083;-0.025209486;0.33693281
-0.024454545;-0.025209486;0.33693281
-0.024454545;-0.025209486;0.33693281
-0.02247826;-0.025209486;0.34483793
-0.02247826;-0.025209486;0.33693281
-0.02247826;-0.027185772;0.34483793
-0.02247826;-0.025209486;0.34483793
-0.02247826;-0.025209486;0.33693281
-0.02247826;-0.025209486;0.33693281
-0.020501977;-0.025209486;0.33693281
-0.020501977;-0.027185772;0.34483793
-0.018525692;-0.025209486;0.33693281
-0.016549407;-0.025209486;0.33693281
-0.018525692;-0.025209486;0.33693281
-0.018525692;-0.025209486;0.33693281
-0.016549407;-0.025209486;0.33693281
-0.016549407;-0.025209486;0.33693281
-0.016549407;-0.025209486;0.33693281
-0.014573122;-0.025209486;0.33693281
-0.014573122;-0.025209486;0.33693281
-0.012596838;-0.025209486;0.34483793
-0.014573122;-0.025209486;0.33693281
-0.012596838;-0.025209486;0.33693281
-0.012596838;-0.025209486;0.33693281
-0.010620553;-0.025209486;0.33693281
-0.010620553;-0.025209486;0.34483793
-0.010620553;-0.025209486;0.33693281
-0.0086442688;-0.025209486;0.34483793
-0.010620553;-0.025209486;0.33693281
-0.0086442688;-0.025209486;0.33693281
-0.0086442688;-0.027185772;0.34483793
-0.0086442688;-0.025209486;0.33693281
-0.0066679842;-0.025209486;0.34483793
-0.0066679842;-0.023233201;0.32902768
-0.0066679842;-0.025209486;0.33693281
-0.0046916995;-0.025209486;0.33693281
-0.0027154151;-0.025209486;0.33693281
-0.0046916995;-0.025209486;0.33693281
-0.0027154151;-0.025209486;0.33693281
-0.0027154151;-0.025209486;0.34483793
-0.00073913042;-0.025209486;0.33693281
-0.00073913042;-0.025209486;0.33693281
-0.00073913042;-0.025209486;0.33693281
0.0012371541;-0.027185772;0.34483793
0.0012371541;-0.027185772;0.33693281
0.0032134387;-0.027185772;0.34483793
0.0012371541;-0.025209486;0.33693281
0.0032134387;-0.025209486;0.33693281
0.0051897233;-0.027185772;0.33693281
0.007166008;-0.025209486;0.33693281
0.007166008;-0.025209486;0.33693281
0.007166008;-0.025209486;0.34483793
0.007166008;-0.023233201;0.33693281
0.0091422927;-0.025209486;0.33693281
0.011118577;-0.025209486;0.33693281
0.011118577;-0.025209486;0.34483793
0.011118577;-0.027185772;0.33693281
0.013094862;-0.025209486;0.33693281
0.011118577;-0.027185772;0.34483793
0.013094862;-0.025209486;0.33693281
0.015071146;-0.025209486;0.33693281
0.015071146;-0.027185772;0.33693281
0.017047431;-0.025209486;0.33693281
0.017047431;-0.025209486;0.33693281
0.017047431;-0.025209486;0.33693281
0.019023715;-0.025209486;0.33693281
0.019023715;-0.025209486;0.33693281
0.021;-0.025209486;0.34483793
0.019023715;-0.025209486;0.33693281
0.022976285;-0.025209486;0.33693281
0.022976285;-0.025209486;0.33693281
0.022976285;-0.025209486;0.33693281
0.02495257;-0.025209486;0.34483793
0.026928853;-0.025209486;0.34483793
0.02495257;-0.025209486;0.34483793
0.026928853;-0.027185772;0.33693281
0.026928853;-0.025209486;0.33693281
0.028905138;-0.025209486;0.33693281
0.030881424;-0.025209486;0.33693281
0.028905138;-0.025209486;0.33693281
0.030881424;-0.025209486;0.34483793
0.030881424;-0.025209486;0.34483793
0.030881424;-0.027185772;0.33693281
0.032857709;-0.025209486;0.33693281
0.032857709;-0.025209486;0.32902768
0.034833994;-0.025209486;0.33693281
0.034833994;-0.025209486;0.33693281
0.036810275;-0.025209486;0.33693281
0.036810275;-0.025209486;0.33693281
0.03878656;-0.025209486;0.34483793
0.036810275;-0.027185772;0.34483793
0.03878656;-0.025209486;0.34483793
0.040762845;-0.025209486;0.33693281
0.040762845;-0.023233201;0.33693281
0.040762845;-0.025209486;0.33693281
0.042739131;-0.025209486;0.33693281
0.042739131;-0.025209486;0.33693281
0.044715416;-0.025209486;0.33693281
0.044715416;-0.025209486;0.33693281
0.044715416;-0.025209486;0.33693281
0.046691701;-0.025209486;0.33693281
0.046691701;-0.025209486;0.34483793
0.048667986;-0.025209486;0.33693281
0.048667986;-0.025209486;0.33693281
0.050644267;-0.025209486;0.34483793
0.048667986;-0.025209486;0.33693281
0.050644267;-0.025209486;0.33693281
0.052620552;-0.025209486;0.33693281
0.050644267;-0.023233201;0.34483793
0.052620552;-0.025209486;0.33693281
0.054596838;-0.025209486;0.34483793
0.052620552;-0.025209486;0.34483793
0.054596838;-0.025209486;0.33693281
0.054596838;-0.025209486;0.32902768
0.056573123;-0.025209486;0.33693281
0.056573123;-0.023233201;0.33693281
0.056573123;-0.025209486;0.34483793
0.056573123;-0.025209486;0.34483793
0.058549408;-0.025209486;0.34483793
0.060525693;-0.025209486;0.33693281
0.060525693;-0.023233201;0.33693281
0.058549408;-0.025209486;0.33693281
0.060525693;-0.023233201;0.33693281
0.060525693;-0.025209486;0.33693281
0.060525693;-0.025209486;0.32902768
0.062501974;-0.025209486;0.33693281
0.064478263;-0.025209486;0.33693281
0.064478263;-0.025209486;0.33693281
0.064478263;-0.025209486;0.33693281
0.064478263;-0.023233201;0.34483793
0.064478263;-0.025209486;0.33693281
0.066454545;-0.023233201;0.33693281
0.066454545;-0.025209486;0.33693281
0.066454545;-0.023233201;0.33693281
0.066454545;-0.023233201;0.33693281
0.066454545;-0.023233201;0.34483793
0.068430834;-0.025209486;0.34483793
0.068430834;-0.025209486;0.33693281
0.068430834;-0.023233201;0.33693281
0.068430834;-0.025209486;0.33693281
0.068430834;-0.025209486;0.33693281
0.070407115;-0.023233201;0.33693281
0.070407115;-0.023233201;0.33693281
0.070407115;-0.023233201;0.33693281
0.070407115;-0.023233201;0.34483793
0.072383396;-0.023233201;0.33693281
0.072383396;-0.023233201;0.33693281
0.072383396;-0.023233201;0.33693281
0.074359685;-0.023233201;0.33693281
0.074359685;-0.023233201;0.32902768
0.072383396;-0.025209486;0.33693281
0.074359685;-0.023233201;0.33693281
0.074359685;-0.023233201;0.33693281
0.074359685;-0.023233201;0.33693281
0.074359685;-0.021256916;0.33693281
0.076335967;-0.023233201;0.33693281
0.076335967;-0.023233201;0.34483793
0.076335967;-0.023233201;0.33693281
0.076335967;-0.023233201;0.33693281
0.076335967;-0.023233201;0.33693281
0.076335967;-0.023233201;0.34483793
0.076335967;-0.023233201;0.33693281
0.076335967;-0.023233201;0.33693281
0.074359685;-0.023233201;0.34483793
0.076335967;-0.023233201;0.33693281
0.078312255;-0.023233201;0.33693281
0.076335967;-0.023233201;0.34483793
0.078312255;-0.023233201;0.33693281
0.076335967;-0.025209486;0.33693281
0.078312255;-0.023233201;0.32902768
0.078312255;-0.025209486;0.33693281
0.078312255;-0.023233201;0.33693281
0.078312255;-0.023233201;0.32902768
0.078312255;-0.023233201;0.34483793
0.078312255;-0.023233201;0.33693281
0.078312255;-0.023233201;0.33693281
0.078312255;-0.023233201;0.33693281
0.080288537;-0.023233201;0.33693281
0.078312255;-0.023233201;0.33693281
0.078312255;-0.021256916;0.33693281
0.078312255;-0.023233201;0.34483793
0.078312255;-0.023233201;0.33693281
0.078312255;-0.023233201;0.34483793
0.078312255;-0.021256916;0.33693281
0.076335967;-0.021256916;0.33693281
0.076335967;-0.021256916;0.33693281
0.078312255;-0.021256916;0.34483793
0.076335967;-0.023233201;0.33693281
0.078312255;-0.023233201;0.33693281
0.076335967;-0.023233201;0.33693281
0.076335967;-0.021256916;0.33693281
0.076335967;-0.021256916;0.33693281
0.078312255;-0.021256916;0.33693281
0.076335967;-0.023233201;0.33693281
0.076335967;-0.021256916;0.33693281
0.074359685;-0.021256916;0.33693281
0.074359685;-0.023233201;0.33693281
0.076335967;-0.023233201;0.33693281
0.074359685;-0.021256916;0.33693281
0.074359685;-0.021256916;0.33693281
0.074359685;-0.023233201;0.34483793
0.074359685;-0.021256916;0.33693281
0.074359685;-0.021256916;0.33693281
0.074359685;-0.021256916;0.34483793
0.074359685;-0.021256916;0.33693281
0.072383396;-0.021256916;0.34483793
0.072383396;-0.023233201;0.34483793
0.070407115;-0.021256916;0.33693281
0.070407115;-0.021256916;0.33693281
0.070407115;-0.021256916;0.33693281
0.070407115;-0.021256916;0.33693281
0.070407115;-0.019280633;0.34483793
0.068430834;-0.021256916;0.33693281
0.070407115;-0.023233201;0.32902768
0.068430834;-0.021256916;0.34483793
0.068430834;-0.021256916;0.33693281
0.066454545;-0.021256916;0.34483793
0.066454545;-0.021256916;0.34483793
0.066454545;-0.021256916;0.33693281
0.066454545;-0.019280633;0.33693281
0.066454545;-0.021256916;0.34483793
0.064478263;-0.021256916;0.33693281
0.066454545;-0.019280633;0.33693281
0.062501974;-0.019280633;0.32902768
0.062501974;-0.019280633;0.33693281
0.062501974;-0.019280633;0.33693281
0.062501974;-0.021256916;0.34483793
0.060525693;-0.021256916;0.33693281
0.060525693;-0.019280633;0.33693281
0.060525693;-0.021256916;0.33693281
0.058549408;-0.019280633;0.34483793
0.058549408;-0.019280633;0.33693281
0.056573123;-0.019280633;0.33693281
0.058549408;-0.021256916;0.34483793
0.056573123;-0.019280633;0.34483793
0.054596838;-0.019280633;0.33693281
0.056573123;-0.019280633;0.33693281
0.054596838;-0.019280633;0.34483793
0.056573123;-0.019280633;0.33693281
0.054596838;-0.019280633;0.33693281
0.052620552;-0.019280633;0.33693281
0.052620552;-0.021256916;0.33693281
0.052620552;-0.019280633;0.33693281
0.052620552;-0.019280633;0.34483793
0.050644267;-0.021256916;0.33693281
0.048667986;-0.019280633;0.33693281
0.050644267;-0.021256916;0.33693281
0.048667986;-0.021256916;0.33693281
0.048667986;-0.019280633;0.33693281
0.044715416;-0.019280633;0.33693281
0.046691701;-0.019280633;0.34483793
0.044715416;-0.019280633;0.33693281
0.044715416;-0.019280633;0.33693281
0.044715416;-0.019280633;0.33693281
0.042739131;-0.019280633;0.33693281
0.042739131;-0.019280633;0.33693281
0.040762845;-0.019280633;0.34483793
0.040762845;-0.019280633;0.33693281
0.040762845;-0.017304348;0.33693281
0.03878656;-0.019280633;0.34483793
0.03878656;-0.019280633;0.33693281
0.03878656;-0.019280633;0.33693281
0.03878656;-0.019280633;0.34483793
0.036810275;-0.019280633;0.34483793
0.034833994;-0.017304348;0.34483793
0.036810275;-0.017304348;0.33693281
0.034833994;-0.019280633;0.33693281
0.032857709;-0.017304348;0.33693281
0.030881424;-0.019280633;0.33693281
0.032857709;-0.017304348;0.34483793
0.032857709;-0.017304348;0.33693281
0.030881424;-0.017304348;0.33693281
0.028905138;-0.019280633;0.34483793
0.028905138;-0.019280633;0.34483793
0.028905138;-0.019280633;0.33693281
0.028905138;-0.019280633;0.34483793
0.026928853;-0.017304348;0.34483793
0.02495257;-0.017304348;0.33693281
0.02495257;-0.017304348;0.33693281
0.022976285;-0.017304348;0.34483793
0.022976285;-0.017304348;0.33693281
0.022976285;-0.017304348;0.34483793
0.022976285;-0.017304348;0.34483793
0.019023715;-0.017304348;0.33693281
0.019023715;-0.017304348;0.33693281
0.019023715;-0.015328064;0.34483793
0.019023715;-0.017304348;0.33693281
0.017047431;-0.015328064;0.33693281
0.017047431;-0.017304348;0.33693281
0.015071146;-0.017304348;0.34483793
0.015071146;-0.017304348;0.33693281
0.015071146;-0.017304348;0.34483793
0.013094862;-0.017304348;0.33693281
0.013094862;-0.017304348;0.34483793
0.011118577;-0.017304348;0.33693281
0.011118577;-0.015328064;0.33693281
0.011118577;-0.017304348;0.34483793
0.0091422927;-0.017304348;0.34483793
0.0091422927;-0.017304348;0.33693281
0.007166008;-0.017304348;0.33693281
0.007166008;-0.015328064;0.34483793
0.007166008;-0.017304348;0.33693281
0.007166008;-0.017304348;0.33693281
0.0051897233;-0.015328064;0.33693281
0.0051897233;-0.015328064;0.34483793
0.0012371541;-0.015328064;0.33693281
0.0032134387;-0.015328064;0.34483793
0.0012371541;-0.015328064;0.33693281
-0.00073913042;-0.015328064;0.33693281
-0.00073913042;-0.013351778;0.33693281
-0.0027154151;-0.013351778;0.33693281
-0.00073913042;-0.015328064;0.33693281
-0.0046916995;-0.015328064;0.33693281
-0.0046916995;-0.013351778;0.33693281
-0.0046916995;-0.013351778;0.33693281
-0.0046916995;-0.015328064;0.33693281
-0.0046916995;-0.013351778;0.34483793
-0.0066679842;-0.015328064;0.34483793
-0.0066679842;-0.015328064;0.33693281
-0.0086442688;-0.013351778;0.33693281
-0.0086442688;-0.015328064;0.33693281
-0.010620553;-0.013351778;0.33693281
-0.0086442688;-0.013351778;0.33693281
-0.010620553;-0.013351778;0.33693281
-0.010620553;-0.013351778;0.33693281
-0.010620553;-0.013351778;0.34483793
-0.012596838;-0.013351778;0.34483793
-0.012596838;-0.015328064;0.33693281
-0.012596838;-0.013351778;0.33693281
-0.012596838;-0.013351778;0.33693281
-0.014573122;-0.013351778;0.33693281
-0.014573122;-0.013351778;0.33693281
-0.014573122;-0.013351778;0.34483793
-0.016549407;-0.013351778;0.34483793
-0.016549407;-0.011375494;0.34483793
-0.016549407;-0.013351778;0.33693281
-0.018525692;-0.011375494;0.33693281
-0.018525692;-0.013351778;0.33693281
-0.018525692;-0.013351778;0.33693281
-0.020501977;-0.013351778;0.33693281
-0.02247826;-0.013351778;0.33693281
-0.02247826;-0.013351778;0.33693281
-0.020501977;-0.011375494;0.33693281
-0.02247826;-0.011375494;0.34483793
-0.02247826;-0.013351778;0.33693281
-0.02247826;-0.013351778;0.33693281
-0.02247826;-0.013351778;0.33693281
-0.02247826;-0.013351778;0.33693281
-0.024454545;-0.011375494;0.33693281
-0.024454545;-0.011375494;0.33693281
-0.024454545;-0.011375494;0.33693281
-0.02643083;-0.011375494;0.34483793
-0.024454545;-0.011375494;0.33693281
-0.02643083;-0.011375494;0.33693281
-0.02643083;-0.011375494;0.33693281
-0.02643083;-0.011375494;0.33693281
-0.02643083;-0.013351778;0.33693281
-0.028407115;-0.011375494;0.34483793
-0.028407115;-0.011375494;0.33693281
-0.028407115;-0.011375494;0.33693281
-0.030383399;-0.011375494;0.34483793
-0.028407115;-0.0093992092;0.34483793
-0.028407115;-0.011375494;0.33693281
-0.028407115;-0.011375494;0.33693281
-0.030383399;-0.011375494;0.33693281
-0.030383399;-0.0093992092;0.33693281
-0.030383399;-0.0093992092;0.33693281
-0.032359682;-0.0093992092;0.33693281
-0.032359682;-0.011375494;0.33693281
-0.030383399;-0.0093992092;0.33693281
-0.032359682;-0.011375494;0.33693281
-0.032359682;-0.0093992092;0.34483793
-0.032359682;-0.0093992092;0.33693281
-0.032359682;-0.0093992092;0.34483793
-0.032359682;-0.0093992092;0.34483793
-0.032359682;-0.0093992092;0.33693281
-0.032359682;-0.011375494;0.33693281
-0.032359682;-0.0093992092;0.34483793
-0.032359682;-0.0093992092;0.33693281
-0.032359682;-0.0093992092;0.33693281
-0.032359682;-0.011375494;0.33693281
-0.034335967;-0.0093992092;0.33693281
-0.032359682;-0.0093992092;0.33693281
-0.032359682;-0.0093992092;0.34483793
-0.032359682;-0.0093992092;0.33693281
-0.032359682;-0.0093992092;0.33693281
-0.032359682;-0.007422925;0.33693281
-0.032359682;-0.0093992092;0.34483793
-0.032359682;-0.0093992092;0.33693281
-0.032359682;-0.0093992092;0.34483793
-0.034335967;-0.007422925;0.34483793
-0.032359682;-0.0093992092;0.33693281
-0.032359682;-0.007422925;0.33693281
-0.032359682;-0.007422925;0.33693281
-0.032359682;-0.007422925;0.33693281
-0.032359682;-0.0093992092;0.33693281
-0.032359682;-0.007422925;0.34483793
-0.030383399;-0.007422925;0.33693281
-0.030383399;-0.0093992092;0.33693281
-0.030383399;-0.007422925;0.33693281
-0.030383399;-0.007422925;0.33693281
-0.030383399;-0.007422925;0.33693281
-0.030383399;-0.007422925;0.33693281
-0.030383399;-0.0054466403;0.33693281
-0.032359682;-0.007422925;0.33693281
-0.030383399;-0.007422925;0.33693281
-0.030383399;-0.007422925;0.33693281
-0.030383399;-0.007422925;0.33693281
-0.030383399;-0.007422925;0.34483793
-0.030383399;-0.0054466403;0.33693281
-0.030383399;-0.007422925;0.34483793
-0.030383399;-0.0054466403;0.33693281
-0.028407115;-0.0054466403;0.33693281
-0.028407115;-0.007422925;0.33693281
-0.028407115;-0.0054466403;0.33693281
-0.028407115;-0.0054466403;0.34483793
-0.02643083;-0.0054466403;0.34483793
-0.02643083;-0.0054466403;0.34483793
-0.02643083;-0.0054466403;0.33693281
-0.02643083;-0.0054466403;0.33693281
-0.024454545;-0.0054466403;0.33693281
-0.02643083;-0.0034703556;0.33693281
-0.024454545;-0.0054466403;0.34483793
-0.024454545;-0.0034703556;0.33693281
-0.02247826;-0.0054466403;0.33693281
-0.02247826;-0.0054466403;0.33693281
-0.02247826;-0.0034703556;0.33693281
-0.02247826;-0.0054466403;0.33693281
-0.02247826;-0.0034703556;0.33693281
-0.020501977;-0.0054466403;0.33693281
-0.020501977;-0.0034703556;0.34483793
-0.020501977;-0.0054466403;0.34483793
-0.018525692;-0.0054466403;0.33693281
-0.018525692;-0.0054466403;0.33693281
-0.018525692;-0.0054466403;0.33693281
-0.018525692;-0.0034703556;0.33693281
-0.014573122;-0.0054466403;0.33693281
-0.016549407;-0.0034703556;0.33693281
-0.014573122;-0.0034703556;0.34483793
-0.016549407;-0.0034703556;0.33693281
-0.016549407;-0.0034703556;0.33693281
-0.014573122;-0.0034703556;0.33693281
-0.012596838;-0.0034703556;0.33693281
-0.012596838;-0.0034703556;0.33693281
-0.012596838;-0.0054466403;0.33693281
-0.012596838;-0.0034703556;0.33693281
-0.010620553;-0.0034703556;0.33693281
-0.010620553;-0.0034703556;0.33693281
-0.010620553;-0.0014940711;0.33693281
-0.010620553;-0.0034703556;0.34483793
-0.0086442688;-0.0034703556;0.33693281
-0.0066679842;-0.0034703556;0.34483793
-0.0066679842;-0.0034703556;0.34483793
-0.0066679842;-0.0014940711;0.33693281
-0.0066679842;-0.0034703556;0.33693281
-0.0046916995;-0.0034703556;0.33693281
-0.0046916995;-0.0014940711;0.34483793
-0.0027154151;-0.0054466403;0.34483793
-0.0027154151;-0.0034703556;0.33693281
-0.0027154151;-0.0034703556;0.33693281
-0.0027154151;-0.0034703556;0.33693281
-0.0027154151;-0.0034703556;0.33693281
-0.0027154151;-0.0014940711;0.33693281
-0.00073913042;-0.0034703556;0.33693281
0.0012371541;-0.0014940711;0.33693281
0.0012371541;-0.0014940711;0.34483793
0.0012371541;-0.0014940711;0.34483793
0.0032134387;-0.0014940711;0.33693281
0.0051897233;-0.0014940711;0.33693281
0.0051897233;0.00048221345;0.33693281
0.0051897233;-0.0014940711;0.33693281
0.007166008;-0.0014940711;0.33693281
0.007166008;-0.0014940711;0.33693281
0.007166008;-0.0014940711;0.33693281
0.0091422927;-0.0014940711;0.34483793
0.0091422927;0.00048221345;0.33693281
0.0091422927;0.00048221345;0.33693281
0.011118577;-0.0014940711;0.33693281
0.011118577;0.00048221345;0.33693281
0.013094862;-0.0014940711;0.34483793
0.015071146;-0.0014940711;0.33693281
0.015071146;-0.0014940711;0.34483793
0.015071146;0.00048221345;0.33693281
0.017047431;0.0024584981;0.32902768
0.017047431;0.0024584981;0.33693281
0.019023715;0.00048221345;0.33693281
0.019023715;0.00048221345;0.33693281
0.021;0.00048221345;0.33693281
0.021;0.00048221345;0.34483793
0.021;-0.0014940711;0.33693281
0.022976285;0.00048221345;0.33693281
0.021;0.00048221345;0.33693281
0.022976285;0.0024584981;0.33693281
0.022976285;0.00048221345;0.33693281
0.026928853;0.00048221345;0.32902768
0.026928853;0.00048221345;0.33693281
0.026928853;0.00048221345;0.33693281
0.026928853;0.0024584981;0.33693281
0.028905138;0.0024584981;0.33693281
0.028905138;0.0024584981;0.34483793
0.030881424;0.0024584981;0.33693281
0.030881424;0.0024584981;0.33693281
0.030881424;0.0024584981;0.33693281
0.032857709;0.0024584981;0.33693281
0.034833994;0.0024584981;0.33693281
0.034833994;0.00048221345;0.33693281
0.034833994;0.0024584981;0.34483793
0.034833994;0.0024584981;0.33693281
0.034833994;0.0024584981;0.33693281
0.036810275;0.0024584981;0.33693281
0.03878656;0.0024584981;0.33693281
0.040762845;0.0024584981;0.34483793
0.040762845;0.0024584981;0.34483793
0.03878656;0.0024584981;0.33693281
0.040762845;0.0044347825;0.33693281
0.042739131;0.0044347825;0.33693281
0.042739131;0.0024584981;0.33693281
0.044715416;0.0044347825;0.34483793
0.042739131;0.0024584981;0.33693281
0.046691701;0.0044347825;0.33693281
0.046691701;0.0024584981;0.33693281
0.046691701;0.0044347825;0.34483793
0.046691701;0.0024584981;0.33693281
0.048667986;0.0044347825;0.34483793
0.048667986;0.0064110672;0.33693281
0.048667986;0.0044347825;0.33693281
0.050644267;0.0044347825;0.33693281
0.050644267;0.0044347825;0.34483793
0.052620552;0.0064110672;0.32902768
0.052620552;0.0044347825;0.34483793
0.054596838;0.0064110672;0.33693281
0.054596838;0.0044347825;0.33693281
0.054596838;0.0064110672;0.33693281
0.054596838;0.0044347825;0.33693281
0.056573123;0.0064110672;0.33693281
0.056573123;0.0064110672;0.33693281
0.056573123;0.0044347825;0.33693281
0.058549408;0.0064110672;0.33693281
0.058549408;0.0064110672;0.33693281
0.058549408;0.0064110672;0.33693281
0.058549408;0.0064110672;0.33693281
0.060525693;0.0064110672;0.33693281
0.060525693;0.0064110672;0.33693281
0.060525693;0.0064110672;0.33693281
0.060525693;0.0064110672;0.33693281
0.062501974;0.0083873514;0.34483793
0.062501974;0.0064110672;0.33693281
0.064478263;0.0064110672;0.33693281
0.064478263;0.0083873514;0.34483793
0.064478263;0.0064110672;0.34483793
0.062501974;0.0064110672;0.34483793
0.064478263;0.0083873514;0.33693281
0.064478263;0.0083873514;0.33693281
0.066454545;0.0083873514;0.33693281
0.066454545;0.0083873514;0.34483793
0.068430834;0.0083873514;0.34483793
0.068430834;0.0083873514;0.33693281
0.068430834;0.0083873514;0.33693281
0.068430834;0.0083873514;0.33693281
0.070407115;0.0083873514;0.33693281
0.068430834;0.0064110672;0.34483793
0.070407115;0.0083873514;0.33693281
0.070407115;0.0083873514;0.33693281
0.072383396;0.010363637;0.34483793
0.070407115;0.010363637;0.33693281
0.070407115;0.010363637;0.33693281
0.072383396;0.0083873514;0.33693281
0.072383396;0.0083873514;0.33693281
0.074359685;0.010363637;0.34483793
0.072383396;0.010363637;0.33693281
0.074359685;0.010363637;0.34483793
0.074359685;0.010363637;0.33693281
0.074359685;0.010363637;0.33693281
0.074359685;0.010363637;0.33693281
0.074359685;0.010363637;0.33693281
0.074359685;0.010363637;0.33693281
0.076335967;0.010363637;0.33693281
0.076335967;0.0083873514;0.33693281
0.076335967;0.010363637;0.33693281
0.076335967;0.010363637;0.33693281
0.076335967;0.010363637;0.33693281
0.076335967;0.010363637;0.33693281
0.078312255;0.010363637;0.33693281
0.076335967;0.012339921;0.33693281
0.078312255;0.010363637;0.33693281
0.078312255;0.010363637;0.33693281
0.078312255;0.010363637;0.33693281
0.078312255;0.010363637;0.33693281
0.078312255;0.012339921;0.33693281
0.080288537;0.012339921;0.33693281
0.078312255;0.012339921;0.33693281
0.078312255;0.012339921;0.33693281
0.078312255;0.012339921;0.34483793
0.078312255;0.012339921;0.33693281
0.078312255;0.012339921;0.33693281
0.078312255;0.012339921;0.33693281
0.078312255;0.014316206;0.33693281
0.080288537;0.012339921;0.33693281
0.078312255;0.012339921;0.33693281
0.078312255;0.012339921;0.33693281
0.078312255;0.012339921;0.32902768
0.080288537;0.014316206;0.33693281
0.078312255;0.012339921;0.34483793
0.078312255;0.012339921;0.33693281
0.078312255;0.012339921;0.33693281
0.076335967;0.012339921;0.33693281
0.078312255;0.014316206;0.33693281
0.076335967;0.014316206;0.34483793
0.076335967;0.012339921;0.33693281
0.076335967;0.014316206;0.33693281
0.076335967;0.014316206;0.33693281
0.074359685;0.014316206;0.33693281
0.074359685;0.014316206;0.33693281
0.076335967;0.01629249;0.33693281
0.076335967;0.01629249;0.34483793
0.074359685;0.014316206;0.34483793
0.076335967;0.01629249;0.33693281
0.074359685;0.014316206;0.34483793
0.076335967;0.01629249;0.33693281
0.074359685;0.01629249;0.33693281
0.076335967;0.01629249;0.33693281
0.074359685;0.01629249;0.33693281
0.074359685;0.01629249;0.33693281
0.074359685;0.01629249;0.34483793
0.074359685;0.018268775;0.33693281
0.072383396;0.01629249;0.34483793
0.070407115;0.01629249;0.33693281
0.070407115;0.01629249;0.34483793
0.070407115;0.01629249;0.33693281
0.070407115;0.018268775;0.33693281
0.070407115;0.018268775;0.33693281
0.070407115;0.01629249;0.33693281
0.070407115;0.018268775;0.34483793
0.068430834;0.018268775;0.33693281
0.070407115;0.018268775;0.33693281
0.068430834;0.01629249;0.33693281
0.068430834;0.018268775;0.34483793
0.068430834;0.01629249;0.33693281
0.066454545;0.018268775;0.33693281
0.066454545;0.018268775;0.33693281
0.066454545;0.018268775;0.33693281
0.066454545;0.020245058;0.32902768
0.064478263;0.018268775;0.33693281
0.062501974;0.018268775;0.34483793
0.062501974;0.020245058;0.34483793
0.062501974;0.020245058;0.33693281
0.060525693;0.018268775;0.33693281
0.060525693;0.018268775;0.34483793
0.062501974;0.020245058;0.32902768
0.060525693;0.018268775;0.34483793
0.060525693;0.020245058;0.34483793
0.060525693;0.018268775;0.34483793
0.058549408;0.020245058;0.33693281
0.056573123;0.020245058;0.34483793
0.056573123;0.020245058;0.33693281
0.056573123;0.020245058;0.33693281
0.056573123;0.020245058;0.33693281
0.054596838;0.020245058;0.32902768
0.054596838;0.020245058;0.34483793
0.054596838;0.020245058;0.33693281
0.052620552;0.020245058;0.33693281
0.052620552;0.022221344;0.33693281
0.052620552;0.022221344;0.33693281
0.050644267;0.022221344;0.33693281
0.052620552;0.022221344;0.33693281
0.048667986;0.022221344;0.34483793
0.048667986;0.020245058;0.34483793
0.048667986;0.020245058;0.33693281
0.046691701;0.022221344;0.33693281
0.046691701;0.022221344;0.33693281
0.046691701;0.022221344;0.33693281
0.044715416;0.022221344;0.33693281
0.042739131;0.022221344;0.34483793
0.042739131;0.020245058;0.33693281
0.042739131;0.022221344;0.33693281
0.042739131;0.022221344;0.33693281
0.040762845;0.022221344;0.33693281
0.040762845;0.022221344;0.33693281
0.03878656;0.024197629;0.33693281
0.03878656;0.022221344;0.34483793
0.040762845;0.022221344;0.33693281
0.03878656;0.024197629;0.32902768
0.036810275;0.024197629;0.33693281
0.036810275;0.022221344;0.33693281
0.036810275;0.024197629;0.33693281
0.034833994;0.024197629;0.34483793
0.034833994;0.024197629;0.33693281
0.032857709;0.024197629;0.33693281
0.032857709;0.024197629;0.33693281
0.030881424;0.024197629;0.33693281
0.032857709;0.024197629;0.34483793
0.028905138;0.024197629;0.33693281
0.026928853;0.024197629;0.33693281
0.028905138;0.024197629;0.33693281
0.026928853;0.024197629;0.33693281
0.02495257;0.024197629;0.33693281
0.02495257;0.024197629;0.34483793
0.022976285;0.026173914;0.33693281
0.022976285;0.026173914;0.33693281
0.022976285;0.026173914;0.34483793
0.022976285;0.024197629;0.33693281
0.022976285;0.024197629;0.33693281
0.021;0.024197629;0.34483793
0.019023715;0.026173914;0.33693281
0.021;0.026173914;0.33693281
0.019023715;0.028150197;0.33693281
0.017047431;0.026173914;0.33693281
0.017047431;0.028150197;0.33693281
0.015071146;0.026173914;0.33693281
0.017047431;0.028150197;0.33693281
0.015071146;0.026173914;0.34483793
0.013094862;0.026173914;0.33693281
0.013094862;0.028150197;0.33693281
0.013094862;0.026173914;0.34483793
0.011118577;0.026173914;0.34483793
0.011118577;0.026173914;0.34483793
0.011118577;0.026173914;0.32902768
0.0091422927;0.028150197;0.33693281
0.007166008;0.026173914;0.33693281
0.007166008;0.028150197;0.33693281
0.007166008;0.028150197;0.33693281
0.007166008;0.028150197;0.33693281
0.0051897233;0.028150197;0.33693281
0.0051897233;0.030126482;0.34483793
0.0032134387;0.028150197;0.33693281
0.0032134387;0.028150197;0.33693281
0.0032134387;0.028150197;0.32902768
0.0012371541;0.030126482;0.33693281
-0.00073913042;0.030126482;0.33693281
-0.00073913042;0.030126482;0.33693281
-0.00073913042;0.028150197;0.33693281
-0.0027154151;0.028150197;0.34483793
-0.0046916995;0.030126482;0.34483793
-0.0046916995;0.030126482;0.33693281
-0.0046916995;0.030126482;0.33693281
-0.0046916995;0.028150197;0.33693281
-0.0066679842;0.030126482;0.33693281
-0.0066679842;0.030126482;0.34483793
-0.0066679842;0.030126482;0.33693281
-0.0086442688;0.030126482;0.33693281
-0.0086442688;0.030126482;0.33693281
-0.0086442688;0.030126482;0.34483793
-0.010620553;0.032102767;0.33693281
-0.010620553;0.030126482;0.33693281
-0.010620553;0.030126482;0.34483793
-0.010620553;0.032102767;0.33693281
-0.012596838;0.030126482;0.34483793
-0.012596838;0.030126482;0.34483793
-0.012596838;0.032102767;0.33693281
-0.014573122;0.030126482;0.33693281
-0.014573122;0.030126482;0.33693281
-0.016549407;0.032102767;0.33693281
-0.016549407;0.032102767;0.33693281
-0.014573122;0.030126482;0.33693281
-0.018525692;0.032102767;0.33693281
-0.016549407;0.030126482;0.33693281
-0.018525692;0.030126482;0.34483793
-0.018525692;0.032102767;0.33693281
-0.018525692;0.032102767;0.33693281
-0.018525692;0.032102767;0.33693281
-0.018525692;0.032102767;0.33693281
-0.020501977;0.032102767;0.33693281
-0.020501977;0.032102767;0.33693281
-0.020501977;0.032102767;0.34483793
-0.02247826;0.034079053;0.33693281
-0.02247826;0.032102767;0.34483793
-0.024454545;0.034079053;0.34483793
-0.02247826;0.032102767;0.33693281
-0.024454545;0.034079053;0.33693281
-0.024454545;0.034079053;0.33693281
-0.02643083;0.034079053;0.33693281
-0.024454545;0.034079053;0.34483793
-0.024454545;0.034079053;0.33693281
-0.02643083;0.036055338;0.33693281
-0.028407115;0.036055338;0.32902768
-0.028407115;0.036055338;0.33693281
-0.028407115;0.034079053;0.33693281
-0.028407115;0.034079053;0.34483793
-0.028407115;0.034079053;0.33693281
-0.030383399;0.036055338;0.33693281
-0.030383399;0.036055338;0.34483793
-0.030383399;0.036055338;0.33693281
-0.030383399;0.036055338;0.34483793
-0.028407115;0.034079053;0.33693281
-0.030383399;0.036055338;0.32902768
-0.030383399;0.036055338;0.34483793
-0.030383399;0.034079053;0.34483793
-0.032359682;0.036055338;0.33693281
-0.032359682;0.036055338;0.33693281
-0.032359682;0.036055338;0.33693281
-0.032359682;0.036055338;0.34483793
-0.032359682;0.036055338;0.33693281
-0.034335967;0.036055338;0.33693281
-0.032359682;0.036055338;0.33693281
-0.030383399;0.038031619;0.33693281
-0.034335967;0.038031619;0.33693281
-0.032359682;0.038031619;0.33693281
-0.032359682;0.036055338;0.33693281
-0.032359682;0.038031619;0.33693281
-0.032359682;0.036055338;0.33693281
-0.032359682;0.038031619;0.34483793
-0.034335967;0.038031619;0.33693281
-0.032359682;0.038031619;0.33693281
-0.032359682;0.038031619;0.33693281
-0.032359682;0.038031619;0.33693281
-0.034335967;0.036055338;0.33693281
-0.032359682;0.038031619;0.33693281
-0.032359682;0.036055338;0.34483793
-0.032359682;0.038031619;0.33693281
-0.034335967;0.038031619;0.33693281
-0.032359682;0.038031619;0.33693281
-0.032359682;0.038031619;0.33693281
-0.032359682;0.038031619;0.33693281
-0.032359682;0.038031619;0.33693281
-0.032359682;0.038031619;0.33693281
-0.032359682;0.040007904;0.33693281
-0.032359682;0.040007904;0.33693281
-0.032359682;0.040007904;0.33693281
-0.030383399;0.040007904;0.33693281
-0.032359682;0.040007904;0.33693281
-0.030383399;0.038031619;0.33693281
-0.030383399;0.040007904;0.33693281
-0.032359682;0.040007904;0.33693281
-0.030383399;0.040007904;0.34483793
-0.032359682;0.040007904;0.33693281
-0.030383399;0.040007904;0.33693281
-0.030383399;0.040007904;0.33693281
-0.030383399;0.040007904;0.33693281
-0.030383399;0.040007904;0.33693281
-0.030383399;0.040007904;0.33693281
-0.028407115;0.041984189;0.34483793
-0.028407115;0.040007904;0.33693281
-0.028407115;0.040007904;0.33693281
-0.028407115;0.041984189;0.34483793
-0.028407115;0.040007904;0.33693281
-0.02643083;0.040007904;0.33693281
-0.02643083;0.040007904;0.34483793
-0.02643083;0.041984189;0.33693281
-0.02643083;0.041984189;0.33693281
-0.024454545;0.041984189;0.34483793
-0.02643083;0.041984189;0.33693281
-0.02643083;0.041984189;0.33693281
-0.024454545;0.041984189;0.33693281
-0.02247826;0.041984189;0.33693281
-0.02247826;0.041984189;0.33693281
-0.024454545;0.041984189;0.34483793
-0.02247826;0.041984189;0.33693281
-0.020501977;0.041984189;0.33693281
-0.02247826;0.041984189;0.34483793
-0.020501977;0.041984189;0.33693281
-0.020501977;0.043960474;0.33693281
-0.020501977;0.041984189;0.33693281
-0.016549407;0.041984189;0.33693281
-0.018525692;0.041984189;0.33693281
-0.018525692;0.043960474;0.34483793
-0.016549407;0.043960474;0.33693281
-0.016549407;0.043960474;0.33693281
-0.016549407;0.043960474;0.33693281
-0.014573122;0.043960474;0.34483793
-0.014573122;0.043960474;0.34483793
-0.012596838;0.043960474;0.34483793
-0.014573122;0.043960474;0.34483793
-0.012596838;0.043960474;0.33693281
-0.012596838;0.04593676;0.33693281
-0.012596838;0.043960474;0.33693281
-0.012596838;0.043960474;0.34483793
-0.010620553;0.043960474;0.34483793
-0.0086442688;0.043960474;0.34483793
-0.0086442688;0.043960474;0.34483793
-0.0086442688;0.04593676;0.33693281
-0.0086442688;0.043960474;0.33693281
-0.0086442688;0.04593676;0.34483793
-0.0066679842;0.04593676;0.33693281
-0.0066679842;0.043960474;0.34483793
-0.0046916995;0.04593676;0.34483793
-0.0046916995;0.04593676;0.34483793
-0.0046916995;0.043960474;0.33693281
-0.0027154151;0.04593676;0.33693281
-0.0046916995;0.04593676;0.33693281
-0.0027154151;0.04593676;0.33693281
-0.00073913042;0.043960474;0.33693281
-0.00073913042;0.04593676;0.33693281
-0.00073913042;0.04593676;0.34483793
0.0012371541;0.04593676;0.33693281
-0.00073913042;0.04593676;0.33693281
0.0012371541;0.04593676;0.34483793
0.0032134387;0.04593676;0.34483793
0.0032134387;0.04593676;0.34483793
0.0051897233;0.047913045;0.34483793
0.0051897233;0.047913045;0.33693281
0.007166008;0.047913045;0.33693281
0.0091422927;0.047913045;0.33693281
0.007166008;0.047913045;0.33693281
0.0091422927;0.047913045;0.33693281
0.0091422927;0.047913045;0.33693281
0.011118577;0.047913045;0.33693281
0.0091422927;0.047913045;0.33693281
0.011118577;0.047913045;0.32902768
0.013094862;0.047913045;0.33693281
0.015071146;0.047913045;0.32902768
0.017047431;0.04988933;0.34483793
0.015071146;0.047913045;0.33693281
0.017047431;0.047913045;0.33693281
0.017047431;0.047913045;0.33693281
0.017047431;0.047913045;0.34483793
0.019023715;0.047913045;0.33693281
0.019023715;0.04988933;0.34483793
0.021;0.04988933;0.33693281
0.021;0.047913045;0.34483793
0.021;0.047913045;0.33693281
0.022976285;0.04988933;0.33693281
0.022976285;0.047913045;0.34483793
0.02495257;0.04988933;0.33693281
0.02495257;0.047913045;0.33693281
0.026928853;0.047913045;0.33693281
0.026928853;0.04988933;0.33693281
0.026928853;0.047913045;0.33693281
0.028905138;0.04988933;0.33693281
0.030881424;0.04988933;0.33693281
0.030881424;0.04988933;0.33693281
0.030881424;0.04988933;0.33693281
0.032857709;0.04988933;0.33693281
0.032857709;0.04988933;0.33693281
0.032857709;0.04988933;0.33693281
0.034833994;0.04988933;0.33693281
0.034833994;0.051865611;0.34483793
0.036810275;0.04988933;0.34483793
0.03878656;0.04988933;0.33693281
0.03878656;0.04988933;0.33693281
0.03878656;0.04988933;0.33693281
0.03878656;0.04988933;0.32902768
0.040762845;0.051865611;0.33693281
0.040762845;0.04988933;0.33693281
0.040762845;0.04988933;0.33693281
0.042739131;0.04988933;0.33693281
0.044715416;0.04988933;0.33693281
0.042739131;0.04988933;0.33693281
0.044715416;0.051865611;0.34483793
0.046691701;0.04988933;0.33693281
0.046691701;0.04988933;0.33693281
0.046691701;0.051865611;0.33693281
0.048667986;0.053841896;0.34483793
0.048667986;0.051865611;0.34483793
0.048667986;0.051865611;0.33693281
0.050644267;0.051865611;0.33693281
0.050644267;0.051865611;0.33693281
0.050644267;0.051865611;0.33693281
0.052620552;0.051865611;0.34483793
0.052620552;0.051865611;0.33693281
0.054596838;0.051865611;0.33693281
0.054596838;0.051865611;0.33693281
0.054596838;0.051865611;0.34483793
0.056573123;0.053841896;0.33693281
0.056573123;0.053841896;0.33693281
0.056573123;0.053841896;0.34483793
0.056573123;0.051865611;0.34483793
0.058549408;0.053841896;0.33693281
0.058549408;0.053841896;0.33693281
0.060525693;0.053841896;0.33693281
0.058549408;0.053841896;0.33693281
0.060525693;0.053841896;0.34483793
0.060525693;0.053841896;0.33693281
0.062501974;0.053841896;0.34483793
0.062501974;0.053841896;0.33693281
0.062501974;0.053841896;0.33693281
0.064478263;0.053841896;0.33693281
0.062501974;0.055818181;0.34483793
0.062501974;0.053841896;0.33693281
0.064478263;0.053841896;0.33693281
0.064478263;0.055818181;0.33693281
0.066454545;0.055818181;0.33693281
0.066454545;0.055818181;0.34483793
0.068430834;0.055818181;0.33693281
0.066454545;0.053841896;0.33693281
0.068430834;0.055818181;0.33693281
0.068430834;0.053841896;0.33693281
0.070407115;0.053841896;0.33693281
0.068430834;0.053841896;0.33693281
0.068430834;0.055818181;0.33693281
0.070407115;0.055818181;0.34483793
0.070407115;0.055818181;0.33693281
0.070407115;0.055818181;0.33693281
0.072383396;0.055818181;0.33693281
0.072383396;0.055818181;0.33693281
0.072383396;0.053841896;0.34483793
0.072383396;0.055818181;0.33693281
0.072383396;0.055818181;0.33693281
0.074359685;0.055818181;0.33693281
0.072383396;0.055818181;0.32902768
0.076335967;0.055818181;0.33693281
0.076335967;0.055818181;0.33693281
0.076335967;0.057794467;0.33693281
0.074359685;0.055818181;0.33693281
0.076335967;0.055818181;0.33693281
0.076335967;0.057794467;0.34483793
0.076335967;0.055818181;0.33693281
0.076335967;0.057794467;0.33693281
0.076335967;0.057794467;0.33693281
0.078312255;0.055818181;0.33693281
0.076335967;0.057794467;0.33693281
0.078312255;0.057794467;0.33693281
0.076335967;0.057794467;0.34483793
0.078312255;0.057794467;0.33693281
0.078312255;0.057794467;0.33693281
0.078312255;0.057794467;0.33693281
0.078312255;0.057794467;0.33693281
0.076335967;0.057794467;0.33693281
0.078312255;0.057794467;0.33693281
0.078312255;0.057794467;0.33693281
0.078312255;0.057794467;0.33693281
0.078312255;0.057794467;0.33693281
0.080288537;0.057794467;0.34483793
0.078312255;0.057794467;0.33693281
0.078312255;0.059770752;0.33693281
0.078312255;0.057794467;0.34483793
0.078312255;0.057794467;0.33693281
0.078312255;0.057794467;0.34483793
0.078312255;0.057794467;0.33693281
0.078312255;0.057794467;0.33693281
0.078312255;0.057794467;0.33693281
0.078312255;0.057794467;0.33693281
0.076335967;0.059770752;0.34483793
0.078312255;0.057794467;0.33693281
0.076335967;0.057794467;0.33693281
0.078312255;0.057794467;0.33693281
0.076335967;0.059770752;0.33693281
0.076335967;0.059770752;0.33693281
0.076335967;0.059770752;0.34483793
0.076335967;0.057794467;0.32902768
0.076335967;0.057794467;0.33693281
0.076335967;0.059770752;0.33693281
0.076335967;0.057794467;0.33693281
0.076335967;0.059770752;0.33693281
0.076335967;0.059770752;0.33693281
0.074359685;0.057794467;0.33693281
0.074359685;0.059770752;0.33693281
0.074359685;0.059770752;0.33693281
0.076335967;0.059770752;0.33693281
0.074359685;0.061747037;0.33693281
0.072383396;0.059770752;0.33693281
0.072383396;0.059770752;0.34483793
0.072383396;0.059770752;0.33693281
0.074359685;0.059770752;0.34483793
0.070407115;0.059770752;0.33693281
0.072383396;0.061747037;0.33693281
0.072383396;0.059770752;0.34483793
0.070407115;0.061747037;0.33693281
0.070407115;0.059770752;0.34483793
0.070407115;0.059770752;0.33693281
0.070407115;0.059770752;0.33693281
0.070407115;0.061747037;0.33693281
0.070407115;0.059770752;0.33693281
0.068430834;0.061747037;0.34483793
0.066454545;0.061747037;0.33693281
0.068430834;0.061747037;0.33693281
0.066454545;0.061747037;0.33693281
0.066454545;0.061747037;0.33693281
0.066454545;0.061747037;0.33693281
0.064478263;0.061747037;0.33693281
0.064478263;0.059770752;0.33693281
0.064478263;0.061747037;0.32902768
0.064478263;0.059770752;0.34483793
0.064478263;0.061747037;0.33693281
0.062501974;0.061747037;0.33693281
0.062501974;0.059770752;0.33693281
0.062501974;0.061747037;0.33693281
0.060525693;0.061747037;0.33693281
0.060525693;0.061747037;0.33693281
0.058549408;0.061747037;0.33693281
0.058549408;0.063723318;0.33693281
0.058549408;0.061747037;0.33693281
0.058549408;0.059770752;0.34483793
0.058549408;0.059770752;0.33693281
0.056573123;0.061747037;0.34483793
0.054596838;0.061747037;0.33693281
0.054596838;0.061747037;0.33693281
0.054596838;0.063723318;0.34483793
0.054596838;0.061747037;0.34483793
0.052620552;0.061747037;0.33693281
0.052620552;0.061747037;0.34483793
0.050644267;0.061747037;0.33693281
0.052620552;0.063723318;0.33693281
0.050644267;0.061747037;0.33693281
0.050644267;0.061747037;0.33693281
0.046691701;0.063723318;0.33693281
0.048667986;0.061747037;0.33693281
0.046691701;0.061747037;0.33693281
0.046691701;0.061747037;0.33693281
0.044715416;0.063723318;0.34483793
0.046691701;0.063723318;0.34483793
0.044715416;0.063723318;0.33693281
0.042739131;0.063723318;0.33693281
0.042739131;0.063723318;0.33693281
0.042739131;0.063723318;0.33693281
0.040762845;0.063723318;0.34483793
0.03878656;0.063723318;0.33693281
0.040762845;0.063723318;0.34483793
0.040762845;0.061747037;0.34483793
0.040762845;0.061747037;0.33693281
0.036810275;0.063723318;0.34483793
0.036810275;0.063723318;0.34483793
0.036810275;0.063723318;0.33693281
0.034833994;0.065699607;0.33693281
0.034833994;0.063723318;0.33693281
0.032857709;0.063723318;0.33693281
0.032857709;0.063723318;0.33693281
0.030881424;0.063723318;0.33693281
0.030881424;0.063723318;0.33693281
0.030881424;0.063723318;0.34483793
0.028905138;0.063723318;0.33693281
0.028905138;0.063723318;0.33693281
0.028905138;0.063723318;0.33693281
0.026928853;0.063723318;0.33693281
0.026928853;0.065699607;0.33693281
0.02495257;0.065699607;0.33693281
0.02495257;0.063723318;0.33693281
0.02495257;0.065699607;0.33693281
0.022976285;0.063723318;0.33693281
0.022976285;0.065699607;0.34483793
0.021;0.063723318;0.33693281
0.021;0.063723318;0.33693281
0.021;0.063723318;0.34483793
0.019023715;0.065699607;0.33693281
0.019023715;0.065699607;0.34483793
0.017047431;0.063723318;0.33693281
0.017047431;0.065699607;0.33693281
0.017047431;0.065699607;0.34483793
0.015071146;0.065699607;0.33693281
0.015071146;0.065699607;0.33693281
0.015071146;0.065699607;0.33693281
0.013094862;0.065699607;0.32902768
0.011118577;0.065699607;0.34483793
0.011118577;0.065699607;0.33693281
0.011118577;0.065699607;0.33693281
0.0091422927;0.065699607;0.33693281
0.011118577;0.065699607;0.34483793
0.0091422927;0.063723318;0.33693281
0.0091422927;0.065699607;0.33693281
0.007166008;0.063723318;0.33693281
0.0051897233;0.065699607;0.33693281
0.0051897233;0.065699607;0.34483793
0.0051897233;0.067675889;0.33693281
0.0051897233;0.067675889;0.33693281
0.0012371541;0.067675889;0.33693281
0.0012371541;0.067675889;0.33693281
-0.00073913042;0.065699607;0.34483793
-0.00073913042;0.065699607;0.33693281
-0.00073913042;0.065699607;0.34483793
-0.0027154151;0.065699607;0.33693281
-0.0027154151;0.065699607;0.33693281
-0.0027154151;0.065699607;0.33693281
-0.0046916995;0.067675889;0.33693281
-0.0046916995;0.067675889;0.33693281
-0.0066679842;0.067675889;0.33693281
-0.0086442688;0.065699607;0.33693281
-0.0066679842;0.067675889;0.33693281
-0.0086442688;0.065699607;0.33693281
-0.010620553;0.065699607;0.33693281
-0.010620553;0.065699607;0.33693281
-0.010620553;0.067675889;0.33693281
-0.010620553;0.067675889;0.34483793
-0.010620553;0.065699607;0.34483793
-0.010620553;0.067675889;0.33693281
-0.012596838;0.067675889;0.33693281
-0.010620553;0.067675889;0.34483793
-0.012596838;0.065699607;0.34483793
-0.012596838;0.067675889;0.33693281
-0.014573122;0.065699607;0.33693281
-0.014573122;0.067675889;0.33693281
-0.016549407;0.067675889;0.33693281
-0.016549407;0.067675889;0.33693281
-0.016549407;0.067675889;0.33693281
-0.016549407;0.067675889;0.33693281
-0.018525692;0.067675889;0.34483793
-0.018525692;0.067675889;0.34483793
-0.018525692;0.067675889;0.33693281
-0.020501977;0.067675889;0.34483793
-0.020501977;0.067675889;0.33693281
-0.02247826;0.067675889;0.34483793
-0.02247826;0.067675889;0.33693281
-0.02247826;0.067675889;0.33693281
-0.02247826;0.067675889;0.33693281
-0.024454545;0.067675889;0.34483793
-0.02247826;0.067675889;0.33693281
-0.024454545;0.067675889;0.33693281
-0.024454545;0.067675889;0.33693281
-0.024454545;0.067675889;0.34483793
-0.024454545;0.067675889;0.33693281
-0.024454545;0.067675889;0.33693281
-0.02643083;0.065699607;0.33693281
-0.024454545;0.067675889;0.34483793
-0.02643083;0.067675889;0.33693281
-0.02643083;0.067675889;0.33693281
-0.02643083;0.067675889;0.34483793
-0.02643083;0.067675889;0.34483793
-0.028407115;0.067675889;0.34483793
-0.028407115;0.067675889;0.33693281
-0.028407115;0.067675889;0.33693281
-0.028407115;0.067675889;0.33693281
-0.028407115;0.067675889;0.33693281
-0.030383399;0.067675889;0.33693281
-0.030383399;0.067675889;0.33693281
-0.030383399;0.069652177;0.33693281
-0.032359682;0.067675889;0.34483793
-0.032359682;0.067675889;0.33693281
-0.030383399;0.069652177;0.33693281
-0.032359682;0.067675889;0.33693281
-0.030383399;0.067675889;0.33693281
-0.032359682;0.067675889;0.33693281
-0.032359682;0.067675889;0.34483793
-0.032359682;0.067675889;0.34483793
-0.032359682;0.067675889;0.33693281
-0.032359682;0.067675889;0.33693281
-0.032359682;0.067675889;0.34483793
-0.032359682;0.067675889;0.33693281
-0.032359682;0.067675889;0.33693281
-0.032359682;0.067675889;0.34483793
-0.034335967;0.067675889;0.32902768
-0.032359682;0.067675889;0.33693281
-0.032359682;0.067675889;0.33693281
-0.034335967;0.067675889;0.33693281
-0.032359682;0.067675889;0.33693281
-0.034335967;0.067675889;0.33693281
-0.032359682;0.067675889;0.34483793
-0.032359682;0.067675889;0.33693281
-0.032359682;0.067675889;0.33693281
-0.032359682;0.067675889;0.33693281
-0.032359682;0.067675889;0.33693281
-0.034335967;0.067675889;0.33693281
-0.032359682;0.067675889;0.33693281
-0.032359682;0.067675889;0.33693281
-0.032359682;0.069652177;0.33693281
-0.032359682;0.069652177;0.33693281
-0.032359682;0.067675889;0.33693281
-0.030383399;0.067675889;0.33693281
-0.030383399;0.067675889;0.33693281
-0.032359682;0.069652177;0.33693281
-0.030383399;0.069652177;0.33693281
-0.030383399;0.067675889;0.33693281
-0.030383399;0.067675889;0.33693281
-0.030383399;0.069652177;0.33693281
-0.028407115;0.069652177;0.33693281
-0.030383399;0.069652177;0.33693281
-0.028407115;0.067675889;0.33693281
-0.030383399;0.067675889;0.33693281
-0.030383399;0.067675889;0.34483793
-0.028407115;0.069652177;0.33693281
-0.028407115;0.069652177;0.33693281
-0.028407115;0.069652177;0.33693281
-0.028407115;0.069652177;0.33693281
-0.028407115;0.069652177;0.33693281
-0.028407115;0.069652177;0.33693281
-0.02643083;0.069652177;0.34483793
-0.02643083;0.067675889;0.34483793
-0.028407115;0.069652177;0.33693281
-0.02643083;0.069652177;0.33693281
-0.024454545;0.069652177;0.34483793
-0.024454545;0.067675889;0.34483793
-0.02643083;0.067675889;0.34483793
-0.02643083;0.069652177;0.33693281
-0.02247826;0.069652177;0.33693281
-0.02247826;0.069652177;0.33693281
-0.02247826;0.069652177;0.33693281
-0.02247826;0.069652177;0.34483793
-0.02247826;0.069652177;0.33693281
-0.020501977;0.069652177;0.34483793
-0.020501977;0.069652177;0.33693281
-0.020501977;0.069652177;0.33693281
-0.020501977;0.069652177;0.34483793
-0.020501977;0.069652177;0.33693281
-0.018525692;0.069652177;0.34483793
-0.018525692;0.069652177;0.33693281
-0.016549407;0.069652177;0.33693281
-0.016549407;0.069652177;0.33693281
-0.016549407;0.069652177;0.34483793
-0.014573122;0.069652177;0.33693281
-0.014573122;0.069652177;0.33693281
-0.014573122;0.069652177;0.33693281
-0.014573122;0.069652177;0.33693281
-0.012596838;0.069652177;0.33693281
-0.012596838;0.069652177;0.33693281
-0.012596838;0.069652177;0.34483793
-0.012596838;0.067675889;0.33693281
-0.010620553;0.069652177;0.33693281
-0.010620553;0.069652177;0.33693281
-0.010620553;0.069652177;0.33693281
-0.0086442688;0.069652177;0.33693281
-0.0066679842;0.069652177;0.34483793
-0.0086442688;0.069652177;0.33693281
-0.0066679842;0.067675889;0.33693281
-0.0066679842;0.069652177;0.33693281
-0.0066679842;0.069652177;0.33693281
-0.0046916995;0.069652177;0.34483793
-0.0027154151;0.069652177;0.34483793
-0.0027154151;0.069652177;0.32902768
-0.0027154151;0.069652177;0.33693281
-0.0027154151;0.067675889;0.34483793
-0.00073913042;0.069652177;0.34483793
-0.00073913042;0.069652177;0.33693281
0.0012371541;0.069652177;0.33693281
-0.00073913042;0.069652177;0.33693281
0.0012371541;0.069652177;0.34483793
0.0032134387;0.067675889;0.33693281
0.0051897233;0.067675889;0.33693281
0.0051897233;0.069652177;0.33693281
0.0051897233;0.067675889;0.33693281
0.0051897233;0.067675889;0.33693281
0.0051897233;0.069652177;0.34483793
0.007166008;0.069652177;0.33693281
0.0091422927;0.069652177;0.33693281
0.0091422927;0.069652177;0.33693281
0.0091422927;0.069652177;0.33693281
0.011118577;0.069652177;0.34483793
0.011118577;0.069652177;0.33693281
0.013094862;0.067675889;0.33693281
0.015071146;0.069652177;0.33693281
0.013094862;0.069652177;0.34483793
0.013094862;0.069652177;0.33693281
0.015071146;0.069652177;0.33693281
0.017047431;0.069652177;0.33693281
0.017047431;0.067675889;0.33693281
0.019023715;0.069652177;0.34483793
0.019023715;0.067675889;0.33693281
0.019023715;0.069652177;0.33693281
0.021;0.069652177;0.33693281
0.021;0.069652177;0.33693281
0.022976285;0.069652177;0.33693281
0.022976285;0.067675889;0.33693281
0.022976285;0.069652177;0.34483793
0.02495257;0.069652177;0.33693281
0.02495257;0.069652177;0.33693281
0.026928853;0.067675889;0.33693281
0.028905138;0.069652177;0.33693281
0.028905138;0.069652177;0.33693281
0.028905138;0.069652177;0.33693281
0.028905138;0.069652177;0.33693281
0.030881424;0.069652177;0.33693281
0.030881424;0.069652177;0.34483793
0.032857709;0.069652177;0.34483793
0.034833994;0.067675889;0.33693281
0.034833994;0.067675889;0.33693281
0.034833994;0.069652177;0.33693281
0.034833994;0.069652177;0.33693281
0.036810275;0.067675889;0.33693281
0.036810275;0.067675889;0.33693281
0.03878656;0.067675889;0.33693281
0.03878656;0.069652177;0.33693281
0.03878656;0.067675889;0.33693281
0.040762845;0.067675889;0.33693281
0.040762845;0.069652177;0.33693281
0.040762845;0.069652177;0.33693281
0.040762845;0.067675889;0.33693281
0.044715416;0.067675889;0.33693281
0.042739131;0.069652177;0.33693281
0.044715416;0.067675889;0.34483793
0.046691701;0.069652177;0.33693281
0.046691701;0.067675889;0.33693281
0.046691701;0.067675889;0.33693281
0.046691701;0.067675889;0.33693281
0.046691701;0.069652177;0.34483793
0.050644267;0.067675889;0.33693281
0.050644267;0.069652177;0.34483793
0.050644267;0.069652177;0.33693281
0.052620552;0.067675889;0.33693281
0.050644267;0.067675889;0.33693281
0.054596838;0.067675889;0.33693281
0.052620552;0.067675889;0.34483793
0.054596838;0.067675889;0.33693281
0.054596838;0.067675889;0.33693281
0.056573123;0.067675889;0.34483793
0.054596838;0.067675889;0.34483793
0.056573123;0.067675889;0.33693281
0.058549408;0.067675889;0.34483793
0.058549408;0.069652177;0.34483793
0.058549408;0.067675889;0.33693281
0.058549408;0.067675889;0.33693281
0.060525693;0.069652177;0.33693281
0.060525693;0.067675889;0.33693281
0.060525693;0.067675889;0.33693281
0.060525693;0.067675889;0.33693281
0.062501974;0.069652177;0.34483793
0.062501974;0.067675889;0.33693281
0.062501974;0.067675889;0.33693281
0.064478263;0.067675889;0.33693281
0.064478263;0.067675889;0.34483793
0.064478263;0.067675889;0.34483793
0.066454545;0.069652177;0.33693281
0.066454545;0.069652177;0.33693281
0.066454545;0.067675889;0.33693281
0.068430834;0.067675889;0.33693281
0.066454545;0.067675889;0.33693281
0.068430834;0.067675889;0.33693281
0.068430834;0.067675889;0.34483793
0.070407115;0.067675889;0.34483793
0.070407115;0.067675889;0.33693281
0.070407115;0.067675889;0.33693281
0.070407115;0.067675889;0.33693281
0.070407115;0.067675889;0.32902768
0.070407115;0.067675889;0.33693281
0.072383396;0.067675889;0.33693281
0.070407115;0.067675889;0.34483793
0.072383396;0.067675889;0.34483793
0.074359685;0.067675889;0.33693281
0.072383396;0.065699607;0.33693281
0.074359685;0.067675889;0.33693281
0.074359685;0.069652177;0.33693281
0.074359685;0.067675889;0.33693281
0.074359685;0.067675889;0.33693281
0.076335967;0.067675889;0.33693281
0.074359685;0.067675889;0.33693281
0.076335967;0.067675889;0.34483793
0.076335967;0.067675889;0.33693281
0.076335967;0.065699607;0.34483793
0.076335967;0.065699607;0.34483793
0.076335967;0.067675889;0.33693281
0.078312255;0.067675889;0.34483793
0.076335967;0.067675889;0.33693281
0.078312255;0.067675889;0.33693281
0.076335967;0.067675889;0.33693281
0.076335967;0.067675889;0.34483793
0.078312255;0.067675889;0.33693281
0.076335967;0.067675889;0.34483793
0.076335967;0.065699607;0.33693281
0.078312255;0.067675889;0.33693281
0.078312255;0.067675889;0.34483793
0.078312255;0.065699607;0.33693281
0.078312255;0.065699607;0.33693281
0.078312255;0.065699607;0.33693281
0.078312255;0.065699607;0.34483793
0.078312255;0.065699607;0.33693281
0.078312255;0.065699607;0.34483793
0.078312255;0.065699607;0.34483793
0.078312255;0.067675889;0.34483793
0.078312255;0.067675889;0.33693281
0.078312255;0.067675889;0.33693281
0.078312255;0.065699607;0.34483793
0.078312255;0.065699607;0.33693281
0.078312255;0.065699607;0.33693281
0.078312255;0.067675889;0.33693281
0.078312255;0.065699607;0.34483793
0.078312255;0.065699607;0.33693281
0.078312255;0.065699607;0.34483793
0.076335967;0.063723318;0.34483793
0.076335967;0.065699607;0.33693281
0.076335967;0.065699607;0.33693281
0.076335967;0.065699607;0.34483793
0.076335967;0.065699607;0.33693281
0.076335967;0.065699607;0.33693281
0.074359685;0.063723318;0.34483793
0.076335967;0.065699607;0.34483793
0.076335967;0.065699607;0.34483793
0.074359685;0.065699607;0.34483793
0.074359685;0.063723318;0.33693281
0.074359685;0.065699607;0.33693281
0.074359685;0.063723318;0.33693281
0.074359685;0.063723318;0.33693281
0.074359685;0.065699607;0.34483793
0.074359685;0.063723318;0.33693281
0.072383396;0.065699607;0.33693281
0.074359685;0.065699607;0.33693281
0.070407115;0.063723318;0.33693281
0.070407115;0.065699607;0.33693281
0.072383396;0.065699607;0.33693281
0.070407115;0.067675889;0.34483793
0.070407115;0.065699607;0.33693281
0.070407115;0.063723318;0.33693281
0.070407115;0.065699607;0.33693281
0.070407115;0.065699607;0.34483793
0.070407115;0.063723318;0.33693281
0.068430834;0.065699607;0.33693281
0.066454545;0.065699607;0.33693281
0.066454545;0.063723318;0.34483793
0.066454545;0.063723318;0.33693281
0.064478263;0.065699607;0.33693281
0.066454545;0.065699607;0.33693281
0.064478263;0.063723318;0.33693281
0.064478263;0.065699607;0.33693281
0.064478263;0.065699607;0.33693281
0.062501974;0.063723318;0.33693281
0.062501974;0.063723318;0.33693281
0.062501974;0.063723318;0.33693281
0.062501974;0.063723318;0.33693281
0.060525693;0.063723318;0.33693281
0.060525693;0.063723318;0.33693281
0.060525693;0.063723318;0.33693281
0.058549408;0.063723318;0.33693281
0.058549408;0.063723318;0.33693281
0.056573123;0.061747037;0.34483793
0.056573123;0.061747037;0.33693281
0.056573123;0.063723318;0.33693281
0.056573123;0.063723318;0.33693281
0.054596838;0.063723318;0.33693281
0.056573123;0.063723318;0.34483793
0.054596838;0.061747037;0.33693281
0.052620552;0.063723318;0.33693281
0.052620552;0.061747037;0.33693281
0.052620552;0.063723318;0.34483793
0.052620552;0.061747037;0.34483793
0.048667986;0.063723318;0.33693281
0.048667986;0.063723318;0.32902768
0.048667986;0.061747037;0.33693281
0.048667986;0.061747037;0.33693281
0.046691701;0.061747037;0.34483793
0.046691701;0.061747037;0.33693281
0.046691701;0.061747037;0.33693281
0.046691701;0.061747037;0.33693281
0.044715416;0.061747037;0.34483793
0.042739131;0.061747037;0.33693281
0.042739131;0.061747037;0.33693281
0.042739131;0.061747037;0.33693281
0.040762845;0.061747037;0.34483793
0.040762845;0.061747037;0.33693281
0.040762845;0.061747037;0.34483793
0.03878656;0.061747037;0.34483793
0.03878656;0.061747037;0.34483793
0.036810275;0.061747037;0.34483793
0.036810275;0.061747037;0.34483793
0.034833994;0.061747037;0.33693281
0.034833994;0.061747037;0.33693281
0.034833994;0.061747037;0.34483793
0.030881424;0.061747037;0.33693281
0.032857709;0.059770752;0.33693281
0.030881424;0.061747037;0.33693281
0.030881424;0.061747037;0.34483793
0.030881424;0.061747037;0.33693281
0.028905138;0.061747037;0.33693281
0.028905138;0.061747037;0.33693281
0.026928853;0.059770752;0.33693281
0.026928853;0.059770752;0.34483793
0.02495257;0.059770752;0.33693281
0.026928853;0.057794467;0.33693281
0.02495257;0.061747037;0.33693281
0.022976285;0.059770752;0.33693281
0.022976285;0.059770752;0.33693281
0.022976285;0.059770752;0.34483793
0.021;0.059770752;0.34483793
0.021;0.059770752;0.33693281
0.021;0.059770752;0.33693281
0.019023715;0.059770752;0.34483793
0.017047431;0.059770752;0.33693281
0.019023715;0.059770752;0.33693281
0.017047431;0.059770752;0.33693281
0.015071146;0.059770752;0.33693281
0.015071146;0.059770752;0.33693281
0.015071146;0.059770752;0.33693281
0.013094862;0.059770752;0.33693281
0.013094862;0.059770752;0.34483793
0.011118577;0.059770752;0.33693281
0.013094862;0.057794467;0.33693281
0.0091422927;0.059770752;0.33693281
0.0091422927;0.057794467;0.33693281
0.0091422927;0.059770752;0.33693281
0.007166008;0.059770752;0.33693281
0.007166008;0.059770752;0.33693281
0.0051897233;0.057794467;0.33693281
0.0051897233;0.059770752;0.33693281
0.0051897233;0.059770752;0.33693281
0.0051897233;0.059770752;0.34483793
0.0032134387;0.059770752;0.33693281
0.0012371541;0.057794467;0.33693281
-0.00073913042;0.057794467;0.33693281
-0.00073913042;0.057794467;0.34483793
-0.00073913042;0.057794467;0.34483793
-0.00073913042;0.057794467;0.33693281
-0.0027154151;0.057794467;0.34483793
-0.0027154151;0.059770752;0.33693281
-0.0046916995;0.057794467;0.33693281
-0.0046916995;0.057794467;0.34483793
-0.0046916995;0.059770752;0.33693281
-0.0066679842;0.057794467;0.33693281
-0.0086442688;0.057794467;0.33693281
-0.0066679842;0.057794467;0.34483793
-0.0086442688;0.057794467;0.34483793
-0.0086442688;0.057794467;0.33693281
-0.0086442688;0.055818181;0.33693281
-0.010620553;0.057794467;0.34483793
-0.0086442688;0.055818181;0.33693281
-0.010620553;0.055818181;0.33693281
-0.010620553;0.057794467;0.33693281
-0.012596838;0.057794467;0.33693281
-0.012596838;0.057794467;0.34483793
-0.012596838;0.057794467;0.33693281
-0.014573122;0.057794467;0.34483793
-0.014573122;0.057794467;0.33693281
-0.014573122;0.055818181;0.33693281
-0.016549407;0.055818181;0.33693281
-0.016549407;0.055818181;0.33693281
-0.016549407;0.055818181;0.33693281
-0.018525692;0.055818181;0.34483793
-0.018525692;0.055818181;0.33693281
-0.018525692;0.055818181;0.33693281
-0.020501977;0.055818181;0.33693281
-0.020501977;0.055818181;0.33693281
-0.020501977;0.055818181;0.34483793
-0.02247826;0.055818181;0.34483793
-0.02247826;0.055818181;0.33693281
-0.02247826;0.053841896;0.33693281
-0.02247826;0.055818181;0.33693281
-0.02247826;0.055818181;0.33693281
-0.02247826;0.055818181;0.33693281
-0.02247826;0.055818181;0.33693281
-0.024454545;0.053841896;0.33693281
-0.024454545;0.053841896;0.33693281
-0.024454545;0.053841896;0.34483793
-0.024454545;0.055818181;0.34483793
-0.02643083;0.055818181;0.33693281
-0.024454545;0.053841896;0.33693281
-0.02643083;0.053841896;0.34483793
-0.028407115;0.053841896;0.34483793
-0.028407115;0.053841896;0.33693281
-0.028407115;0.053841896;0.34483793
-0.028407115;0.053841896;0.33693281
-0.030383399;0.053841896;0.34483793
-0.028407115;0.053841896;0.33693281
-0.030383399;0.053841896;0.33693281
-0.030383399;0.053841896;0.33693281
-0.030383399;0.055818181;0.34483793
-0.030383399;0.053841896;0.34483793
-0.030383399;0.051865611;0.33693281
-0.032359682;0.053841896;0.33693281
-0.032359682;0.053841896;0.33693281
-0.030383399;0.053841896;0.33693281
-0.032359682;0.051865611;0.34483793
-0.032359682;0.053841896;0.32902768
-0.032359682;0.053841896;0.33693281
-0.032359682;0.051865611;0.34483793
-0.032359682;0.051865611;0.33693281
-0.034335967;0.053841896;0.32902768
-0.032359682;0.051865611;0.34483793
-0.032359682;0.051865611;0.34483793
-0.032359682;0.051865611;0.33693281
-0.032359682;0.051865611;0.33693281
-0.032359682;0.051865611;0.33693281
-0.032359682;0.053841896;0.34483793
-0.032359682;0.051865611;0.33693281
-0.032359682;0.051865611;0.33693281
-0.032359682;0.051865611;0.33693281
-0.032359682;0.051865611;0.33693281
-0.032359682;0.04988933;0.33693281
-0.032359682;0.04988933;0.33693281
-0.034335967;0.04988933;0.33693281
-0.032359682;0.04988933;0.33693281
-0.032359682;0.04988933;0.33693281
-0.034335967;0.04988933;0.34483793
-0.032359682;0.04988933;0.33693281
-0.034335967;0.051865611;0.33693281
-0.032359682;0.051865611;0.34483793
-0.034335967;0.04988933;0.34483793
-0.032359682;0.04988933;0.33693281
-0.030383399;0.04988933;0.34483793
-0.032359682;0.04988933;0.33693281
-0.030383399;0.04988933;0.33693281
-0.030383399;0.047913045;0.33693281
-0.032359682;0.04988933;0.33693281
-0.030383399;0.04988933;0.33693281
-0.030383399;0.04988933;0.33693281
-0.030383399;0.04988933;0.33693281
-0.032359682;0.04988933;0.34483793
-0.030383399;0.04988933;0.33693281
-0.030383399;0.047913045;0.33693281
-0.030383399;0.04988933;0.33693281
-0.030383399;0.04988933;0.34483793
-0.028407115;0.047913045;0.33693281
-0.028407115;0.04988933;0.34483793
-0.028407115;0.047913045;0.34483793
-0.028407115;0.04988933;0.33693281
-0.028407115;0.04988933;0.33693281
-0.02643083;0.04988933;0.33693281
-0.02643083;0.047913045;0.33693281
-0.02643083;0.047913045;0.33693281
-0.028407115;0.047913045;0.34483793
-0.024454545;0.047913045;0.33693281
-0.024454545;0.04988933;0.33693281
-0.024454545;0.047913045;0.33693281
-0.024454545;0.047913045;0.33693281
-0.02247826;0.047913045;0.33693281
-0.02247826;0.047913045;0.33693281
-0.020501977;0.047913045;0.33693281
-0.02247826;0.047913045;0.34483793
-0.02247826;0.047913045;0.33693281
-0.020501977;0.047913045;0.33693281
-0.02247826;0.047913045;0.34483793
-0.018525692;0.047913045;0.33693281
-0.020501977;0.047913045;0.33693281
-0.018525692;0.04593676;0.34483793
-0.018525692;0.047913045;0.33693281
-0.018525692;0.047913045;0.33693281
-0.018525692;0.047913045;0.33693281
-0.016549407;0.04593676;0.33693281
-0.014573122;0.04593676;0.33693281
-0.016549407;0.047913045;0.33693281
-0.014573122;0.04593676;0.33693281
-0.014573122;0.047913045;0.33693281
-0.014573122;0.047913045;0.33693281
-0.012596838;0.04593676;0.33693281
-0.012596838;0.043960474;0.33693281
-0.010620553;0.04593676;0.33693281
-0.010620553;0.04593676;0.33693281
-0.0086442688;0.047913045;0.33693281
-0.010620553;0.04593676;0.33693281
-0.0086442688;0.04593676;0.33693281
-0.0086442688;0.04593676;0.33693281
-0.0086442688;0.043960474;0.33693281
-0.0066679842;0.04593676;0.33693281
-0.0066679842;0.043960474;0.33693281
-0.0066679842;0.043960474;0.33693281
-0.0046916995;0.043960474;0.33693281
-0.0046916995;0.043960474;0.33693281
-0.0046916995;0.043960474;0.33693281
-0.0027154151;0.04593676;0.34483793
-0.0027154151;0.043960474;0.33693281
-0.0027154151;0.043960474;0.33693281
-0.0027154151;0.043960474;0.33693281
-0.00073913042;0.04593676;0.33693281
-0.00073913042;0.043960474;0.34483793
0.0012371541;0.043960474;0.33693281
0.0012371541;0.043960474;0.33693281
0.0032134387;0.043960474;0.33693281
0.0032134387;0.043960474;0.34483793
0.0051897233;0.043960474;0.33693281
0.0051897233;0.043960474;0.33693281
0.007166008;0.043960474;0.33693281
0.0051897233;0.041984189;0.33693281
0.0091422927;0.041984189;0.33693281
0.007166008;0.043960474;0.33693281
0.0091422927;0.043960474;0.33693281
0.0091422927;0.043960474;0.32902768
0.011118577;0.041984189;0.33693281
0.011118577;0.041984189;0.34483793
0.013094862;0.041984189;0.33693281
0.013094862;0.041984189;0.34483793
0.015071146;0.041984189;0.33693281
0.015071146;0.041984189;0.34483793
0.015071146;0.041984189;0.33693281
0.017047431;0.041984189;0.33693281
0.017047431;0.041984189;0.34483793
0.019023715;0.041984189;0.34483793
0.021;0.041984189;0.33693281
0.021;0.041984189;0.34483793
0.021;0.041984189;0.33693281
0.022976285;0.041984189;0.33693281
0.022976285;0.040007904;0.33693281
0.022976285;0.041984189;0.33693281
0.02495257;0.040007904;0.34483793
0.02495257;0.040007904;0.34483793
0.02495257;0.041984189;0.33693281
0.026928853;0.041984189;0.33693281
0.026928853;0.041984189;0.33693281
0.028905138;0.040007904;0.34483793
0.028905138;0.040007904;0.34483793
0.030881424;0.041984189;0.34483793
0.030881424;0.040007904;0.33693281
0.030881424;0.041984189;0.34483793
0.032857709;0.040007904;0.34483793
0.032857709;0.040007904;0.33693281
0.032857709;0.040007904;0.33693281
0.034833994;0.040007904;0.33693281
0.036810275;0.040007904;0.33693281
0.036810275;0.038031619;0.33693281
0.036810275;0.040007904;0.34483793
0.036810275;0.040007904;0.34483793
0.03878656;0.040007904;0.33693281
0.040762845;0.038031619;0.33693281
0.040762845;0.038031619;0.33693281
0.040762845;0.038031619;0.33693281
0.042739131;0.040007904;0.34483793
0.042739131;0.040007904;0.33693281
0.042739131;0.040007904;0.33693281
0.044715416;0.038031619;0.33693281
0.044715416;0.038031619;0.34483793
0.044715416;0.038031619;0.33693281
0.046691701;0.038031619;0.33693281
0.046691701;0.038031619;0.33693281
0.048667986;0.038031619;0.33693281
0.048667986;0.038031619;0.33693281
0.048667986;0.038031619;0.33693281
0.050644267;0.038031619;0.34483793
0.052620552;0.038031619;0.34483793
0.052620552;0.038031619;0.33693281
0.052620552;0.038031619;0.33693281
0.054596838;0.036055338;0.33693281
0.054596838;0.038031619;0.33693281
0.054596838;0.036055338;0.33693281
0.054596838;0.038031619;0.33693281
0.054596838;0.038031619;0.33693281
0.056573123;0.038031619;0.33693281
0.056573123;0.038031619;0.33693281
0.056573123;0.036055338;0.33693281
0.058549408;0.036055338;0.34483793
0.058549408;0.036055338;0.34483793
0.060525693;0.036055338;0.34483793
0.060525693;0.036055338;0.34483793
0.062501974;0.036055338;0.34483793
0.060525693;0.036055338;0.33693281
0.062501974;0.036055338;0.33693281
0.062501974;0.034079053;0.33693281
0.062501974;0.036055338;0.34483793
0.062501974;0.036055338;0.33693281
0.064478263;0.036055338;0.33693281
0.064478263;0.036055338;0.33693281
0.064478263;0.036055338;0.34483793
0.066454545;0.036055338;0.33693281
0.066454545;0.036055338;0.33693281
0.068430834;0.034079053;0.33693281
0.068430834;0.034079053;0.33693281
0.068430834;0.036055338;0.33693281
0.068430834;0.036055338;0.33693281
0.070407115;0.034079053;0.33693281
0.068430834;0.034079053;0.34483793
0.070407115;0.034079053;0.33693281
0.070407115;0.034079053;0.34483793
0.070407115;0.034079053;0.34483793
0.070407115;0.034079053;0.33693281
0.072383396;0.034079053;0.34483793
0.072383396;0.034079053;0.34483793
0.072383396;0.034079053;0.33693281
0.072383396;0.032102767;0.33693281
0.074359685;0.034079053;0.33693281
0.074359685;0.034079053;0.33693281
0.074359685;0.032102767;0.34483793
0.076335967;0.034079053;0.34483793
0.074359685;0.032102767;0.34483793
0.074359685;0.032102767;0.33693281
0.076335967;0.032102767;0.33693281
0.076335967;0.032102767;0.33693281
0.076335967;0.034079053;0.33693281
0.076335967;0.034079053;0.33693281
0.076335967;0.032102767;0.33693281
0.076335967;0.032102767;0.33693281
0.078312255;0.032102767;0.34483793
0.076335967;0.032102767;0.33693281
0.076335967;0.032102767;0.33693281
0.076335967;0.032102767;0.34483793
0.078312255;0.032102767;0.34483793
0.076335967;0.032102767;0.34483793
0.078312255;0.032102767;0.34483793
0.078312255;0.030126482;0.33693281
0.078312255;0.032102767;0.34483793
0.078312255;0.030126482;0.34483793
0.076335967;0.032102767;0.33693281
0.078312255;0.032102767;0.34483793
0.078312255;0.030126482;0.34483793
0.078312255;0.030126482;0.33693281
0.078312255;0.030126482;0.33693281
0.078312255;0.030126482;0.34483793
0.078312255;0.030126482;0.33693281
0.078312255;0.030126482;0.34483793
0.078312255;0.030126482;0.33693281
0.078312255;0.030126482;0.33693281
0.076335967;0.030126482;0.32902768
0.078312255;0.030126482;0.33693281
0.078312255;0.030126482;0.34483793
0.078312255;0.030126482;0.34483793
0.076335967;0.030126482;0.33693281
0.078312255;0.030126482;0.33693281
0.076335967;0.028150197;0.33693281
0.078312255;0.028150197;0.34483793
0.076335967;0.028150197;0.33693281
0.076335967;0.028150197;0.33693281
0.076335967;0.028150197;0.34483793
0.076335967;0.030126482;0.34483793
0.076335967;0.028150197;0.33693281
0.076335967;0.028150197;0.34483793
0.076335967;0.026173914;0.34483793
0.076335967;0.028150197;0.34483793
0.074359685;0.028150197;0.33693281
0.074359685;0.028150197;0.34483793
0.074359685;0.026173914;0.34483793
0.074359685;0.026173914;0.34483793
0.072383396;0.028150197;0.33693281
0.074359685;0.026173914;0.33693281
0.074359685;0.028150197;0.34483793
0.072383396;0.026173914;0.33693281
0.072383396;0.026173914;0.33693281
0.072383396;0.026173914;0.34483793
0.072383396;0.026173914;0.34483793
0.072383396;0.026173914;0.34483793
0.070407115;0.026173914;0.33693281
0.070407115;0.026173914;0.33693281
0.068430834;0.026173914;0.32902768
0.070407115;0.026173914;0.33693281
0.068430834;0.026173914;0.34483793
0.068430834;0.026173914;0.33693281
0.068430834;0.024197629;0.33693281
0.068430834;0.026173914;0.33693281
0.068430834;0.026173914;0.33693281
0.066454545;0.026173914;0.33693281
0.066454545;0.026173914;0.33693281
0.066454545;0.024197629;0.34483793
0.066454545;0.026173914;0.34483793
0.064478263;0.026173914;0.33693281
0.062501974;0.024197629;0.34483793
0.062501974;0.024197629;0.33693281
0.062501974;0.024197629;0.33693281
0.060525693;0.022221344;0.33693281
0.062501974;0.024197629;0.34483793
0.060525693;0.024197629;0.33693281
0.060525693;0.024197629;0.33693281
0.058549408;0.022221344;0.33693281
0.058549408;0.022221344;0.34483793
0.058549408;0.022221344;0.33693281
0.056573123;0.022221344;0.33693281
0.056573123;0.022221344;0.33693281
0.056573123;0.024197629;0.33693281
0.054596838;0.022221344;0.33693281
0.054596838;0.022221344;0.34483793
0.054596838;0.022221344;0.34483793
0.054596838;0.022221344;0.34483793
0.052620552;0.022221344;0.33693281
0.052620552;0.022221344;0.33693281
0.050644267;0.022221344;0.33693281
0.048667986;0.020245058;0.33693281
0.050644267;0.020245058;0.33693281
0.048667986;0.020245058;0.33693281
0.048667986;0.022221344;0.33693281
0.048667986;0.020245058;0.33693281
0.046691701;0.020245058;0.33693281
0.048667986;0.022221344;0.33693281
0.046691701;0.020245058;0.34483793
0.044715416;0.022221344;0.33693281
0.044715416;0.022221344;0.33693281
0.042739131;0.020245058;0.33693281
0.042739131;0.020245058;0.33693281
0.042739131;0.020245058;0.33693281
0.042739131;0.020245058;0.33693281
0.040762845;0.020245058;0.34483793
0.03878656;0.020245058;0.33693281
0.040762845;0.020245058;0.33693281
0.03878656;0.020245058;0.34483793
0.036810275;0.020245058;0.33693281
0.036810275;0.020245058;0.34483793
0.036810275;0.018268775;0.33693281
0.034833994;0.020245058;0.34483793
0.034833994;0.020245058;0.33693281
0.032857709;0.020245058;0.34483793
0.032857709;0.020245058;0.33693281
0.030881424;0.018268775;0.33693281
0.030881424;0.020245058;0.33693281
0.030881424;0.018268775;0.33693281
0.028905138;0.018268775;0.34483793
0.028905138;0.018268775;0.33693281
0.026928853;0.018268775;0.34483793
0.026928853;0.018268775;0.33693281
0.026928853;0.018268775;0.34483793
0.02495257;0.01629249;0.34483793
0.02495257;0.018268775;0.34483793
0.022976285;0.018268775;0.33693281
0.022976285;0.018268775;0.33693281
0.021;0.018268775;0.32902768
0.021;0.018268775;0.34483793
0.021;0.01629249;0.33693281
0.021;0.01629249;0.33693281
0.019023715;0.018268775;0.33693281
0.017047431;0.018268775;0.33693281
0.017047431;0.018268775;0.33693281
0.017047431;0.01629249;0.33693281
0.015071146;0.018268775;0.33693281
0.017047431;0.01629249;0.33693281
0.015071146;0.01629249;0.33693281
0.015071146;0.01629249;0.34483793
0.013094862;0.01629249;0.33693281
0.011118577;0.01629249;0.34483793
0.011118577;0.01629249;0.33693281
0.0091422927;0.01629249;0.33693281
0.0091422927;0.01629249;0.33693281
0.0091422927;0.01629249;0.33693281
0.007166008;0.01629249;0.33693281
0.0051897233;0.014316206;0.33693281
0.007166008;0.014316206;0.33693281
0.0032134387;0.014316206;0.33693281
0.0032134387;0.014316206;0.34483793
0.0051897233;0.014316206;0.34483793
0.0012371541;0.014316206;0.33693281
0.0012371541;0.014316206;0.33693281
-0.00073913042;0.01629249;0.33693281
-0.00073913042;0.012339921;0.33693281
-0.00073913042;0.014316206;0.34483793
-0.0027154151;0.014316206;0.33693281
-0.0027154151;0.014316206;0.34483793
-0.0027154151;0.012339921;0.33693281
-0.0046916995;0.014316206;0.33693281
-0.0046916995;0.014316206;0.33693281
-0.0066679842;0.012339921;0.33693281
-0.0066679842;0.014316206;0.33693281
-0.0086442688;0.014316206;0.33693281
-0.0066679842;0.012339921;0.33693281
-0.0086442688;0.012339921;0.33693281
-0.0086442688;0.012339921;0.33693281
-0.010620553;0.012339921;0.33693281
-0.010620553;0.012339921;0.34483793
-0.010620553;0.012339921;0.34483793
-0.012596838;0.012339921;0.34483793
-0.012596838;0.010363637;0.33693281
-0.012596838;0.012339921;0.33693281
-0.012596838;0.010363637;0.33693281
-0.014573122;0.012339921;0.33693281
-0.014573122;0.012339921;0.33693281
-0.016549407;0.010363637;0.34483793
-0.016549407;0.012339921;0.33693281
-0.016549407;0.010363637;0.33693281
-0.016549407;0.012339921;0.34483793
-0.018525692;0.012339921;0.33693281
-0.018525692;0.010363637;0.34483793
-0.018525692;0.010363637;0.33693281
-0.018525692;0.010363637;0.33693281
-0.018525692;0.010363637;0.33693281
-0.020501977;0.012339921;0.34483793
-0.02247826;0.010363637;0.34483793
-0.02247826;0.010363637;0.34483793
-0.020501977;0.012339921;0.34483793
-0.02247826;0.010363637;0.33693281
-0.024454545;0.010363637;0.33693281
-0.024454545;0.010363637;0.33693281
-0.02247826;0.010363637;0.33693281
-0.024454545;0.010363637;0.33693281
-0.024454545;0.010363637;0.33693281
-0.024454545;0.010363637;0.34483793
-0.024454545;0.010363637;0.34483793
-0.02643083;0.010363637;0.33693281
-0.02643083;0.0083873514;0.33693281
-0.028407115;0.0083873514;0.34483793
-0.028407115;0.0083873514;0.33693281
-0.028407115;0.0083873514;0.34483793
-0.028407115;0.0083873514;0.33693281
-0.028407115;0.0083873514;0.33693281
-0.028407115;0.0083873514;0.33693281
-0.028407115;0.0083873514;0.33693281
-0.028407115;0.0083873514;0.33693281
-0.028407115;0.0083873514;0.34483793
-0.030383399;0.0083873514;0.33693281
-0.030383399;0.0083873514;0.33693281
-0.032359682;0.0083873514;0.33693281
-0.030383399;0.0064110672;0.33693281
-0.030383399;0.0064110672;0.33693281
-0.032359682;0.0083873514;0.33693281
-0.032359682;0.0064110672;0.34483793
-0.032359682;0.0064110672;0.33693281
-0.032359682;0.0064110672;0.33693281
-0.032359682;0.0064110672;0.33693281
-0.032359682;0.0083873514;0.33693281
-0.032359682;0.0083873514;0.33693281
-0.032359682;0.0083873514;0.33693281
-0.032359682;0.0064110672;0.33693281
-0.032359682;0.0064110672;0.33693281
-0.034335967;0.0064110672;0.33693281
-0.032359682;0.0064110672;0.33693281
-0.032359682;0.0064110672;0.34483793
-0.032359682;0.0083873514;0.34483793
-0.034335967;0.0064110672;0.34483793
-0.034335967;0.0064110672;0.33693281
-0.032359682;0.0064110672;0.33693281
-0.032359682;0.0044347825;0.33693281
-0.032359682;0.0044347825;0.33693281
-0.034335967;0.0064110672;0.33693281
-0.032359682;0.0044347825;0.34483793
-0.032359682;0.0044347825;0.33693281
-0.032359682;0.0044347825;0.33693281
-0.032359682;0.0044347825;0.34483793
-0.032359682;0.0064110672;0.33693281
-0.032359682;0.0044347825;0.33693281
-0.032359682;0.0044347825;0.33693281
-0.032359682;0.0044347825;0.33693281
-0.032359682;0.0064110672;0.33693281
-0.032359682;0.0044347825;0.33693281
-0.032359682;0.0044347825;0.32902768
-0.032359682;0.0024584981;0.33693281
-0.030383399;0.0024584981;0.33693281
-0.030383399;0.0044347825;0.33693281
-0.032359682;0.0044347825;0.33693281
-0.030383399;0.0024584981;0.33693281
-0.030383399;0.0024584981;0.33693281
-0.030383399;0.0044347825;0.34483793
-0.028407115;0.0024584981;0.33693281
-0.030383399;0.0044347825;0.34483793
-0.030383399;0.0024584981;0.33693281
-0.030383399;0.0024584981;0.34483793
-0.030383399;0.0024584981;0.34483793
-0.028407115;0.0024584981;0.33693281
-0.028407115;0.00048221345;0.33693281
-0.028407115;0.0024584981;0.33693281
-0.02643083;0.0024584981;0.33693281
-0.02643083;0.0024584981;0.33693281
-0.02643083;0.0024584981;0.33693281
-0.02643083;0.00048221345;0.33693281
-0.024454545;0.00048221345;0.33693281
-0.02643083;0.00048221345;0.33693281
-0.024454545;0.00048221345;0.34483793
-0.024454545;0.00048221345;0.34483793
-0.024454545;0.0024584981;0.33693281
-0.024454545;0.00048221345;0.33693281
-0.02247826;0.00048221345;0.33693281
-0.02247826;0.00048221345;0.33693281
-0.02247826;0.00048221345;0.33693281
-0.02247826;0.00048221345;0.33693281
-0.020501977;-0.0014940711;0.34483793
-0.020501977;0.00048221345;0.33693281
-0.018525692;0.00048221345;0.33693281
-0.018525692;0.00048221345;0.33693281
-0.018525692;-0.0014940711;0.34483793
-0.018525692;0.00048221345;0.33693281
-0.016549407;0.00048221345;0.33693281
-0.016549407;-0.0014940711;0.33693281
-0.016549407;0.00048221345;0.33693281
-0.016549407;-0.0034703556;0.33693281
-0.014573122;-0.0014940711;0.34483793
-0.014573122;0.00048221345;0.34483793
-0.012596838;-0.0014940711;0.33693281
-0.012596838;0.00048221345;0.33693281
-0.012596838;-0.0014940711;0.33693281
-0.012596838;-0.0014940711;0.33693281
-0.010620553;0.00048221345;0.33693281
-0.0086442688;-0.0014940711;0.34483793
-0.010620553;-0.0034703556;0.33693281
-0.0086442688;-0.0014940711;0.34483793
-0.0086442688;-0.0014940711;0.33693281
-0.0086442688;-0.0014940711;0.34483793
-0.0066679842;-0.0014940711;0.33693281
-0.0066679842;-0.0014940711;0.34483793
-0.0066679842;-0.0014940711;0.34483793
-0.0046916995;-0.0014940711;0.33693281
-0.0046916995;-0.0014940711;0.33693281
-0.0027154151;-0.0014940711;0.33693281
-0.0027154151;-0.0034703556;0.34483793
-0.0027154151;-0.0034703556;0.33693281
-0.00073913042;-0.0034703556;0.33693281
-0.00073913042;-0.0034703556;0.33693281
-0.00073913042;-0.0014940711;0.33693281
0.0012371541;-0.0034703556;0.34483793
0.0032134387;-0.0034703556;0.33693281
0.0012371541;-0.0034703556;0.33693281
0.0032134387;-0.0034703556;0.33693281
0.0051897233;-0.0014940711;0.33693281
0.0051897233;-0.0034703556;0.33693281
0.0051897233;-0.0034703556;0.33693281
0.0051897233;-0.0034703556;0.34483793
0.0051897233;-0.0034703556;0.33693281
0.007166008;-0.0054466403;0.33693281
0.0091422927;-0.0034703556;0.33693281
0.0091422927;-0.0054466403;0.33693281
0.011118577;-0.0034703556;0.33693281
0.011118577;-0.0034703556;0.33693281
0.011118577;-0.0054466403;0.33693281
0.013094862;-0.0054466403;0.33693281
0.013094862;-0.0054466403;0.34483793
0.015071146;-0.0054466403;0.34483793
0.017047431;-0.0054466403;0.33693281
0.015071146;-0.0054466403;0.33693281
0.017047431;-0.0054466403;0.33693281
0.017047431;-0.0054466403;0.33693281
0.019023715;-0.0054466403;0.33693281
0.019023715;-0.0054466403;0.33693281
0.019023715;-0.0054466403;0.33693281
0.021;-0.0054466403;0.34483793
0.021;-0.0054466403;0.33693281
0.022976285;-0.0054466403;0.34483793
0.022976285;-0.0054466403;0.33693281
0.02495257;-0.0054466403;0.33693281
0.02495257;-0.0054466403;0.33693281
0.026928853;-0.007422925;0.34483793
0.026928853;-0.0054466403;0.34483793
0.026928853;-0.0054466403;0.33693281
0.028905138;-0.0054466403;0.33693281
0.028905138;-0.0054466403;0.33693281
0.030881424;-0.007422925;0.33693281
0.030881424;-0.0054466403;0.34483793
0.030881424;-0.007422925;0.33693281
0.032857709;-0.007422925;0.33693281
0.032857709;-0.007422925;0.33693281
0.034833994;-0.007422925;0.34483793
0.036810275;-0.007422925;0.34483793
0.036810275;-0.0054466403;0.33693281
0.034833994;-0.007422925;0.34483793
0.036810275;-0.007422925;0.34483793
0.036810275;-0.0054466403;0.34483793
0.040762845;-0.0054466403;0.33693281
0.040762845;-0.007422925;0.33693281
0.040762845;-0.007422925;0.33693281
0.042739131;-0.007422925;0.33693281
0.044715416;-0.007422925;0.33693281
0.042739131;-0.007422925;0.33693281
0.044715416;-0.007422925;0.33693281
0.044715416;-0.0093992092;0.33693281
0.044715416;-0.007422925;0.33693281
0.046691701;-0.007422925;0.33693281
0.046691701;-0.0093992092;0.33693281
0.048667986;-0.0093992092;0.33693281
0.048667986;-0.0093992092;0.34483793
0.048667986;-0.0093992092;0.33693281
0.048667986;-0.0093992092;0.33693281
0.050644267;-0.0093992092;0.33693281
0.050644267;-0.0093992092;0.33693281
0.050644267;-0.0093992092;0.33693281
0.052620552;-0.0093992092;0.33693281
0.052620552;-0.0093992092;0.34483793
0.054596838;-0.0093992092;0.33693281
0.054596838;-0.0093992092;0.33693281
0.054596838;-0.0093992092;0.33693281
0.056573123;-0.0093992092;0.33693281
0.056573123;-0.0093992092;0.34483793
0.058549408;-0.0093992092;0.33693281
0.056573123;-0.0093992092;0.33693281
0.058549408;-0.0093992092;0.33693281
0.058549408;-0.0093992092;0.34483793
0.058549408;-0.011375494;0.33693281
0.060525693;-0.0093992092;0.33693281
0.062501974;-0.0093992092;0.33693281
0.060525693;-0.0093992092;0.33693281
0.062501974;-0.011375494;0.33693281
0.062501974;-0.011375494;0.33693281
0.064478263;-0.011375494;0.33693281
0.062501974;-0.011375494;0.34483793
0.064478263;-0.011375494;0.33693281
0.066454545;-0.011375494;0.34483793
0.064478263;-0.011375494;0.33693281
0.066454545;-0.0093992092;0.34483793
0.068430834;-0.011375494;0.33693281
0.066454545;-0.011375494;0.33693281
0.068430834;-0.0093992092;0.33693281
0.068430834;-0.011375494;0.33693281
0.068430834;-0.011375494;0.33693281
0.070407115;-0.011375494;0.33693281
0.068430834;-0.011375494;0.33693281
0.070407115;-0.011375494;0.33693281
0.070407115;-0.011375494;0.33693281
0.070407115;-0.011375494;0.34483793
0.072383396;-0.011375494;0.33693281
0.072383396;-0.011375494;0.33693281
0.072383396;-0.011375494;0.33693281
0.072383396;-0.011375494;0.33693281
0.074359685;-0.013351778;0.33693281
0.072383396;-0.011375494;0.34483793
0.074359685;-0.011375494;0.33693281
0.074359685;-0.011375494;0.33693281
0.074359685;-0.011375494;0.33693281
0.074359685;-0.011375494;0.34483793
0.076335967;-0.011375494;0.33693281
0.076335967;-0.011375494;0.34483793
0.076335967;-0.011375494;0.34483793
0.076335967;-0.013351778;0.33693281
0.074359685;-0.013351778;0.33693281
0.076335967;-0.013351778;0.33693281
0.076335967;-0.011375494;0.33693281
0.078312255;-0.013351778;0.34483793
0.078312255;-0.013351778;0.33693281
0.076335967;-0.013351778;0.33693281
0.076335967;-0.013351778;0.33693281
0.078312255;-0.013351778;0.33693281
0.078312255;-0.013351778;0.33693281
0.078312255;-0.013351778;0.33693281
0.076335967;-0.015328064;0.33693281
0.080288537;-0.015328064;0.34483793
0.076335967;-0.015328064;0.34483793
0.078312255;-0.015328064;0.33693281
0.078312255;-0.015328064;0.33693281
0.078312255;-0.013351778;0.34483793
0.080288537;-0.015328064;0.33693281
0.078312255;-0.015328064;0.34483793
0.078312255;-0.013351778;0.33693281
0.078312255;-0.013351778;0.34483793
0.078312255;-0.015328064;0.33693281
0.080288537;-0.013351778;0.34483793
0.078312255;-0.013351778;0.33693281
0.078312255;-0.013351778;0.33693281
0.078312255;-0.015328064;0.34483793
0.078312255;-0.015328064;0.33693281
0.078312255;-0.015328064;0.33693281
0.076335967;-0.015328064;0.33693281
0.076335967;-0.013351778;0.33693281
0.076335967;-0.015328064;0.33693281
0.076335967;-0.015328064;0.33693281
0.076335967;-0.015328064;0.33693281
0.076335967;-0.013351778;0.33693281
0.076335967;-0.015328064;0.33693281
0.078312255;-0.015328064;0.33693281
0.076335967;-0.015328064;0.33693281
0.076335967;-0.017304348;0.33693281
0.074359685;-0.015328064;0.33693281
0.074359685;-0.015328064;0.33693281
0.074359685;-0.013351778;0.33693281
0.076335967;-0.015328064;0.33693281
0.074359685;-0.015328064;0.33693281
0.072383396;-0.015328064;0.34483793
0.074359685;-0.017304348;0.33693281
0.074359685;-0.015328064;0.34483793
0.072383396;-0.015328064;0.33693281
0.072383396;-0.015328064;0.33693281
0.070407115;-0.015328064;0.33693281
0.070407115;-0.017304348;0.33693281
0.070407115;-0.017304348;0.33693281
0.070407115;-0.017304348;0.33693281
0.070407115;-0.017304348;0.33693281
0.070407115;-0.017304348;0.33693281
0.070407115;-0.017304348;0.33693281
0.070407115;-0.017304348;0.33693281
0.068430834;-0.017304348;0.33693281
0.068430834;-0.017304348;0.34483793
0.068430834;-0.017304348;0.33693281
0.066454545;-0.017304348;0.33693281
0.066454545;-0.017304348;0.33693281
0.066454545;-0.017304348;0.34483793
0.064478263;-0.019280633;0.34483793
0.064478263;-0.017304348;0.33693281
0.062501974;-0.019280633;0.33693281
0.062501974;-0.015328064;0.33693281
0.064478263;-0.017304348;0.34483793
0.062501974;-0.017304348;0.33693281
0.064478263;-0.017304348;0.33693281
0.060525693;-0.019280633;0.32902768
0.060525693;-0.017304348;0.33693281
0.060525693;-0.019280633;0.32902768
0.060525693;-0.017304348;0.33693281
0.060525693;-0.019280633;0.33693281
0.058549408;-0.019280633;0.34483793
0.058549408;-0.019280633;0.34483793
0.056573123;-0.017304348;0.33693281
0.056573123;-0.017304348;0.33693281
0.054596838;-0.019280633;0.34483793
0.054596838;-0.017304348;0.33693281
0.056573123;-0.017304348;0.33693281
0.054596838;-0.019280633;0.33693281
0.052620552;-0.019280633;0.34483793
0.050644267;-0.019280633;0.34483793
0.052620552;-0.019280633;0.34483793
0.052620552;-0.019280633;0.33693281
0.050644267;-0.019280633;0.33693281
0.048667986;-0.019280633;0.33693281
0.046691701;-0.019280633;0.34483793
0.046691701;-0.019280633;0.33693281
0.046691701;-0.019280633;0.34483793
0.046691701;-0.019280633;0.34483793
0.044715416;-0.019280633;0.33693281
0.044715416;-0.019280633;0.34483793
0.044715416;-0.019280633;0.33693281
0.042739131;-0.019280633;0.34483793
0.044715416;-0.019280633;0.34483793
0.042739131;-0.019280633;0.34483793
0.040762845;-0.019280633;0.33693281
0.040762845;-0.019280633;0.33693281
0.040762845;-0.021256916;0.34483793
0.03878656;-0.021256916;0.33693281
0.036810275;-0.019280633;0.33693281
0.036810275;-0.021256916;0.33693281
0.036810275;-0.019280633;0.33693281
0.034833994;-0.019280633;0.34483793
0.032857709;-0.021256916;0.33693281
0.034833994;-0.021256916;0.33693281
0.032857709;-0.019280633;0.33693281
0.030881424;-0.019280633;0.33693281
0.030881424;-0.019280633;0.33693281
0.030881424;-0.021256916;0.34483793
0.030881424;-0.021256916;0.33693281
0.028905138;-0.019280633;0.33693281
0.028905138;-0.021256916;0.33693281
0.026928853;-0.021256916;0.33693281
0.026928853;-0.021256916;0.33693281
0.026928853;-0.019280633;0.34483793
0.02495257;-0.021256916;0.33693281
0.02495257;-0.021256916;0.33693281
0.022976285;-0.021256916;0.33693281
0.021;-0.021256916;0.33693281
0.021;-0.021256916;0.34483793
0.022976285;-0.021256916;0.34483793
0.021;-0.021256916;0.33693281
0.019023715;-0.021256916;0.34483793
0.019023715;-0.021256916;0.33693281
0.017047431;-0.021256916;0.33693281
0.015071146;-0.021256916;0.33693281
0.015071146;-0.021256916;0.33693281
0.015071146;-0.023233201;0.34483793
0.015071146;-0.021256916;0.33693281
0.013094862;-0.021256916;0.33693281
0.013094862;-0.021256916;0.33693281
0.013094862;-0.021256916;0.33693281
0.011118577;-0.021256916;0.33693281
0.0091422927;-0.021256916;0.33693281
0.0091422927;-0.021256916;0.34483793
0.007166008;-0.023233201;0.33693281
0.007166008;-0.023233201;0.33693281
0.007166008;-0.021256916;0.33693281
0.007166008;-0.021256916;0.33693281
0.0051897233;-0.021256916;0.34483793
0.0051897233;-0.021256916;0.34483793
0.0032134387;-0.021256916;0.33693281
0.0032134387;-0.021256916;0.34483793
0.0012371541;-0.023233201;0.33693281
0.0012371541;-0.021256916;0.33693281
-0.00073913042;-0.021256916;0.33693281
-0.00073913042;-0.023233201;0.33693281
-0.0027154151;-0.021256916;0.33693281
-0.0027154151;-0.023233201;0.33693281
-0.0027154151;-0.021256916;0.33693281
-0.0046916995;-0.021256916;0.33693281
-0.0027154151;-0.021256916;0.34483793
-0.0046916995;-0.021256916;0.34483793
-0.0046916995;-0.021256916;0.33693281
-0.0066679842;-0.023233201;0.33693281
-0.0086442688;-0.023233201;0.34483793
-0.0066679842;-0.023233201;0.33693281
-0.0066679842;-0.023233201;0.33693281
-0.010620553;-0.021256916;0.33693281
-0.0086442688;-0.023233201;0.33693281
-0.010620553;-0.023233201;0.33693281
-0.010620553;-0.023233201;0.33693281
-0.012596838;-0.023233201;0.33693281
-0.012596838;-0.023233201;0.33693281
-0.012596838;-0.023233201;0.33693281
-0.012596838;-0.023233201;0.33693281
-0.016549407;-0.021256916;0.33693281
-0.014573122;-0.023233201;0.34483793
-0.014573122;-0.021256916;0.33693281
-0.016549407;-0.023233201;0.34483793
-0.016549407;-0.023233201;0.33693281
-0.016549407;-0.023233201;0.33693281
-0.018525692;-0.023233201;0.34483793
-0.020501977;-0.023233201;0.33693281
-0.018525692;-0.023233201;0.34483793
-0.020501977;-0.025209486;0.33693281
-0.020501977;-0.023233201;0.33693281
-0.02247826;-0.023233201;0.33693281
-0.02247826;-0.023233201;0.34483793
-0.020501977;-0.023233201;0.34483793
-0.02247826;-0.023233201;0.34483793
-0.02247826;-0.023233201;0.33693281
-0.02247826;-0.023233201;0.33693281
-0.02247826;-0.023233201;0.33693281
-0.02247826;-0.023233201;0.33693281
-0.02247826;-0.023233201;0.34483793
-0.024454545;-0.025209486;0.33693281
-0.02643083;-0.025209486;0.33693281
-0.024454545;-0.023233201;0.34483793
-0.02643083;-0.023233201;0.34483793
-0.02643083;-0.025209486;0.33693281
-0.02643083;-0.025209486;0.33693281
-0.02643083;-0.023233201;0.34483793
-0.028407115;-0.023233201;0.34483793
-0.028407115;-0.023233201;0.33693281
-0.030383399;-0.023233201;0.33693281
-0.030383399;-0.023233201;0.33693281
-0.030383399;-0.023233201;0.32902768
-0.030383399;-0.023233201;0.33693281
-0.030383399;-0.025209486;0.33693281
-0.030383399;-0.023233201;0.34483793
-0.032359682;-0.023233201;0.33693281
-0.032359682;-0.023233201;0.33693281
-0.032359682;-0.023233201;0.34483793
-0.030383399;-0.023233201;0.33693281
-0.030383399;-0.025209486;0.33693281
-0.032359682;-0.023233201;0.33693281
-0.032359682;-0.023233201;0.33693281
-0.032359682;-0.023233201;0.34483793
-0.032359682;-0.025209486;0.33693281
-0.034335967;-0.025209486;0.33693281
-0.032359682;-0.025209486;0.33693281
-0.032359682;-0.025209486;0.33693281
-0.032359682;-0.025209486;0.34483793
-0.032359682;-0.025209486;0.33693281
-0.032359682;-0.025209486;0.33693281
-0.034335967;-0.023233201;0.33693281
-0.032359682;-0.025209486;0.34483793
-0.034335967;-0.023233201;0.33693281
-0.034335967;-0.025209486;0.34483793
-0.032359682;-0.025209486;0.33693281
-0.032359682;-0.025209486;0.34483793
-0.032359682;-0.025209486;0.33693281
-0.034335967;-0.025209486;0.34483793
-0.034335967;-0.025209486;0.33693281
-0.032359682;-0.025209486;0.33693281
-0.032359682;-0.023233201;0.34483793
-0.032359682;-0.025209486;0.32902768
-0.032359682;-0.025209486;0.33693281
-0.032359682;-0.025209486;0.33693281
-0.032359682;-0.025209486;0.34483793
-0.032359682;-0.023233201;0.33693281
-0.030383399;-0.025209486;0.34483793
-0.032359682;-0.025209486;0.33693281
-0.030383399;-0.025209486;0.34483793
-0.030383399;-0.025209486;0.33693281
-0.030383399;-0.025209486;0.33693281
-0.030383399;-0.023233201;0.34483793
-0.032359682;-0.025209486;0.33693281
-0.030383399;-0.023233201;0.34483793
-0.030383399;-0.023233201;0.34483793
-0.030383399;-0.025209486;0.34483793
-0.030383399;-0.025209486;0.33693281
-0.030383399;-0.023233201;0.33693281
-0.028407115;-0.025209486;0.33693281
-0.028407115;-0.025209486;0.33693281
-0.028407115;-0.023233201;0.33693281
-0.028407115;-0.023233201;0.34483793
-0.028407115;-0.025209486;0.33693281
-0.028407115;-0.023233201;0.33693281
-0.02643083;-0.025209486;0.34483793
-0.02643083;-0.025209486;0.34483793
-0.02643083;-0.025209486;0.33693281
-0.02643083;-0.023233201;0.33693281
-0.024454545;-0.025209486;0.33693281
-0.024454545;-0.025209486;0.34483793
-0.024454545;-0.025209486;0.34483793
-0.024454545;-0.027185772;0.33693281
-0.024454545;-0.025209486;0.34483793
-0.024454545;-0.025209486;0.33693281
-0.024454545;-0.025209486;0.34483793
-0.02247826;-0.025209486;0.33693281
-0.02247826;-0.025209486;0.33693281
-0.020501977;-0.025209486;0.33693281
-0.020501977;-0.027185772;0.33693281
-0.020501977;-0.025209486;0.33693281
-0.018525692;-0.027185772;0.33693281
-0.018525692;-0.025209486;0.34483793
-0.018525692;-0.025209486;0.34483793
-0.018525692;-0.025209486;0.33693281
-0.016549407;-0.025209486;0.33693281
-0.016549407;-0.025209486;0.33693281
-0.016549407;-0.025209486;0.34483793
-0.014573122;-0.025209486;0.33693281
-0.014573122;-0.025209486;0.33693281
-0.012596838;-0.025209486;0.33693281
-0.012596838;-0.023233201;0.33693281
-0.012596838;-0.027185772;0.33693281
-0.012596838;-0.025209486;0.33693281
-0.010620553;-0.025209486;0.34483793
-0.010620553;-0.025209486;0.33693281
-0.010620553;-0.025209486;0.34483793
-0.010620553;-0.025209486;0.34483793
-0.0086442688;-0.025209486;0.34483793
-0.0086442688;-0.025209486;0.34483793
-0.0086442688;-0.027185772;0.33693281
-0.0066679842;-0.025209486;0.34483793
-0.0066679842;-0.025209486;0.33693281
-0.0066679842;-0.025209486;0.34483793
-0.0066679842;-0.025209486;0.33693281
-0.0027154151;-0.027185772;0.33693281
-0.0046916995;-0.025209486;0.33693281
-0.0027154151;-0.025209486;0.33693281
-0.0027154151;-0.025209486;0.33693281
-0.00073913042;-0.025209486;0.33693281
-0.00073913042;-0.025209486;0.33693281
-0.00073913042;-0.025209486;0.33693281
-0.00073913042;-0.025209486;0.34483793
-0.00073913042;-0.025209486;0.33693281
0.0012371541;-0.025209486;0.34483793
0.0032134387;-0.025209486;0.34483793
0.0051897233;-0.025209486;0.33693281
0.0051897233;-0.027185772;0.33693281
0.0051897233;-0.025209486;0.33693281
0.007166008;-0.025209486;0.34483793
0.007166008;-0.025209486;0.33693281
0.0091422927;-0.027185772;0.32902768
0.0091422927;-0.025209486;0.33693281
0.011118577;-0.027185772;0.33693281
0.0091422927;-0.025209486;0.33693281
0.011118577;-0.025209486;0.33693281
0.013094862;-0.025209486;0.33693281
0.013094862;-0.025209486;0.33693281
0.015071146;-0.025209486;0.34483793
0.013094862;-0.025209486;0.33693281
0.015071146;-0.025209486;0.33693281
0.017047431;-0.025209486;0.34483793
0.017047431;-0.025209486;0.33693281
0.017047431;-0.025209486;0.32902768
0.017047431;-0.025209486;0.33693281
0.021;-0.025209486;0.34483793
0.021;-0.025209486;0.33693281
0.021;-0.027185772;0.33693281
0.022976285;-0.025209486;0.34483793
0.021;-0.025209486;0.33693281
0.022976285;-0.025209486;0.33693281
0.02495257;-0.025209486;0.33693281
0.026928853;-0.027185772;0.33693281
0.026928853;-0.025209486;0.34483793
0.026928853;-0.025209486;0.33693281
0.028905138;-0.025209486;0.33693281
0.028905138;-0.025209486;0.33693281
0.030881424;-0.027185772;0.33693281
0.030881424;-0.025209486;0.33693281
0.030881424;-0.025209486;0.33693281
0.030881424;-0.025209486;0.33693281
0.032857709;-0.025209486;0.33693281
0.032857709;-0.027185772;0.33693281
0.034833994;-0.025209486;0.32902768
0.034833994;-0.025209486;0.34483793
0.036810275;-0.025209486;0.33693281
0.036810275;-0.025209486;0.33693281
0.03878656;-0.025209486;0.33693281
0.040762845;-0.025209486;0.33693281
0.040762845;-0.025209486;0.33693281
0.040762845;-0.023233201;0.33693281
0.040762845;-0.025209486;0.33693281
0.042739131;-0.025209486;0.33693281
0.040762845;-0.025209486;0.33693281
0.044715416;-0.025209486;0.33693281
0.042739131;-0.025209486;0.33693281
0.044715416;-0.025209486;0.34483793
0.046691701;-0.025209486;0.32902768
0.046691701;-0.025209486;0.33693281
0.046691701;-0.025209486;0.33693281
0.046691701;-0.025209486;0.33693281
0.048667986;-0.025209486;0.33693281
0.048667986;-0.025209486;0.33693281
0.048667986;-0.025209486;0.34483793
0.048667986;-0.025209486;0.33693281
0.050644267;-0.025209486;0.34483793
0.050644267;-0.025209486;0.34483793
0.054596838;-0.025209486;0.33693281
0.052620552;-0.025209486;0.33693281
0.054596838;-0.025209486;0.33693281
0.054596838;-0.025209486;0.33693281
0.054596838;-0.025209486;0.33693281
0.056573123;-0.025209486;0.33693281
0.056573123;-0.025209486;0.33693281
0.056573123;-0.025209486;0.34483793
0.058549408;-0.025209486;0.34483793
0.058549408;-0.025209486;0.33693281
0.058549408;-0.025209486;0.33693281
0.060525693;-0.023233201;0.33693281
0.062501974;-0.023233201;0.34483793
0.060525693;-0.025209486;0.34483793
0.062501974;-0.025209486;0.33693281
0.062501974;-0.025209486;0.33693281
0.064478263;-0.025209486;0.34483793
0.062501974;-0.023233201;0.33693281
0.064478263;-0.025209486;0.34483793
0.064478263;-0.023233201;0.33693281
0.066454545;-0.025209486;0.33693281
0.064478263;-0.023233201;0.33693281
0.066454545;-0.025209486;0.34483793
0.066454545;-0.025209486;0.33693281
0.068430834;-0.025209486;0.34483793
0.068430834;-0.025209486;0.33693281
0.068430834;-0.025209486;0.33693281
0.070407115;-0.025209486;0.33693281
0.066454545;-0.023233201;0.33693281
0.070407115;-0.025209486;0.34483793
0.070407115;-0.023233201;0.33693281
0.070407115;-0.023233201;0.33693281
0.072383396;-0.025209486;0.33693281
0.070407115;-0.025209486;0.33693281
0.072383396;-0.023233201;0.33693281
0.072383396;-0.023233201;0.33693281
0.072383396;-0.025209486;0.33693281
0.074359685;-0.023233201;0.33693281
0.074359685;-0.025209486;0.33693281
0.074359685;-0.023233201;0.33693281
0.074359685;-0.023233201;0.33693281
0.074359685;-0.023233201;0.33693281
0.076335967;-0.025209486;0.34483793
0.076335967;-0.023233201;0.33693281
0.076335967;-0.023233201;0.34483793
0.074359685;-0.023233201;0.34483793
0.076335967;-0.023233201;0.34483793
0.074359685;-0.023233201;0.33693281
0.076335967;-0.023233201;0.34483793
0.076335967;-0.023233201;0.33693281
0.076335967;-0.023233201;0.33693281
0.078312255;-0.023233201;0.33693281
0.076335967;-0.025209486;0.33693281
0.078312255;-0.023233201;0.33693281
0.078312255;-0.023233201;0.33693281
0.076335967;-0.023233201;0.33693281
0.078312255;-0.025209486;0.33693281
0.078312255;-0.025209486;0.34483793
0.076335967;-0.025209486;0.33693281
0.078312255;-0.025209486;0.33693281
0.078312255;-0.025209486;0.33693281
0.078312255;-0.023233201;0.33693281
0.078312255;-0.023233201;0.33693281
0.078312255;-0.023233201;0.34483793
0.078312255;-0.023233201;0.33693281
0.078312255;-0.023233201;0.34483793
0.078312255;-0.021256916;0.34483793
0.078312255;-0.023233201;0.34483793
0.076335967;-0.023233201;0.33693281
0.078312255;-0.023233201;0.33693281
0.078312255;-0.023233201;0.34483793
0.076335967;-0.023233201;0.34483793
0.076335967;-0.023233201;0.33693281
0.078312255;-0.023233201;0.33693281
0.078312255;-0.023233201;0.33693281
0.076335967;-0.023233201;0.33693281
0.076335967;-0.023233201;0.33693281
0.076335967;-0.023233201;0.33693281
0.076335967;-0.021256916;0.33693281
0.076335967;-0.023233201;0.34483793
0.076335967;-0.023233201;0.33693281
0.076335967;-0.021256916;0.33693281
0.076335967;-0.023233201;0.33693281
0.076335967;-0.021256916;0.33693281
0.074359685;-0.023233201;0.33693281
0.074359685;-0.023233201;0.33693281
0.076335967;-0.023233201;0.33693281
0.074359685;-0.023233201;0.33693281
0.074359685;-0.023233201;0.33693281
0.074359685;-0.021256916;0.33693281
0.074359685;-0.021256916;0.34483793
0.072383396;-0.023233201;0.33693281
0.072383396;-0.021256916;0.34483793
0.072383396;-0.021256916;0.33693281
0.072383396;-0.021256916;0.33693281
0.070407115;-0.021256916;0.33693281
0.072383396;-0.021256916;0.33693281
0.070407115;-0.023233201;0.33693281
0.070407115;-0.021256916;0.33693281
0.070407115;-0.021256916;0.33693281
0.070407115;-0.021256916;0.33693281
0.068430834;-0.021256916;0.33693281
0.066454545;-0.021256916;0.33693281
0.066454545;-0.021256916;0.34483793
0.066454545;-0.021256916;0.33693281
0.066454545;-0.021256916;0.33693281
0.066454545;-0.021256916;0.33693281
0.064478263;-0.021256916;0.33693281
0.066454545;-0.021256916;0.34483793
0.064478263;-0.021256916;0.34483793
0.062501974;-0.021256916;0.34483793
0.062501974;-0.023233201;0.33693281
0.062501974;-0.021256916;0.33693281
0.062501974;-0.019280633;0.33693281
0.060525693;-0.021256916;0.33693281
0.060525693;-0.019280633;0.33693281
0.060525693;-0.021256916;0.34483793
0.060525693;-0.021256916;0.33693281
0.060525693;-0.021256916;0.33693281
0.058549408;-0.021256916;0.34483793
0.056573123;-0.019280633;0.33693281
0.056573123;-0.021256916;0.33693281
0.056573123;-0.021256916;0.34483793
0.054596838;-0.019280633;0.33693281
0.054596838;-0.019280633;0.33693281
0.052620552;-0.021256916;0.33693281
0.054596838;-0.021256916;0.34483793
0.054596838;-0.021256916;0.34483793
0.052620552;-0.019280633;0.33693281
0.050644267;-0.021256916;0.33693281
0.052620552;-0.019280633;0.33693281
0.050644267;-0.019280633;0.33693281
0.048667986;-0.019280633;0.34483793
0.048667986;-0.019280633;0.33693281
0.048667986;-0.019280633;0.33693281
0.046691701;-0.021256916;0.33693281
0.046691701;-0.019280633;0.33693281
0.044715416;-0.019280633;0.34483793
0.044715416;-0.019280633;0.33693281
0.042739131;-0.019280633;0.34483793
0.044715416;-0.019280633;0.34483793
0.042739131;-0.019280633;0.33693281
0.042739131;-0.019280633;0.33693281
0.040762845;-0.019280633;0.33693281
0.040762845;-0.019280633;0.33693281
0.040762845;-0.019280633;0.34483793
0.03878656;-0.019280633;0.33693281
0.03878656;-0.019280633;0.33693281
0.036810275;-0.017304348;0.33693281
0.036810275;-0.019280633;0.34483793
0.034833994;-0.019280633;0.33693281
0.034833994;-0.019280633;0.34483793
0.034833994;-0.019280633;0.33693281
0.032857709;-0.017304348;0.34483793
0.032857709;-0.019280633;0.33693281
0.030881424;-0.019280633;0.33693281
0.030881424;-0.019280633;0.33693281
0.028905138;-0.019280633;0.33693281
0.028905138;-0.019280633;0.33693281
0.028905138;-0.017304348;0.33693281
0.026928853;-0.019280633;0.33693281
0.026928853;-0.019280633;0.33693281
0.02495257;-0.019280633;0.33693281
0.02495257;-0.017304348;0.33693281
0.02495257;-0.019280633;0.33693281
0.022976285;-0.019280633;0.33693281
0.022976285;-0.019280633;0.33693281
0.022976285;-0.017304348;0.33693281
0.021;-0.017304348;0.34483793
0.019023715;-0.019280633;0.33693281
0.019023715;-0.019280633;0.34483793
0.017047431;-0.019280633;0.33693281
0.017047431;-0.017304348;0.33693281
0.017047431;-0.017304348;0.33693281
0.017047431;-0.017304348;0.33693281
0.015071146;-0.017304348;0.33693281
0.015071146;-0.017304348;0.33693281
0.015071146;-0.017304348;0.33693281
0.013094862;-0.017304348;0.33693281
0.013094862;-0.017304348;0.33693281
0.011118577;-0.017304348;0.33693281
0.0091422927;-0.015328064;0.33693281
0.011118577;-0.017304348;0.33693281
0.0091422927;-0.017304348;0.33693281
0.007166008;-0.017304348;0.33693281
0.007166008;-0.017304348;0.33693281
0.0051897233;-0.017304348;0.33693281
0.0051897233;-0.015328064;0.33693281
0.0032134387;-0.017304348;0.33693281
0.0051897233;-0.017304348;0.33693281
0.0032134387;-0.017304348;0.33693281
0.0012371541;-0.015328064;0.33693281
-0.00073913042;-0.015328064;0.33693281
-0.00073913042;-0.017304348;0.33693281
-0.00073913042;-0.017304348;0.33693281
-0.0027154151;-0.015328064;0.32902768
-0.0027154151;-0.017304348;0.33693281
-0.0046916995;-0.017304348;0.33693281
-0.0046916995;-0.015328064;0.33693281
-0.0046916995;-0.017304348;0.33693281
-0.0046916995;-0.015328064;0.33693281
-0.0066679842;-0.015328064;0.33693281
-0.0086442688;-0.015328064;0.33693281
-0.0066679842;-0.013351778;0.34483793
-0.0086442688;-0.015328064;0.33693281
-0.0066679842;-0.017304348;0.33693281
-0.0086442688;-0.015328064;0.33693281
-0.010620553;-0.013351778;0.33693281
-0.010620553;-0.013351778;0.33693281
-0.010620553;-0.013351778;0.34483793
-0.010620553;-0.015328064;0.33693281
-0.012596838;-0.015328064;0.32902768
-0.014573122;-0.015328064;0.33693281
-0.012596838;-0.013351778;0.34483793
-0.014573122;-0.015328064;0.33693281
-0.014573122;-0.013351778;0.33693281
-0.016549407;-0.013351778;0.33693281
-0.016549407;-0.015328064;0.33693281
-0.016549407;-0.015328064;0.33693281
-0.018525692;-0.015328064;0.33693281
-0.018525692;-0.013351778;0.33693281
-0.018525692;-0.013351778;0.33693281
-0.020501977;-0.013351778;0.33693281
-0.020501977;-0.013351778;0.33693281
-0.020501977;-0.013351778;0.33693281
-0.020501977;-0.015328064;0.33693281
-0.02247826;-0.013351778;0.34483793
-0.02247826;-0.013351778;0.33693281
-0.02247826;-0.013351778;0.33693281
-0.02247826;-0.011375494;0.34483793
-0.02247826;-0.013351778;0.33693281
-0.024454545;-0.013351778;0.33693281
-0.024454545;-0.013351778;0.34483793
-0.024454545;-0.013351778;0.34483793
-0.024454545;-0.013351778;0.33693281
-0.024454545;-0.011375494;0.33693281
-0.02643083;-0.013351778;0.33693281
-0.02643083;-0.011375494;0.33693281
-0.02643083;-0.013351778;0.33693281
-0.02643083;-0.011375494;0.33693281
-0.02643083;-0.015328064;0.33693281
-0.028407115;-0.013351778;0.33693281
-0.028407115;-0.011375494;0.33693281
-0.028407115;-0.013351778;0.33693281
-0.030383399;-0.011375494;0.33693281
-0.028407115;-0.011375494;0.33693281
-0.030383399;-0.011375494;0.33693281
-0.028407115;-0.011375494;0.33693281
-0.030383399;-0.011375494;0.33693281
-0.032359682;-0.011375494;0.33693281
-0.030383399;-0.011375494;0.33693281
-0.032359682;-0.011375494;0.33693281
-0.030383399;-0.011375494;0.33693281
-0.032359682;-0.011375494;0.33693281
-0.030383399;-0.011375494;0.33693281
-0.034335967;-0.011375494;0.33693281
-0.032359682;-0.011375494;0.33693281
-0.032359682;-0.011375494;0.33693281
-0.032359682;-0.011375494;0.33693281
-0.032359682;-0.011375494;0.33693281
-0.032359682;-0.011375494;0.33693281
-0.032359682;-0.011375494;0.34483793
-0.032359682;-0.011375494;0.34483793
-0.034335967;-0.011375494;0.33693281
-0.032359682;-0.011375494;0.33693281
-0.034335967;-0.0093992092;0.33693281
-0.034335967;-0.011375494;0.34483793
-0.034335967;-0.011375494;0.34483793
-0.034335967;-0.0093992092;0.33693281
-0.034335967;-0.011375494;0.34483793
-0.032359682;-0.011375494;0.33693281
-0.034335967;-0.0093992092;0.34483793
-0.034335967;-0.0093992092;0.34483793
-0.034335967;-0.0093992092;0.33693281
-0.034335967;-0.0093992092;0.32902768
-0.034335967;-0.0093992092;0.33693281
-0.032359682;-0.0093992092;0.34483793
-0.032359682;-0.0093992092;0.33693281
-0.032359682;-0.0093992092;0.33693281
-0.032359682;-0.0093992092;0.34483793
-0.032359682;-0.0093992092;0.33693281
-0.030383399;-0.0093992092;0.33693281
-0.032359682;-0.0093992092;0.33693281
-0.032359682;-0.007422925;0.34483793
-0.030383399;-0.007422925;0.34483793
-0.032359682;-0.0093992092;0.33693281
-0.032359682;-0.0093992092;0.33693281
-0.030383399;-0.0093992092;0.34483793
-0.030383399;-0.0093992092;0.32902768
-0.028407115;-0.007422925;0.33693281
-0.030383399;-0.007422925;0.34483793
-0.030383399;-0.007422925;0.34483793
-0.030383399;-0.007422925;0.33693281
-0.028407115;-0.0093992092;0.33693281
-0.028407115;-0.007422925;0.33693281
-0.028407115;-0.007422925;0.33693281
-0.028407115;-0.007422925;0.33693281
-0.02643083;-0.007422925;0.34483793
-0.02643083;-0.007422925;0.34483793
-0.02643083;-0.0054466403;0.33693281
-0.02643083;-0.007422925;0.33693281
-0.02643083;-0.0054466403;0.33693281
-0.024454545;-0.007422925;0.34483793
-0.024454545;-0.0054466403;0.33693281
-0.024454545;-0.0054466403;0.33693281
-0.024454545;-0.0054466403;0.33693281
-0.02247826;-0.007422925;0.34483793
-0.02247826;-0.0054466403;0.33693281
-0.02247826;-0.0054466403;0.33693281
-0.02247826;-0.0054466403;0.34483793
-0.020501977;-0.0054466403;0.33693281
-0.020501977;-0.0054466403;0.33693281
-0.018525692;-0.0054466403;0.33693281
-0.020501977;-0.0054466403;0.34483793
-0.018525692;-0.0054466403;0.33693281
-0.018525692;-0.0054466403;0.33693281
-0.016549407;-0.0034703556;0.33693281
-0.016549407;-0.0054466403;0.34483793
-0.016549407;-0.0054466403;0.34483793
-0.016549407;-0.0054466403;0.33693281
-0.014573122;-0.0054466403;0.33693281
-0.016549407;-0.0054466403;0.33693281
-0.014573122;-0.0054466403;0.33693281
-0.014573122;-0.0054466403;0.33693281
-0.012596838;-0.0054466403;0.33693281
-0.012596838;-0.0054466403;0.33693281
-0.012596838;-0.0054466403;0.33693281
-0.010620553;-0.0054466403;0.33693281
-0.010620553;-0.0054466403;0.33693281
-0.010620553;-0.0054466403;0.33693281
-0.010620553;-0.0054466403;0.33693281
-0.0086442688;-0.0054466403;0.32902768
-0.0086442688;-0.0054466403;0.33693281
-0.0066679842;-0.0054466403;0.33693281
-0.0046916995;-0.0034703556;0.33693281
-0.0066679842;-0.0034703556;0.33693281
-0.0046916995;-0.0054466403;0.32902768
-0.0046916995;-0.0034703556;0.33693281
-0.0046916995;-0.0054466403;0.33693281
-0.0027154151;-0.0034703556;0.33693281
-0.0027154151;-0.0054466403;0.34483793
-0.00073913042;-0.0054466403;0.33693281
-0.00073913042;-0.0034703556;0.33693281
-0.00073913042;-0.0034703556;0.34483793
0.0012371541;-0.0034703556;0.33693281
0.0012371541;-0.0034703556;0.33693281
0.0012371541;-0.0054466403;0.33693281
0.0032134387;-0.0034703556;0.33693281
0.0032134387;-0.0034703556;0.33693281
0.0051897233;-0.0034703556;0.34483793
0.0051897233;-0.0034703556;0.33693281
0.007166008;-0.0034703556;0.33693281
0.007166008;-0.0034703556;0.33693281
0.0091422927;-0.0034703556;0.34483793
0.0091422927;-0.0034703556;0.34483793
0.011118577;-0.0014940711;0.33693281
0.011118577;-0.0034703556;0.33693281
0.011118577;-0.0014940711;0.34483793
0.011118577;-0.0014940711;0.33693281
0.013094862;-0.0014940711;0.33693281
0.015071146;-0.0014940711;0.34483793
0.017047431;-0.0014940711;0.33693281
0.015071146;-0.0014940711;0.33693281
0.015071146;-0.0014940711;0.34483793
0.017047431;-0.0014940711;0.33693281
0.017047431;-0.0014940711;0.33693281
0.019023715;-0.0014940711;0.33693281
0.019023715;-0.0014940711;0.33693281
0.021;-0.0014940711;0.33693281
0.021;-0.0014940711;0.33693281
0.022976285;-0.0014940711;0.33693281
0.022976285;0.00048221345;0.33693281
0.02495257;-0.0014940711;0.34483793
0.022976285;0.00048221345;0.33693281
0.02495257;0.00048221345;0.33693281
0.026928853;0.00048221345;0.35274309
0.028905138;0.00048221345;0.34483793
0.028905138;0.00048221345;0.33693281
0.028905138;0.00048221345;0.33693281
0.028905138;0.00048221345;0.33693281
0.030881424;0.00048221345;0.33693281
0.030881424;0.00048221345;0.33693281
0.032857709;0.00048221345;0.34483793
0.032857709;0.00048221345;0.33693281
0.032857709;0.00048221345;0.34483793
0.034833994;0.00048221345;0.33693281
0.034833994;0.00048221345;0.34483793
0.036810275;0.00048221345;0.34483793
0.036810275;0.00048221345;0.33693281
0.03878656;0.00048221345;0.33693281
0.03878656;0.00048221345;0.34483793
0.040762845;0.00048221345;0.33693281
0.040762845;0.0024584981;0.34483793
0.040762845;0.00048221345;0.33693281
0.042739131;0.00048221345;0.34483793
0.042739131;0.0024584981;0.34483793
0.042739131;0.0024584981;0.33693281
0.044715416;0.0024584981;0.33693281
0.044715416;0.0024584981;0.33693281
0.046691701;0.0024584981;0.33693281
0.046691701;0.0024584981;0.33693281
0.046691701;0.0024584981;0.33693281
0.048667986;0.0024584981;0.33693281
0.050644267;0.0024584981;0.33693281
0.048667986;0.0024584981;0.32902768
0.050644267;0.0024584981;0.33693281
0.050644267;0.0024584981;0.33693281
0.050644267;0.0024584981;0.33693281
0.054596838;0.0024584981;0.34483793
0.054596838;0.0044347825;0.33693281
0.054596838;0.0044347825;0.34483793
0.054596838;0.0044347825;0.33693281
0.054596838;0.0044347825;0.33693281
0.054596838;0.0024584981;0.33693281
0.056573123;0.0044347825;0.34483793
0.058549408;0.0044347825;0.33693281
0.058549408;0.0044347825;0.34483793
0.058549408;0.0044347825;0.33693281
0.058549408;0.0044347825;0.33693281
0.060525693;0.0044347825;0.33693281
0.060525693;0.0044347825;0.33693281
0.060525693;0.0044347825;0.33693281
0.062501974;0.0044347825;0.33693281
0.062501974;0.0044347825;0.33693281
0.062501974;0.0044347825;0.34483793
0.062501974;0.0044347825;0.33693281
0.064478263;0.0044347825;0.33693281
0.064478263;0.0064110672;0.33693281
0.064478263;0.0044347825;0.33693281
0.064478263;0.0064110672;0.33693281
0.066454545;0.0044347825;0.33693281
0.066454545;0.0044347825;0.33693281
0.066454545;0.0064110672;0.33693281
0.066454545;0.0064110672;0.33693281
0.068430834;0.0064110672;0.33693281
0.068430834;0.0064110672;0.33693281
0.068430834;0.0064110672;0.33693281
0.070407115;0.0083873514;0.33693281
0.068430834;0.0083873514;0.33693281
0.070407115;0.0064110672;0.33693281
0.070407115;0.0064110672;0.34483793
0.070407115;0.0064110672;0.34483793
0.072383396;0.0083873514;0.33693281
0.072383396;0.0064110672;0.34483793
0.072383396;0.0064110672;0.33693281
0.074359685;0.0064110672;0.33693281
0.074359685;0.0064110672;0.34483793
0.074359685;0.0083873514;0.34483793
0.074359685;0.0083873514;0.33693281
0.076335967;0.0083873514;0.33693281
0.076335967;0.0064110672;0.34483793
0.074359685;0.0083873514;0.33693281
0.074359685;0.0083873514;0.33693281
0.076335967;0.0083873514;0.33693281
0.078312255;0.0083873514;0.34483793
0.076335967;0.0083873514;0.34483793
0.076335967;0.0083873514;0.34483793
0.078312255;0.0083873514;0.34483793
0.076335967;0.0083873514;0.33693281
0.078312255;0.0083873514;0.33693281
0.076335967;0.010363637;0.33693281
0.078312255;0.010363637;0.33693281
0.078312255;0.010363637;0.34483793
0.078312255;0.010363637;0.33693281
0.078312255;0.0083873514;0.33693281
0.076335967;0.010363637;0.33693281
0.078312255;0.010363637;0.33693281
0.078312255;0.010363637;0.33693281
0.078312255;0.010363637;0.33693281
0.078312255;0.010363637;0.34483793
0.078312255;0.010363637;0.33693281
0.078312255;0.010363637;0.33693281
0.078312255;0.010363637;0.33693281
0.080288537;0.010363637;0.34483793
0.078312255;0.010363637;0.33693281
0.078312255;0.010363637;0.33693281
0.078312255;0.012339921;0.33693281
0.080288537;0.010363637;0.34483793
0.078312255;0.010363637;0.33693281
0.078312255;0.010363637;0.32902768
0.078312255;0.012339921;0.33693281
0.078312255;0.012339921;0.33693281
0.078312255;0.012339921;0.34483793
0.076335967;0.012339921;0.33693281
0.076335967;0.012339921;0.33693281
0.076335967;0.012339921;0.33693281
0.076335967;0.012339921;0.33693281
0.076335967;0.012339921;0.33693281
0.076335967;0.012339921;0.33693281
0.078312255;0.012339921;0.33693281
0.076335967;0.012339921;0.33693281
0.076335967;0.014316206;0.33693281
0.074359685;0.012339921;0.34483793
0.076335967;0.012339921;0.33693281
0.074359685;0.012339921;0.33693281
0.074359685;0.012339921;0.33693281
0.074359685;0.012339921;0.33693281
0.074359685;0.012339921;0.32902768
0.072383396;0.014316206;0.33693281
0.074359685;0.012339921;0.32902768
0.072383396;0.014316206;0.33693281
0.072383396;0.014316206;0.33693281
0.072383396;0.012339921;0.34483793
0.072383396;0.012339921;0.33693281
0.070407115;0.014316206;0.32902768
0.070407115;0.014316206;0.33693281
0.072383396;0.014316206;0.33693281
0.070407115;0.014316206;0.33693281
0.070407115;0.014316206;0.33693281
0.070407115;0.014316206;0.34483793
0.068430834;0.014316206;0.33693281
0.068430834;0.01629249;0.34483793
0.066454545;0.01629249;0.33693281
0.066454545;0.01629249;0.33693281
0.064478263;0.01629249;0.33693281
0.066454545;0.01629249;0.34483793
0.064478263;0.01629249;0.33693281
0.066454545;0.01629249;0.34483793
0.062501974;0.01629249;0.33693281
0.064478263;0.01629249;0.33693281
0.062501974;0.01629249;0.32902768
0.062501974;0.01629249;0.33693281
0.062501974;0.018268775;0.34483793
0.062501974;0.018268775;0.33693281
0.060525693;0.01629249;0.33693281
0.058549408;0.018268775;0.33693281
0.060525693;0.018268775;0.33693281
0.058549408;0.01629249;0.33693281
0.056573123;0.018268775;0.33693281
0.056573123;0.018268775;0.34483793
0.056573123;0.018268775;0.33693281
0.056573123;0.018268775;0.33693281
0.054596838;0.01629249;0.34483793
0.054596838;0.018268775;0.33693281
0.054596838;0.01629249;0.33693281
0.054596838;0.018268775;0.34483793
0.052620552;0.018268775;0.33693281
0.050644267;0.018268775;0.33693281
0.050644267;0.018268775;0.33693281
0.050644267;0.018268775;0.33693281
0.048667986;0.018268775;0.33693281
0.048667986;0.018268775;0.33693281
0.048667986;0.018268775;0.33693281
0.046691701;0.020245058;0.33693281
0.044715416;0.018268775;0.33693281
0.044715416;0.020245058;0.34483793
0.044715416;0.020245058;0.34483793
0.044715416;0.020245058;0.33693281
0.044715416;0.020245058;0.34483793
0.042739131;0.020245058;0.33693281
0.042739131;0.022221344;0.33693281
0.042739131;0.020245058;0.33693281
0.040762845;0.020245058;0.33693281
0.040762845;0.020245058;0.33693281
0.036810275;0.020245058;0.34483793
0.03878656;0.022221344;0.34483793
0.036810275;0.020245058;0.33693281
0.036810275;0.020245058;0.33693281
0.034833994;0.020245058;0.33693281
0.034833994;0.022221344;0.33693281
0.034833994;0.020245058;0.33693281
0.032857709;0.022221344;0.33693281
0.032857709;0.022221344;0.34483793
0.030881424;0.022221344;0.33693281
0.030881424;0.020245058;0.33693281
0.028905138;0.020245058;0.33693281
0.030881424;0.022221344;0.34483793
0.028905138;0.020245058;0.33693281
0.028905138;0.022221344;0.33693281
0.02495257;0.022221344;0.34483793
0.02495257;0.022221344;0.34483793
0.02495257;0.024197629;0.33693281
0.022976285;0.022221344;0.33693281
0.02495257;0.022221344;0.33693281
0.022976285;0.020245058;0.34483793
0.021;0.022221344;0.33693281
0.021;0.022221344;0.33693281
0.021;0.022221344;0.33693281
0.019023715;0.024197629;0.33693281
0.017047431;0.024197629;0.33693281
0.019023715;0.024197629;0.34483793
0.015071146;0.024197629;0.33693281
0.017047431;0.022221344;0.33693281
0.015071146;0.024197629;0.34483793
0.013094862;0.024197629;0.33693281
0.013094862;0.024197629;0.33693281
0.013094862;0.024197629;0.33693281
0.011118577;0.024197629;0.33693281
0.011118577;0.024197629;0.33693281
0.0091422927;0.024197629;0.34483793
0.0091422927;0.024197629;0.33693281
0.0091422927;0.024197629;0.34483793
0.007166008;0.026173914;0.34483793
0.0051897233;0.024197629;0.34483793
0.0051897233;0.024197629;0.34483793
0.0051897233;0.026173914;0.34483793
0.0051897233;0.026173914;0.33693281
0.0032134387;0.026173914;0.33693281
0.0012371541;0.026173914;0.33693281
0.0012371541;0.024197629;0.33693281
0.0012371541;0.026173914;0.33693281
-0.00073913042;0.026173914;0.33693281
-0.0027154151;0.026173914;0.33693281
-0.0027154151;0.026173914;0.33693281
-0.0027154151;0.026173914;0.33693281
-0.0027154151;0.026173914;0.33693281
-0.0046916995;0.026173914;0.33693281
-0.0046916995;0.028150197;0.33693281
-0.0066679842;0.026173914;0.34483793
-0.0066679842;0.026173914;0.33693281
-0.0066679842;0.026173914;0.33693281
-0.0086442688;0.026173914;0.33693281
-0.0086442688;0.028150197;0.33693281
-0.0086442688;0.026173914;0.33693281
-0.010620553;0.028150197;0.33693281
-0.010620553;0.026173914;0.34483793
-0.010620553;0.028150197;0.33693281
-0.010620553;0.028150197;0.33693281
-0.012596838;0.026173914;0.34483793
-0.012596838;0.028150197;0.33693281
-0.012596838;0.028150197;0.33693281
-0.014573122;0.028150197;0.33693281
-0.014573122;0.028150197;0.33693281
-0.016549407;0.028150197;0.33693281
-0.016549407;0.028150197;0.33693281
-0.016549407;0.028150197;0.34483793
-0.016549407;0.028150197;0.33693281
-0.018525692;0.028150197;0.33693281
-0.018525692;0.028150197;0.34483793
-0.018525692;0.030126482;0.34483793
-0.020501977;0.030126482;0.33693281
-0.018525692;0.028150197;0.33693281
-0.020501977;0.028150197;0.33693281
-0.020501977;0.028150197;0.33693281
-0.020501977;0.030126482;0.33693281
-0.02247826;0.030126482;0.33693281
-0.02247826;0.030126482;0.34483793
-0.024454545;0.030126482;0.33693281
-0.02247826;0.032102767;0.33693281
-0.024454545;0.030126482;0.33693281
-0.024454545;0.032102767;0.33693281
-0.024454545;0.030126482;0.33693281
-0.024454545;0.032102767;0.34483793
-0.02643083;0.030126482;0.33693281
-0.02643083;0.032102767;0.34483793
-0.02643083;0.032102767;0.33693281
-0.02643083;0.032102767;0.34483793
-0.02643083;0.030126482;0.33693281
-0.028407115;0.032102767;0.33693281
-0.028407115;0.030126482;0.34483793
-0.028407115;0.032102767;0.33693281
-0.030383399;0.032102767;0.33693281
-0.030383399;0.032102767;0.33693281
-0.028407115;0.032102767;0.33693281
-0.030383399;0.032102767;0.33693281
-0.032359682;0.032102767;0.34483793
-0.030383399;0.032102767;0.33693281
-0.030383399;0.032102767;0.33693281
-0.032359682;0.032102767;0.33693281
-0.032359682;0.032102767;0.33693281
-0.032359682;0.032102767;0.33693281
-0.032359682;0.032102767;0.33693281
-0.032359682;0.034079053;0.33693281
-0.032359682;0.034079053;0.34483793
-0.032359682;0.034079053;0.33693281
-0.032359682;0.032102767;0.34483793
-0.032359682;0.034079053;0.34483793
-0.032359682;0.034079053;0.33693281
-0.032359682;0.034079053;0.34483793
-0.034335967;0.034079053;0.33693281
-0.032359682;0.034079053;0.33693281
-0.034335967;0.036055338;0.34483793
-0.034335967;0.032102767;0.32902768
-0.032359682;0.034079053;0.33693281
-0.032359682;0.034079053;0.33693281
-0.034335967;0.036055338;0.33693281
-0.032359682;0.036055338;0.33693281
-0.034335967;0.034079053;0.33693281
-0.032359682;0.036055338;0.33693281
-0.034335967;0.036055338;0.33693281
-0.032359682;0.036055338;0.33693281
-0.032359682;0.034079053;0.33693281
-0.032359682;0.036055338;0.34483793
-0.032359682;0.036055338;0.33693281
-0.032359682;0.036055338;0.33693281
-0.032359682;0.036055338;0.34483793
-0.030383399;0.036055338;0.33693281
-0.030383399;0.036055338;0.34483793
-0.030383399;0.036055338;0.34483793
-0.032359682;0.036055338;0.33693281
-0.030383399;0.036055338;0.34483793
-0.030383399;0.038031619;0.33693281
-0.032359682;0.036055338;0.34483793
-0.030383399;0.038031619;0.34483793
-0.030383399;0.036055338;0.33693281
-0.030383399;0.036055338;0.33693281
-0.030383399;0.038031619;0.33693281
-0.030383399;0.038031619;0.34483793
-0.030383399;0.036055338;0.33693281
-0.030383399;0.036055338;0.33693281
-0.028407115;0.038031619;0.33693281
-0.030383399;0.038031619;0.33693281
-0.028407115;0.038031619;0.33693281
-0.028407115;0.038031619;0.33693281
-0.028407115;0.038031619;0.33693281
-0.02643083;0.040007904;0.34483793
-0.02643083;0.040007904;0.34483793
-0.024454545;0.038031619;0.33693281
-0.02643083;0.038031619;0.33693281
-0.024454545;0.038031619;0.33693281
-0.024454545;0.040007904;0.34483793
-0.024454545;0.040007904;0.34483793
-0.024454545;0.040007904;0.33693281
-0.024454545;0.040007904;0.33693281
-0.02247826;0.040007904;0.33693281
-0.02247826;0.040007904;0.33693281
-0.020501977;0.040007904;0.33693281
-0.02247826;0.040007904;0.34483793
-0.02247826;0.040007904;0.33693281
-0.018525692;0.040007904;0.33693281
-0.020501977;0.040007904;0.33693281
-0.018525692;0.040007904;0.33693281
-0.018525692;0.040007904;0.34483793
-0.016549407;0.040007904;0.33693281
-0.018525692;0.040007904;0.33693281
-0.016549407;0.040007904;0.33693281
-0.016549407;0.040007904;0.34483793
-0.016549407;0.040007904;0.34483793
-0.014573122;0.040007904;0.33693281
-0.014573122;0.040007904;0.33693281
-0.014573122;0.041984189;0.33693281
-0.014573122;0.041984189;0.33693281
-0.012596838;0.040007904;0.33693281
-0.010620553;0.040007904;0.33693281
-0.012596838;0.040007904;0.33693281
-0.010620553;0.041984189;0.34483793
-0.010620553;0.041984189;0.33693281
-0.0086442688;0.041984189;0.33693281
-0.0086442688;0.041984189;0.34483793
-0.0086442688;0.041984189;0.34483793
-0.0086442688;0.043960474;0.33693281
-0.0066679842;0.043960474;0.33693281
-0.0046916995;0.041984189;0.33693281
-0.0066679842;0.043960474;0.33693281
-0.0027154151;0.041984189;0.33693281
-0.0027154151;0.041984189;0.33693281
-0.0027154151;0.041984189;0.33693281
-0.0027154151;0.043960474;0.33693281
-0.00073913042;0.043960474;0.34483793
-0.00073913042;0.041984189;0.33693281
-0.00073913042;0.041984189;0.33693281
0.0012371541;0.043960474;0.33693281
0.0012371541;0.043960474;0.33693281
0.0032134387;0.041984189;0.33693281
0.0032134387;0.041984189;0.34483793
0.0032134387;0.041984189;0.33693281
0.0051897233;0.041984189;0.33693281
0.0051897233;0.043960474;0.33693281
0.007166008;0.043960474;0.33693281
0.007166008;0.043960474;0.34483793
0.0091422927;0.043960474;0.33693281
0.0091422927;0.04593676;0.33693281
0.0091422927;0.043960474;0.33693281
0.0091422927;0.04593676;0.33693281
0.011118577;0.043960474;0.33693281
0.013094862;0.04593676;0.33693281
0.013094862;0.043960474;0.34483793
0.015071146;0.043960474;0.33693281
0.015071146;0.04593676;0.33693281
0.015071146;0.04593676;0.33693281
0.017047431;0.043960474;0.34483793
0.017047431;0.04593676;0.33693281
0.019023715;0.04593676;0.33693281
0.019023715;0.043960474;0.34483793
0.019023715;0.043960474;0.34483793
0.021;0.04593676;0.34483793
0.021;0.04593676;0.34483793
0.021;0.04593676;0.33693281
0.022976285;0.04593676;0.32902768
0.022976285;0.04593676;0.33693281
0.02495257;0.047913045;0.34483793
0.02495257;0.04593676;0.34483793
0.02495257;0.047913045;0.33693281
0.026928853;0.04593676;0.33693281
0.026928853;0.047913045;0.34483793
0.028905138;0.04593676;0.33693281
0.028905138;0.047913045;0.33693281
0.030881424;0.047913045;0.34483793
0.030881424;0.047913045;0.34483793
0.032857709;0.047913045;0.33693281
0.032857709;0.047913045;0.33693281
0.032857709;0.047913045;0.33693281
0.034833994;0.047913045;0.34483793
0.036810275;0.047913045;0.33693281
0.036810275;0.047913045;0.34483793
0.036810275;0.047913045;0.33693281
0.03878656;0.047913045;0.33693281
0.03878656;0.04988933;0.33693281
0.040762845;0.04988933;0.33693281
0.040762845;0.047913045;0.33693281
0.042739131;0.047913045;0.34483793
0.042739131;0.047913045;0.33693281
0.042739131;0.04988933;0.33693281
0.044715416;0.047913045;0.33693281
0.044715416;0.04988933;0.33693281
0.044715416;0.047913045;0.33693281
0.046691701;0.047913045;0.33693281
0.046691701;0.047913045;0.33693281
0.046691701;0.04988933;0.33693281
0.048667986;0.04988933;0.34483793
0.050644267;0.047913045;0.34483793
0.050644267;0.04988933;0.33693281
0.052620552;0.04988933;0.33693281
0.052620552;0.04988933;0.33693281
0.052620552;0.04988933;0.33693281
0.052620552;0.04988933;0.33693281
0.056573123;0.04988933;0.34483793
0.054596838;0.04988933;0.33693281
0.054596838;0.04988933;0.34483793
0.056573123;0.047913045;0.33693281
0.056573123;0.04988933;0.33693281
0.056573123;0.04988933;0.34483793
0.056573123;0.04988933;0.33693281
0.058549408;0.04988933;0.33693281
0.058549408;0.04988933;0.34483793
0.058549408;0.04988933;0.33693281
0.060525693;0.04988933;0.33693281
0.060525693;0.04988933;0.33693281
0.062501974;0.051865611;0.34483793
0.064478263;0.04988933;0.33693281
0.062501974;0.051865611;0.33693281
0.062501974;0.051865611;0.33693281
0.062501974;0.04988933;0.33693281
0.064478263;0.04988933;0.34483793
0.064478263;0.053841896;0.33693281
0.066454545;0.051865611;0.33693281
0.066454545;0.051865611;0.33693281
0.066454545;0.051865611;0.33693281
0.066454545;0.051865611;0.33693281
0.068430834;0.051865611;0.33693281
0.066454545;0.051865611;0.33693281
0.068430834;0.051865611;0.34483793
0.070407115;0.051865611;0.33693281
0.068430834;0.051865611;0.33693281
0.070407115;0.051865611;0.33693281
0.070407115;0.051865611;0.33693281
0.070407115;0.053841896;0.34483793
0.070407115;0.051865611;0.33693281
0.072383396;0.053841896;0.33693281
0.072383396;0.053841896;0.33693281
0.072383396;0.053841896;0.33693281
0.072383396;0.053841896;0.33693281
0.074359685;0.051865611;0.34483793
0.072383396;0.053841896;0.34483793
0.074359685;0.053841896;0.33693281
0.074359685;0.053841896;0.33693281
0.074359685;0.053841896;0.33693281
0.076335967;0.053841896;0.33693281
0.076335967;0.051865611;0.33693281
0.076335967;0.053841896;0.33693281
0.076335967;0.053841896;0.33693281
0.078312255;0.051865611;0.33693281
0.076335967;0.053841896;0.33693281
0.078312255;0.053841896;0.33693281
0.078312255;0.053841896;0.33693281
0.076335967;0.053841896;0.33693281
0.076335967;0.055818181;0.34483793
0.076335967;0.053841896;0.33693281
0.078312255;0.053841896;0.33693281
0.078312255;0.055818181;0.34483793
0.078312255;0.055818181;0.33693281
0.078312255;0.053841896;0.33693281
0.078312255;0.053841896;0.33693281
0.078312255;0.055818181;0.33693281
0.076335967;0.055818181;0.33693281
0.078312255;0.053841896;0.33693281
0.078312255;0.057794467;0.33693281
0.076335967;0.053841896;0.33693281
0.078312255;0.055818181;0.34483793
0.078312255;0.055818181;0.33693281
0.080288537;0.055818181;0.33693281
0.078312255;0.053841896;0.33693281
0.078312255;0.055818181;0.33693281
0.078312255;0.055818181;0.34483793
0.078312255;0.055818181;0.34483793
0.078312255;0.057794467;0.33693281
0.078312255;0.057794467;0.33693281
0.076335967;0.057794467;0.33693281
0.076335967;0.055818181;0.33693281
0.078312255;0.055818181;0.33693281
0.076335967;0.055818181;0.33693281
0.076335967;0.055818181;0.34483793
0.076335967;0.055818181;0.34483793
0.076335967;0.055818181;0.34483793
0.078312255;0.055818181;0.33693281
0.076335967;0.057794467;0.33693281
0.076335967;0.057794467;0.34483793
0.076335967;0.057794467;0.33693281
0.076335967;0.057794467;0.33693281
0.076335967;0.057794467;0.33693281
0.076335967;0.057794467;0.33693281
0.074359685;0.057794467;0.33693281
0.074359685;0.057794467;0.33693281
0.074359685;0.057794467;0.34483793
0.074359685;0.057794467;0.33693281
0.074359685;0.057794467;0.33693281
0.072383396;0.057794467;0.32902768
0.072383396;0.057794467;0.33693281
0.072383396;0.057794467;0.33693281
0.072383396;0.057794467;0.33693281
0.072383396;0.057794467;0.33693281
0.070407115;0.057794467;0.34483793
0.068430834;0.059770752;0.33693281
0.070407115;0.057794467;0.33693281
0.070407115;0.057794467;0.34483793
0.070407115;0.057794467;0.33693281
0.068430834;0.059770752;0.33693281
0.068430834;0.057794467;0.33693281
0.068430834;0.057794467;0.33693281
0.066454545;0.057794467;0.33693281
0.066454545;0.059770752;0.33693281
0.066454545;0.057794467;0.33693281
0.064478263;0.059770752;0.33693281
0.066454545;0.059770752;0.33693281
0.064478263;0.059770752;0.33693281
0.064478263;0.057794467;0.34483793
0.064478263;0.059770752;0.33693281
0.062501974;0.059770752;0.33693281
0.060525693;0.059770752;0.33693281
0.062501974;0.059770752;0.33693281
0.060525693;0.059770752;0.32902768
0.060525693;0.059770752;0.34483793
0.058549408;0.059770752;0.33693281
0.058549408;0.059770752;0.34483793
0.058549408;0.059770752;0.33693281
0.056573123;0.061747037;0.33693281
0.056573123;0.059770752;0.33693281
0.056573123;0.059770752;0.33693281
0.056573123;0.059770752;0.34483793
0.054596838;0.059770752;0.33693281
0.054596838;0.059770752;0.34483793
0.054596838;0.059770752;0.33693281
0.052620552;0.059770752;0.33693281
0.052620552;0.061747037;0.33693281
0.052620552;0.059770752;0.33693281
0.050644267;0.061747037;0.33693281
0.048667986;0.061747037;0.34483793
0.048667986;0.061747037;0.33693281
0.048667986;0.061747037;0.33693281
0.048667986;0.059770752;0.33693281
0.048667986;0.061747037;0.34483793
0.046691701;0.061747037;0.34483793
0.044715416;0.061747037;0.33693281
0.044715416;0.061747037;0.33693281
0.042739131;0.059770752;0.33693281
0.042739131;0.059770752;0.34483793
0.040762845;0.059770752;0.33693281
0.040762845;0.061747037;0.33693281
0.040762845;0.061747037;0.33693281
0.040762845;0.061747037;0.33693281
0.03878656;0.061747037;0.33693281
0.040762845;0.061747037;0.33693281
0.036810275;0.061747037;0.33693281
0.036810275;0.061747037;0.33693281
0.034833994;0.061747037;0.33693281
0.032857709;0.059770752;0.33693281
0.034833994;0.063723318;0.34483793
0.032857709;0.063723318;0.33693281
0.032857709;0.061747037;0.33693281
0.032857709;0.061747037;0.34483793
0.030881424;0.063723318;0.33693281
0.028905138;0.061747037;0.33693281
0.028905138;0.061747037;0.33693281
0.028905138;0.061747037;0.33693281
0.026928853;0.061747037;0.33693281
0.026928853;0.061747037;0.33693281
0.02495257;0.061747037;0.33693281
0.02495257;0.061747037;0.33693281
0.02495257;0.061747037;0.34483793
0.022976285;0.061747037;0.34483793
0.021;0.061747037;0.33693281
0.021;0.061747037;0.33693281
0.021;0.061747037;0.33693281
0.021;0.061747037;0.33693281
0.019023715;0.061747037;0.33693281
0.017047431;0.063723318;0.34483793
0.015071146;0.063723318;0.33693281
0.015071146;0.063723318;0.33693281
0.015071146;0.063723318;0.33693281
0.015071146;0.063723318;0.33693281
0.013094862;0.063723318;0.33693281
0.013094862;0.065699607;0.33693281
0.013094862;0.061747037;0.33693281
0.013094862;0.063723318;0.33693281
0.013094862;0.063723318;0.34483793
0.011118577;0.063723318;0.33693281
0.011118577;0.063723318;0.32902768
0.007166008;0.063723318;0.33693281
0.0091422927;0.063723318;0.33693281
0.007166008;0.063723318;0.34483793
0.0051897233;0.063723318;0.33693281
0.0051897233;0.063723318;0.33693281
0.0051897233;0.063723318;0.33693281
0.0032134387;0.061747037;0.33693281
0.0012371541;0.063723318;0.33693281
0.0012371541;0.061747037;0.33693281
0.0012371541;0.063723318;0.33693281
-0.00073913042;0.063723318;0.34483793
-0.00073913042;0.063723318;0.33693281
-0.0027154151;0.063723318;0.33693281
-0.0027154151;0.065699607;0.33693281
-0.0027154151;0.063723318;0.33693281
-0.0046916995;0.065699607;0.33693281
-0.0046916995;0.065699607;0.33693281
-0.0066679842;0.065699607;0.33693281
-0.0066679842;0.065699607;0.33693281
-0.0066679842;0.063723318;0.33693281
-0.0086442688;0.065699607;0.34483793
-0.0086442688;0.063723318;0.33693281
-0.010620553;0.065699607;0.34483793
-0.010620553;0.065699607;0.33693281
-0.010620553;0.065699607;0.33693281
-0.010620553;0.063723318;0.33693281
-0.012596838;0.065699607;0.33693281
-0.014573122;0.065699607;0.33693281
-0.012596838;0.065699607;0.33693281
-0.012596838;0.063723318;0.34483793
-0.014573122;0.063723318;0.33693281
-0.014573122;0.065699607;0.33693281
-0.016549407;0.065699607;0.33693281
-0.016549407;0.065699607;0.33693281
-0.016549407;0.065699607;0.33693281
-0.018525692;0.065699607;0.33693281
-0.018525692;0.065699607;0.34483793
-0.018525692;0.065699607;0.33693281
-0.020501977;0.065699607;0.33693281
-0.020501977;0.067675889;0.33693281
-0.020501977;0.065699607;0.33693281
-0.02247826;0.065699607;0.33693281
-0.02247826;0.065699607;0.34483793
-0.02247826;0.063723318;0.33693281
-0.02247826;0.065699607;0.33693281
-0.02247826;0.065699607;0.33693281
-0.02247826;0.065699607;0.33693281
-0.024454545;0.065699607;0.33693281
-0.024454545;0.065699607;0.33693281
-0.024454545;0.067675889;0.33693281
-0.024454545;0.065699607;0.33693281
-0.02643083;0.067675889;0.33693281
-0.024454545;0.067675889;0.33693281
-0.02643083;0.067675889;0.33693281
-0.02643083;0.067675889;0.33693281
-0.028407115;0.067675889;0.34483793
-0.028407115;0.065699607;0.33693281
-0.028407115;0.065699607;0.33693281
-0.030383399;0.067675889;0.34483793
-0.028407115;0.065699607;0.33693281
-0.030383399;0.067675889;0.33693281
-0.030383399;0.067675889;0.32902768
-0.030383399;0.067675889;0.34483793
-0.030383399;0.067675889;0.33693281
-0.030383399;0.067675889;0.33693281
-0.030383399;0.067675889;0.33693281
-0.032359682;0.067675889;0.33693281
-0.032359682;0.067675889;0.33693281
-0.030383399;0.067675889;0.33693281
-0.032359682;0.067675889;0.33693281
-0.032359682;0.067675889;0.33693281
-0.032359682;0.069652177;0.34483793
-0.032359682;0.067675889;0.33693281
-0.034335967;0.067675889;0.34483793
-0.032359682;0.067675889;0.33693281
-0.032359682;0.067675889;0.33693281
-0.032359682;0.067675889;0.33693281
-0.032359682;0.067675889;0.34483793
-0.032359682;0.067675889;0.33693281
-0.034335967;0.067675889;0.34483793
-0.032359682;0.067675889;0.33693281
-0.032359682;0.067675889;0.33693281
-0.032359682;0.067675889;0.34483793
-0.034335967;0.067675889;0.33693281
-0.032359682;0.067675889;0.33693281
-0.034335967;0.067675889;0.33693281
-0.034335967;0.067675889;0.33693281
-0.032359682;0.067675889;0.32902768
-0.032359682;0.067675889;0.33693281
-0.032359682;0.067675889;0.34483793
-0.032359682;0.067675889;0.33693281
-0.032359682;0.067675889;0.33693281
-0.032359682;0.067675889;0.34483793
-0.032359682;0.067675889;0.33693281
-0.030383399;0.067675889;0.33693281
-0.032359682;0.067675889;0.33693281
-0.032359682;0.067675889;0.33693281
-0.030383399;0.067675889;0.33693281
-0.032359682;0.067675889;0.34483793
-0.032359682;0.067675889;0.34483793
-0.030383399;0.067675889;0.33693281
-0.030383399;0.067675889;0.33693281
-0.030383399;0.069652177;0.33693281
-0.030383399;0.067675889;0.33693281
-0.030383399;0.069652177;0.33693281
-0.028407115;0.069652177;0.33693281
-0.030383399;0.067675889;0.33693281
-0.030383399;0.067675889;0.33693281
-0.030383399;0.067675889;0.32902768
-0.028407115;0.067675889;0.33693281
-0.028407115;0.067675889;0.34483793
-0.028407115;0.067675889;0.33693281
-0.028407115;0.067675889;0.33693281
-0.02643083;0.069652177;0.33693281
-0.028407115;0.069652177;0.33693281
-0.02643083;0.067675889;0.34483793
-0.02643083;0.067675889;0.33693281
-0.024454545;0.067675889;0.34483793
-0.024454545;0.067675889;0.33693281
-0.024454545;0.067675889;0.34483793
-0.024454545;0.067675889;0.33693281
-0.024454545;0.067675889;0.34483793
-0.024454545;0.067675889;0.34483793
-0.02247826;0.069652177;0.33693281
-0.02247826;0.069652177;0.33693281
-0.02247826;0.067675889;0.33693281
-0.02247826;0.069652177;0.34483793
-0.020501977;0.069652177;0.33693281
-0.020501977;0.067675889;0.33693281
-0.020501977;0.067675889;0.34483793
-0.018525692;0.069652177;0.33693281
-0.018525692;0.069652177;0.33693281
-0.018525692;0.067675889;0.34483793
-0.016549407;0.069652177;0.33693281
-0.016549407;0.067675889;0.33693281
-0.016549407;0.067675889;0.34483793
-0.014573122;0.067675889;0.33693281
-0.014573122;0.067675889;0.33693281
-0.012596838;0.069652177;0.33693281
-0.012596838;0.069652177;0.33693281
-0.012596838;0.067675889;0.33693281
-0.012596838;0.069652177;0.33693281
-0.010620553;0.069652177;0.33693281
-0.012596838;0.069652177;0.33693281
-0.010620553;0.067675889;0.33693281
-0.010620553;0.067675889;0.33693281
-0.010620553;0.069652177;0.33693281
-0.0086442688;0.069652177;0.33693281
-0.0086442688;0.069652177;0.33693281
-0.0066679842;0.069652177;0.33693281
-0.0066679842;0.067675889;0.33693281
-0.0066679842;0.069652177;0.33693281
-0.0046916995;0.067675889;0.33693281
-0.0046916995;0.069652177;0.33693281
-0.0027154151;0.069652177;0.34483793
-0.0027154151;0.069652177;0.33693281
-0.00073913042;0.067675889;0.33693281
-0.00073913042;0.069652177;0.34483793
-0.00073913042;0.069652177;0.33693281
-0.00073913042;0.069652177;0.33693281
0.0012371541;0.069652177;0.33693281
0.0012371541;0.069652177;0.33693281
0.0012371541;0.069652177;0.33693281
0.0032134387;0.067675889;0.33693281
0.0051897233;0.069652177;0.33693281
0.0051897233;0.069652177;0.34483793
0.007166008;0.069652177;0.34483793
0.007166008;0.069652177;0.33693281
0.007166008;0.069652177;0.33693281
0.0091422927;0.069652177;0.33693281
0.0091422927;0.069652177;0.33693281
0.0091422927;0.069652177;0.34483793
0.013094862;0.069652177;0.33693281
0.013094862;0.069652177;0.33693281
0.013094862;0.067675889;0.33693281
0.015071146;0.069652177;0.33693281
0.015071146;0.069652177;0.34483793
0.015071146;0.069652177;0.33693281
0.017047431;0.071628459;0.33693281
0.017047431;0.069652177;0.33693281
0.019023715;0.069652177;0.33693281
0.019023715;0.069652177;0.34483793
0.019023715;0.067675889;0.33693281
0.019023715;0.069652177;0.33693281
0.021;0.069652177;0.33693281
0.021;0.069652177;0.33693281
0.022976285;0.069652177;0.33693281
0.02495257;0.069652177;0.32902768
0.02495257;0.067675889;0.33693281
0.026928853;0.069652177;0.34483793
0.026928853;0.067675889;0.33693281
0.028905138;0.069652177;0.33693281
0.028905138;0.069652177;0.33693281
0.028905138;0.069652177;0.34483793
0.030881424;0.069652177;0.33693281
0.032857709;0.069652177;0.33693281
0.032857709;0.069652177;0.33693281
0.032857709;0.067675889;0.33693281
0.032857709;0.067675889;0.34483793
0.032857709;0.069652177;0.33693281
0.034833994;0.069652177;0.33693281
0.034833994;0.069652177;0.34483793
0.034833994;0.067675889;0.33693281
0.034833994;0.069652177;0.33693281
0.03878656;0.069652177;0.33693281
0.03878656;0.069652177;0.33693281
0.03878656;0.069652177;0.33693281
0.040762845;0.069652177;0.33693281
0.042739131;0.069652177;0.33693281
0.040762845;0.069652177;0.34483793
0.042739131;0.067675889;0.33693281
0.042739131;0.069652177;0.34483793
0.044715416;0.069652177;0.33693281
0.044715416;0.069652177;0.33693281
0.046691701;0.069652177;0.33693281
0.046691701;0.069652177;0.33693281
0.046691701;0.069652177;0.34483793
0.048667986;0.069652177;0.34483793
0.048667986;0.067675889;0.33693281
0.048667986;0.069652177;0.33693281
0.050644267;0.067675889;0.33693281
0.050644267;0.069652177;0.33693281
0.052620552;0.069652177;0.33693281
0.054596838;0.069652177;0.33693281
0.054596838;0.069652177;0.34483793
0.054596838;0.069652177;0.33693281
0.054596838;0.069652177;0.33693281
0.056573123;0.069652177;0.32902768
0.054596838;0.069652177;0.33693281
0.056573123;0.067675889;0.33693281
0.056573123;0.069652177;0.34483793
0.056573123;0.071628459;0.33693281
0.058549408;0.069652177;0.33693281
0.058549408;0.069652177;0.33693281
0.060525693;0.067675889;0.33693281
0.060525693;0.067675889;0.33693281
0.060525693;0.069652177;0.33693281
0.062501974;0.067675889;0.34483793
0.062501974;0.069652177;0.33693281
0.062501974;0.067675889;0.33693281
0.062501974;0.067675889;0.33693281
0.066454545;0.069652177;0.33693281
0.064478263;0.069652177;0.33693281
0.064478263;0.069652177;0.33693281
0.066454545;0.069652177;0.33693281
0.066454545;0.067675889;0.33693281
0.066454545;0.069652177;0.34483793
0.066454545;0.067675889;0.34483793
0.068430834;0.067675889;0.33693281
0.068430834;0.069652177;0.33693281
0.070407115;0.067675889;0.34483793
0.068430834;0.069652177;0.34483793
0.070407115;0.069652177;0.33693281
0.068430834;0.067675889;0.33693281
0.070407115;0.067675889;0.33693281
0.072383396;0.067675889;0.34483793
0.070407115;0.067675889;0.33693281
0.072383396;0.069652177;0.33693281
0.074359685;0.069652177;0.34483793
0.074359685;0.067675889;0.33693281
0.074359685;0.067675889;0.33693281
0.074359685;0.067675889;0.33693281
0.074359685;0.067675889;0.34483793
0.074359685;0.067675889;0.33693281
0.074359685;0.067675889;0.33693281
0.076335967;0.067675889;0.33693281
0.076335967;0.067675889;0.32902768
0.078312255;0.067675889;0.33693281
0.076335967;0.069652177;0.33693281
0.076335967;0.067675889;0.33693281
0.076335967;0.067675889;0.33693281
0.076335967;0.067675889;0.33693281
0.078312255;0.067675889;0.33693281
0.078312255;0.067675889;0.33693281
0.078312255;0.067675889;0.33693281
0.076335967;0.067675889;0.33693281
0.078312255;0.067675889;0.33693281
0.078312255;0.067675889;0.33693281
0.078312255;0.067675889;0.32902768
0.078312255;0.069652177;0.33693281
0.078312255;0.067675889;0.33693281
0.078312255;0.067675889;0.33693281
0.078312255;0.067675889;0.34483793
0.080288537;0.067675889;0.33693281
0.078312255;0.067675889;0.33693281
0.078312255;0.067675889;0.33693281
0.078312255;0.067675889;0.34483793
0.080288537;0.067675889;0.33693281
0.080288537;0.067675889;0.33693281
0.078312255;0.067675889;0.34483793
0.078312255;0.069652177;0.32902768
0.078312255;0.067675889;0.34483793
0.076335967;0.067675889;0.33693281
0.078312255;0.067675889;0.33693281
0.078312255;0.069652177;0.33693281
0.078312255;0.067675889;0.33693281
0.076335967;0.067675889;0.33693281
0.078312255;0.067675889;0.34483793
0.076335967;0.067675889;0.33693281
0.076335967;0.067675889;0.33693281
0.076335967;0.067675889;0.33693281
0.076335967;0.067675889;0.33693281
0.076335967;0.067675889;0.33693281
0.076335967;0.065699607;0.33693281
0.076335967;0.067675889;0.34483793
0.078312255;0.067675889;0.33693281
0.076335967;0.067675889;0.33693281
0.074359685;0.067675889;0.33693281
0.076335967;0.067675889;0.33693281
0.074359685;0.067675889;0.33693281
0.074359685;0.067675889;0.33693281
0.074359685;0.067675889;0.33693281
0.074359685;0.065699607;0.33693281
0.074359685;0.067675889;0.33693281
0.072383396;0.065699607;0.33693281
0.072383396;0.067675889;0.34483793
0.072383396;0.067675889;0.33693281
0.072383396;0.067675889;0.34483793
0.070407115;0.067675889;0.33693281
0.070407115;0.067675889;0.33693281
0.070407115;0.067675889;0.33693281
0.070407115;0.065699607;0.34483793
0.068430834;0.067675889;0.33693281
0.068430834;0.067675889;0.33693281
0.068430834;0.065699607;0.33693281
0.068430834;0.065699607;0.33693281
0.068430834;0.065699607;0.33693281
0.064478263;0.067675889;0.33693281
0.066454545;0.065699607;0.33693281
0.066454545;0.067675889;0.34483793
0.064478263;0.067675889;0.33693281
0.064478263;0.065699607;0.33693281
0.064478263;0.067675889;0.33693281
0.064478263;0.065699607;0.33693281
0.062501974;0.067675889;0.34483793
0.062501974;0.065699607;0.33693281
0.062501974;0.065699607;0.33693281
0.060525693;0.067675889;0.33693281
0.060525693;0.067675889;0.33693281
0.058549408;0.065699607;0.33693281
0.058549408;0.065699607;0.33693281
0.058549408;0.065699607;0.33693281
0.056573123;0.065699607;0.34483793
0.056573123;0.065699607;0.34483793
0.054596838;0.065699607;0.33693281
0.054596838;0.065699607;0.33693281
0.054596838;0.065699607;0.34483793
0.052620552;0.065699607;0.33693281
0.052620552;0.065699607;0.33693281
0.052620552;0.065699607;0.34483793
0.052620552;0.067675889;0.33693281
0.052620552;0.065699607;0.33693281
0.050644267;0.065699607;0.33693281
0.050644267;0.065699607;0.33693281
0.048667986;0.065699607;0.34483793
0.050644267;0.063723318;0.33693281
0.046691701;0.065699607;0.33693281
0.048667986;0.065699607;0.33693281
0.046691701;0.065699607;0.33693281
0.044715416;0.065699607;0.33693281
0.044715416;0.063723318;0.33693281
0.044715416;0.063723318;0.33693281
0.044715416;0.065699607;0.33693281
0.042739131;0.065699607;0.33693281
0.040762845;0.065699607;0.33693281
0.040762845;0.065699607;0.33693281
0.040762845;0.065699607;0.33693281
0.040762845;0.065699607;0.33693281
0.036810275;0.065699607;0.34483793
0.036810275;0.065699607;0.33693281
0.036810275;0.063723318;0.33693281
0.036810275;0.063723318;0.34483793
0.034833994;0.063723318;0.33693281
0.032857709;0.063723318;0.33693281
0.032857709;0.061747037;0.33693281
0.032857709;0.063723318;0.33693281
0.030881424;0.063723318;0.34483793
0.030881424;0.063723318;0.33693281
0.030881424;0.063723318;0.33693281
0.028905138;0.063723318;0.33693281
0.028905138;0.063723318;0.33693281
0.026928853;0.063723318;0.33693281
0.026928853;0.063723318;0.33693281
0.026928853;0.065699607;0.33693281
0.02495257;0.063723318;0.34483793
0.02495257;0.063723318;0.33693281
0.022976285;0.063723318;0.33693281
0.022976285;0.063723318;0.34483793
0.022976285;0.061747037;0.33693281
0.021;0.063723318;0.33693281
0.021;0.063723318;0.33693281
0.019023715;0.063723318;0.33693281
0.019023715;0.063723318;0.34483793
0.017047431;0.061747037;0.34483793
0.017047431;0.063723318;0.33693281
0.015071146;0.061747037;0.34483793
0.015071146;0.061747037;0.33693281
0.015071146;0.063723318;0.34483793
0.013094862;0.063723318;0.33693281
0.011118577;0.063723318;0.33693281
0.011118577;0.061747037;0.33693281
0.011118577;0.061747037;0.33693281
0.0091422927;0.061747037;0.33693281
0.011118577;0.061747037;0.34483793
0.0091422927;0.061747037;0.33693281
0.0091422927;0.061747037;0.33693281
0.007166008;0.063723318;0.33693281
0.0051897233;0.061747037;0.33693281
0.0032134387;0.063723318;0.33693281
0.0051897233;0.061747037;0.34483793
0.0012371541;0.063723318;0.33693281
0.0032134387;0.061747037;0.34483793
0.0012371541;0.063723318;0.33693281
0.0012371541;0.061747037;0.33693281
-0.00073913042;0.061747037;0.33693281
-0.00073913042;0.059770752;0.33693281
-0.0027154151;0.061747037;0.33693281
-0.0027154151;0.059770752;0.33693281
-0.0027154151;0.061747037;0.33693281
-0.0046916995;0.061747037;0.34483793
-0.0046916995;0.061747037;0.33693281
-0.0046916995;0.061747037;0.33693281
-0.0066679842;0.061747037;0.33693281
-0.0066679842;0.061747037;0.33693281
-0.0086442688;0.061747037;0.33693281
-0.0086442688;0.061747037;0.33693281
-0.0086442688;0.061747037;0.33693281
-0.010620553;0.061747037;0.33693281
-0.010620553;0.061747037;0.34483793
-0.010620553;0.059770752;0.33693281
-0.012596838;0.059770752;0.33693281
-0.012596838;0.061747037;0.33693281
-0.014573122;0.059770752;0.33693281
-0.012596838;0.059770752;0.33693281
-0.014573122;0.059770752;0.33693281
-0.014573122;0.061747037;0.33693281
-0.016549407;0.059770752;0.34483793
-0.014573122;0.059770752;0.33693281
-0.016549407;0.059770752;0.34483793
-0.016549407;0.059770752;0.33693281
-0.018525692;0.059770752;0.33693281
-0.018525692;0.059770752;0.33693281
-0.020501977;0.059770752;0.33693281
-0.020501977;0.059770752;0.33693281
-0.020501977;0.059770752;0.33693281
-0.020501977;0.059770752;0.33693281
-0.02247826;0.059770752;0.33693281
-0.02247826;0.059770752;0.33693281
-0.02247826;0.059770752;0.34483793
-0.02247826;0.059770752;0.33693281
-0.02247826;0.059770752;0.33693281
-0.024454545;0.059770752;0.33693281
-0.02247826;0.059770752;0.33693281
-0.024454545;0.057794467;0.34483793
-0.02643083;0.059770752;0.33693281
-0.02643083;0.057794467;0.33693281
-0.02643083;0.057794467;0.33693281
-0.02643083;0.057794467;0.33693281
-0.02643083;0.057794467;0.33693281
-0.028407115;0.059770752;0.33693281
-0.028407115;0.057794467;0.33693281
-0.028407115;0.057794467;0.33693281
-0.028407115;0.057794467;0.33693281
-0.028407115;0.057794467;0.34483793
-0.028407115;0.057794467;0.34483793
-0.030383399;0.057794467;0.33693281
-0.030383399;0.057794467;0.33693281
-0.030383399;0.057794467;0.33693281
-0.032359682;0.057794467;0.33693281
-0.032359682;0.057794467;0.33693281
-0.032359682;0.059770752;0.34483793
-0.030383399;0.057794467;0.33693281
-0.030383399;0.057794467;0.34483793
-0.032359682;0.057794467;0.34483793
-0.032359682;0.057794467;0.33693281
-0.032359682;0.057794467;0.33693281
-0.032359682;0.055818181;0.33693281
-0.034335967;0.057794467;0.33693281
-0.032359682;0.059770752;0.34483793
-0.032359682;0.057794467;0.34483793
-0.032359682;0.055818181;0.33693281
-0.032359682;0.057794467;0.33693281
-0.032359682;0.057794467;0.33693281
-0.032359682;0.055818181;0.33693281
-0.032359682;0.057794467;0.33693281
-0.032359682;0.055818181;0.33693281
-0.032359682;0.055818181;0.33693281
-0.034335967;0.055818181;0.33693281
-0.032359682;0.057794467;0.33693281
-0.032359682;0.055818181;0.34483793
-0.032359682;0.055818181;0.34483793
-0.032359682;0.055818181;0.34483793
-0.032359682;0.055818181;0.33693281
-0.032359682;0.055818181;0.33693281
-0.032359682;0.057794467;0.33693281
-0.032359682;0.055818181;0.33693281
-0.032359682;0.055818181;0.34483793
-0.032359682;0.055818181;0.34483793
-0.032359682;0.055818181;0.33693281
-0.030383399;0.055818181;0.33693281
-0.030383399;0.055818181;0.33693281
-0.032359682;0.053841896;0.33693281
-0.030383399;0.053841896;0.33693281
-0.030383399;0.053841896;0.33693281
-0.032359682;0.055818181;0.33693281
-0.030383399;0.053841896;0.33693281
-0.032359682;0.055818181;0.33693281
-0.030383399;0.053841896;0.33693281
-0.030383399;0.055818181;0.33693281
-0.030383399;0.053841896;0.33693281
-0.030383399;0.055818181;0.33693281
-0.030383399;0.053841896;0.33693281
-0.030383399;0.053841896;0.33693281
-0.028407115;0.053841896;0.34483793
-0.028407115;0.051865611;0.34483793
-0.028407115;0.051865611;0.33693281
-0.028407115;0.053841896;0.33693281
-0.02643083;0.051865611;0.33693281
-0.02643083;0.053841896;0.33693281
-0.02643083;0.053841896;0.34483793
-0.024454545;0.053841896;0.33693281
-0.024454545;0.053841896;0.33693281
-0.02247826;0.053841896;0.33693281
-0.024454545;0.051865611;0.33693281
-0.024454545;0.053841896;0.33693281
-0.024454545;0.051865611;0.33693281
-0.02247826;0.053841896;0.33693281
-0.02247826;0.051865611;0.33693281
-0.02247826;0.051865611;0.34483793
-0.020501977;0.051865611;0.34483793
-0.020501977;0.051865611;0.34483793
-0.020501977;0.053841896;0.33693281
-0.018525692;0.051865611;0.33693281
-0.020501977;0.051865611;0.33693281
-0.018525692;0.051865611;0.33693281
-0.018525692;0.04988933;0.34483793
-0.016549407;0.051865611;0.33693281
-0.016549407;0.053841896;0.33693281
-0.014573122;0.051865611;0.33693281
-0.014573122;0.051865611;0.33693281
-0.012596838;0.04988933;0.34483793
-0.014573122;0.051865611;0.33693281
-0.012596838;0.04988933;0.33693281
-0.012596838;0.051865611;0.34483793
-0.012596838;0.051865611;0.33693281
-0.010620553;0.051865611;0.33693281
-0.012596838;0.04988933;0.33693281
-0.012596838;0.04988933;0.33693281
-0.010620553;0.04988933;0.33693281
-0.0086442688;0.04988933;0.34483793
-0.0086442688;0.04988933;0.33693281
-0.0066679842;0.047913045;0.33693281
-0.0066679842;0.04988933;0.33693281
-0.0066679842;0.04988933;0.33693281
-0.0046916995;0.04988933;0.33693281
-0.0046916995;0.04988933;0.33693281
-0.0027154151;0.04988933;0.33693281
-0.0027154151;0.04988933;0.33693281
-0.0027154151;0.04988933;0.33693281
-0.00073913042;0.04988933;0.33693281
-0.00073913042;0.04988933;0.33693281
-0.00073913042;0.047913045;0.33693281
-0.00073913042;0.047913045;0.34483793
-0.00073913042;0.04988933;0.33693281
0.0012371541;0.04988933;0.33693281
0.0012371541;0.04988933;0.34483793
0.0051897233;0.04988933;0.34483793
0.0051897233;0.04988933;0.34483793
0.0051897233;0.04988933;0.33693281
0.007166008;0.047913045;0.33693281
0.007166008;0.047913045;0.33693281
0.007166008;0.047913045;0.33693281
0.007166008;0.047913045;0.33693281
0.0091422927;0.047913045;0.34483793
0.011118577;0.047913045;0.34483793
0.011118577;0.047913045;0.34483793
0.011118577;0.047913045;0.33693281
0.013094862;0.047913045;0.33693281
0.013094862;0.047913045;0.34483793
0.013094862;0.047913045;0.33693281
0.015071146;0.047913045;0.33693281
0.017047431;0.047913045;0.33693281
0.015071146;0.047913045;0.33693281
0.017047431;0.04593676;0.33693281
0.019023715;0.047913045;0.33693281
0.019023715;0.047913045;0.33693281
0.019023715;0.047913045;0.33693281
0.021;0.047913045;0.34483793
0.021;0.047913045;0.33693281
0.02495257;0.047913045;0.33693281
0.022976285;0.04593676;0.33693281
0.022976285;0.047913045;0.33693281
0.02495257;0.04593676;0.34483793
0.026928853;0.04593676;0.33693281
0.028905138;0.047913045;0.33693281
0.028905138;0.04593676;0.33693281
0.028905138;0.04593676;0.32902768
0.030881424;0.04593676;0.33693281
0.030881424;0.04593676;0.33693281
0.032857709;0.04593676;0.33693281
0.032857709;0.04593676;0.33693281
0.032857709;0.04593676;0.33693281
0.032857709;0.04593676;0.33693281
0.036810275;0.043960474;0.33693281
0.034833994;0.04593676;0.34483793
0.036810275;0.04593676;0.33693281
0.03878656;0.047913045;0.33693281
0.03878656;0.04593676;0.34483793
0.03878656;0.04593676;0.33693281
0.040762845;0.043960474;0.33693281
0.040762845;0.043960474;0.33693281
0.040762845;0.043960474;0.33693281
0.042739131;0.043960474;0.33693281
0.042739131;0.043960474;0.34483793
0.042739131;0.043960474;0.34483793
0.044715416;0.043960474;0.33693281
0.044715416;0.04593676;0.34483793
0.046691701;0.043960474;0.33693281
0.048667986;0.043960474;0.34483793
0.046691701;0.04593676;0.33693281
0.046691701;0.043960474;0.34483793
0.050644267;0.043960474;0.34483793
0.050644267;0.043960474;0.33693281
0.052620552;0.041984189;0.33693281
0.050644267;0.041984189;0.33693281
0.052620552;0.041984189;0.33693281
0.052620552;0.043960474;0.33693281
0.054596838;0.043960474;0.33693281
0.052620552;0.041984189;0.33693281
0.054596838;0.043960474;0.33693281
0.054596838;0.041984189;0.33693281
0.056573123;0.041984189;0.33693281
0.056573123;0.041984189;0.33693281
0.058549408;0.041984189;0.33693281
0.058549408;0.041984189;0.34483793
0.058549408;0.041984189;0.33693281
0.060525693;0.040007904;0.33693281
0.058549408;0.041984189;0.33693281
0.062501974;0.041984189;0.33693281
0.060525693;0.041984189;0.33693281
0.062501974;0.041984189;0.34483793
0.060525693;0.041984189;0.34483793
0.062501974;0.041984189;0.34483793
0.062501974;0.041984189;0.33693281
0.064478263;0.041984189;0.34483793
0.064478263;0.041984189;0.34483793
0.066454545;0.041984189;0.33693281
0.064478263;0.040007904;0.33693281
0.066454545;0.040007904;0.33693281
0.068430834;0.041984189;0.34483793
0.066454545;0.040007904;0.33693281
0.068430834;0.041984189;0.34483793
0.068430834;0.040007904;0.33693281
0.070407115;0.041984189;0.34483793
0.070407115;0.040007904;0.33693281
0.070407115;0.040007904;0.33693281
0.070407115;0.040007904;0.33693281
0.070407115;0.040007904;0.34483793
0.072383396;0.040007904;0.33693281
0.072383396;0.041984189;0.33693281
0.072383396;0.041984189;0.34483793
0.072383396;0.038031619;0.33693281
0.074359685;0.038031619;0.33693281
0.074359685;0.040007904;0.33693281
0.074359685;0.040007904;0.33693281
0.074359685;0.038031619;0.34483793
0.076335967;0.040007904;0.34483793
0.076335967;0.038031619;0.33693281
0.074359685;0.040007904;0.33693281
0.076335967;0.038031619;0.33693281
0.076335967;0.040007904;0.33693281
0.076335967;0.038031619;0.34483793
0.076335967;0.040007904;0.33693281
0.076335967;0.038031619;0.33693281
0.078312255;0.036055338;0.33693281
0.078312255;0.038031619;0.33693281
0.078312255;0.038031619;0.34483793
0.078312255;0.038031619;0.33693281
0.078312255;0.036055338;0.33693281
0.078312255;0.038031619;0.33693281
0.078312255;0.038031619;0.33693281
0.080288537;0.038031619;0.33693281
0.080288537;0.038031619;0.34483793
0.078312255;0.038031619;0.33693281
0.078312255;0.038031619;0.34483793
0.078312255;0.038031619;0.33693281
0.078312255;0.038031619;0.33693281
0.078312255;0.036055338;0.33693281
0.080288537;0.036055338;0.34483793
0.078312255;0.036055338;0.34483793
0.078312255;0.036055338;0.33693281
0.078312255;0.036055338;0.33693281
0.078312255;0.036055338;0.33693281
0.076335967;0.036055338;0.33693281
0.078312255;0.036055338;0.33693281
0.078312255;0.036055338;0.33693281
0.078312255;0.036055338;0.33693281
0.078312255;0.036055338;0.33693281
0.078312255;0.036055338;0.33693281
0.078312255;0.036055338;0.33693281
0.076335967;0.036055338;0.33693281
0.076335967;0.034079053;0.33693281
0.076335967;0.036055338;0.33693281
0.076335967;0.036055338;0.33693281
0.078312255;0.034079053;0.33693281
0.076335967;0.036055338;0.33693281
0.076335967;0.036055338;0.33693281
0.076335967;0.034079053;0.33693281
0.074359685;0.034079053;0.33693281
0.074359685;0.034079053;0.33693281
0.074359685;0.034079053;0.33693281
0.074359685;0.036055338;0.33693281
0.076335967;0.034079053;0.33693281
0.074359685;0.034079053;0.33693281
0.074359685;0.034079053;0.33693281
0.074359685;0.034079053;0.33693281
0.072383396;0.034079053;0.34483793
0.072383396;0.032102767;0.33693281
0.072383396;0.034079053;0.33693281
0.070407115;0.032102767;0.33693281
0.072383396;0.034079053;0.33693281
0.070407115;0.034079053;0.33693281
0.068430834;0.032102767;0.33693281
0.070407115;0.032102767;0.33693281
0.068430834;0.032102767;0.34483793
0.070407115;0.032102767;0.34483793
0.068430834;0.032102767;0.33693281
0.068430834;0.034079053;0.33693281
0.066454545;0.032102767;0.33693281
0.066454545;0.032102767;0.34483793
0.066454545;0.032102767;0.34483793
0.066454545;0.032102767;0.34483793
0.066454545;0.032102767;0.33693281
0.066454545;0.032102767;0.33693281
0.062501974;0.032102767;0.33693281
0.062501974;0.032102767;0.34483793
0.062501974;0.032102767;0.33693281
0.062501974;0.032102767;0.33693281
0.060525693;0.032102767;0.33693281
0.060525693;0.030126482;0.33693281
0.060525693;0.032102767;0.33693281
0.060525693;0.030126482;0.33693281
0.060525693;0.030126482;0.34483793
0.056573123;0.030126482;0.33693281
0.058549408;0.030126482;0.34483793
0.058549408;0.030126482;0.33693281
0.056573123;0.030126482;0.33693281
0.056573123;0.030126482;0.33693281
0.054596838;0.030126482;0.34483793
0.054596838;0.030126482;0.33693281
0.054596838;0.030126482;0.33693281
0.054596838;0.030126482;0.33693281
0.052620552;0.028150197;0.33693281
0.052620552;0.030126482;0.33693281
0.052620552;0.030126482;0.33693281
0.048667986;0.030126482;0.33693281
0.048667986;0.028150197;0.33693281
0.048667986;0.030126482;0.33693281
0.046691701;0.028150197;0.32902768
0.046691701;0.028150197;0.34483793
0.046691701;0.028150197;0.33693281
0.046691701;0.028150197;0.34483793
0.046691701;0.028150197;0.33693281
0.042739131;0.028150197;0.33693281
0.044715416;0.026173914;0.33693281
0.042739131;0.028150197;0.33693281
0.042739131;0.028150197;0.33693281
0.042739131;0.026173914;0.33693281
0.040762845;0.026173914;0.32902768
0.03878656;0.028150197;0.33693281
0.03878656;0.026173914;0.33693281
0.03878656;0.026173914;0.34483793
0.036810275;0.026173914;0.34483793
0.036810275;0.026173914;0.33693281
0.034833994;0.028150197;0.33693281
0.034833994;0.028150197;0.34483793
0.034833994;0.026173914;0.33693281
0.032857709;0.026173914;0.33693281
0.032857709;0.026173914;0.33693281
0.030881424;0.026173914;0.33693281
0.030881424;0.026173914;0.33693281
0.028905138;0.026173914;0.34483793
0.028905138;0.026173914;0.34483793
0.02495257;0.028150197;0.33693281
0.026928853;0.026173914;0.33693281
0.026928853;0.024197629;0.34483793
0.02495257;0.026173914;0.33693281
0.022976285;0.024197629;0.33693281
0.022976285;0.024197629;0.33693281
0.022976285;0.026173914;0.33693281
0.021;0.024197629;0.33693281
0.021;0.024197629;0.33693281
0.019023715;0.024197629;0.32902768
0.019023715;0.024197629;0.33693281
0.017047431;0.024197629;0.33693281
0.017047431;0.024197629;0.33693281
0.017047431;0.022221344;0.33693281
0.017047431;0.024197629;0.33693281
0.015071146;0.024197629;0.34483793
0.015071146;0.022221344;0.34483793
0.013094862;0.024197629;0.33693281
0.013094862;0.022221344;0.33693281
0.011118577;0.022221344;0.33693281
0.011118577;0.022221344;0.33693281
0.011118577;0.022221344;0.33693281
0.0091422927;0.022221344;0.34483793
0.0091422927;0.024197629;0.33693281
0.007166008;0.022221344;0.34483793
0.007166008;0.022221344;0.34483793
0.0051897233;0.022221344;0.33693281
0.0051897233;0.022221344;0.33693281
0.0051897233;0.022221344;0.33693281
0.0032134387;0.022221344;0.33693281
0.0012371541;0.022221344;0.34483793
-0.00073913042;0.022221344;0.32902768
0.0012371541;0.022221344;0.33693281
-0.00073913042;0.020245058;0.33693281
0.0012371541;0.022221344;0.33693281
-0.0027154151;0.022221344;0.33693281
-0.0027154151;0.020245058;0.33693281
-0.0046916995;0.022221344;0.33693281
-0.0066679842;0.020245058;0.33693281
-0.0046916995;0.020245058;0.34483793
-0.0046916995;0.020245058;0.33693281
-0.0066679842;0.020245058;0.33693281
-0.0086442688;0.020245058;0.33693281
-0.0066679842;0.020245058;0.33693281
-0.0086442688;0.020245058;0.34483793
-0.0086442688;0.020245058;0.34483793
-0.010620553;0.020245058;0.33693281
-0.010620553;0.020245058;0.33693281
-0.010620553;0.020245058;0.33693281
-0.010620553;0.018268775;0.34483793
-0.012596838;0.020245058;0.34483793
-0.012596838;0.020245058;0.33693281
-0.014573122;0.020245058;0.33693281
-0.014573122;0.018268775;0.34483793
-0.014573122;0.020245058;0.34483793
-0.016549407;0.020245058;0.33693281
-0.016549407;0.018268775;0.33693281
-0.016549407;0.018268775;0.33693281
-0.016549407;0.018268775;0.33693281
-0.018525692;0.018268775;0.33693281
-0.018525692;0.018268775;0.33693281
-0.018525692;0.018268775;0.33693281
-0.018525692;0.018268775;0.34483793
-0.02247826;0.018268775;0.34483793
-0.02247826;0.018268775;0.33693281
-0.02247826;0.01629249;0.34483793
-0.020501977;0.018268775;0.33693281
-0.02247826;0.01629249;0.33693281
-0.024454545;0.01629249;0.33693281
-0.02247826;0.018268775;0.33693281
-0.02247826;0.01629249;0.34483793
-0.024454545;0.01629249;0.34483793
-0.024454545;0.01629249;0.34483793
-0.024454545;0.01629249;0.33693281
-0.028407115;0.01629249;0.33693281
-0.02643083;0.01629249;0.34483793
-0.02643083;0.01629249;0.33693281
-0.02643083;0.01629249;0.33693281
-0.02643083;0.014316206;0.34483793
-0.02643083;0.01629249;0.33693281
-0.028407115;0.014316206;0.33693281
-0.028407115;0.01629249;0.33693281
-0.028407115;0.01629249;0.33693281
-0.030383399;0.01629249;0.33693281
-0.030383399;0.014316206;0.33693281
-0.030383399;0.014316206;0.33693281
-0.032359682;0.01629249;0.33693281
-0.032359682;0.01629249;0.33693281
-0.032359682;0.014316206;0.33693281
-0.032359682;0.014316206;0.34483793
-0.030383399;0.014316206;0.33693281
-0.032359682;0.014316206;0.34483793
-0.032359682;0.014316206;0.34483793
-0.032359682;0.012339921;0.33693281
-0.032359682;0.012339921;0.33693281
-0.032359682;0.012339921;0.32902768
-0.032359682;0.014316206;0.33693281
-0.034335967;0.014316206;0.33693281
-0.034335967;0.014316206;0.33693281
-0.034335967;0.014316206;0.34483793
-0.032359682;0.012339921;0.33693281
-0.032359682;0.012339921;0.33693281
-0.032359682;0.014316206;0.33693281
-0.032359682;0.012339921;0.33693281
-0.034335967;0.012339921;0.33693281
-0.034335967;0.012339921;0.34483793
-0.034335967;0.012339921;0.33693281
-0.034335967;0.010363637;0.34483793
-0.032359682;0.012339921;0.33693281
-0.034335967;0.012339921;0.33693281
-0.034335967;0.012339921;0.34483793
-0.032359682;0.012339921;0.33693281
-0.032359682;0.012339921;0.33693281
-0.032359682;0.012339921;0.33693281
-0.032359682;0.012339921;0.33693281
-0.032359682;0.012339921;0.33693281
-0.032359682;0.012339921;0.33693281
-0.032359682;0.012339921;0.33693281
-0.032359682;0.012339921;0.33693281
-0.030383399;0.012339921;0.33693281
-0.032359682;0.010363637;0.33693281
-0.032359682;0.010363637;0.33693281
-0.030383399;0.012339921;0.33693281
-0.032359682;0.010363637;0.33693281
-0.030383399;0.010363637;0.33693281
-0.030383399;0.010363637;0.33693281
-0.030383399;0.010363637;0.34483793
-0.030383399;0.010363637;0.33693281
-0.030383399;0.0083873514;0.34483793
-0.030383399;0.010363637;0.34483793
-0.028407115;0.0083873514;0.33693281
-0.028407115;0.010363637;0.33693281
-0.028407115;0.010363637;0.34483793
-0.030383399;0.010363637;0.34483793
-0.028407115;0.010363637;0.33693281
-0.02643083;0.0083873514;0.33693281
-0.02643083;0.0083873514;0.34483793
-0.02643083;0.0083873514;0.33693281
-0.02643083;0.0064110672;0.33693281
-0.02643083;0.010363637;0.33693281
-0.024454545;0.0083873514;0.33693281
-0.024454545;0.0083873514;0.33693281
-0.024454545;0.0083873514;0.33693281
-0.024454545;0.0083873514;0.34483793
-0.02247826;0.0083873514;0.33693281
-0.02247826;0.0083873514;0.33693281
-0.02247826;0.0083873514;0.34483793
-0.02247826;0.0083873514;0.33693281
-0.020501977;0.0083873514;0.34483793
-0.020501977;0.0083873514;0.33693281
-0.018525692;0.0064110672;0.33693281
-0.018525692;0.0064110672;0.33693281
-0.018525692;0.0064110672;0.33693281
-0.018525692;0.0064110672;0.34483793
-0.016549407;0.0064110672;0.33693281
-0.018525692;0.0064110672;0.33693281
-0.016549407;0.0064110672;0.34483793
-0.014573122;0.0064110672;0.34483793
-0.014573122;0.0064110672;0.33693281
-0.014573122;0.0064110672;0.33693281
-0.014573122;0.0064110672;0.33693281
-0.012596838;0.0064110672;0.33693281
-0.012596838;0.0064110672;0.34483793
-0.010620553;0.0044347825;0.33693281
-0.012596838;0.0064110672;0.33693281
-0.010620553;0.0044347825;0.33693281
-0.010620553;0.0044347825;0.33693281
-0.010620553;0.0044347825;0.32902768
-0.0086442688;0.0044347825;0.33693281
-0.0086442688;0.0044347825;0.33693281
-0.0066679842;0.0044347825;0.33693281
-0.0066679842;0.0044347825;0.33693281
-0.0046916995;0.0044347825;0.33693281
-0.0046916995;0.0044347825;0.34483793
-0.0046916995;0.0044347825;0.33693281
-0.0046916995;0.0044347825;0.33693281
-0.0027154151;0.0044347825;0.34483793
-0.0027154151;0.0044347825;0.33693281
-0.0027154151;0.0044347825;0.33693281
-0.00073913042;0.0044347825;0.34483793
-0.00073913042;0.0044347825;0.33693281
-0.00073913042;0.0044347825;0.33693281
0.0012371541;0.0044347825;0.33693281
0.0012371541;0.0044347825;0.33693281
0.0032134387;0.0044347825;0.33693281
0.0051897233;0.0024584981;0.34483793
0.0051897233;0.0024584981;0.33693281
0.0051897233;0.0044347825;0.33693281
0.007166008;0.0024584981;0.33693281
0.0091422927;0.0024584981;0.33693281
0.007166008;0.0024584981;0.33693281
0.0091422927;0.0024584981;0.33693281
0.011118577;0.0024584981;0.34483793
0.011118577;0.0024584981;0.34483793
0.013094862;0.0024584981;0.33693281
0.011118577;0.0024584981;0.33693281
0.013094862;0.0024584981;0.33693281
0.015071146;0.00048221345;0.33693281
0.015071146;0.0024584981;0.33693281
0.015071146;0.00048221345;0.34483793
0.015071146;0.00048221345;0.34483793
0.019023715;0.00048221345;0.33693281
0.019023715;0.00048221345;0.33693281
0.019023715;0.00048221345;0.34483793
0.021;0.00048221345;0.33693281
0.021;0.00048221345;0.33693281
0.021;0.0024584981;0.33693281
0.022976285;0.00048221345;0.33693281
0.02495257;0.00048221345;0.33693281
0.022976285;0.00048221345;0.33693281
0.02495257;0.00048221345;0.33693281
0.02495257;0.00048221345;0.33693281
0.026928853;0.00048221345;0.33693281
0.026928853;0.00048221345;0.33693281
0.026928853;0.00048221345;0.33693281
0.028905138;0.00048221345;0.33693281
0.028905138;0.0024584981;0.33693281
0.030881424;0.00048221345;0.33693281
0.032857709;-0.0014940711;0.33693281
0.032857709;-0.0014940711;0.33693281
0.032857709;-0.0014940711;0.33693281
0.032857709;0.00048221345;0.34483793
0.034833994;0.00048221345;0.33693281
0.034833994;0.00048221345;0.33693281
0.036810275;0.00048221345;0.34483793
0.03878656;-0.0014940711;0.34483793
0.03878656;-0.0014940711;0.33693281
0.03878656;-0.0014940711;0.33693281
0.040762845;-0.0014940711;0.33693281
0.040762845;0.00048221345;0.33693281
0.040762845;-0.0014940711;0.33693281
0.042739131;-0.0014940711;0.33693281
0.042739131;-0.0014940711;0.34483793
0.044715416;-0.0014940711;0.34483793
0.042739131;0.00048221345;0.33693281
0.046691701;-0.0034703556;0.32902768
0.046691701;-0.0014940711;0.33693281
0.048667986;-0.0014940711;0.33693281
0.046691701;-0.0034703556;0.34483793
0.048667986;-0.0014940711;0.33693281
0.048667986;-0.0034703556;0.33693281
0.050644267;-0.0034703556;0.34483793
0.052620552;-0.0034703556;0.34483793
0.050644267;-0.0034703556;0.33693281
0.052620552;-0.0014940711;0.34483793
0.054596838;-0.0034703556;0.34483793
0.054596838;-0.0034703556;0.33693281
0.054596838;-0.0034703556;0.34483793
0.054596838;-0.0034703556;0.34483793
0.056573123;-0.0034703556;0.33693281
0.056573123;-0.0034703556;0.34483793
0.056573123;-0.0034703556;0.33693281
0.058549408;-0.0054466403;0.33693281
0.058549408;-0.0034703556;0.33693281
0.058549408;-0.0054466403;0.33693281
0.058549408;-0.0054466403;0.33693281
0.060525693;-0.0034703556;0.33693281
0.062501974;-0.0054466403;0.34483793
0.060525693;-0.0034703556;0.33693281
0.062501974;-0.0054466403;0.34483793
0.062501974;-0.0034703556;0.33693281
0.064478263;-0.0054466403;0.33693281
0.064478263;-0.0054466403;0.34483793
0.064478263;-0.0034703556;0.34483793
0.064478263;-0.0034703556;0.33693281
0.064478263;-0.0054466403;0.33693281
0.066454545;-0.0054466403;0.33693281
0.066454545;-0.0054466403;0.33693281
0.066454545;-0.0054466403;0.33693281
0.068430834;-0.0054466403;0.33693281
0.068430834;-0.0054466403;0.33693281
0.068430834;-0.0054466403;0.33693281
0.068430834;-0.0054466403;0.34483793
0.068430834;-0.0054466403;0.33693281
0.070407115;-0.0054466403;0.33693281
0.070407115;-0.0054466403;0.33693281
0.070407115;-0.0054466403;0.33693281
0.074359685;-0.0054466403;0.34483793
0.072383396;-0.0054466403;0.33693281
0.072383396;-0.0054466403;0.34483793
0.072383396;-0.0054466403;0.34483793
0.074359685;-0.007422925;0.34483793
0.074359685;-0.007422925;0.34483793
0.074359685;-0.007422925;0.33693281
0.074359685;-0.0054466403;0.33693281
0.074359685;-0.007422925;0.33693281
0.074359685;-0.0054466403;0.33693281
0.074359685;-0.0054466403;0.33693281
0.076335967;-0.007422925;0.33693281
0.076335967;-0.007422925;0.33693281
0.074359685;-0.007422925;0.34483793
0.076335967;-0.007422925;0.33693281
0.076335967;-0.007422925;0.33693281
0.076335967;-0.007422925;0.33693281
0.078312255;-0.007422925;0.33693281
0.078312255;-0.007422925;0.33693281
0.076335967;-0.0093992092;0.33693281
0.078312255;-0.007422925;0.33693281
0.078312255;-0.0093992092;0.33693281
0.078312255;-0.007422925;0.33693281
0.078312255;-0.007422925;0.33693281
0.078312255;-0.007422925;0.34483793
0.078312255;-0.007422925;0.33693281
0.078312255;-0.0093992092;0.33693281
0.080288537;-0.0093992092;0.33693281
0.078312255;-0.0093992092;0.33693281
0.080288537;-0.0093992092;0.34483793
0.078312255;-0.0093992092;0.34483793
0.078312255;-0.0093992092;0.33693281
0.078312255;-0.0093992092;0.33693281
0.078312255;-0.0093992092;0.34483793
0.076335967;-0.0093992092;0.33693281
0.078312255;-0.0093992092;0.34483793
0.078312255;-0.0093992092;0.33693281
0.076335967;-0.0093992092;0.33693281
0.078312255;-0.0093992092;0.33693281
0.078312255;-0.0093992092;0.33693281
0.076335967;-0.0093992092;0.33693281
0.078312255;-0.0093992092;0.33693281
0.076335967;-0.0093992092;0.33693281
0.076335967;-0.0093992092;0.33693281
0.078312255;-0.0093992092;0.33693281
0.078312255;-0.0093992092;0.33693281
0.074359685;-0.011375494;0.33693281
0.076335967;-0.011375494;0.33693281
0.076335967;-0.011375494;0.33693281
0.076335967;-0.011375494;0.33693281
0.074359685;-0.0093992092;0.33693281
0.074359685;-0.0093992092;0.34483793
0.074359685;-0.011375494;0.34483793
0.074359685;-0.0093992092;0.33693281
0.074359685;-0.011375494;0.33693281
0.074359685;-0.011375494;0.33693281
0.072383396;-0.011375494;0.34483793
0.074359685;-0.011375494;0.33693281
0.072383396;-0.0093992092;0.33693281
0.072383396;-0.011375494;0.33693281
0.072383396;-0.011375494;0.33693281
0.072383396;-0.011375494;0.33693281
0.070407115;-0.011375494;0.33693281
0.070407115;-0.011375494;0.34483793
0.070407115;-0.011375494;0.33693281
0.070407115;-0.011375494;0.33693281
0.068430834;-0.011375494;0.33693281
0.068430834;-0.011375494;0.33693281
0.068430834;-0.011375494;0.33693281
0.068430834;-0.011375494;0.33693281
0.066454545;-0.011375494;0.34483793
0.066454545;-0.011375494;0.33693281
0.066454545;-0.011375494;0.33693281
0.066454545;-0.011375494;0.34483793
0.064478263;-0.011375494;0.33693281
0.064478263;-0.011375494;0.33693281
0.062501974;-0.011375494;0.34483793
0.062501974;-0.013351778;0.33693281
0.062501974;-0.013351778;0.33693281
0.060525693;-0.011375494;0.33693281
0.060525693;-0.013351778;0.33693281
0.060525693;-0.013351778;0.33693281
0.058549408;-0.013351778;0.33693281
0.060525693;-0.013351778;0.33693281
0.058549408;-0.013351778;0.34483793
0.056573123;-0.013351778;0.34483793
0.058549408;-0.013351778;0.33693281
0.056573123;-0.013351778;0.34483793
0.056573123;-0.013351778;0.33693281
0.056573123;-0.013351778;0.33693281
0.052620552;-0.013351778;0.33693281
0.054596838;-0.013351778;0.34483793
0.054596838;-0.013351778;0.33693281
0.050644267;-0.013351778;0.33693281
0.052620552;-0.013351778;0.33693281
0.052620552;-0.013351778;0.34483793
0.048667986;-0.013351778;0.33693281
0.048667986;-0.015328064;0.33693281
0.046691701;-0.013351778;0.32902768
0.048667986;-0.013351778;0.34483793
0.046691701;-0.015328064;0.33693281
0.046691701;-0.013351778;0.33693281
0.044715416;-0.015328064;0.34483793
0.042739131;-0.015328064;0.34483793
0.044715416;-0.013351778;0.33693281
0.042739131;-0.015328064;0.33693281
0.040762845;-0.015328064;0.33693281
0.040762845;-0.015328064;0.33693281
0.040762845;-0.013351778;0.33693281
0.03878656;-0.015328064;0.34483793
0.03878656;-0.015328064;0.34483793
0.03878656;-0.015328064;0.33693281
0.036810275;-0.015328064;0.34483793
0.036810275;-0.015328064;0.34483793
0.036810275;-0.015328064;0.33693281
0.036810275;-0.015328064;0.33693281
0.034833994;-0.017304348;0.33693281
0.034833994;-0.015328064;0.33693281
0.032857709;-0.015328064;0.33693281
0.032857709;-0.015328064;0.33693281
0.030881424;-0.015328064;0.33693281
0.030881424;-0.017304348;0.34483793
0.028905138;-0.015328064;0.33693281
0.028905138;-0.015328064;0.33693281
0.026928853;-0.015328064;0.33693281
0.02495257;-0.015328064;0.33693281
0.02495257;-0.015328064;0.33693281
0.02495257;-0.015328064;0.34483793
0.02495257;-0.015328064;0.33693281
0.022976285;-0.017304348;0.33693281
0.021;-0.017304348;0.34483793
0.021;-0.015328064;0.34483793
0.021;-0.015328064;0.34483793
0.021;-0.017304348;0.33693281
0.017047431;-0.017304348;0.33693281
0.019023715;-0.017304348;0.34483793
0.017047431;-0.017304348;0.33693281
0.017047431;-0.017304348;0.34483793
0.015071146;-0.017304348;0.34483793
0.015071146;-0.017304348;0.33693281
0.015071146;-0.019280633;0.33693281
0.013094862;-0.017304348;0.34483793
0.011118577;-0.017304348;0.33693281
0.011118577;-0.017304348;0.33693281
0.0091422927;-0.017304348;0.33693281
0.011118577;-0.019280633;0.33693281
0.0091422927;-0.017304348;0.33693281
0.0091422927;-0.017304348;0.33693281
0.007166008;-0.017304348;0.34483793
0.0051897233;-0.019280633;0.33693281
0.007166008;-0.017304348;0.34483793
0.0051897233;-0.019280633;0.33693281
0.0032134387;-0.017304348;0.33693281
0.0032134387;-0.017304348;0.33693281
0.0012371541;-0.019280633;0.33693281
0.0012371541;-0.019280633;0.33693281
-0.00073913042;-0.017304348;0.33693281
-0.00073913042;-0.019280633;0.33693281
-0.0027154151;-0.019280633;0.33693281
-0.00073913042;-0.019280633;0.33693281
-0.0027154151;-0.017304348;0.33693281
-0.0027154151;-0.017304348;0.33693281
-0.0046916995;-0.019280633;0.34483793
-0.0066679842;-0.017304348;0.33693281
-0.0046916995;-0.019280633;0.33693281
-0.0066679842;-0.021256916;0.34483793
-0.0066679842;-0.019280633;0.33693281
-0.0086442688;-0.019280633;0.33693281
-0.0086442688;-0.019280633;0.34483793
-0.0086442688;-0.019280633;0.33693281
-0.010620553;-0.019280633;0.34483793
-0.010620553;-0.019280633;0.33693281
-0.010620553;-0.019280633;0.33693281
-0.012596838;-0.019280633;0.33693281
-0.012596838;-0.019280633;0.34483793
-0.014573122;-0.021256916;0.33693281
-0.012596838;-0.019280633;0.33693281
-0.014573122;-0.019280633;0.33693281
-0.014573122;-0.021256916;0.33693281
-0.016549407;-0.019280633;0.34483793
-0.016549407;-0.019280633;0.33693281
-0.016549407;-0.019280633;0.33693281
-0.018525692;-0.019280633;0.33693281
-0.018525692;-0.019280633;0.33693281
-0.018525692;-0.019280633;0.33693281
-0.020501977;-0.019280633;0.33693281
-0.020501977;-0.021256916;0.33693281
-0.020501977;-0.021256916;0.33693281
-0.02247826;-0.019280633;0.33693281
-0.02247826;-0.019280633;0.33693281
-0.02247826;-0.019280633;0.33693281
-0.02247826;-0.021256916;0.33693281
-0.02247826;-0.021256916;0.33693281
-0.024454545;-0.021256916;0.33693281
-0.02643083;-0.021256916;0.33693281
-0.024454545;-0.021256916;0.33693281
-0.024454545;-0.021256916;0.33693281
-0.02643083;-0.021256916;0.34483793
-0.024454545;-0.021256916;0.34483793
-0.02643083;-0.021256916;0.33693281
-0.02643083;-0.021256916;0.33693281
-0.02643083;-0.021256916;0.32902768
-0.02643083;-0.021256916;0.33693281
-0.028407115;-0.021256916;0.33693281
-0.030383399;-0.021256916;0.33693281
-0.028407115;-0.021256916;0.33693281
-0.028407115;-0.021256916;0.33693281
-0.030383399;-0.021256916;0.34483793
-0.030383399;-0.019280633;0.33693281
-0.030383399;-0.021256916;0.33693281
-0.030383399;-0.021256916;0.34483793
-0.032359682;-0.021256916;0.33693281
-0.030383399;-0.021256916;0.34483793
-0.032359682;-0.021256916;0.33693281
-0.032359682;-0.021256916;0.33693281
-0.032359682;-0.021256916;0.33693281
-0.032359682;-0.021256916;0.33693281
-0.032359682;-0.021256916;0.33693281
-0.032359682;-0.021256916;0.33693281
-0.032359682;-0.021256916;0.33693281
-0.034335967;-0.021256916;0.33693281
-0.032359682;-0.021256916;0.33693281
-0.032359682;-0.021256916;0.33693281
-0.032359682;-0.023233201;0.33693281
-0.032359682;-0.023233201;0.34483793
-0.034335967;-0.021256916;0.33693281
-0.034335967;-0.023233201;0.33693281
-0.034335967;-0.023233201;0.33693281
-0.034335967;-0.021256916;0.33693281
-0.034335967;-0.025209486;0.33693281
-0.032359682;-0.021256916;0.33693281
-0.034335967;-0.023233201;0.33693281
-0.034335967;-0.023233201;0.33693281
-0.034335967;-0.023233201;0.33693281
-0.034335967;-0.023233201;0.33693281
-0.032359682;-0.023233201;0.33693281
-0.032359682;-0.023233201;0.33693281
-0.032359682;-0.021256916;0.34483793
-0.032359682;-0.023233201;0.33693281
-0.032359682;-0.023233201;0.33693281
-0.032359682;-0.023233201;0.33693281
-0.030383399;-0.023233201;0.34483793
-0.032359682;-0.023233201;0.33693281
-0.030383399;-0.023233201;0.33693281
-0.030383399;-0.023233201;0.33693281
-0.032359682;-0.023233201;0.33693281
-0.032359682;-0.023233201;0.33693281
-0.030383399;-0.023233201;0.33693281
-0.030383399;-0.023233201;0.33693281
-0.030383399;-0.023233201;0.33693281
-0.030383399;-0.021256916;0.33693281
-0.030383399;-0.023233201;0.33693281
-0.030383399;-0.023233201;0.34483793
-0.028407115;-0.023233201;0.34483793
-0.028407115;-0.023233201;0.33693281
-0.030383399;-0.023233201;0.34483793
-0.028407115;-0.023233201;0.33693281
-0.028407115;-0.023233201;0.33693281
-0.02643083;-0.023233201;0.33693281
-0.028407115;-0.023233201;0.33693281
-0.02643083;-0.023233201;0.33693281
-0.02643083;-0.023233201;0.33693281
-0.02643083;-0.023233201;0.33693281
-0.02643083;-0.023233201;0.33693281
-0.02643083;-0.023233201;0.33693281
-0.024454545;-0.023233201;0.34483793
-0.024454545;-0.023233201;0.33693281
-0.024454545;-0.023233201;0.34483793
-0.024454545;-0.023233201;0.34483793
-0.02247826;-0.023233201;0.33693281
-0.02247826;-0.023233201;0.33693281
-0.020501977;-0.025209486;0.33693281
-0.020501977;-0.023233201;0.33693281
-0.020501977;-0.023233201;0.33693281
-0.018525692;-0.023233201;0.33693281
-0.018525692;-0.021256916;0.34483793
-0.018525692;-0.025209486;0.33693281
-0.016549407;-0.023233201;0.33693281
-0.016549407;-0.023233201;0.33693281
-0.016549407;-0.023233201;0.34483793
-0.016549407;-0.025209486;0.34483793
-0.014573122;-0.025209486;0.34483793
-0.014573122;-0.023233201;0.34483793
-0.014573122;-0.025209486;0.34483793
-0.012596838;-0.025209486;0.34483793
-0.010620553;-0.025209486;0.33693281
-0.010620553;-0.025209486;0.33693281
-0.010620553;-0.025209486;0.34483793
-0.0086442688;-0.023233201;0.33693281
-0.010620553;-0.023233201;0.33693281
-0.0086442688;-0.023233201;0.34483793
-0.0066679842;-0.023233201;0.33693281
-0.0086442688;-0.023233201;0.34483793
-0.0066679842;-0.023233201;0.33693281
-0.0086442688;-0.025209486;0.33693281
-0.0066679842;-0.025209486;0.33693281
-0.0066679842;-0.025209486;0.33693281
-0.0027154151;-0.023233201;0.34483793
-0.0027154151;-0.025209486;0.33693281
-0.0027154151;-0.025209486;0.34483793
-0.0027154151;-0.025209486;0.33693281
-0.00073913042;-0.025209486;0.33693281
-0.00073913042;-0.025209486;0.33693281
-0.00073913042;-0.025209486;0.34483793
0.0012371541;-0.025209486;0.34483793
0.0012371541;-0.025209486;0.34483793
0.0032134387;-0.025209486;0.33693281
0.0032134387;-0.025209486;0.34483793
0.0051897233;-0.025209486;0.33693281
0.0051897233;-0.025209486;0.33693281
0.0051897233;-0.025209486;0.33693281
0.007166008;-0.025209486;0.33693281
0.007166008;-0.025209486;0.34483793
0.007166008;-0.023233201;0.33693281
0.0091422927;-0.023233201;0.33693281
0.011118577;-0.025209486;0.34483793
0.011118577;-0.025209486;0.33693281
0.013094862;-0.025209486;0.33693281
0.013094862;-0.023233201;0.34483793
0.015071146;-0.025209486;0.33693281
0.015071146;-0.025209486;0.33693281
0.015071146;-0.025209486;0.34483793
0.017047431;-0.025209486;0.34483793
0.017047431;-0.025209486;0.34483793
0.017047431;-0.025209486;0.33693281
0.019023715;-0.025209486;0.33693281
0.019023715;-0.025209486;0.33693281
0.021;-0.023233201;0.33693281
0.021;-0.025209486;0.33693281
0.022976285;-0.027185772;0.33693281
0.022976285;-0.025209486;0.33693281
0.022976285;-0.025209486;0.33693281
0.022976285;-0.025209486;0.33693281
0.02495257;-0.027185772;0.33693281
0.026928853;-0.025209486;0.33693281
0.026928853;-0.025209486;0.34483793
0.026928853;-0.025209486;0.33693281
0.028905138;-0.027185772;0.33693281
0.028905138;-0.025209486;0.33693281
0.030881424;-0.025209486;0.34483793
0.030881424;-0.025209486;0.33693281
0.030881424;-0.025209486;0.33693281
0.034833994;-0.025209486;0.33693281
0.032857709;-0.025209486;0.33693281
0.034833994;-0.025209486;0.34483793
0.036810275;-0.025209486;0.33693281
0.036810275;-0.025209486;0.34483793
0.03878656;-0.025209486;0.33693281
0.03878656;-0.025209486;0.33693281
0.040762845;-0.025209486;0.33693281
0.040762845;-0.025209486;0.34483793
0.040762845;-0.025209486;0.33693281
0.042739131;-0.027185772;0.33693281
0.042739131;-0.027185772;0.33693281
0.042739131;-0.025209486;0.33693281
0.042739131;-0.025209486;0.33693281
0.044715416;-0.025209486;0.33693281
0.044715416;-0.025209486;0.33693281
0.046691701;-0.027185772;0.33693281
0.046691701;-0.027185772;0.34483793
0.048667986;-0.025209486;0.34483793
0.048667986;-0.025209486;0.33693281
0.048667986;-0.025209486;0.33693281
0.048667986;-0.025209486;0.33693281
0.050644267;-0.025209486;0.33693281
0.050644267;-0.025209486;0.33693281
0.052620552;-0.025209486;0.33693281
0.054596838;-0.025209486;0.32902768
0.054596838;-0.025209486;0.33693281
0.054596838;-0.025209486;0.33693281
0.054596838;-0.025209486;0.32902768
0.054596838;-0.025209486;0.34483793
0.056573123;-0.025209486;0.33693281
0.056573123;-0.027185772;0.34483793
0.058549408;-0.025209486;0.33693281
0.058549408;-0.025209486;0.34483793
0.058549408;-0.027185772;0.33693281
0.058549408;-0.027185772;0.33693281
0.058549408;-0.025209486;0.33693281
0.062501974;-0.025209486;0.33693281
0.062501974;-0.025209486;0.34483793
0.062501974;-0.027185772;0.33693281
0.062501974;-0.025209486;0.33693281
0.062501974;-0.025209486;0.33693281
0.062501974;-0.025209486;0.33693281
0.064478263;-0.025209486;0.33693281
0.064478263;-0.025209486;0.33693281
0.064478263;-0.025209486;0.33693281
0.066454545;-0.025209486;0.33693281
0.066454545;-0.025209486;0.33693281
0.068430834;-0.025209486;0.34483793
0.068430834;-0.025209486;0.33693281
0.068430834;-0.025209486;0.33693281
0.068430834;-0.025209486;0.33693281
0.070407115;-0.025209486;0.34483793
0.070407115;-0.025209486;0.33693281
0.070407115;-0.025209486;0.33693281
0.070407115;-0.025209486;0.34483793
0.072383396;-0.027185772;0.33693281
0.072383396;-0.025209486;0.33693281
0.072383396;-0.025209486;0.33693281
0.070407115;-0.025209486;0.34483793
0.072383396;-0.025209486;0.34483793
0.074359685;-0.025209486;0.33693281
0.072383396;-0.025209486;0.33693281
0.074359685;-0.027185772;0.33693281
0.076335967;-0.027185772;0.33693281
0.076335967;-0.025209486;0.33693281
0.074359685;-0.025209486;0.33693281
0.074359685;-0.027185772;0.33693281
0.076335967;-0.025209486;0.34483793
0.076335967;-0.025209486;0.33693281
0.076335967;-0.025209486;0.33693281
0.076335967;-0.025209486;0.33693281
0.078312255;-0.027185772;0.33693281
0.078312255;-0.025209486;0.33693281
0.078312255;-0.025209486;0.33693281
0.078312255;-0.027185772;0.33693281
0.076335967;-0.025209486;0.33693281
0.078312255;-0.025209486;0.34483793
0.078312255;-0.025209486;0.33693281
0.078312255;-0.025209486;0.33693281
0.078312255;-0.025209486;0.33693281
0.078312255;-0.025209486;0.33693281
0.078312255;-0.025209486;0.32902768
0.078312255;-0.025209486;0.33693281
0.078312255;-0.025209486;0.33693281
0.078312255;-0.025209486;0.33693281
0.078312255;-0.025209486;0.34483793
0.078312255;-0.025209486;0.33693281
0.078312255;-0.025209486;0.33693281
0.080288537;-0.025209486;0.33693281
0.078312255;-0.025209486;0.34483793
0.078312255;-0.027185772;0.34483793
0.080288537;-0.025209486;0.34483793
0.078312255;-0.025209486;0.34483793
0.078312255;-0.025209486;0.33693281
0.078312255;-0.025209486;0.33693281
0.078312255;-0.025209486;0.33693281
0.078312255;-0.025209486;0.33693281
0.076335967;-0.025209486;0.33693281
0.076335967;-0.023233201;0.34483793
0.076335967;-0.025209486;0.33693281
0.074359685;-0.025209486;0.34483793
0.076335967;-0.025209486;0.33693281
0.076335967;-0.025209486;0.33693281
0.076335967;-0.025209486;0.33693281
0.076335967;-0.025209486;0.33693281
0.076335967;-0.027185772;0.34483793
0.074359685;-0.023233201;0.33693281
0.074359685;-0.025209486;0.33693281
0.074359685;-0.025209486;0.33693281
0.076335967;-0.025209486;0.33693281
0.072383396;-0.025209486;0.33693281
0.074359685;-0.025209486;0.33693281
0.074359685;-0.025209486;0.33693281
0.072383396;-0.023233201;0.33693281
0.072383396;-0.025209486;0.33693281
0.072383396;-0.025209486;0.33693281
0.072383396;-0.025209486;0.33693281
0.072383396;-0.025209486;0.33693281
0.072383396;-0.025209486;0.33693281
0.072383396;-0.025209486;0.33693281
0.070407115;-0.023233201;0.33693281
0.068430834;-0.023233201;0.33693281
0.068430834;-0.025209486;0.33693281
0.068430834;-0.025209486;0.34483793
0.068430834;-0.023233201;0.33693281
0.068430834;-0.025209486;0.33693281
0.068430834;-0.023233201;0.33693281
0.066454545;-0.025209486;0.33693281
0.066454545;-0.025209486;0.34483793
0.066454545;-0.025209486;0.33693281
0.064478263;-0.025209486;0.34483793
0.062501974;-0.023233201;0.33693281
0.064478263;-0.025209486;0.33693281
0.062501974;-0.023233201;0.34483793
0.062501974;-0.025209486;0.33693281
0.062501974;-0.023233201;0.33693281
0.060525693;-0.023233201;0.33693281
0.060525693;-0.023233201;0.33693281
0.058549408;-0.023233201;0.34483793
0.058549408;-0.023233201;0.34483793
0.058549408;-0.023233201;0.34483793
0.058549408;-0.023233201;0.33693281
0.056573123;-0.025209486;0.33693281
0.056573123;-0.023233201;0.33693281
0.054596838;-0.025209486;0.33693281
0.056573123;-0.023233201;0.33693281
0.054596838;-0.023233201;0.33693281
0.054596838;-0.025209486;0.34483793
0.054596838;-0.023233201;0.34483793
0.050644267;-0.025209486;0.33693281
0.052620552;-0.023233201;0.33693281
0.052620552;-0.023233201;0.33693281
0.048667986;-0.023233201;0.33693281
0.048667986;-0.023233201;0.33693281
0.048667986;-0.023233201;0.33693281
0.046691701;-0.025209486;0.34483793
0.048667986;-0.023233201;0.34483793
0.046691701;-0.023233201;0.33693281
0.044715416;-0.023233201;0.33693281
0.042739131;-0.023233201;0.33693281
0.044715416;-0.023233201;0.33693281
0.042739131;-0.023233201;0.33693281
0.042739131;-0.023233201;0.34483793
0.042739131;-0.023233201;0.34483793
0.040762845;-0.023233201;0.34483793
0.03878656;-0.023233201;0.33693281
0.036810275;-0.023233201;0.33693281
0.036810275;-0.023233201;0.33693281
0.036810275;-0.025209486;0.34483793
0.036810275;-0.021256916;0.33693281
0.036810275;-0.021256916;0.33693281
0.034833994;-0.023233201;0.33693281
0.032857709;-0.023233201;0.33693281
0.032857709;-0.023233201;0.33693281
0.032857709;-0.023233201;0.33693281
0.030881424;-0.023233201;0.33693281
0.030881424;-0.021256916;0.33693281
0.030881424;-0.021256916;0.33693281
0.030881424;-0.023233201;0.33693281
0.028905138;-0.021256916;0.32902768
0.026928853;-0.023233201;0.33693281
0.026928853;-0.021256916;0.33693281
0.02495257;-0.021256916;0.32902768
0.02495257;-0.021256916;0.33693281
0.02495257;-0.021256916;0.33693281
0.022976285;-0.023233201;0.33693281
0.022976285;-0.023233201;0.33693281
0.021;-0.023233201;0.33693281
0.021;-0.023233201;0.34483793
0.019023715;-0.021256916;0.33693281
0.017047431;-0.023233201;0.33693281
0.019023715;-0.021256916;0.33693281
0.019023715;-0.021256916;0.34483793
0.017047431;-0.021256916;0.33693281
0.017047431;-0.021256916;0.34483793
0.015071146;-0.021256916;0.33693281
0.013094862;-0.021256916;0.33693281
0.013094862;-0.021256916;0.34483793
0.011118577;-0.021256916;0.33693281
0.013094862;-0.021256916;0.33693281
0.011118577;-0.021256916;0.33693281
0.0091422927;-0.021256916;0.33693281
0.0091422927;-0.021256916;0.33693281
0.0091422927;-0.021256916;0.33693281
0.007166008;-0.021256916;0.34483793
0.007166008;-0.021256916;0.33693281
0.0051897233;-0.021256916;0.34483793
0.0051897233;-0.021256916;0.34483793
0.0051897233;-0.021256916;0.33693281
0.0032134387;-0.023233201;0.33693281
0.0032134387;-0.021256916;0.34483793
0.0012371541;-0.023233201;0.33693281
-0.00073913042;-0.021256916;0.33693281
-0.00073913042;-0.021256916;0.33693281
-0.0027154151;-0.021256916;0.33693281
-0.0027154151;-0.021256916;0.33693281
-0.0027154151;-0.021256916;0.33693281
-0.0066679842;-0.021256916;0.34483793
-0.0046916995;-0.021256916;0.33693281
-0.0046916995;-0.021256916;0.34483793
-0.0066679842;-0.021256916;0.33693281
-0.0066679842;-0.021256916;0.33693281
-0.0086442688;-0.021256916;0.33693281
-0.0086442688;-0.021256916;0.33693281
-0.0086442688;-0.021256916;0.34483793
-0.010620553;-0.021256916;0.33693281
-0.010620553;-0.021256916;0.33693281
-0.012596838;-0.019280633;0.34483793
-0.012596838;-0.021256916;0.33693281
-0.012596838;-0.019280633;0.33693281
-0.014573122;-0.019280633;0.33693281
-0.014573122;-0.019280633;0.34483793
-0.014573122;-0.019280633;0.33693281
-0.014573122;-0.019280633;0.34483793
-0.016549407;-0.019280633;0.34483793
-0.014573122;-0.019280633;0.33693281
-0.018525692;-0.021256916;0.33693281
-0.016549407;-0.021256916;0.33693281
-0.018525692;-0.021256916;0.33693281
-0.018525692;-0.021256916;0.33693281
-0.018525692;-0.019280633;0.33693281
-0.020501977;-0.019280633;0.33693281
-0.020501977;-0.019280633;0.34483793
-0.020501977;-0.019280633;0.34483793
-0.020501977;-0.019280633;0.33693281
-0.02247826;-0.019280633;0.34483793
-0.02247826;-0.019280633;0.33693281
-0.02247826;-0.019280633;0.34483793
-0.024454545;-0.019280633;0.33693281
-0.024454545;-0.019280633;0.33693281
-0.024454545;-0.019280633;0.33693281
-0.024454545;-0.019280633;0.33693281
-0.02643083;-0.019280633;0.33693281
-0.02643083;-0.019280633;0.33693281
-0.02643083;-0.019280633;0.33693281
-0.02643083;-0.019280633;0.33693281
-0.02643083;-0.019280633;0.34483793
-0.02643083;-0.019280633;0.33693281
-0.028407115;-0.019280633;0.34483793
-0.028407115;-0.017304348;0.32902768
-0.028407115;-0.019280633;0.33693281
-0.028407115;-0.019280633;0.34483793
-0.030383399;-0.019280633;0.33693281
-0.030383399;-0.017304348;0.33693281
-0.030383399;-0.019280633;0.34483793
-0.030383399;-0.019280633;0.33693281
-0.030383399;-0.017304348;0.33693281
-0.032359682;-0.017304348;0.33693281
-0.032359682;-0.017304348;0.32902768
-0.030383399;-0.017304348;0.33693281
-0.032359682;-0.019280633;0.33693281
-0.032359682;-0.017304348;0.33693281
-0.032359682;-0.017304348;0.33693281
-0.034335967;-0.017304348;0.33693281
-0.032359682;-0.017304348;0.33693281
-0.032359682;-0.017304348;0.34483793
-0.034335967;-0.017304348;0.34483793
-0.034335967;-0.017304348;0.34483793
-0.034335967;-0.017304348;0.34483793
-0.034335967;-0.017304348;0.33693281
-0.032359682;-0.017304348;0.33693281
-0.032359682;-0.017304348;0.33693281
-0.034335967;-0.017304348;0.33693281
-0.034335967;-0.017304348;0.33693281
-0.034335967;-0.017304348;0.34483793
-0.034335967;-0.017304348;0.33693281
-0.032359682;-0.017304348;0.33693281
-0.034335967;-0.017304348;0.33693281
-0.032359682;-0.017304348;0.33693281
-0.032359682;-0.015328064;0.33693281
-0.032359682;-0.017304348;0.33693281
-0.032359682;-0.015328064;0.33693281
-0.034335967;-0.017304348;0.34483793
-0.032359682;-0.017304348;0.33693281
-0.034335967;-0.017304348;0.33693281
-0.032359682;-0.017304348;0.33693281
-0.030383399;-0.017304348;0.34483793
-0.032359682;-0.017304348;0.34483793
-0.032359682;-0.015328064;0.33693281
-0.032359682;-0.015328064;0.33693281
-0.032359682;-0.017304348;0.33693281
-0.032359682;-0.015328064;0.34483793
-0.030383399;-0.015328064;0.33693281
-0.030383399;-0.015328064;0.33693281
-0.030383399;-0.015328064;0.33693281
-0.030383399;-0.015328064;0.33693281
-0.030383399;-0.015328064;0.34483793
-0.030383399;-0.015328064;0.34483793
-0.030383399;-0.013351778;0.34483793
-0.030383399;-0.015328064;0.33693281
-0.028407115;-0.017304348;0.34483793
-0.030383399;-0.015328064;0.33693281
-0.028407115;-0.015328064;0.33693281
-0.028407115;-0.015328064;0.33693281
-0.02643083;-0.015328064;0.33693281
-0.02643083;-0.013351778;0.34483793
-0.02643083;-0.015328064;0.33693281
-0.02643083;-0.015328064;0.33693281
-0.02643083;-0.015328064;0.33693281
-0.024454545;-0.015328064;0.34483793
-0.024454545;-0.013351778;0.33693281
-0.024454545;-0.015328064;0.34483793
-0.024454545;-0.015328064;0.33693281
-0.02247826;-0.013351778;0.33693281
-0.02247826;-0.013351778;0.33693281
-0.02247826;-0.013351778;0.34483793
-0.02247826;-0.013351778;0.34483793
-0.020501977;-0.013351778;0.34483793
-0.020501977;-0.013351778;0.34483793
-0.020501977;-0.011375494;0.34483793
-0.020501977;-0.013351778;0.33693281
-0.018525692;-0.011375494;0.34483793
-0.016549407;-0.013351778;0.33693281
-0.016549407;-0.013351778;0.33693281
-0.016549407;-0.011375494;0.33693281
-0.016549407;-0.011375494;0.33693281
-0.014573122;-0.013351778;0.33693281
-0.014573122;-0.013351778;0.34483793
-0.012596838;-0.011375494;0.32902768
-0.012596838;-0.011375494;0.33693281
-0.012596838;-0.013351778;0.33693281
-0.010620553;-0.013351778;0.34483793
-0.010620553;-0.011375494;0.33693281
-0.010620553;-0.013351778;0.33693281
-0.010620553;-0.013351778;0.33693281
-0.0086442688;-0.011375494;0.33693281
-0.0086442688;-0.011375494;0.33693281
-0.0066679842;-0.011375494;0.33693281
-0.0086442688;-0.011375494;0.33693281
-0.0066679842;-0.011375494;0.33693281
-0.0066679842;-0.011375494;0.33693281
-0.0066679842;-0.011375494;0.33693281
-0.0046916995;-0.011375494;0.33693281
-0.0046916995;-0.011375494;0.33693281
-0.0027154151;-0.011375494;0.33693281
-0.00073913042;-0.011375494;0.33693281
-0.0027154151;-0.011375494;0.34483793
-0.00073913042;-0.011375494;0.34483793
-0.00073913042;-0.011375494;0.33693281
0.0012371541;-0.011375494;0.34483793
0.0012371541;-0.011375494;0.33693281
0.0032134387;-0.011375494;0.34483793
0.0051897233;-0.011375494;0.33693281
0.0051897233;-0.0093992092;0.33693281
0.0051897233;-0.0093992092;0.33693281
0.0051897233;-0.0093992092;0.34483793
0.007166008;-0.011375494;0.33693281
0.007166008;-0.0093992092;0.34483793
0.0091422927;-0.0093992092;0.33693281
0.011118577;-0.0093992092;0.34483793
0.0091422927;-0.0093992092;0.34483793
0.011118577;-0.0093992092;0.33693281
0.013094862;-0.0093992092;0.33693281
0.011118577;-0.0093992092;0.33693281
0.013094862;-0.0093992092;0.33693281
0.015071146;-0.0093992092;0.33693281
0.015071146;-0.011375494;0.33693281
0.017047431;-0.011375494;0.33693281
0.019023715;-0.0093992092;0.33693281
0.017047431;-0.0093992092;0.33693281
0.019023715;-0.0093992092;0.34483793
0.021;-0.0093992092;0.33693281
0.021;-0.0093992092;0.33693281
0.021;-0.007422925;0.34483793
0.021;-0.0093992092;0.34483793
0.022976285;-0.007422925;0.33693281
0.022976285;-0.0093992092;0.33693281
0.022976285;-0.007422925;0.34483793
0.02495257;-0.007422925;0.33693281
0.026928853;-0.0093992092;0.33693281
0.026928853;-0.0093992092;0.33693281
0.028905138;-0.007422925;0.33693281
0.030881424;-0.0093992092;0.34483793
0.030881424;-0.007422925;0.34483793
0.030881424;-0.007422925;0.33693281
0.030881424;-0.007422925;0.33693281
0.032857709;-0.007422925;0.33693281
0.032857709;-0.007422925;0.34483793
0.034833994;-0.007422925;0.33693281
0.034833994;-0.007422925;0.33693281
0.036810275;-0.007422925;0.33693281
0.03878656;-0.007422925;0.33693281
0.03878656;-0.0054466403;0.33693281
0.03878656;-0.007422925;0.33693281
0.040762845;-0.0054466403;0.34483793
0.040762845;-0.0054466403;0.33693281
0.042739131;-0.0054466403;0.33693281
0.042739131;-0.0054466403;0.34483793
0.042739131;-0.0054466403;0.34483793
0.042739131;-0.0054466403;0.33693281
0.044715416;-0.0054466403;0.34483793
0.044715416;-0.0054466403;0.33693281
0.046691701;-0.0054466403;0.33693281
0.046691701;-0.0054466403;0.34483793
0.046691701;-0.0054466403;0.33693281
0.046691701;-0.0054466403;0.34483793
0.046691701;-0.0054466403;0.33693281
0.048667986;-0.0054466403;0.33693281
0.050644267;-0.0054466403;0.33693281
0.050644267;-0.0054466403;0.33693281
0.050644267;-0.0054466403;0.33693281
0.052620552;-0.0054466403;0.33693281
0.052620552;-0.0054466403;0.33693281
0.054596838;-0.0054466403;0.34483793
0.054596838;-0.0054466403;0.34483793
0.054596838;-0.0054466403;0.33693281
0.056573123;-0.0054466403;0.33693281
0.056573123;-0.0054466403;0.33693281
0.056573123;-0.0054466403;0.33693281
0.056573123;-0.0054466403;0.34483793
0.058549408;-0.0034703556;0.33693281
0.058549408;-0.0054466403;0.33693281
0.060525693;-0.0054466403;0.33693281
0.060525693;-0.0034703556;0.33693281
0.062501974;-0.0034703556;0.33693281
0.062501974;-0.0034703556;0.34483793
0.062501974;-0.0054466403;0.33693281
0.064478263;-0.0034703556;0.33693281
0.064478263;-0.0034703556;0.33693281
0.064478263;-0.0034703556;0.33693281
0.064478263;-0.0034703556;0.33693281
0.066454545;-0.0034703556;0.34483793
0.066454545;-0.0034703556;0.33693281
0.066454545;-0.0034703556;0.34483793
0.066454545;-0.0034703556;0.34483793
0.068430834;-0.0014940711;0.33693281
0.068430834;-0.0034703556;0.34483793
0.068430834;-0.0034703556;0.33693281
0.070407115;-0.0034703556;0.34483793
0.070407115;-0.0034703556;0.34483793
0.070407115;-0.0034703556;0.34483793
0.070407115;-0.0034703556;0.34483793
0.070407115;-0.0014940711;0.33693281
0.072383396;-0.0014940711;0.33693281
0.072383396;-0.0034703556;0.33693281
0.072383396;-0.0034703556;0.33693281
0.072383396;-0.0014940711;0.34483793
0.074359685;-0.0034703556;0.33693281
0.074359685;-0.0034703556;0.33693281
0.074359685;-0.0014940711;0.33693281
0.074359685;-0.0014940711;0.34483793
0.076335967;-0.0014940711;0.33693281
0.076335967;-0.0014940711;0.33693281
0.074359685;-0.0014940711;0.33693281
0.076335967;0.00048221345;0.33693281
0.074359685;-0.0014940711;0.34483793
0.076335967;-0.0014940711;0.34483793
0.076335967;0.00048221345;0.33693281
0.078312255;-0.0014940711;0.33693281
0.076335967;-0.0014940711;0.34483793
0.078312255;-0.0014940711;0.33693281
0.078312255;0.00048221345;0.33693281
0.076335967;0.00048221345;0.33693281
0.078312255;0.00048221345;0.33693281
0.078312255;0.00048221345;0.33693281
0.078312255;0.00048221345;0.33693281
0.078312255;0.00048221345;0.33693281
0.078312255;-0.0014940711;0.33693281
0.078312255;0.00048221345;0.33693281
0.078312255;-0.0014940711;0.34483793
0.078312255;0.0024584981;0.33693281
0.078312255;0.00048221345;0.32902768
0.080288537;0.00048221345;0.33693281
0.080288537;0.00048221345;0.34483793
0.076335967;0.00048221345;0.33693281
0.080288537;0.00048221345;0.33693281
0.078312255;0.0024584981;0.33693281
0.078312255;0.00048221345;0.34483793
0.078312255;0.00048221345;0.34483793
0.078312255;0.00048221345;0.34483793
0.078312255;0.00048221345;0.33693281
0.078312255;0.00048221345;0.33693281
0.078312255;0.0024584981;0.33693281
0.078312255;0.00048221345;0.33693281
0.078312255;0.0024584981;0.33693281
0.076335967;0.00048221345;0.33693281
0.078312255;0.0024584981;0.34483793
0.078312255;0.0024584981;0.33693281
0.076335967;0.0024584981;0.34483793
0.076335967;0.0024584981;0.33693281
0.076335967;0.0024584981;0.33693281
0.076335967;0.0024584981;0.33693281
0.076335967;0.0024584981;0.33693281
0.076335967;0.0024584981;0.33693281
0.076335967;0.0024584981;0.33693281
0.074359685;0.0024584981;0.33693281
0.074359685;0.0024584981;0.33693281
0.076335967;0.0024584981;0.33693281
0.074359685;0.0024584981;0.33693281
0.076335967;0.0024584981;0.33693281
0.072383396;0.0024584981;0.33693281
0.072383396;0.0044347825;0.33693281
0.072383396;0.0024584981;0.33693281
0.070407115;0.0024584981;0.34483793
0.070407115;0.0044347825;0.33693281
0.070407115;0.0044347825;0.33693281
0.070407115;0.0044347825;0.33693281
0.070407115;0.0044347825;0.33693281
0.070407115;0.0044347825;0.33693281
0.068430834;0.0044347825;0.34483793
0.068430834;0.0024584981;0.33693281
0.066454545;0.0044347825;0.34483793
0.068430834;0.0044347825;0.33693281
0.066454545;0.0044347825;0.34483793
0.066454545;0.0044347825;0.33693281
0.064478263;0.0044347825;0.33693281
0.066454545;0.0064110672;0.34483793
0.064478263;0.0044347825;0.33693281
0.064478263;0.0044347825;0.33693281
0.064478263;0.0044347825;0.34483793
0.064478263;0.0044347825;0.33693281
0.062501974;0.0064110672;0.33693281
0.062501974;0.0064110672;0.33693281
0.060525693;0.0044347825;0.34483793
0.060525693;0.0064110672;0.33693281
0.060525693;0.0064110672;0.34483793
0.058549408;0.0083873514;0.33693281
0.058549408;0.0064110672;0.34483793
0.058549408;0.0083873514;0.33693281
0.058549408;0.0064110672;0.33693281
0.056573123;0.0064110672;0.33693281
0.054596838;0.0083873514;0.33693281
0.056573123;0.0083873514;0.33693281
0.054596838;0.0064110672;0.33693281
0.054596838;0.0083873514;0.33693281
0.054596838;0.0083873514;0.33693281
0.052620552;0.0064110672;0.33693281
0.052620552;0.0083873514;0.33693281
0.052620552;0.0083873514;0.33693281
0.048667986;0.0083873514;0.33693281
0.050644267;0.0083873514;0.34483793
0.046691701;0.0083873514;0.33693281
0.048667986;0.0083873514;0.34483793
0.046691701;0.0083873514;0.33693281
0.046691701;0.0083873514;0.33693281
0.044715416;0.0083873514;0.33693281
0.044715416;0.0083873514;0.33693281
0.044715416;0.010363637;0.34483793
0.042739131;0.0083873514;0.33693281
0.040762845;0.0083873514;0.34483793
0.042739131;0.010363637;0.34483793
0.040762845;0.010363637;0.34483793
0.040762845;0.0083873514;0.33693281
0.03878656;0.010363637;0.33693281
0.03878656;0.0083873514;0.33693281
0.03878656;0.010363637;0.33693281
0.036810275;0.010363637;0.33693281
0.036810275;0.010363637;0.33693281
0.034833994;0.010363637;0.34483793
0.034833994;0.010363637;0.33693281
0.034833994;0.010363637;0.33693281
0.032857709;0.010363637;0.34483793
0.032857709;0.010363637;0.33693281
0.032857709;0.010363637;0.33693281
0.028905138;0.010363637;0.34483793
0.028905138;0.010363637;0.33693281
0.028905138;0.012339921;0.33693281
0.026928853;0.010363637;0.33693281
0.026928853;0.010363637;0.33693281
0.02495257;0.010363637;0.32902768
0.02495257;0.010363637;0.33693281
0.022976285;0.012339921;0.34483793
0.022976285;0.010363637;0.33693281
0.022976285;0.012339921;0.33693281
0.021;0.012339921;0.33693281
0.021;0.012339921;0.34483793
0.021;0.012339921;0.33693281
0.017047431;0.012339921;0.33693281
0.017047431;0.012339921;0.33693281
0.017047431;0.012339921;0.33693281
0.017047431;0.012339921;0.33693281
0.017047431;0.012339921;0.33693281
0.015071146;0.012339921;0.33693281
0.013094862;0.012339921;0.33693281
0.013094862;0.012339921;0.33693281
0.011118577;0.012339921;0.33693281
0.011118577;0.012339921;0.33693281
0.0091422927;0.012339921;0.33693281
0.011118577;0.014316206;0.33693281
0.0091422927;0.012339921;0.33693281
0.007166008;0.014316206;0.33693281
0.007166008;0.014316206;0.34483793
0.0051897233;0.012339921;0.33693281
0.0051897233;0.014316206;0.33693281
0.0051897233;0.014316206;0.34483793
0.0032134387;0.014316206;0.34483793
0.0032134387;0.014316206;0.33693281
0.0012371541;0.014316206;0.33693281
0.0012371541;0.014316206;0.33693281
-0.00073913042;0.014316206;0.34483793
-0.00073913042;0.01629249;0.34483793
-0.0027154151;0.01629249;0.33693281
-0.0027154151;0.01629249;0.33693281
-0.0027154151;0.01629249;0.33693281
-0.0046916995;0.01629249;0.32902768
-0.0066679842;0.014316206;0.33693281
-0.0046916995;0.01629249;0.32902768
-0.0066679842;0.01629249;0.32902768
-0.0086442688;0.01629249;0.33693281
-0.0086442688;0.01629249;0.33693281
-0.0086442688;0.018268775;0.34483793
-0.010620553;0.01629249;0.33693281
-0.010620553;0.01629249;0.33693281
-0.010620553;0.01629249;0.33693281
-0.010620553;0.01629249;0.33693281
-0.012596838;0.018268775;0.33693281
-0.012596838;0.018268775;0.33693281
-0.014573122;0.018268775;0.33693281
-0.014573122;0.01629249;0.34483793
-0.014573122;0.01629249;0.33693281
-0.016549407;0.018268775;0.33693281
-0.016549407;0.018268775;0.34483793
-0.016549407;0.01629249;0.33693281
-0.018525692;0.01629249;0.33693281
-0.016549407;0.01629249;0.33693281
-0.018525692;0.018268775;0.33693281
-0.018525692;0.018268775;0.34483793
-0.020501977;0.018268775;0.33693281
-0.020501977;0.018268775;0.33693281
-0.018525692;0.020245058;0.34483793
-0.020501977;0.018268775;0.33693281
-0.02247826;0.020245058;0.33693281
-0.02247826;0.018268775;0.33693281
-0.020501977;0.018268775;0.33693281
-0.02247826;0.020245058;0.33693281
-0.02247826;0.020245058;0.33693281
-0.02643083;0.020245058;0.33693281
-0.024454545;0.018268775;0.33693281
-0.024454545;0.018268775;0.33693281
-0.02643083;0.018268775;0.33693281
-0.02643083;0.018268775;0.33693281
-0.02643083;0.018268775;0.34483793
-0.02643083;0.020245058;0.33693281
-0.028407115;0.020245058;0.34483793
-0.028407115;0.020245058;0.33693281
-0.028407115;0.020245058;0.33693281
-0.028407115;0.020245058;0.33693281
-0.028407115;0.020245058;0.34483793
-0.030383399;0.020245058;0.33693281
-0.030383399;0.020245058;0.33693281
-0.030383399;0.022221344;0.33693281
-0.030383399;0.022221344;0.33693281
-0.030383399;0.020245058;0.33693281
-0.032359682;0.022221344;0.33693281
-0.030383399;0.022221344;0.33693281
-0.030383399;0.020245058;0.33693281
-0.032359682;0.020245058;0.33693281
-0.032359682;0.022221344;0.32902768
-0.030383399;0.022221344;0.33693281
-0.030383399;0.022221344;0.33693281
-0.032359682;0.022221344;0.33693281
-0.032359682;0.022221344;0.33693281
-0.032359682;0.022221344;0.33693281
-0.034335967;0.022221344;0.33693281
-0.032359682;0.022221344;0.33693281
-0.034335967;0.022221344;0.33693281
-0.032359682;0.022221344;0.33693281
-0.032359682;0.024197629;0.33693281
-0.032359682;0.024197629;0.34483793
-0.034335967;0.022221344;0.34483793
-0.034335967;0.022221344;0.33693281
-0.032359682;0.024197629;0.33693281
-0.034335967;0.022221344;0.33693281
-0.034335967;0.024197629;0.34483793
-0.034335967;0.024197629;0.33693281
-0.034335967;0.024197629;0.33693281
-0.032359682;0.022221344;0.33693281
-0.032359682;0.024197629;0.34483793
-0.034335967;0.024197629;0.34483793
-0.032359682;0.024197629;0.33693281
-0.032359682;0.024197629;0.33693281
-0.032359682;0.024197629;0.33693281
-0.032359682;0.024197629;0.34483793
-0.030383399;0.026173914;0.33693281
-0.032359682;0.024197629;0.33693281
-0.030383399;0.024197629;0.33693281
-0.032359682;0.026173914;0.33693281
-0.032359682;0.024197629;0.33693281
-0.030383399;0.026173914;0.33693281
-0.030383399;0.026173914;0.34483793
-0.032359682;0.026173914;0.33693281
-0.030383399;0.026173914;0.34483793
-0.030383399;0.026173914;0.33693281
-0.032359682;0.026173914;0.33693281
-0.030383399;0.028150197;0.33693281
-0.030383399;0.028150197;0.33693281
-0.028407115;0.028150197;0.33693281
-0.030383399;0.028150197;0.33693281
-0.028407115;0.026173914;0.33693281
-0.028407115;0.026173914;0.33693281
-0.028407115;0.026173914;0.33693281
-0.028407115;0.026173914;0.33693281
-0.02643083;0.026173914;0.33693281
-0.02643083;0.026173914;0.33693281
-0.02643083;0.026173914;0.33693281
-0.02643083;0.026173914;0.33693281
-0.024454545;0.028150197;0.33693281
-0.024454545;0.028150197;0.33693281
-0.024454545;0.028150197;0.33693281
-0.024454545;0.026173914;0.33693281
-0.02247826;0.028150197;0.33693281
-0.020501977;0.028150197;0.33693281
-0.02247826;0.028150197;0.34483793
-0.020501977;0.028150197;0.33693281
-0.020501977;0.028150197;0.33693281
-0.020501977;0.028150197;0.34483793
-0.020501977;0.028150197;0.33693281
-0.018525692;0.030126482;0.33693281
-0.018525692;0.030126482;0.34483793
-0.018525692;0.030126482;0.33693281
-0.014573122;0.028150197;0.33693281
-0.016549407;0.028150197;0.33693281
-0.014573122;0.028150197;0.33693281
-0.016549407;0.030126482;0.34483793
-0.014573122;0.030126482;0.34483793
-0.014573122;0.030126482;0.33693281
-0.012596838;0.030126482;0.33693281
-0.012596838;0.028150197;0.33693281
-0.010620553;0.030126482;0.33693281
-0.010620553;0.030126482;0.33693281
-0.010620553;0.030126482;0.33693281
-0.0086442688;0.030126482;0.33693281
-0.0086442688;0.032102767;0.33693281
-0.0086442688;0.030126482;0.34483793
-0.0066679842;0.030126482;0.33693281
-0.0066679842;0.030126482;0.33693281
-0.0066679842;0.032102767;0.33693281
-0.0066679842;0.030126482;0.34483793
-0.0046916995;0.030126482;0.33693281
-0.0027154151;0.032102767;0.33693281
-0.0027154151;0.032102767;0.34483793
-0.0027154151;0.032102767;0.33693281
-0.0027154151;0.034079053;0.33693281
-0.00073913042;0.032102767;0.33693281
-0.00073913042;0.032102767;0.34483793
0.0012371541;0.032102767;0.34483793
0.0012371541;0.032102767;0.33693281
0.0012371541;0.032102767;0.33693281
0.0032134387;0.032102767;0.33693281
0.0032134387;0.032102767;0.33693281
0.0051897233;0.032102767;0.33693281
0.0051897233;0.032102767;0.34483793
0.007166008;0.032102767;0.34483793
0.007166008;0.032102767;0.33693281
0.007166008;0.034079053;0.33693281
0.0091422927;0.034079053;0.34483793
0.011118577;0.034079053;0.33693281
0.011118577;0.034079053;0.34483793
0.013094862;0.034079053;0.33693281
0.013094862;0.034079053;0.34483793
0.015071146;0.034079053;0.34483793
0.013094862;0.034079053;0.33693281
0.015071146;0.034079053;0.33693281
0.015071146;0.036055338;0.34483793
0.017047431;0.036055338;0.33693281
0.019023715;0.036055338;0.33693281
0.019023715;0.034079053;0.34483793
0.019023715;0.036055338;0.33693281
0.021;0.034079053;0.33693281
0.021;0.036055338;0.33693281
0.022976285;0.036055338;0.33693281
0.022976285;0.036055338;0.33693281
0.02495257;0.036055338;0.33693281
0.02495257;0.036055338;0.33693281
0.026928853;0.036055338;0.33693281
0.026928853;0.034079053;0.33693281
0.026928853;0.034079053;0.33693281
0.026928853;0.036055338;0.33693281
0.028905138;0.036055338;0.33693281
0.028905138;0.036055338;0.33693281
0.030881424;0.038031619;0.34483793
0.030881424;0.036055338;0.33693281
0.032857709;0.036055338;0.33693281
0.032857709;0.038031619;0.33693281
0.032857709;0.036055338;0.33693281
0.034833994;0.038031619;0.33693281
0.036810275;0.036055338;0.33693281
0.036810275;0.038031619;0.34483793
0.03878656;0.038031619;0.34483793
0.03878656;0.036055338;0.33693281
0.03878656;0.038031619;0.33693281
0.040762845;0.036055338;0.34483793
0.040762845;0.036055338;0.34483793
0.042739131;0.038031619;0.33693281
0.042739131;0.038031619;0.33693281
0.042739131;0.038031619;0.33693281
0.044715416;0.038031619;0.33693281
0.044715416;0.038031619;0.33693281
0.048667986;0.040007904;0.33693281
0.046691701;0.038031619;0.33693281
0.048667986;0.038031619;0.33693281
0.048667986;0.038031619;0.33693281
0.048667986;0.040007904;0.34483793
0.048667986;0.040007904;0.33693281
0.048667986;0.038031619;0.34483793
0.050644267;0.040007904;0.34483793
0.052620552;0.040007904;0.33693281
0.052620552;0.040007904;0.34483793
0.054596838;0.038031619;0.34483793
0.054596838;0.040007904;0.34483793
0.054596838;0.040007904;0.33693281
0.056573123;0.040007904;0.33693281
0.054596838;0.038031619;0.33693281
0.056573123;0.040007904;0.33693281
0.058549408;0.040007904;0.33693281
0.058549408;0.040007904;0.33693281
0.058549408;0.040007904;0.33693281
0.060525693;0.041984189;0.33693281
0.060525693;0.040007904;0.33693281
0.060525693;0.041984189;0.33693281
0.062501974;0.040007904;0.33693281
0.062501974;0.041984189;0.34483793
0.062501974;0.041984189;0.34483793
0.064478263;0.041984189;0.33693281
0.064478263;0.041984189;0.34483793
0.064478263;0.040007904;0.33693281
0.066454545;0.041984189;0.33693281
0.066454545;0.041984189;0.33693281
0.066454545;0.041984189;0.33693281
0.066454545;0.041984189;0.33693281
0.068430834;0.040007904;0.33693281
0.068430834;0.041984189;0.34483793
0.068430834;0.041984189;0.34483793
0.068430834;0.041984189;0.33693281
0.068430834;0.041984189;0.33693281
0.068430834;0.041984189;0.34483793
0.070407115;0.041984189;0.33693281
0.070407115;0.041984189;0.34483793
0.070407115;0.043960474;0.34483793
0.070407115;0.041984189;0.34483793
0.072383396;0.041984189;0.33693281
0.072383396;0.041984189;0.34483793
0.072383396;0.041984189;0.33693281
0.074359685;0.041984189;0.33693281
0.074359685;0.043960474;0.33693281
0.072383396;0.043960474;0.33693281
0.074359685;0.041984189;0.33693281
0.076335967;0.043960474;0.34483793
0.076335967;0.043960474;0.33693281
0.076335967;0.04593676;0.33693281
0.076335967;0.04593676;0.33693281
0.076335967;0.043960474;0.34483793
0.076335967;0.043960474;0.33693281
0.078312255;0.043960474;0.33693281
0.076335967;0.043960474;0.33693281
0.078312255;0.043960474;0.33693281
0.078312255;0.04593676;0.33693281
0.076335967;0.043960474;0.33693281
0.078312255;0.04593676;0.33693281
0.078312255;0.04593676;0.33693281
0.078312255;0.04593676;0.33693281
0.078312255;0.04593676;0.34483793
0.078312255;0.04593676;0.33693281
0.078312255;0.04593676;0.33693281
0.078312255;0.04593676;0.33693281
0.078312255;0.04593676;0.33693281
0.080288537;0.04593676;0.34483793
0.078312255;0.04593676;0.33693281
0.078312255;0.04593676;0.33693281
0.078312255;0.04593676;0.33693281
0.080288537;0.04593676;0.33693281
0.078312255;0.047913045;0.33693281
0.078312255;0.047913045;0.33693281
0.078312255;0.04593676;0.33693281
0.078312255;0.04593676;0.33693281
0.078312255;0.047913045;0.33693281
0.076335967;0.047913045;0.33693281
0.078312255;0.047913045;0.33693281
0.078312255;0.047913045;0.33693281
0.076335967;0.047913045;0.34483793
0.076335967;0.047913045;0.33693281
0.076335967;0.047913045;0.33693281
0.076335967;0.047913045;0.34483793
0.074359685;0.047913045;0.33693281
0.074359685;0.047913045;0.33693281
0.076335967;0.047913045;0.34483793
0.076335967;0.047913045;0.34483793
0.076335967;0.047913045;0.33693281
0.074359685;0.047913045;0.33693281
0.074359685;0.047913045;0.34483793
0.076335967;0.047913045;0.33693281
0.074359685;0.047913045;0.33693281
0.074359685;0.04988933;0.33693281
0.074359685;0.047913045;0.34483793
0.074359685;0.047913045;0.33693281
0.074359685;0.04988933;0.33693281
0.072383396;0.047913045;0.33693281
0.072383396;0.04988933;0.34483793
0.072383396;0.04988933;0.33693281
0.070407115;0.04988933;0.33693281
0.072383396;0.04988933;0.33693281
0.070407115;0.04988933;0.34483793
0.070407115;0.04988933;0.34483793
0.070407115;0.047913045;0.33693281
0.068430834;0.04988933;0.33693281
0.070407115;0.04988933;0.33693281
0.068430834;0.04988933;0.33693281
0.068430834;0.04988933;0.33693281
0.068430834;0.04988933;0.33693281
0.066454545;0.04988933;0.33693281
0.066454545;0.04988933;0.33693281
0.066454545;0.04988933;0.33693281
0.068430834;0.04988933;0.33693281
0.064478263;0.04988933;0.33693281
0.064478263;0.04988933;0.33693281
0.062501974;0.04988933;0.33693281
0.062501974;0.04988933;0.33693281
0.062501974;0.051865611;0.34483793
0.062501974;0.04988933;0.33693281
0.060525693;0.04988933;0.34483793
0.060525693;0.051865611;0.33693281
0.060525693;0.051865611;0.33693281
0.060525693;0.04988933;0.33693281
0.058549408;0.04988933;0.33693281
0.056573123;0.051865611;0.33693281
0.058549408;0.04988933;0.34483793
0.054596838;0.051865611;0.33693281
0.054596838;0.04988933;0.34483793
0.054596838;0.051865611;0.34483793
0.054596838;0.051865611;0.33693281
0.054596838;0.051865611;0.34483793
0.050644267;0.051865611;0.33693281
0.050644267;0.051865611;0.33693281
0.050644267;0.051865611;0.34483793
0.050644267;0.053841896;0.33693281
0.048667986;0.051865611;0.34483793
0.048667986;0.051865611;0.33693281
0.048667986;0.051865611;0.33693281
0.046691701;0.051865611;0.34483793
0.044715416;0.051865611;0.33693281
0.046691701;0.051865611;0.33693281
0.044715416;0.053841896;0.33693281
0.044715416;0.053841896;0.33693281
0.042739131;0.051865611;0.34483793
0.042739131;0.053841896;0.34483793
0.040762845;0.053841896;0.33693281
0.040762845;0.053841896;0.33693281
0.03878656;0.053841896;0.34483793
0.040762845;0.053841896;0.33693281
0.03878656;0.053841896;0.34483793
0.036810275;0.053841896;0.33693281
0.036810275;0.053841896;0.33693281
0.034833994;0.053841896;0.33693281
0.034833994;0.053841896;0.34483793
0.032857709;0.053841896;0.33693281
0.034833994;0.053841896;0.33693281
0.032857709;0.055818181;0.33693281
0.032857709;0.053841896;0.34483793
0.030881424;0.053841896;0.33693281
0.030881424;0.055818181;0.33693281
0.028905138;0.053841896;0.33693281
0.028905138;0.053841896;0.33693281
0.026928853;0.053841896;0.33693281
0.026928853;0.053841896;0.33693281
0.02495257;0.055818181;0.33693281
0.02495257;0.055818181;0.33693281
0.022976285;0.055818181;0.33693281
0.022976285;0.055818181;0.34483793
0.021;0.055818181;0.33693281
0.021;0.055818181;0.33693281
0.021;0.055818181;0.33693281
0.021;0.055818181;0.33693281
0.019023715;0.055818181;0.33693281
0.019023715;0.053841896;0.33693281
0.017047431;0.055818181;0.34483793
0.017047431;0.055818181;0.33693281
0.015071146;0.055818181;0.33693281
0.015071146;0.055818181;0.33693281
0.015071146;0.055818181;0.33693281
0.015071146;0.055818181;0.33693281
0.013094862;0.055818181;0.34483793
0.011118577;0.057794467;0.33693281
0.007166008;0.057794467;0.33693281
0.0091422927;0.057794467;0.33693281
0.007166008;0.055818181;0.33693281
0.007166008;0.055818181;0.33693281
0.007166008;0.057794467;0.33693281
0.0051897233;0.057794467;0.33693281
0.0051897233;0.057794467;0.33693281
0.0032134387;0.057794467;0.33693281
0.0051897233;0.055818181;0.33693281
0.0032134387;0.057794467;0.34483793
0.0032134387;0.057794467;0.33693281
-0.00073913042;0.057794467;0.34483793
-0.00073913042;0.057794467;0.34483793
-0.00073913042;0.057794467;0.33693281
-0.0027154151;0.057794467;0.33693281
-0.0027154151;0.057794467;0.33693281
-0.0046916995;0.057794467;0.33693281
-0.0046916995;0.057794467;0.33693281
-0.0066679842;0.057794467;0.34483793
-0.0066679842;0.057794467;0.33693281
-0.0066679842;0.057794467;0.33693281
-0.0066679842;0.057794467;0.33693281
-0.0066679842;0.057794467;0.33693281
-0.010620553;0.057794467;0.34483793
-0.0086442688;0.057794467;0.34483793
-0.010620553;0.057794467;0.33693281
-0.010620553;0.057794467;0.33693281
-0.010620553;0.057794467;0.33693281
-0.010620553;0.059770752;0.34483793
-0.014573122;0.057794467;0.33693281
-0.012596838;0.059770752;0.33693281
-0.014573122;0.057794467;0.33693281
-0.014573122;0.057794467;0.34483793
-0.016549407;0.057794467;0.34483793
-0.016549407;0.059770752;0.34483793
-0.016549407;0.059770752;0.34483793
-0.016549407;0.059770752;0.33693281
-0.018525692;0.059770752;0.33693281
-0.018525692;0.059770752;0.34483793
-0.020501977;0.059770752;0.33693281
-0.018525692;0.059770752;0.33693281
-0.020501977;0.059770752;0.33693281
-0.020501977;0.059770752;0.34483793
-0.020501977;0.059770752;0.33693281
-0.020501977;0.059770752;0.33693281
-0.02247826;0.059770752;0.33693281
-0.02247826;0.059770752;0.34483793
-0.024454545;0.059770752;0.33693281
-0.024454545;0.061747037;0.33693281
-0.024454545;0.059770752;0.33693281
-0.024454545;0.059770752;0.34483793
-0.024454545;0.059770752;0.33693281
-0.024454545;0.059770752;0.33693281
-0.02643083;0.059770752;0.33693281
-0.02643083;0.059770752;0.33693281
-0.028407115;0.061747037;0.33693281
-0.02643083;0.061747037;0.33693281
-0.028407115;0.059770752;0.33693281
-0.02643083;0.061747037;0.33693281
-0.030383399;0.059770752;0.33693281
-0.030383399;0.059770752;0.33693281
-0.030383399;0.061747037;0.33693281
-0.028407115;0.059770752;0.33693281
-0.030383399;0.061747037;0.32902768
-0.030383399;0.061747037;0.33693281
-0.032359682;0.061747037;0.33693281
-0.032359682;0.059770752;0.32902768
-0.034335967;0.061747037;0.33693281
-0.032359682;0.061747037;0.33693281
-0.032359682;0.059770752;0.33693281
-0.032359682;0.059770752;0.33693281
-0.032359682;0.061747037;0.33693281
-0.032359682;0.061747037;0.33693281
-0.032359682;0.061747037;0.33693281
-0.032359682;0.061747037;0.33693281
-0.032359682;0.059770752;0.33693281
-0.034335967;0.061747037;0.33693281
-0.032359682;0.061747037;0.33693281
-0.032359682;0.061747037;0.33693281
-0.032359682;0.061747037;0.33693281
-0.032359682;0.061747037;0.33693281
-0.034335967;0.063723318;0.34483793
-0.032359682;0.061747037;0.34483793
-0.034335967;0.061747037;0.34483793
-0.032359682;0.063723318;0.33693281
-0.034335967;0.061747037;0.33693281
-0.034335967;0.061747037;0.33693281
-0.034335967;0.063723318;0.34483793
-0.032359682;0.061747037;0.33693281
-0.032359682;0.061747037;0.33693281
-0.032359682;0.063723318;0.34483793
-0.032359682;0.063723318;0.33693281
-0.032359682;0.063723318;0.33693281
-0.032359682;0.063723318;0.33693281
-0.032359682;0.063723318;0.33693281
-0.032359682;0.061747037;0.34483793
-0.032359682;0.063723318;0.33693281
-0.030383399;0.061747037;0.33693281
-0.030383399;0.061747037;0.33693281
-0.032359682;0.063723318;0.33693281
-0.032359682;0.061747037;0.33693281
-0.032359682;0.061747037;0.33693281
-0.030383399;0.063723318;0.33693281
-0.030383399;0.063723318;0.33693281
-0.030383399;0.063723318;0.33693281
-0.030383399;0.061747037;0.33693281
-0.030383399;0.063723318;0.33693281
-0.028407115;0.063723318;0.34483793
-0.028407115;0.063723318;0.32902768
-0.028407115;0.063723318;0.33693281
-0.02643083;0.063723318;0.32902768
-0.028407115;0.065699607;0.34483793
-0.028407115;0.065699607;0.33693281
-0.02643083;0.063723318;0.34483793
-0.028407115;0.063723318;0.33693281
-0.02643083;0.065699607;0.33693281
-0.02643083;0.063723318;0.33693281
-0.024454545;0.063723318;0.34483793
-0.024454545;0.065699607;0.33693281
-0.02643083;0.065699607;0.33693281
-0.024454545;0.063723318;0.33693281
-0.024454545;0.065699607;0.33693281
-0.02247826;0.063723318;0.33693281
-0.02247826;0.065699607;0.33693281
-0.02247826;0.065699607;0.34483793
-0.020501977;0.065699607;0.33693281
-0.020501977;0.063723318;0.33693281
-0.020501977;0.065699607;0.33693281
-0.018525692;0.065699607;0.34483793
-0.020501977;0.065699607;0.33693281
-0.018525692;0.063723318;0.33693281
-0.016549407;0.065699607;0.34483793
-0.016549407;0.063723318;0.33693281
-0.016549407;0.065699607;0.33693281
-0.016549407;0.065699607;0.33693281
-0.014573122;0.065699607;0.33693281
-0.012596838;0.065699607;0.33693281
-0.014573122;0.065699607;0.33693281
-0.012596838;0.065699607;0.33693281
-0.012596838;0.065699607;0.33693281
-0.010620553;0.065699607;0.33693281
-0.010620553;0.065699607;0.33693281
-0.010620553;0.065699607;0.33693281
-0.010620553;0.065699607;0.33693281
-0.0086442688;0.067675889;0.33693281
-0.0086442688;0.065699607;0.33693281
-0.0066679842;0.065699607;0.33693281
-0.0066679842;0.067675889;0.33693281
-0.0066679842;0.067675889;0.33693281
-0.0046916995;0.065699607;0.33693281
-0.0066679842;0.067675889;0.33693281
-0.0027154151;0.065699607;0.33693281
-0.0027154151;0.067675889;0.34483793
-0.0027154151;0.067675889;0.33693281
-0.0027154151;0.067675889;0.33693281
-0.00073913042;0.067675889;0.33693281
-0.00073913042;0.065699607;0.33693281
-0.00073913042;0.065699607;0.34483793
0.0012371541;0.067675889;0.33693281
0.0012371541;0.067675889;0.34483793
0.0012371541;0.067675889;0.34483793
0.0032134387;0.065699607;0.33693281
0.0051897233;0.065699607;0.34483793
0.0051897233;0.067675889;0.34483793
0.007166008;0.067675889;0.33693281
0.007166008;0.067675889;0.33693281
0.0091422927;0.067675889;0.33693281
0.0091422927;0.067675889;0.33693281
0.011118577;0.065699607;0.33693281
0.011118577;0.065699607;0.32902768
0.011118577;0.065699607;0.33693281
0.011118577;0.065699607;0.33693281
0.015071146;0.067675889;0.33693281
0.015071146;0.067675889;0.33693281
0.015071146;0.067675889;0.33693281
0.015071146;0.067675889;0.33693281
0.017047431;0.067675889;0.33693281
0.017047431;0.067675889;0.33693281
0.019023715;0.067675889;0.34483793
0.019023715;0.067675889;0.34483793
0.021;0.067675889;0.33693281
0.021;0.069652177;0.32902768
0.022976285;0.067675889;0.34483793
0.02495257;0.067675889;0.33693281
0.02495257;0.067675889;0.33693281
0.02495257;0.067675889;0.33693281
0.02495257;0.067675889;0.33693281
0.026928853;0.067675889;0.33693281
0.026928853;0.067675889;0.33693281
0.028905138;0.067675889;0.33693281
0.028905138;0.067675889;0.33693281
0.028905138;0.065699607;0.33693281
0.030881424;0.067675889;0.33693281
0.028905138;0.067675889;0.34483793
0.030881424;0.067675889;0.34483793
0.030881424;0.065699607;0.33693281
0.032857709;0.067675889;0.33693281
0.034833994;0.067675889;0.33693281
0.036810275;0.067675889;0.33693281
0.036810275;0.067675889;0.33693281
0.036810275;0.067675889;0.33693281
0.03878656;0.067675889;0.33693281
0.040762845;0.065699607;0.33693281
0.03878656;0.067675889;0.33693281
0.040762845;0.067675889;0.33693281
0.040762845;0.067675889;0.34483793
0.042739131;0.067675889;0.33693281
0.042739131;0.067675889;0.33693281
0.042739131;0.067675889;0.33693281
0.044715416;0.067675889;0.33693281
0.044715416;0.067675889;0.33693281
0.046691701;0.067675889;0.33693281
0.046691701;0.067675889;0.33693281
0.048667986;0.069652177;0.33693281
0.046691701;0.067675889;0.33693281
0.048667986;0.067675889;0.33693281
0.050644267;0.067675889;0.33693281
0.052620552;0.067675889;0.33693281
0.052620552;0.067675889;0.34483793
0.052620552;0.067675889;0.33693281
0.052620552;0.069652177;0.33693281
0.052620552;0.067675889;0.34483793
0.054596838;0.069652177;0.33693281
0.056573123;0.069652177;0.33693281
0.056573123;0.067675889;0.33693281
0.056573123;0.069652177;0.33693281
0.056573123;0.067675889;0.33693281
0.058549408;0.069652177;0.33693281
0.058549408;0.067675889;0.33693281
0.060525693;0.069652177;0.33693281
0.060525693;0.067675889;0.33693281
0.060525693;0.067675889;0.34483793
0.062501974;0.067675889;0.34483793
0.060525693;0.067675889;0.33693281
0.062501974;0.069652177;0.33693281
0.062501974;0.069652177;0.33693281
0.064478263;0.067675889;0.33693281
0.064478263;0.069652177;0.32902768
0.064478263;0.069652177;0.33693281
0.066454545;0.069652177;0.33693281
0.066454545;0.067675889;0.33693281
0.066454545;0.067675889;0.33693281
0.066454545;0.069652177;0.33693281
0.066454545;0.067675889;0.33693281
0.068430834;0.069652177;0.33693281
0.070407115;0.069652177;0.33693281
0.070407115;0.069652177;0.33693281
0.070407115;0.067675889;0.33693281
0.070407115;0.067675889;0.33693281
0.072383396;0.067675889;0.33693281
0.072383396;0.067675889;0.33693281
0.072383396;0.069652177;0.33693281
0.072383396;0.069652177;0.33693281
0.072383396;0.069652177;0.33693281
0.072383396;0.069652177;0.33693281
0.074359685;0.069652177;0.33693281
0.074359685;0.069652177;0.34483793
0.074359685;0.069652177;0.34483793
0.076335967;0.069652177;0.33693281
0.074359685;0.069652177;0.33693281
0.074359685;0.067675889;0.34483793
0.074359685;0.067675889;0.34483793
0.076335967;0.067675889;0.33693281
0.076335967;0.069652177;0.33693281
0.076335967;0.067675889;0.33693281
0.076335967;0.067675889;0.33693281
0.076335967;0.069652177;0.33693281
0.076335967;0.069652177;0.33693281
0.078312255;0.069652177;0.33693281
0.078312255;0.069652177;0.33693281
0.076335967;0.069652177;0.33693281
0.078312255;0.069652177;0.33693281
0.076335967;0.069652177;0.33693281
0.078312255;0.069652177;0.33693281
0.078312255;0.069652177;0.33693281
0.078312255;0.069652177;0.33693281
0.078312255;0.069652177;0.33693281
0.078312255;0.069652177;0.34483793
0.080288537;0.069652177;0.34483793
0.078312255;0.069652177;0.33693281
0.078312255;0.067675889;0.34483793
0.078312255;0.069652177;0.33693281
0.078312255;0.069652177;0.33693281
0.080288537;0.069652177;0.33693281
0.078312255;0.069652177;0.33693281
0.078312255;0.069652177;0.33693281
0.080288537;0.067675889;0.33693281
0.078312255;0.069652177;0.33693281
0.076335967;0.069652177;0.33693281
0.078312255;0.069652177;0.33693281
0.076335967;0.069652177;0.33693281
0.076335967;0.067675889;0.32902768
0.076335967;0.069652177;0.33693281
0.076335967;0.067675889;0.33693281
0.076335967;0.069652177;0.33693281
0.076335967;0.069652177;0.33693281
0.076335967;0.069652177;0.33693281
0.076335967;0.069652177;0.33693281
0.076335967;0.069652177;0.33693281
0.076335967;0.067675889;0.33693281
0.076335967;0.069652177;0.33693281
0.076335967;0.069652177;0.33693281
0.076335967;0.069652177;0.34483793
0.074359685;0.069652177;0.33693281
0.074359685;0.069652177;0.33693281
0.074359685;0.069652177;0.33693281
0.074359685;0.069652177;0.33693281
0.072383396;0.069652177;0.33693281
0.074359685;0.069652177;0.33693281
0.070407115;0.067675889;0.33693281
0.072383396;0.069652177;0.33693281
0.070407115;0.069652177;0.34483793
0.070407115;0.069652177;0.33693281
0.072383396;0.069652177;0.33693281
0.070407115;0.069652177;0.33693281
0.068430834;0.069652177;0.34483793
0.068430834;0.069652177;0.34483793
0.068430834;0.069652177;0.33693281
0.068430834;0.069652177;0.33693281
0.068430834;0.069652177;0.33693281
0.066454545;0.069652177;0.33693281
0.066454545;0.069652177;0.33693281
0.066454545;0.069652177;0.33693281
0.064478263;0.069652177;0.33693281
0.064478263;0.069652177;0.34483793
0.064478263;0.069652177;0.34483793
0.064478263;0.069652177;0.33693281
0.062501974;0.069652177;0.33693281
0.062501974;0.067675889;0.34483793
0.060525693;0.067675889;0.33693281
0.062501974;0.069652177;0.33693281
0.062501974;0.067675889;0.32902768
0.058549408;0.069652177;0.33693281
0.060525693;0.067675889;0.33693281
0.058549408;0.069652177;0.33693281
0.058549408;0.069652177;0.33693281
0.056573123;0.069652177;0.33693281
0.056573123;0.069652177;0.33693281
0.056573123;0.069652177;0.33693281
0.054596838;0.069652177;0.33693281
0.056573123;0.069652177;0.33693281
0.052620552;0.069652177;0.33693281
0.052620552;0.067675889;0.33693281
0.052620552;0.069652177;0.33693281
0.050644267;0.067675889;0.33693281
0.050644267;0.069652177;0.33693281
0.050644267;0.069652177;0.33693281
0.048667986;0.069652177;0.34483793
0.046691701;0.069652177;0.33693281
0.048667986;0.069652177;0.34483793
0.046691701;0.069652177;0.33693281
0.046691701;0.069652177;0.33693281
0.044715416;0.067675889;0.33693281
0.044715416;0.067675889;0.33693281
0.044715416;0.069652177;0.33693281
0.042739131;0.069652177;0.34483793
0.040762845;0.067675889;0.33693281
0.042739131;0.067675889;0.33693281
0.03878656;0.067675889;0.33693281
0.040762845;0.067675889;0.33693281
0.036810275;0.069652177;0.32902768
0.03878656;0.067675889;0.33693281
0.036810275;0.067675889;0.33693281
0.036810275;0.069652177;0.33693281
0.036810275;0.067675889;0.33693281
0.034833994;0.067675889;0.33693281
0.032857709;0.067675889;0.33693281
0.032857709;0.069652177;0.33693281
0.032857709;0.067675889;0.33693281
0.030881424;0.067675889;0.34483793
0.030881424;0.067675889;0.34483793
0.028905138;0.067675889;0.33693281
0.030881424;0.069652177;0.34483793
0.026928853;0.067675889;0.34483793
0.026928853;0.069652177;0.34483793
0.026928853;0.067675889;0.33693281
0.02495257;0.069652177;0.33693281
0.022976285;0.067675889;0.33693281
0.022976285;0.067675889;0.33693281
0.022976285;0.069652177;0.33693281
0.022976285;0.067675889;0.33693281
0.019023715;0.067675889;0.33693281
0.021;0.067675889;0.34483793
0.019023715;0.067675889;0.33693281
0.017047431;0.067675889;0.33693281
0.017047431;0.067675889;0.33693281
0.017047431;0.067675889;0.33693281
0.017047431;0.067675889;0.33693281
0.017047431;0.069652177;0.33693281
0.015071146;0.067675889;0.33693281
0.013094862;0.067675889;0.33693281
0.013094862;0.067675889;0.33693281
0.011118577;0.067675889;0.33693281
0.0091422927;0.067675889;0.33693281
0.0091422927;0.067675889;0.34483793
0.0091422927;0.067675889;0.33693281
0.007166008;0.067675889;0.33693281
0.007166008;0.067675889;0.33693281
0.007166008;0.067675889;0.33693281
0.0051897233;0.067675889;0.33693281
0.0032134387;0.067675889;0.34483793
0.0032134387;0.067675889;0.33693281
0.0032134387;0.067675889;0.33693281
0.0012371541;0.067675889;0.33693281
0.0012371541;0.067675889;0.34483793
-0.00073913042;0.067675889;0.33693281
-0.00073913042;0.067675889;0.33693281
-0.0027154151;0.067675889;0.34483793
-0.0027154151;0.067675889;0.33693281
-0.0027154151;0.067675889;0.33693281
-0.0046916995;0.067675889;0.33693281
-0.0066679842;0.067675889;0.33693281
-0.0066679842;0.067675889;0.33693281
-0.0066679842;0.067675889;0.33693281
-0.0066679842;0.067675889;0.34483793
-0.0066679842;0.067675889;0.34483793
-0.0086442688;0.067675889;0.33693281
-0.010620553;0.067675889;0.33693281
-0.010620553;0.067675889;0.34483793
-0.010620553;0.067675889;0.33693281
-0.010620553;0.067675889;0.33693281
-0.010620553;0.067675889;0.33693281
-0.012596838;0.067675889;0.33693281
-0.012596838;0.067675889;0.33693281
-0.014573122;0.067675889;0.33693281
-0.014573122;0.065699607;0.33693281
-0.014573122;0.067675889;0.33693281
-0.016549407;0.065699607;0.33693281
-0.016549407;0.065699607;0.34483793
-0.016549407;0.067675889;0.33693281
-0.014573122;0.067675889;0.34483793
-0.018525692;0.065699607;0.34483793
-0.018525692;0.067675889;0.33693281
-0.018525692;0.065699607;0.33693281
-0.020501977;0.067675889;0.34483793
-0.02247826;0.067675889;0.33693281
-0.020501977;0.067675889;0.34483793
-0.02247826;0.067675889;0.33693281
-0.02247826;0.067675889;0.33693281
-0.024454545;0.065699607;0.34483793
-0.02247826;0.065699607;0.33693281
-0.024454545;0.065699607;0.33693281
-0.024454545;0.065699607;0.33693281
-0.024454545;0.067675889;0.33693281
-0.02247826;0.065699607;0.33693281
-0.02643083;0.065699607;0.33693281
-0.02643083;0.065699607;0.33693281
-0.02643083;0.065699607;0.33693281
-0.028407115;0.065699607;0.33693281
-0.02643083;0.067675889;0.34483793
-0.028407115;0.065699607;0.33693281
-0.028407115;0.065699607;0.34483793
-0.028407115;0.065699607;0.34483793
-0.028407115;0.065699607;0.34483793
-0.028407115;0.063723318;0.33693281
-0.028407115;0.065699607;0.33693281
-0.030383399;0.065699607;0.33693281
-0.030383399;0.065699607;0.33693281
-0.032359682;0.065699607;0.33693281
-0.030383399;0.063723318;0.33693281
-0.032359682;0.063723318;0.33693281
-0.032359682;0.065699607;0.33693281
-0.032359682;0.065699607;0.34483793
-0.032359682;0.063723318;0.33693281
-0.032359682;0.065699607;0.33693281
-0.032359682;0.065699607;0.33693281
-0.032359682;0.065699607;0.33693281
-0.034335967;0.065699607;0.33693281
-0.032359682;0.065699607;0.33693281
-0.034335967;0.065699607;0.33693281
-0.032359682;0.065699607;0.33693281
-0.032359682;0.065699607;0.33693281
-0.032359682;0.065699607;0.33693281
-0.032359682;0.063723318;0.33693281
-0.032359682;0.065699607;0.33693281
-0.034335967;0.065699607;0.34483793
-0.034335967;0.063723318;0.33693281
-0.032359682;0.065699607;0.34483793
-0.032359682;0.065699607;0.33693281
-0.032359682;0.063723318;0.34483793
-0.034335967;0.065699607;0.33693281
-0.032359682;0.063723318;0.33693281
-0.034335967;0.063723318;0.34483793
-0.032359682;0.063723318;0.33693281
-0.032359682;0.065699607;0.33693281
-0.034335967;0.063723318;0.33693281
-0.034335967;0.063723318;0.33693281
-0.030383399;0.063723318;0.33693281
-0.032359682;0.065699607;0.33693281
-0.030383399;0.063723318;0.34483793
-0.032359682;0.063723318;0.33693281
-0.030383399;0.061747037;0.33693281
-0.032359682;0.061747037;0.33693281
-0.032359682;0.061747037;0.33693281
-0.032359682;0.063723318;0.34483793
-0.030383399;0.063723318;0.33693281
-0.030383399;0.063723318;0.34483793
-0.030383399;0.063723318;0.33693281
-0.030383399;0.063723318;0.33693281
-0.030383399;0.063723318;0.34483793
-0.030383399;0.063723318;0.32902768
-0.030383399;0.061747037;0.34483793
-0.028407115;0.061747037;0.33693281
-0.030383399;0.061747037;0.33693281
-0.028407115;0.063723318;0.34483793
-0.028407115;0.061747037;0.33693281
-0.028407115;0.061747037;0.33693281
-0.028407115;0.061747037;0.33693281
-0.02643083;0.063723318;0.33693281
-0.02643083;0.061747037;0.33693281
-0.02643083;0.061747037;0.33693281
-0.02643083;0.061747037;0.33693281
-0.024454545;0.061747037;0.33693281
-0.024454545;0.061747037;0.33693281
-0.02247826;0.061747037;0.33693281
-0.02247826;0.061747037;0.33693281
-0.02247826;0.061747037;0.33693281
-0.020501977;0.061747037;0.33693281
-0.020501977;0.061747037;0.33693281
-0.020501977;0.061747037;0.33693281
-0.020501977;0.061747037;0.33693281
-0.020501977;0.061747037;0.33693281
-0.018525692;0.061747037;0.33693281
-0.018525692;0.061747037;0.33693281
-0.018525692;0.059770752;0.33693281
-0.018525692;0.061747037;0.34483793
-0.014573122;0.061747037;0.33693281
-0.014573122;0.061747037;0.33693281
-0.014573122;0.061747037;0.33693281
-0.014573122;0.059770752;0.33693281
-0.014573122;0.061747037;0.33693281
-0.014573122;0.059770752;0.33693281
-0.012596838;0.061747037;0.33693281
-0.010620553;0.059770752;0.33693281
-0.010620553;0.061747037;0.33693281
-0.012596838;0.061747037;0.33693281
-0.010620553;0.061747037;0.33693281
-0.010620553;0.061747037;0.33693281
-0.0086442688;0.059770752;0.33693281
-0.0086442688;0.061747037;0.34483793
-0.0066679842;0.059770752;0.33693281
-0.0066679842;0.061747037;0.33693281
-0.0066679842;0.059770752;0.33693281
-0.0066679842;0.059770752;0.33693281
-0.0027154151;0.059770752;0.33693281
-0.0027154151;0.059770752;0.33693281
-0.0027154151;0.061747037;0.33693281
-0.0027154151;0.059770752;0.34483793
-0.00073913042;0.059770752;0.33693281
-0.00073913042;0.059770752;0.33693281
-0.00073913042;0.059770752;0.33693281
0.0012371541;0.059770752;0.33693281
0.0012371541;0.059770752;0.33693281
0.0032134387;0.059770752;0.33693281
0.0051897233;0.057794467;0.34483793
0.0032134387;0.059770752;0.33693281
0.0051897233;0.057794467;0.33693281
0.007166008;0.059770752;0.33693281
0.007166008;0.059770752;0.34483793
0.0091422927;0.059770752;0.33693281
0.007166008;0.059770752;0.33693281
0.011118577;0.057794467;0.33693281
0.011118577;0.057794467;0.33693281
0.011118577;0.057794467;0.33693281
0.011118577;0.057794467;0.33693281
0.013094862;0.057794467;0.34483793
0.015071146;0.057794467;0.33693281
0.015071146;0.057794467;0.33693281
0.015071146;0.057794467;0.33693281
0.017047431;0.059770752;0.34483793
0.019023715;0.059770752;0.33693281
0.021;0.059770752;0.33693281
0.021;0.057794467;0.33693281
0.019023715;0.057794467;0.33693281
0.022976285;0.057794467;0.33693281
0.022976285;0.057794467;0.34483793
0.022976285;0.057794467;0.34483793
0.02495257;0.057794467;0.33693281
0.022976285;0.057794467;0.32902768
0.02495257;0.057794467;0.33693281
0.026928853;0.057794467;0.33693281
0.026928853;0.057794467;0.34483793
0.028905138;0.057794467;0.33693281
0.030881424;0.057794467;0.33693281
0.030881424;0.057794467;0.33693281
0.032857709;0.057794467;0.33693281
0.030881424;0.057794467;0.33693281
0.032857709;0.057794467;0.33693281
0.032857709;0.055818181;0.34483793
0.032857709;0.055818181;0.33693281
0.032857709;0.055818181;0.34483793
0.034833994;0.055818181;0.34483793
0.036810275;0.055818181;0.33693281
0.036810275;0.055818181;0.34483793
0.036810275;0.055818181;0.33693281
0.03878656;0.057794467;0.33693281
0.040762845;0.055818181;0.34483793
0.040762845;0.053841896;0.33693281
0.040762845;0.055818181;0.33693281
0.042739131;0.055818181;0.33693281
0.044715416;0.055818181;0.33693281
0.042739131;0.055818181;0.33693281
0.044715416;0.055818181;0.33693281
0.046691701;0.053841896;0.32902768
0.046691701;0.055818181;0.33693281
0.048667986;0.053841896;0.33693281
0.046691701;0.055818181;0.33693281
0.048667986;0.053841896;0.33693281
0.048667986;0.055818181;0.34483793
0.050644267;0.055818181;0.33693281
0.052620552;0.053841896;0.33693281
0.050644267;0.055818181;0.33693281
0.052620552;0.055818181;0.34483793
0.052620552;0.055818181;0.34483793
0.054596838;0.053841896;0.33693281
0.054596838;0.053841896;0.33693281
0.054596838;0.053841896;0.33693281
0.056573123;0.053841896;0.33693281
0.056573123;0.053841896;0.33693281
0.058549408;0.051865611;0.33693281
0.058549408;0.053841896;0.33693281
0.058549408;0.053841896;0.33693281
0.058549408;0.053841896;0.33693281
0.060525693;0.053841896;0.33693281
0.060525693;0.051865611;0.33693281
0.060525693;0.053841896;0.33693281
0.062501974;0.053841896;0.34483793
0.062501974;0.051865611;0.34483793
0.064478263;0.053841896;0.34483793
0.062501974;0.051865611;0.34483793
0.064478263;0.053841896;0.33693281
0.064478263;0.051865611;0.33693281
0.066454545;0.04988933;0.34483793
0.066454545;0.051865611;0.33693281
0.066454545;0.051865611;0.33693281
0.066454545;0.051865611;0.34483793
0.066454545;0.051865611;0.34483793
0.068430834;0.051865611;0.34483793
0.068430834;0.051865611;0.33693281
0.068430834;0.051865611;0.34483793
0.070407115;0.051865611;0.33693281
0.070407115;0.051865611;0.33693281
0.070407115;0.051865611;0.33693281
0.070407115;0.051865611;0.33693281
0.072383396;0.051865611;0.33693281
0.072383396;0.051865611;0.34483793
0.072383396;0.051865611;0.34483793
0.074359685;0.051865611;0.34483793
0.072383396;0.04988933;0.33693281
0.074359685;0.051865611;0.33693281
0.074359685;0.051865611;0.33693281
0.074359685;0.051865611;0.33693281
0.072383396;0.051865611;0.33693281
0.074359685;0.04988933;0.32902768
0.074359685;0.04988933;0.33693281
0.076335967;0.04988933;0.34483793
0.076335967;0.051865611;0.33693281
0.076335967;0.04988933;0.32902768
0.076335967;0.04988933;0.33693281
0.076335967;0.04988933;0.34483793
0.076335967;0.04988933;0.33693281
0.076335967;0.04988933;0.33693281
0.076335967;0.04988933;0.33693281
0.078312255;0.04988933;0.33693281
0.078312255;0.04988933;0.33693281
0.076335967;0.04988933;0.33693281
0.076335967;0.04988933;0.33693281
0.078312255;0.047913045;0.33693281
0.078312255;0.04988933;0.33693281
0.078312255;0.04988933;0.33693281
0.078312255;0.04988933;0.33693281
0.078312255;0.047913045;0.33693281
0.078312255;0.04988933;0.33693281
0.078312255;0.047913045;0.33693281
0.078312255;0.047913045;0.34483793
0.078312255;0.047913045;0.33693281
0.078312255;0.047913045;0.33693281
0.078312255;0.047913045;0.33693281
0.078312255;0.047913045;0.33693281
0.078312255;0.047913045;0.33693281
0.078312255;0.047913045;0.34483793
0.076335967;0.047913045;0.34483793
0.078312255;0.047913045;0.33693281
0.076335967;0.047913045;0.34483793
0.078312255;0.047913045;0.33693281
0.078312255;0.047913045;0.33693281
0.076335967;0.047913045;0.33693281
0.076335967;0.047913045;0.33693281
0.076335967;0.047913045;0.33693281
0.076335967;0.047913045;0.33693281
0.076335967;0.047913045;0.33693281
0.076335967;0.047913045;0.33693281
0.076335967;0.047913045;0.34483793
0.076335967;0.047913045;0.33693281
0.076335967;0.047913045;0.33693281
0.074359685;0.04593676;0.33693281
0.076335967;0.047913045;0.33693281
0.074359685;0.04593676;0.33693281
0.074359685;0.04593676;0.33693281
0.074359685;0.04593676;0.33693281
0.072383396;0.04593676;0.34483793
0.072383396;0.04593676;0.34483793
0.072383396;0.047913045;0.33693281
0.070407115;0.04593676;0.34483793
0.070407115;0.04593676;0.33693281
0.070407115;0.043960474;0.33693281
0.070407115;0.04593676;0.33693281
0.068430834;0.04593676;0.33693281
0.070407115;0.04593676;0.33693281
0.068430834;0.04593676;0.33693281
0.068430834;0.043960474;0.33693281
0.068430834;0.043960474;0.33693281
0.066454545;0.043960474;0.33693281
0.068430834;0.043960474;0.33693281
0.066454545;0.04593676;0.33693281
0.064478263;0.043960474;0.33693281
0.064478263;0.04593676;0.33693281
0.064478263;0.043960474;0.33693281
0.062501974;0.043960474;0.33693281
0.064478263;0.043960474;0.34483793
0.062501974;0.043960474;0.34483793
0.062501974;0.043960474;0.33693281
0.062501974;0.043960474;0.33693281
0.060525693;0.043960474;0.33693281
0.058549408;0.043960474;0.33693281
0.058549408;0.043960474;0.33693281
0.060525693;0.04593676;0.33693281
0.058549408;0.043960474;0.33693281
0.058549408;0.041984189;0.33693281
0.056573123;0.043960474;0.34483793
0.056573123;0.043960474;0.33693281
0.054596838;0.041984189;0.34483793
0.054596838;0.043960474;0.33693281
0.054596838;0.041984189;0.33693281
0.052620552;0.041984189;0.34483793
0.052620552;0.041984189;0.34483793
0.048667986;0.041984189;0.34483793
0.050644267;0.041984189;0.33693281
0.048667986;0.041984189;0.34483793
0.048667986;0.041984189;0.33693281
0.048667986;0.041984189;0.33693281
0.048667986;0.041984189;0.33693281
0.046691701;0.041984189;0.34483793
0.044715416;0.041984189;0.34483793
0.046691701;0.041984189;0.34483793
0.044715416;0.041984189;0.33693281
0.042739131;0.041984189;0.33693281
0.042739131;0.041984189;0.33693281
0.042739131;0.041984189;0.33693281
0.040762845;0.040007904;0.33693281
0.040762845;0.040007904;0.33693281
0.03878656;0.040007904;0.34483793
0.03878656;0.041984189;0.33693281
0.036810275;0.040007904;0.33693281
0.034833994;0.041984189;0.33693281
0.036810275;0.041984189;0.34483793
0.036810275;0.040007904;0.33693281
0.034833994;0.041984189;0.33693281
0.034833994;0.040007904;0.33693281
0.032857709;0.040007904;0.33693281
0.032857709;0.040007904;0.34483793
0.030881424;0.040007904;0.33693281
0.030881424;0.040007904;0.33693281
0.028905138;0.040007904;0.33693281
0.028905138;0.040007904;0.34483793
0.026928853;0.040007904;0.33693281
0.026928853;0.038031619;0.33693281
0.02495257;0.038031619;0.33693281
0.02495257;0.040007904;0.33693281
0.02495257;0.040007904;0.33693281
0.02495257;0.038031619;0.34483793
0.021;0.040007904;0.33693281
0.021;0.040007904;0.33693281
0.022976285;0.038031619;0.33693281
0.021;0.040007904;0.32902768
0.019023715;0.040007904;0.33693281
0.019023715;0.038031619;0.33693281
0.019023715;0.038031619;0.34483793
0.015071146;0.038031619;0.33693281
0.017047431;0.038031619;0.33693281
0.015071146;0.038031619;0.33693281
0.013094862;0.036055338;0.33693281
0.015071146;0.038031619;0.34483793
0.013094862;0.038031619;0.33693281
0.013094862;0.038031619;0.33693281
0.0091422927;0.038031619;0.33693281
0.007166008;0.036055338;0.33693281
0.0091422927;0.036055338;0.33693281
0.007166008;0.038031619;0.33693281
0.007166008;0.036055338;0.33693281
0.007166008;0.036055338;0.33693281
0.0032134387;0.036055338;0.33693281
0.0012371541;0.036055338;0.33693281
0.0032134387;0.038031619;0.34483793
0.0032134387;0.036055338;0.33693281
0.0012371541;0.036055338;0.34483793
0.0012371541;0.036055338;0.33693281
-0.00073913042;0.036055338;0.33693281
-0.00073913042;0.038031619;0.33693281
-0.0027154151;0.036055338;0.33693281
-0.0027154151;0.036055338;0.33693281
-0.0046916995;0.036055338;0.33693281
-0.0027154151;0.036055338;0.33693281
-0.0027154151;0.036055338;0.33693281
-0.0046916995;0.036055338;0.33693281
-0.0066679842;0.036055338;0.33693281
-0.0066679842;0.036055338;0.33693281
-0.0086442688;0.036055338;0.33693281
-0.0086442688;0.034079053;0.33693281
-0.0086442688;0.036055338;0.33693281
-0.010620553;0.034079053;0.34483793
-0.010620553;0.034079053;0.33693281
-0.010620553;0.034079053;0.33693281
-0.012596838;0.034079053;0.33693281
-0.012596838;0.034079053;0.34483793
-0.012596838;0.034079053;0.34483793
-0.014573122;0.034079053;0.33693281
-0.014573122;0.034079053;0.33693281
-0.014573122;0.034079053;0.33693281
-0.014573122;0.032102767;0.33693281
-0.016549407;0.034079053;0.33693281
-0.016549407;0.034079053;0.34483793
-0.018525692;0.032102767;0.33693281
-0.018525692;0.034079053;0.33693281
-0.018525692;0.032102767;0.34483793
-0.020501977;0.034079053;0.33693281
-0.020501977;0.032102767;0.33693281
-0.020501977;0.034079053;0.33693281
-0.02247826;0.032102767;0.33693281
-0.020501977;0.032102767;0.34483793
-0.02247826;0.032102767;0.33693281
-0.02247826;0.034079053;0.33693281
-0.024454545;0.034079053;0.34483793
-0.024454545;0.032102767;0.33693281
-0.024454545;0.032102767;0.33693281
-0.02643083;0.032102767;0.33693281
-0.024454545;0.032102767;0.33693281
-0.02643083;0.032102767;0.33693281
-0.02643083;0.032102767;0.33693281
-0.028407115;0.032102767;0.32902768
-0.02643083;0.032102767;0.34483793
-0.028407115;0.030126482;0.33693281
-0.028407115;0.032102767;0.33693281
-0.028407115;0.030126482;0.33693281
-0.028407115;0.032102767;0.33693281
-0.028407115;0.032102767;0.32902768
-0.030383399;0.032102767;0.33693281
-0.028407115;0.030126482;0.33693281
-0.030383399;0.030126482;0.33693281
-0.030383399;0.030126482;0.33693281
-0.032359682;0.030126482;0.33693281
-0.030383399;0.030126482;0.33693281
-0.030383399;0.032102767;0.33693281
-0.030383399;0.032102767;0.33693281
-0.032359682;0.030126482;0.33693281
-0.032359682;0.030126482;0.33693281
-0.032359682;0.028150197;0.34483793
-0.032359682;0.030126482;0.33693281
-0.034335967;0.028150197;0.33693281
-0.034335967;0.030126482;0.34483793
-0.034335967;0.028150197;0.33693281
-0.034335967;0.028150197;0.34483793
-0.034335967;0.030126482;0.33693281
-0.032359682;0.028150197;0.33693281
-0.032359682;0.028150197;0.33693281
-0.034335967;0.028150197;0.33693281
-0.034335967;0.028150197;0.33693281
-0.032359682;0.030126482;0.33693281
-0.034335967;0.026173914;0.33693281
-0.034335967;0.026173914;0.33693281
-0.034335967;0.028150197;0.34483793
-0.032359682;0.028150197;0.34483793
-0.034335967;0.026173914;0.33693281
-0.034335967;0.028150197;0.33693281
-0.034335967;0.028150197;0.33693281
-0.032359682;0.028150197;0.34483793
-0.032359682;0.028150197;0.34483793
-0.032359682;0.026173914;0.32902768
-0.032359682;0.026173914;0.33693281
-0.032359682;0.026173914;0.33693281
-0.032359682;0.026173914;0.33693281
-0.032359682;0.024197629;0.33693281
-0.030383399;0.026173914;0.34483793
-0.030383399;0.026173914;0.33693281
-0.030383399;0.024197629;0.34483793
-0.030383399;0.026173914;0.34483793
-0.030383399;0.026173914;0.33693281
-0.030383399;0.024197629;0.33693281
-0.032359682;0.024197629;0.33693281
-0.030383399;0.024197629;0.33693281
-0.030383399;0.024197629;0.32902768
-0.030383399;0.024197629;0.34483793
-0.028407115;0.026173914;0.33693281
-0.030383399;0.024197629;0.34483793
-0.030383399;0.024197629;0.33693281
-0.028407115;0.024197629;0.34483793
-0.028407115;0.024197629;0.33693281
-0.028407115;0.024197629;0.34483793
-0.02643083;0.024197629;0.34483793
-0.024454545;0.022221344;0.33693281
-0.02643083;0.024197629;0.33693281
-0.02643083;0.024197629;0.34483793
-0.024454545;0.022221344;0.33693281
-0.024454545;0.024197629;0.34483793
-0.02247826;0.024197629;0.33693281
-0.02247826;0.024197629;0.34483793
-0.02247826;0.022221344;0.33693281
-0.02247826;0.024197629;0.33693281
-0.020501977;0.024197629;0.33693281
-0.020501977;0.024197629;0.33693281
-0.020501977;0.022221344;0.33693281
-0.020501977;0.022221344;0.32902768
-0.018525692;0.022221344;0.34483793
-0.018525692;0.022221344;0.33693281
-0.018525692;0.022221344;0.33693281
-0.018525692;0.020245058;0.34483793
-0.016549407;0.022221344;0.33693281
-0.016549407;0.022221344;0.34483793
-0.016549407;0.022221344;0.33693281
-0.014573122;0.022221344;0.33693281
-0.016549407;0.020245058;0.33693281
-0.012596838;0.022221344;0.33693281
-0.012596838;0.022221344;0.33693281
-0.012596838;0.022221344;0.33693281
-0.012596838;0.020245058;0.33693281
-0.010620553;0.020245058;0.34483793
-0.010620553;0.020245058;0.33693281
-0.010620553;0.020245058;0.33693281
-0.010620553;0.020245058;0.34483793
-0.0086442688;0.020245058;0.33693281
-0.0086442688;0.020245058;0.33693281
-0.0066679842;0.018268775;0.33693281
-0.0066679842;0.020245058;0.34483793
-0.0066679842;0.020245058;0.34483793
-0.0046916995;0.020245058;0.34483793
-0.0046916995;0.020245058;0.33693281
-0.0027154151;0.020245058;0.33693281
-0.0027154151;0.018268775;0.33693281
-0.0027154151;0.018268775;0.33693281
-0.00073913042;0.020245058;0.33693281
-0.00073913042;0.020245058;0.33693281
-0.00073913042;0.020245058;0.33693281
0.0012371541;0.018268775;0.34483793
0.0012371541;0.018268775;0.33693281
0.0051897233;0.018268775;0.33693281
0.0051897233;0.020245058;0.33693281
0.0051897233;0.018268775;0.33693281
0.0051897233;0.020245058;0.34483793
0.007166008;0.018268775;0.33693281
0.007166008;0.018268775;0.33693281
0.0091422927;0.018268775;0.33693281
0.0091422927;0.018268775;0.33693281
0.011118577;0.020245058;0.33693281
0.011118577;0.018268775;0.33693281
0.013094862;0.018268775;0.34483793
0.011118577;0.01629249;0.33693281
0.011118577;0.018268775;0.33693281
0.015071146;0.018268775;0.33693281
0.017047431;0.01629249;0.33693281
0.015071146;0.01629249;0.33693281
0.017047431;0.01629249;0.33693281
0.019023715;0.01629249;0.34483793
0.019023715;0.01629249;0.33693281
0.021;0.014316206;0.33693281
0.021;0.01629249;0.34483793
0.021;0.01629249;0.33693281
0.021;0.01629249;0.33693281
0.022976285;0.01629249;0.33693281
0.022976285;0.01629249;0.33693281
0.02495257;0.01629249;0.33693281
0.02495257;0.01629249;0.33693281
0.026928853;0.014316206;0.33693281
0.026928853;0.01629249;0.34483793
0.028905138;0.014316206;0.33693281
0.028905138;0.014316206;0.33693281
0.028905138;0.014316206;0.33693281
0.030881424;0.014316206;0.33693281
0.030881424;0.014316206;0.33693281
0.032857709;0.014316206;0.33693281
0.032857709;0.014316206;0.33693281
0.034833994;0.014316206;0.33693281
0.034833994;0.014316206;0.33693281
0.036810275;0.014316206;0.33693281
0.036810275;0.012339921;0.33693281
0.03878656;0.014316206;0.33693281
0.03878656;0.014316206;0.33693281
0.03878656;0.014316206;0.33693281
0.040762845;0.014316206;0.33693281
0.040762845;0.014316206;0.34483793
0.040762845;0.014316206;0.33693281
0.042739131;0.014316206;0.33693281
0.042739131;0.012339921;0.34483793
0.042739131;0.014316206;0.33693281
0.044715416;0.012339921;0.33693281
0.044715416;0.012339921;0.34483793
0.046691701;0.012339921;0.33693281
0.048667986;0.010363637;0.33693281
0.046691701;0.012339921;0.33693281
0.048667986;0.012339921;0.34483793
0.048667986;0.012339921;0.33693281
0.050644267;0.012339921;0.34483793
0.050644267;0.012339921;0.33693281
0.052620552;0.012339921;0.33693281
0.052620552;0.012339921;0.33693281
0.054596838;0.012339921;0.33693281
0.054596838;0.012339921;0.33693281
0.054596838;0.012339921;0.33693281
0.054596838;0.012339921;0.33693281
0.056573123;0.010363637;0.34483793
0.056573123;0.010363637;0.33693281
0.058549408;0.010363637;0.33693281
0.058549408;0.010363637;0.33693281
0.058549408;0.010363637;0.34483793
0.058549408;0.010363637;0.33693281
0.060525693;0.010363637;0.34483793
0.062501974;0.010363637;0.33693281
0.062501974;0.0083873514;0.33693281
0.062501974;0.010363637;0.33693281
0.062501974;0.010363637;0.34483793
0.062501974;0.010363637;0.33693281
0.064478263;0.010363637;0.33693281
0.064478263;0.010363637;0.34483793
0.064478263;0.010363637;0.33693281
0.066454545;0.010363637;0.33693281
0.064478263;0.0083873514;0.33693281
0.066454545;0.010363637;0.34483793
0.068430834;0.0083873514;0.33693281
0.068430834;0.0083873514;0.33693281
0.068430834;0.0083873514;0.33693281
0.068430834;0.0083873514;0.33693281
0.070407115;0.0083873514;0.33693281
0.072383396;0.0083873514;0.34483793
0.070407115;0.0083873514;0.33693281
0.072383396;0.010363637;0.34483793
0.072383396;0.0083873514;0.33693281
0.072383396;0.0083873514;0.33693281
0.072383396;0.0083873514;0.33693281
0.072383396;0.0083873514;0.33693281
0.072383396;0.0083873514;0.33693281
0.074359685;0.0083873514;0.33693281
0.072383396;0.0083873514;0.33693281
0.074359685;0.0083873514;0.33693281
0.074359685;0.0064110672;0.33693281
0.074359685;0.0064110672;0.33693281
0.076335967;0.0064110672;0.33693281
0.074359685;0.0064110672;0.33693281
0.076335967;0.0083873514;0.33693281
0.076335967;0.0064110672;0.34483793
0.076335967;0.0064110672;0.34483793
0.076335967;0.0064110672;0.33693281
0.078312255;0.0064110672;0.33693281
0.078312255;0.0064110672;0.33693281
0.076335967;0.0064110672;0.34483793
0.078312255;0.0064110672;0.34483793
0.080288537;0.0064110672;0.33693281
0.078312255;0.0064110672;0.33693281
0.078312255;0.0064110672;0.33693281
0.078312255;0.0044347825;0.34483793
0.078312255;0.0044347825;0.33693281
0.078312255;0.0064110672;0.33693281
0.080288537;0.0044347825;0.33693281
0.078312255;0.0044347825;0.33693281
0.080288537;0.0044347825;0.33693281
0.078312255;0.0064110672;0.33693281
0.078312255;0.0044347825;0.33693281
0.078312255;0.0044347825;0.33693281
0.078312255;0.0044347825;0.33693281
0.078312255;0.0044347825;0.34483793
0.078312255;0.0044347825;0.33693281
0.076335967;0.0044347825;0.34483793
0.078312255;0.0024584981;0.34483793
0.078312255;0.0024584981;0.34483793
0.078312255;0.0044347825;0.34483793
0.076335967;0.0044347825;0.33693281
0.078312255;0.0044347825;0.34483793
0.076335967;0.0044347825;0.34483793
0.076335967;0.0024584981;0.33693281
0.076335967;0.0024584981;0.33693281
0.076335967;0.0024584981;0.33693281
0.076335967;0.0024584981;0.33693281
0.076335967;0.0024584981;0.33693281
0.076335967;0.0024584981;0.33693281
0.076335967;0.0024584981;0.33693281
0.074359685;0.0024584981;0.33693281
0.076335967;0.0024584981;0.33693281
0.076335967;0.0024584981;0.33693281
0.074359685;0.0024584981;0.33693281
0.074359685;0.0024584981;0.33693281
0.072383396;0.0024584981;0.34483793
0.074359685;0.0024584981;0.34483793
0.072383396;0.00048221345;0.33693281
0.072383396;0.00048221345;0.34483793
0.072383396;0.00048221345;0.33693281
0.072383396;-0.0014940711;0.33693281
0.070407115;0.00048221345;0.33693281
0.070407115;0.00048221345;0.33693281
0.070407115;0.00048221345;0.33693281
0.070407115;0.00048221345;0.33693281
0.070407115;0.00048221345;0.32902768
0.070407115;0.00048221345;0.33693281
0.068430834;0.00048221345;0.33693281
0.068430834;0.00048221345;0.33693281
0.066454545;0.00048221345;0.33693281
0.068430834;0.00048221345;0.33693281
0.066454545;0.00048221345;0.33693281
0.066454545;0.00048221345;0.34483793
0.064478263;0.00048221345;0.33693281
0.064478263;-0.0014940711;0.33693281
0.064478263;-0.0014940711;0.33693281
0.064478263;-0.0014940711;0.33693281
0.062501974;-0.0014940711;0.33693281
0.060525693;0.00048221345;0.34483793
0.062501974;-0.0014940711;0.33693281
0.060525693;0.00048221345;0.33693281
0.060525693;-0.0014940711;0.33693281
0.060525693;0.00048221345;0.33693281
0.058549408;-0.0014940711;0.34483793
0.056573123;-0.0014940711;0.33693281
0.056573123;-0.0014940711;0.34483793
0.056573123;-0.0014940711;0.33693281
0.056573123;-0.0014940711;0.34483793
0.054596838;-0.0034703556;0.34483793
0.054596838;-0.0014940711;0.33693281
0.054596838;-0.0014940711;0.34483793
0.052620552;-0.0014940711;0.33693281
0.052620552;-0.0034703556;0.33693281
0.052620552;-0.0034703556;0.33693281
0.050644267;-0.0034703556;0.34483793
0.050644267;-0.0034703556;0.33693281
0.048667986;-0.0034703556;0.33693281
0.046691701;-0.0034703556;0.33693281
0.046691701;-0.0034703556;0.33693281
0.046691701;-0.0014940711;0.33693281
0.046691701;-0.0034703556;0.33693281
0.044715416;-0.0034703556;0.33693281
0.044715416;-0.0034703556;0.34483793
0.044715416;-0.0034703556;0.33693281
0.042739131;-0.0014940711;0.33693281
0.040762845;-0.0034703556;0.33693281
0.040762845;-0.0034703556;0.33693281
0.040762845;-0.0054466403;0.33693281
0.03878656;-0.0034703556;0.33693281
0.03878656;-0.0034703556;0.34483793
0.036810275;-0.0054466403;0.33693281
0.036810275;-0.0034703556;0.34483793
0.036810275;-0.0034703556;0.33693281
0.034833994;-0.0034703556;0.33693281
0.032857709;-0.0054466403;0.33693281
0.032857709;-0.0034703556;0.33693281
0.034833994;-0.0054466403;0.33693281
0.030881424;-0.0054466403;0.33693281
0.030881424;-0.0034703556;0.33693281
0.030881424;-0.0054466403;0.33693281
0.028905138;-0.0054466403;0.33693281
0.028905138;-0.0054466403;0.33693281
0.026928853;-0.0054466403;0.33693281
0.026928853;-0.0054466403;0.33693281
0.026928853;-0.0054466403;0.34483793
0.02495257;-0.0054466403;0.33693281
0.022976285;-0.0054466403;0.34483793
0.022976285;-0.0054466403;0.33693281
0.022976285;-0.0054466403;0.34483793
0.021;-0.0054466403;0.33693281
0.021;-0.0054466403;0.33693281
0.021;-0.0054466403;0.33693281
0.019023715;-0.0054466403;0.34483793
0.019023715;-0.007422925;0.33693281
0.017047431;-0.007422925;0.33693281
0.019023715;-0.0054466403;0.33693281
0.017047431;-0.0054466403;0.33693281
0.015071146;-0.0054466403;0.33693281
0.013094862;-0.007422925;0.33693281
0.013094862;-0.0054466403;0.33693281
0.013094862;-0.0054466403;0.34483793
0.011118577;-0.0054466403;0.33693281
0.011118577;-0.0054466403;0.34483793
0.011118577;-0.007422925;0.33693281
0.007166008;-0.007422925;0.33693281
0.007166008;-0.007422925;0.34483793
0.007166008;-0.007422925;0.33693281
0.007166008;-0.007422925;0.33693281
0.0051897233;-0.007422925;0.33693281
0.0032134387;-0.007422925;0.33693281
0.0032134387;-0.007422925;0.33693281
0.0032134387;-0.007422925;0.33693281
0.0012371541;-0.007422925;0.33693281
0.0012371541;-0.007422925;0.33693281
0.0012371541;-0.007422925;0.33693281
-0.00073913042;-0.007422925;0.33693281
-0.0027154151;-0.007422925;0.33693281
-0.00073913042;-0.007422925;0.33693281
-0.0027154151;-0.007422925;0.32902768
-0.0046916995;-0.007422925;0.33693281
-0.0027154151;-0.007422925;0.33693281
-0.0066679842;-0.0093992092;0.34483793
-0.0066679842;-0.007422925;0.33693281
-0.0066679842;-0.0093992092;0.33693281
-0.0086442688;-0.007422925;0.33693281
-0.0086442688;-0.0093992092;0.33693281
-0.0086442688;-0.0093992092;0.33693281
-0.010620553;-0.0093992092;0.33693281
-0.012596838;-0.0093992092;0.33693281
-0.010620553;-0.0093992092;0.33693281
-0.012596838;-0.0093992092;0.33693281
-0.012596838;-0.0093992092;0.33693281
-0.012596838;-0.011375494;0.33693281
-0.014573122;-0.011375494;0.33693281
-0.014573122;-0.0093992092;0.34483793
-0.016549407;-0.011375494;0.33693281
-0.016549407;-0.0093992092;0.33693281
-0.016549407;-0.0093992092;0.33693281
-0.018525692;-0.011375494;0.33693281
-0.018525692;-0.0093992092;0.33693281
-0.018525692;-0.0093992092;0.33693281
-0.018525692;-0.011375494;0.34483793
-0.020501977;-0.0093992092;0.33693281
-0.020501977;-0.0093992092;0.34483793
-0.020501977;-0.0093992092;0.33693281
-0.020501977;-0.011375494;0.33693281
-0.02247826;-0.011375494;0.33693281
-0.02247826;-0.011375494;0.33693281
-0.02247826;-0.011375494;0.32902768
-0.024454545;-0.011375494;0.33693281
-0.024454545;-0.011375494;0.33693281
-0.024454545;-0.011375494;0.34483793
-0.024454545;-0.011375494;0.33693281
-0.024454545;-0.011375494;0.33693281
-0.02643083;-0.011375494;0.33693281
-0.02643083;-0.011375494;0.33693281
-0.02643083;-0.011375494;0.33693281
-0.024454545;-0.011375494;0.33693281
-0.028407115;-0.011375494;0.34483793
-0.028407115;-0.011375494;0.33693281
-0.028407115;-0.011375494;0.33693281
-0.028407115;-0.011375494;0.33693281
-0.028407115;-0.011375494;0.33693281
-0.030383399;-0.013351778;0.33693281
-0.030383399;-0.013351778;0.33693281
-0.030383399;-0.011375494;0.34483793
-0.032359682;-0.011375494;0.34483793
-0.032359682;-0.011375494;0.33693281
-0.032359682;-0.013351778;0.34483793
-0.030383399;-0.013351778;0.33693281
-0.032359682;-0.013351778;0.33693281
-0.032359682;-0.013351778;0.33693281
-0.030383399;-0.011375494;0.33693281
-0.032359682;-0.013351778;0.33693281
-0.032359682;-0.013351778;0.33693281
-0.032359682;-0.013351778;0.33693281
-0.034335967;-0.013351778;0.34483793
-0.032359682;-0.013351778;0.34483793
-0.032359682;-0.013351778;0.33693281
-0.032359682;-0.013351778;0.33693281
-0.032359682;-0.013351778;0.33693281
-0.034335967;-0.013351778;0.33693281
-0.034335967;-0.013351778;0.33693281
-0.032359682;-0.013351778;0.33693281
-0.032359682;-0.013351778;0.33693281
-0.034335967;-0.013351778;0.33693281
-0.034335967;-0.013351778;0.33693281
-0.034335967;-0.013351778;0.33693281
-0.034335967;-0.015328064;0.34483793
-0.032359682;-0.015328064;0.34483793
-0.032359682;-0.015328064;0.33693281
-0.032359682;-0.015328064;0.33693281
-0.032359682;-0.015328064;0.34483793
-0.032359682;-0.015328064;0.33693281
-0.032359682;-0.015328064;0.34483793
-0.032359682;-0.015328064;0.33693281
-0.032359682;-0.013351778;0.33693281
-0.032359682;-0.013351778;0.33693281
-0.030383399;-0.015328064;0.33693281
-0.032359682;-0.015328064;0.33693281
-0.032359682;-0.015328064;0.33693281
-0.032359682;-0.015328064;0.34483793
-0.032359682;-0.015328064;0.33693281
-0.032359682;-0.015328064;0.33693281
-0.032359682;-0.015328064;0.34483793
-0.032359682;-0.015328064;0.34483793
-0.030383399;-0.017304348;0.33693281
-0.030383399;-0.015328064;0.33693281
-0.030383399;-0.015328064;0.32902768
-0.030383399;-0.017304348;0.33693281
-0.030383399;-0.015328064;0.34483793
-0.030383399;-0.015328064;0.33693281
-0.030383399;-0.015328064;0.33693281
-0.028407115;-0.013351778;0.33693281
-0.028407115;-0.017304348;0.34483793
-0.02643083;-0.015328064;0.32902768
-0.028407115;-0.017304348;0.34483793
-0.02643083;-0.015328064;0.34483793
-0.024454545;-0.015328064;0.33693281
-0.02643083;-0.015328064;0.33693281
-0.024454545;-0.017304348;0.34483793
-0.024454545;-0.017304348;0.34483793
-0.024454545;-0.015328064;0.33693281
-0.02247826;-0.017304348;0.33693281
-0.02247826;-0.017304348;0.33693281
-0.020501977;-0.017304348;0.34483793
-0.020501977;-0.017304348;0.33693281
-0.020501977;-0.017304348;0.33693281
-0.020501977;-0.017304348;0.33693281
-0.020501977;-0.017304348;0.34483793
-0.018525692;-0.019280633;0.33693281
-0.018525692;-0.017304348;0.33693281
-0.016549407;-0.017304348;0.33693281
-0.016549407;-0.017304348;0.33693281
-0.018525692;-0.017304348;0.33693281
-0.016549407;-0.017304348;0.32902768
-0.014573122;-0.017304348;0.33693281
-0.014573122;-0.017304348;0.33693281
-0.014573122;-0.017304348;0.33693281
-0.012596838;-0.017304348;0.33693281
-0.012596838;-0.017304348;0.33693281
-0.010620553;-0.017304348;0.33693281
-0.010620553;-0.017304348;0.33693281
-0.010620553;-0.017304348;0.34483793
-0.0086442688;-0.017304348;0.33693281
-0.0086442688;-0.017304348;0.34483793
-0.0086442688;-0.019280633;0.33693281
-0.0066679842;-0.017304348;0.34483793
-0.0066679842;-0.017304348;0.33693281
-0.0066679842;-0.017304348;0.34483793
-0.0066679842;-0.019280633;0.33693281
-0.0046916995;-0.017304348;0.33693281
-0.0046916995;-0.019280633;0.33693281
-0.0046916995;-0.017304348;0.33693281
-0.0027154151;-0.019280633;0.33693281
-0.00073913042;-0.019280633;0.33693281
-0.00073913042;-0.019280633;0.33693281
0.0012371541;-0.019280633;0.33693281
-0.00073913042;-0.019280633;0.33693281
0.0012371541;-0.019280633;0.34483793
0.0012371541;-0.017304348;0.33693281
0.0032134387;-0.019280633;0.34483793
0.0051897233;-0.019280633;0.33693281
0.0051897233;-0.019280633;0.33693281
0.007166008;-0.019280633;0.33693281
0.007166008;-0.019280633;0.33693281
0.007166008;-0.019280633;0.33693281
0.0091422927;-0.019280633;0.34483793
0.0091422927;-0.019280633;0.33693281
0.011118577;-0.019280633;0.33693281
0.011118577;-0.019280633;0.33693281
0.013094862;-0.019280633;0.34483793
0.013094862;-0.019280633;0.34483793
0.013094862;-0.021256916;0.33693281
0.015071146;-0.019280633;0.33693281
0.015071146;-0.019280633;0.34483793
0.017047431;-0.019280633;0.34483793
0.017047431;-0.019280633;0.34483793
0.017047431;-0.019280633;0.32902768
0.021;-0.019280633;0.34483793
0.019023715;-0.019280633;0.33693281
0.021;-0.021256916;0.33693281
0.021;-0.021256916;0.33693281
0.022976285;-0.019280633;0.33693281
0.022976285;-0.019280633;0.33693281
0.022976285;-0.021256916;0.32902768
0.026928853;-0.019280633;0.33693281
0.02495257;-0.019280633;0.33693281
0.026928853;-0.021256916;0.34483793
0.028905138;-0.019280633;0.33693281
0.028905138;-0.021256916;0.33693281
0.028905138;-0.019280633;0.33693281
0.030881424;-0.021256916;0.33693281
0.032857709;-0.021256916;0.34483793
0.030881424;-0.021256916;0.33693281
0.032857709;-0.021256916;0.33693281
0.032857709;-0.019280633;0.33693281
0.034833994;-0.021256916;0.34483793
0.034833994;-0.023233201;0.33693281
0.036810275;-0.021256916;0.33693281
0.036810275;-0.021256916;0.34483793
0.03878656;-0.023233201;0.33693281
0.03878656;-0.021256916;0.34483793
0.040762845;-0.019280633;0.33693281
0.040762845;-0.021256916;0.34483793
0.042739131;-0.021256916;0.33693281
0.042739131;-0.021256916;0.33693281
0.044715416;-0.021256916;0.32902768
0.042739131;-0.021256916;0.33693281
0.044715416;-0.021256916;0.33693281
0.046691701;-0.021256916;0.33693281
0.046691701;-0.021256916;0.33693281
0.046691701;-0.021256916;0.33693281
0.048667986;-0.021256916;0.34483793
0.048667986;-0.023233201;0.33693281
0.048667986;-0.021256916;0.33693281
0.050644267;-0.021256916;0.33693281
0.052620552;-0.021256916;0.33693281
0.052620552;-0.021256916;0.33693281
0.052620552;-0.021256916;0.33693281
0.054596838;-0.023233201;0.33693281
0.054596838;-0.023233201;0.34483793
0.054596838;-0.021256916;0.34483793
0.054596838;-0.023233201;0.33693281
0.056573123;-0.021256916;0.34483793
0.056573123;-0.023233201;0.33693281
0.056573123;-0.023233201;0.33693281
0.058549408;-0.023233201;0.34483793
0.058549408;-0.023233201;0.33693281
0.060525693;-0.021256916;0.33693281
0.060525693;-0.023233201;0.34483793
0.060525693;-0.023233201;0.33693281
0.062501974;-0.023233201;0.33693281
0.060525693;-0.023233201;0.33693281
0.062501974;-0.023233201;0.33693281
0.064478263;-0.023233201;0.33693281
0.062501974;-0.021256916;0.34483793
0.066454545;-0.023233201;0.33693281
0.064478263;-0.025209486;0.33693281
0.064478263;-0.021256916;0.33693281
0.066454545;-0.023233201;0.33693281
0.066454545;-0.023233201;0.33693281
0.068430834;-0.023233201;0.34483793
0.068430834;-0.023233201;0.33693281
0.068430834;-0.023233201;0.33693281
0.070407115;-0.023233201;0.33693281
0.070407115;-0.023233201;0.34483793
0.070407115;-0.025209486;0.33693281
0.070407115;-0.023233201;0.33693281
0.070407115;-0.023233201;0.34483793
0.072383396;-0.023233201;0.33693281
0.072383396;-0.023233201;0.33693281
0.072383396;-0.023233201;0.34483793
0.074359685;-0.023233201;0.33693281
0.074359685;-0.023233201;0.34483793
0.072383396;-0.023233201;0.33693281
0.074359685;-0.021256916;0.33693281
0.074359685;-0.023233201;0.33693281
0.074359685;-0.023233201;0.33693281
0.074359685;-0.023233201;0.33693281
0.076335967;-0.023233201;0.33693281
0.076335967;-0.023233201;0.34483793
0.074359685;-0.023233201;0.34483793
0.076335967;-0.023233201;0.33693281
0.076335967;-0.023233201;0.33693281
0.078312255;-0.023233201;0.34483793
0.074359685;-0.025209486;0.34483793
0.076335967;-0.025209486;0.33693281
0.076335967;-0.023233201;0.33693281
0.078312255;-0.023233201;0.34483793
0.080288537;-0.023233201;0.33693281
0.078312255;-0.023233201;0.33693281
0.078312255;-0.025209486;0.34483793
0.080288537;-0.025209486;0.34483793
0.078312255;-0.025209486;0.34483793
0.076335967;-0.025209486;0.33693281
0.078312255;-0.025209486;0.33693281
0.078312255;-0.023233201;0.33693281
0.080288537;-0.023233201;0.34483793
0.078312255;-0.023233201;0.33693281
0.078312255;-0.025209486;0.34483793
0.080288537;-0.025209486;0.34483793
0.078312255;-0.023233201;0.33693281
0.078312255;-0.025209486;0.33693281
0.080288537;-0.025209486;0.33693281
0.078312255;-0.023233201;0.34483793
0.076335967;-0.025209486;0.33693281
0.078312255;-0.023233201;0.33693281
0.078312255;-0.023233201;0.33693281
0.076335967;-0.023233201;0.33693281
0.076335967;-0.023233201;0.34483793
0.076335967;-0.023233201;0.33693281
0.076335967;-0.023233201;0.33693281
0.076335967;-0.025209486;0.33693281
0.076335967;-0.025209486;0.33693281
0.076335967;-0.023233201;0.33693281
0.076335967;-0.025209486;0.33693281
0.076335967;-0.023233201;0.33693281
0.076335967;-0.025209486;0.34483793
0.074359685;-0.025209486;0.33693281
0.074359685;-0.025209486;0.34483793
0.074359685;-0.023233201;0.34483793
0.072383396;-0.025209486;0.33693281
0.072383396;-0.025209486;0.33693281
0.074359685;-0.025209486;0.33693281
0.074359685;-0.025209486;0.33693281
0.072383396;-0.025209486;0.33693281
0.072383396;-0.025209486;0.32902768
0.072383396;-0.023233201;0.34483793
0.070407115;-0.023233201;0.33693281
0.070407115;-0.023233201;0.33693281
0.070407115;-0.025209486;0.33693281
0.070407115;-0.025209486;0.33693281
0.070407115;-0.025209486;0.33693281
0.070407115;-0.025209486;0.33693281
0.068430834;-0.025209486;0.34483793
0.068430834;-0.023233201;0.33693281
0.068430834;-0.025209486;0.33693281
0.066454545;-0.025209486;0.33693281
0.066454545;-0.025209486;0.33693281
0.064478263;-0.025209486;0.33693281
0.066454545;-0.025209486;0.33693281
0.064478263;-0.025209486;0.33693281
0.066454545;-0.025209486;0.34483793
0.064478263;-0.025209486;0.33693281
0.064478263;-0.023233201;0.34483793
0.062501974;-0.025209486;0.33693281
0.060525693;-0.025209486;0.34483793
0.060525693;-0.025209486;0.33693281
0.060525693;-0.025209486;0.33693281
0.060525693;-0.025209486;0.33693281
0.058549408;-0.025209486;0.33693281
0.058549408;-0.025209486;0.33693281
0.056573123;-0.025209486;0.34483793
0.058549408;-0.025209486;0.33693281
0.056573123;-0.025209486;0.33693281
0.056573123;-0.025209486;0.33693281
0.054596838;-0.025209486;0.33693281
0.054596838;-0.025209486;0.33693281
0.052620552;-0.025209486;0.33693281
0.052620552;-0.025209486;0.33693281
0.052620552;-0.025209486;0.34483793
0.052620552;-0.025209486;0.33693281
0.050644267;-0.027185772;0.34483793
0.048667986;-0.025209486;0.33693281
0.048667986;-0.025209486;0.33693281
0.048667986;-0.027185772;0.33693281
0.048667986;-0.025209486;0.33693281
0.046691701;-0.025209486;0.34483793
0.044715416;-0.025209486;0.33693281
0.046691701;-0.025209486;0.33693281
0.046691701;-0.025209486;0.34483793
0.044715416;-0.025209486;0.33693281
0.042739131;-0.025209486;0.33693281
0.040762845;-0.025209486;0.34483793
0.040762845;-0.025209486;0.32902768
0.03878656;-0.025209486;0.33693281
0.040762845;-0.027185772;0.33693281
0.040762845;-0.025209486;0.33693281
0.036810275;-0.025209486;0.34483793
0.034833994;-0.025209486;0.33693281
0.034833994;-0.025209486;0.32902768
0.034833994;-0.027185772;0.33693281
0.032857709;-0.025209486;0.33693281
0.032857709;-0.025209486;0.33693281
0.032857709;-0.027185772;0.34483793
0.030881424;-0.025209486;0.34483793
0.030881424;-0.025209486;0.33693281
0.030881424;-0.025209486;0.33693281
0.030881424;-0.025209486;0.34483793
0.026928853;-0.025209486;0.34483793
0.026928853;-0.025209486;0.33693281
0.028905138;-0.025209486;0.33693281
0.026928853;-0.027185772;0.33693281
0.02495257;-0.025209486;0.34483793
0.022976285;-0.025209486;0.33693281
0.022976285;-0.025209486;0.33693281
0.022976285;-0.025209486;0.34483793
0.021;-0.025209486;0.33693281
0.021;-0.025209486;0.34483793
0.019023715;-0.025209486;0.34483793
0.017047431;-0.025209486;0.33693281
0.017047431;-0.025209486;0.33693281
0.017047431;-0.025209486;0.33693281
0.017047431;-0.025209486;0.33693281
0.015071146;-0.025209486;0.34483793
0.015071146;-0.023233201;0.33693281
0.013094862;-0.025209486;0.33693281
0.011118577;-0.025209486;0.33693281
0.011118577;-0.025209486;0.33693281
0.011118577;-0.025209486;0.33693281
0.0091422927;-0.025209486;0.33693281
0.0091422927;-0.025209486;0.33693281
0.007166008;-0.025209486;0.33693281
0.007166008;-0.025209486;0.33693281
0.0051897233;-0.025209486;0.34483793
0.0051897233;-0.027185772;0.33693281
0.0051897233;-0.027185772;0.33693281
0.0032134387;-0.025209486;0.33693281
0.0032134387;-0.025209486;0.33693281
0.0032134387;-0.025209486;0.33693281
0.0012371541;-0.025209486;0.33693281
-0.00073913042;-0.025209486;0.33693281
-0.0027154151;-0.025209486;0.33693281
-0.0027154151;-0.025209486;0.33693281
-0.0027154151;-0.025209486;0.34483793
-0.0027154151;-0.025209486;0.34483793
-0.0027154151;-0.025209486;0.33693281
-0.0046916995;-0.025209486;0.33693281
-0.0066679842;-0.025209486;0.33693281
-0.0066679842;-0.025209486;0.34483793
-0.0066679842;-0.025209486;0.33693281
-0.0066679842;-0.025209486;0.33693281
-0.010620553;-0.025209486;0.34483793
-0.010620553;-0.025209486;0.33693281
-0.0086442688;-0.025209486;0.33693281
-0.010620553;-0.025209486;0.34483793
-0.010620553;-0.025209486;0.33693281
-0.010620553;-0.025209486;0.33693281
-0.012596838;-0.023233201;0.34483793
-0.012596838;-0.025209486;0.33693281
-0.012596838;-0.025209486;0.34483793
-0.014573122;-0.027185772;0.33693281
-0.014573122;-0.027185772;0.33693281
-0.016549407;-0.025209486;0.33693281
-0.016549407;-0.025209486;0.33693281
-0.016549407;-0.025209486;0.34483793
-0.016549407;-0.025209486;0.33693281
-0.018525692;-0.025209486;0.34483793
-0.020501977;-0.025209486;0.34483793
-0.020501977;-0.025209486;0.34483793
-0.020501977;-0.027185772;0.33693281
-0.020501977;-0.025209486;0.34483793
-0.02247826;-0.025209486;0.33693281
-0.02247826;-0.025209486;0.34483793
-0.020501977;-0.025209486;0.33693281
-0.02247826;-0.025209486;0.33693281
-0.02247826;-0.025209486;0.33693281
-0.024454545;-0.025209486;0.33693281
-0.024454545;-0.025209486;0.33693281
-0.024454545;-0.025209486;0.34483793
-0.02643083;-0.025209486;0.34483793
-0.02643083;-0.025209486;0.33693281
-0.02643083;-0.023233201;0.33693281
-0.028407115;-0.025209486;0.33693281
-0.02643083;-0.023233201;0.34483793
-0.028407115;-0.025209486;0.33693281
-0.028407115;-0.025209486;0.33693281
-0.028407115;-0.025209486;0.33693281
-0.030383399;-0.025209486;0.33693281
-0.028407115;-0.025209486;0.33693281
-0.030383399;-0.025209486;0.33693281
-0.030383399;-0.023233201;0.33693281
-0.028407115;-0.025209486;0.33693281
-0.032359682;-0.023233201;0.33693281
-0.032359682;-0.023233201;0.33693281
-0.030383399;-0.025209486;0.33693281
-0.032359682;-0.023233201;0.33693281
-0.032359682;-0.025209486;0.33693281
-0.032359682;-0.023233201;0.34483793
-0.032359682;-0.023233201;0.34483793
-0.032359682;-0.025209486;0.33693281
-0.032359682;-0.025209486;0.33693281
-0.034335967;-0.023233201;0.33693281
-0.032359682;-0.025209486;0.33693281
-0.032359682;-0.023233201;0.34483793
-0.032359682;-0.023233201;0.34483793
-0.032359682;-0.025209486;0.33693281
-0.034335967;-0.023233201;0.34483793
-0.032359682;-0.023233201;0.33693281
-0.034335967;-0.025209486;0.33693281
-0.032359682;-0.023233201;0.33693281
-0.034335967;-0.025209486;0.34483793
-0.034335967;-0.025209486;0.33693281
-0.032359682;-0.025209486;0.33693281
-0.034335967;-0.023233201;0.33693281
-0.032359682;-0.023233201;0.33693281
-0.032359682;-0.025209486;0.34483793
-0.034335967;-0.023233201;0.33693281
-0.032359682;-0.025209486;0.34483793
-0.034335967;-0.025209486;0.33693281
-0.032359682;-0.023233201;0.33693281
-0.032359682;-0.025209486;0.34483793
-0.030383399;-0.023233201;0.34483793
-0.032359682;-0.023233201;0.33693281
-0.032359682;-0.023233201;0.33693281
-0.032359682;-0.023233201;0.33693281
-0.032359682;-0.025209486;0.34483793
-0.032359682;-0.023233201;0.33693281
-0.030383399;-0.023233201;0.33693281
-0.030383399;-0.023233201;0.33693281
-0.030383399;-0.023233201;0.33693281
-0.030383399;-0.023233201;0.33693281
-0.030383399;-0.023233201;0.34483793
-0.030383399;-0.025209486;0.33693281
-0.030383399;-0.023233201;0.33693281
-0.030383399;-0.023233201;0.33693281
-0.030383399;-0.023233201;0.33693281
-0.030383399;-0.025209486;0.33693281
-0.028407115;-0.023233201;0.34483793
-0.028407115;-0.023233201;0.33693281
-0.02643083;-0.023233201;0.33693281
-0.028407115;-0.021256916;0.33693281
-0.028407115;-0.023233201;0.34483793
-0.02643083;-0.023233201;0.33693281
-0.02643083;-0.021256916;0.34483793
-0.024454545;-0.023233201;0.34483793
-0.024454545;-0.023233201;0.33693281
-0.02643083;-0.021256916;0.34483793
-0.02247826;-0.023233201;0.33693281
-0.02247826;-0.023233201;0.33693281
-0.02247826;-0.021256916;0.33693281
-0.02247826;-0.021256916;0.33693281
-0.020501977;-0.021256916;0.33693281
-0.020501977;-0.021256916;0.33693281
-0.020501977;-0.023233201;0.33693281
-0.018525692;-0.021256916;0.33693281
-0.020501977;-0.021256916;0.33693281
-0.018525692;-0.021256916;0.34483793
-0.018525692;-0.021256916;0.34483793
-0.018525692;-0.023233201;0.33693281
-0.018525692;-0.021256916;0.33693281
-0.016549407;-0.021256916;0.34483793
-0.016549407;-0.021256916;0.33693281
-0.016549407;-0.021256916;0.34483793
-0.014573122;-0.023233201;0.33693281
-0.014573122;-0.021256916;0.33693281
-0.012596838;-0.021256916;0.34483793
-0.010620553;-0.021256916;0.33693281
-0.010620553;-0.021256916;0.34483793
-0.010620553;-0.021256916;0.34483793
-0.010620553;-0.021256916;0.33693281
-0.010620553;-0.021256916;0.33693281
-0.0086442688;-0.021256916;0.33693281
-0.0086442688;-0.019280633;0.33693281
-0.0066679842;-0.021256916;0.33693281
-0.0066679842;-0.021256916;0.33693281
-0.0066679842;-0.021256916;0.33693281
-0.0046916995;-0.021256916;0.33693281
-0.0046916995;-0.021256916;0.33693281
-0.0027154151;-0.021256916;0.33693281
-0.0027154151;-0.021256916;0.33693281
-0.0027154151;-0.019280633;0.33693281
-0.0027154151;-0.021256916;0.33693281
0.0012371541;-0.021256916;0.33693281
-0.00073913042;-0.021256916;0.33693281
-0.00073913042;-0.021256916;0.33693281
0.0032134387;-0.021256916;0.33693281
0.0032134387;-0.023233201;0.34483793
0.0032134387;-0.019280633;0.34483793
0.007166008;-0.021256916;0.34483793
0.0051897233;-0.021256916;0.33693281
0.007166008;-0.021256916;0.33693281
0.007166008;-0.019280633;0.33693281
0.007166008;-0.021256916;0.33693281
0.0091422927;-0.021256916;0.34483793
0.011118577;-0.019280633;0.34483793
0.011118577;-0.021256916;0.33693281
0.013094862;-0.021256916;0.33693281
0.011118577;-0.021256916;0.34483793
0.011118577;-0.019280633;0.34483793
0.013094862;-0.021256916;0.33693281
0.013094862;-0.019280633;0.33693281
0.017047431;-0.019280633;0.33693281
0.015071146;-0.019280633;0.33693281
0.017047431;-0.019280633;0.33693281
0.017047431;-0.019280633;0.33693281
0.019023715;-0.019280633;0.33693281
0.021;-0.019280633;0.34483793
0.021;-0.019280633;0.34483793
0.02495257;-0.019280633;0.32902768
0.022976285;-0.021256916;0.33693281
0.022976285;-0.019280633;0.33693281
0.02495257;-0.019280633;0.33693281
0.026928853;-0.019280633;0.33693281
0.026928853;-0.019280633;0.33693281
0.026928853;-0.019280633;0.33693281
0.028905138;-0.019280633;0.33693281
0.028905138;-0.019280633;0.33693281
0.030881424;-0.019280633;0.33693281
0.030881424;-0.019280633;0.33693281
0.032857709;-0.019280633;0.33693281
0.032857709;-0.019280633;0.33693281
0.032857709;-0.019280633;0.34483793
0.036810275;-0.019280633;0.33693281
0.034833994;-0.019280633;0.33693281
0.036810275;-0.017304348;0.34483793
0.036810275;-0.019280633;0.33693281
0.036810275;-0.019280633;0.33693281
0.03878656;-0.019280633;0.33693281
0.03878656;-0.019280633;0.33693281
0.040762845;-0.019280633;0.34483793
0.040762845;-0.017304348;0.33693281
0.042739131;-0.019280633;0.33693281
0.042739131;-0.017304348;0.33693281
0.042739131;-0.019280633;0.34483793
0.044715416;-0.019280633;0.33693281
0.046691701;-0.017304348;0.33693281
0.044715416;-0.017304348;0.33693281
0.046691701;-0.017304348;0.33693281
0.048667986;-0.017304348;0.33693281
0.048667986;-0.017304348;0.33693281
0.048667986;-0.017304348;0.33693281
0.048667986;-0.017304348;0.34483793
0.050644267;-0.019280633;0.33693281
0.052620552;-0.017304348;0.33693281
0.052620552;-0.017304348;0.34483793
0.052620552;-0.017304348;0.33693281
0.054596838;-0.017304348;0.33693281
0.054596838;-0.015328064;0.34483793
0.056573123;-0.017304348;0.33693281
0.054596838;-0.017304348;0.33693281
0.056573123;-0.017304348;0.34483793
0.056573123;-0.017304348;0.33693281
0.056573123;-0.017304348;0.33693281
0.060525693;-0.019280633;0.33693281
0.058549408;-0.017304348;0.33693281
0.060525693;-0.017304348;0.33693281
0.062501974;-0.017304348;0.33693281
0.062501974;-0.017304348;0.33693281
0.062501974;-0.015328064;0.33693281
0.062501974;-0.017304348;0.34483793
0.062501974;-0.015328064;0.33693281
0.064478263;-0.017304348;0.33693281
0.064478263;-0.015328064;0.33693281
0.064478263;-0.017304348;0.34483793
0.066454545;-0.015328064;0.33693281
0.066454545;-0.017304348;0.33693281
0.068430834;-0.017304348;0.33693281
0.068430834;-0.015328064;0.33693281
0.066454545;-0.015328064;0.33693281
0.070407115;-0.013351778;0.33693281
0.068430834;-0.015328064;0.33693281
0.070407115;-0.017304348;0.34483793
0.070407115;-0.015328064;0.34483793
0.070407115;-0.015328064;0.33693281
0.072383396;-0.015328064;0.35274309
0.072383396;-0.015328064;0.33693281
0.072383396;-0.015328064;0.32902768
0.072383396;-0.015328064;0.34483793
0.072383396;-0.015328064;0.33693281
0.074359685;-0.013351778;0.32902768
0.074359685;-0.015328064;0.33693281
0.072383396;-0.015328064;0.33693281
0.074359685;-0.015328064;0.33693281
0.074359685;-0.013351778;0.33693281
0.076335967;-0.015328064;0.33693281
0.074359685;-0.015328064;0.33693281
0.076335967;-0.013351778;0.34483793
0.076335967;-0.015328064;0.33693281
0.076335967;-0.015328064;0.33693281
0.076335967;-0.015328064;0.34483793
0.078312255;-0.013351778;0.33693281
0.078312255;-0.013351778;0.33693281
0.076335967;-0.013351778;0.33693281
0.076335967;-0.013351778;0.33693281
0.076335967;-0.013351778;0.33693281
0.078312255;-0.013351778;0.33693281
0.076335967;-0.013351778;0.34483793
0.076335967;-0.013351778;0.33693281
0.078312255;-0.013351778;0.34483793
0.076335967;-0.013351778;0.33693281
0.078312255;-0.013351778;0.33693281
0.078312255;-0.013351778;0.33693281
0.078312255;-0.013351778;0.33693281
0.076335967;-0.013351778;0.33693281
0.078312255;-0.013351778;0.33693281
0.076335967;-0.013351778;0.33693281
0.078312255;-0.013351778;0.33693281
0.076335967;-0.013351778;0.33693281
0.078312255;-0.011375494;0.33693281
0.078312255;-0.013351778;0.34483793
0.078312255;-0.013351778;0.33693281
0.078312255;-0.011375494;0.33693281
0.076335967;-0.011375494;0.33693281
0.078312255;-0.011375494;0.33693281
0.078312255;-0.013351778;0.33693281
0.076335967;-0.013351778;0.33693281
0.078312255;-0.011375494;0.33693281
0.076335967;-0.013351778;0.33693281
0.076335967;-0.013351778;0.33693281
0.076335967;-0.011375494;0.33693281
0.076335967;-0.011375494;0.32902768
0.076335967;-0.013351778;0.33693281
0.076335967;-0.011375494;0.34483793
0.076335967;-0.011375494;0.33693281
0.074359685;-0.011375494;0.33693281
0.074359685;-0.011375494;0.33693281
0.074359685;-0.011375494;0.34483793
0.074359685;-0.011375494;0.33693281
0.074359685;-0.0093992092;0.33693281
0.074359685;-0.011375494;0.33693281
0.074359685;-0.011375494;0.34483793
0.072383396;-0.0093992092;0.33693281
0.072383396;-0.0093992092;0.33693281
0.070407115;-0.011375494;0.34483793
0.072383396;-0.011375494;0.33693281
0.070407115;-0.011375494;0.33693281
0.070407115;-0.011375494;0.33693281
0.070407115;-0.0093992092;0.33693281
0.070407115;-0.0093992092;0.33693281
0.070407115;-0.0093992092;0.33693281
0.068430834;-0.0093992092;0.33693281
0.068430834;-0.0093992092;0.33693281
0.066454545;-0.011375494;0.33693281
0.068430834;-0.0093992092;0.33693281
0.066454545;-0.0093992092;0.33693281
0.066454545;-0.0093992092;0.33693281
0.066454545;-0.0093992092;0.33693281
0.064478263;-0.0093992092;0.33693281
0.064478263;-0.0093992092;0.33693281
0.064478263;-0.011375494;0.33693281
0.064478263;-0.0093992092;0.34483793
0.062501974;-0.0093992092;0.34483793
0.062501974;-0.0093992092;0.34483793
0.062501974;-0.0093992092;0.34483793
0.060525693;-0.007422925;0.33693281
0.058549408;-0.0093992092;0.34483793
0.058549408;-0.0093992092;0.33693281
0.058549408;-0.007422925;0.33693281
0.056573123;-0.007422925;0.33693281
0.058549408;-0.0093992092;0.33693281
0.058549408;-0.007422925;0.33693281
0.054596838;-0.0093992092;0.34483793
0.054596838;-0.0093992092;0.33693281
0.054596838;-0.007422925;0.34483793
0.052620552;-0.0093992092;0.34483793
0.052620552;-0.007422925;0.33693281
0.052620552;-0.007422925;0.33693281
0.050644267;-0.0054466403;0.33693281
0.050644267;-0.007422925;0.33693281
0.048667986;-0.0093992092;0.33693281
0.048667986;-0.007422925;0.34483793
0.048667986;-0.007422925;0.34483793
0.048667986;-0.007422925;0.33693281
0.046691701;-0.007422925;0.34483793
0.046691701;-0.0054466403;0.34483793
0.044715416;-0.007422925;0.33693281
0.044715416;-0.0054466403;0.33693281
0.042739131;-0.007422925;0.33693281
0.042739131;-0.0054466403;0.33693281
0.040762845;-0.0054466403;0.33693281
0.03878656;-0.0054466403;0.33693281
0.040762845;-0.0054466403;0.33693281
0.040762845;-0.0054466403;0.33693281
0.03878656;-0.0054466403;0.33693281
0.036810275;-0.007422925;0.33693281
0.03878656;-0.0054466403;0.33693281
0.034833994;-0.0054466403;0.33693281
0.034833994;-0.0054466403;0.34483793
0.034833994;-0.0054466403;0.34483793
0.032857709;-0.0054466403;0.33693281
0.032857709;-0.0054466403;0.33693281
0.030881424;-0.0054466403;0.33693281
0.030881424;-0.0054466403;0.34483793
0.028905138;-0.0054466403;0.33693281
0.028905138;-0.0054466403;0.33693281
0.026928853;-0.0054466403;0.33693281
0.026928853;-0.0054466403;0.33693281
0.026928853;-0.0054466403;0.34483793
0.026928853;-0.0054466403;0.34483793
0.02495257;-0.0054466403;0.33693281
0.02495257;-0.0034703556;0.33693281
0.022976285;-0.0034703556;0.33693281
0.021;-0.0034703556;0.34483793
0.021;-0.0054466403;0.33693281
0.021;-0.0054466403;0.33693281
0.019023715;-0.0034703556;0.34483793
0.019023715;-0.0034703556;0.33693281
0.017047431;-0.0034703556;0.33693281
0.017047431;-0.0054466403;0.33693281
0.017047431;-0.0054466403;0.34483793
0.015071146;-0.0054466403;0.34483793
0.015071146;-0.0054466403;0.33693281
0.015071146;-0.0034703556;0.33693281
0.011118577;-0.0034703556;0.33693281
0.013094862;-0.0034703556;0.33693281
0.011118577;-0.0034703556;0.33693281
0.0091422927;-0.0034703556;0.33693281
0.0091422927;-0.0034703556;0.33693281
0.007166008;-0.0034703556;0.33693281
0.007166008;-0.0034703556;0.33693281
0.0051897233;-0.0034703556;0.33693281
0.0051897233;-0.0014940711;0.34483793
0.0051897233;-0.0034703556;0.33693281
0.0032134387;-0.0014940711;0.33693281
0.0032134387;-0.0034703556;0.33693281
0.0032134387;-0.0034703556;0.33693281
-0.00073913042;-0.0034703556;0.33693281
-0.00073913042;-0.0034703556;0.33693281
-0.00073913042;-0.0034703556;0.33693281
-0.00073913042;-0.0034703556;0.33693281
-0.0027154151;-0.0034703556;0.34483793
-0.0027154151;-0.0034703556;0.33693281
-0.0046916995;-0.0014940711;0.33693281
-0.0066679842;-0.0014940711;0.33693281
-0.0066679842;-0.0014940711;0.33693281
-0.0066679842;-0.0014940711;0.33693281
-0.0066679842;-0.0014940711;0.34483793
-0.0086442688;-0.0014940711;0.34483793
-0.0086442688;-0.0014940711;0.33693281
-0.0086442688;-0.0014940711;0.33693281
-0.010620553;-0.0014940711;0.34483793
-0.010620553;0.00048221345;0.33693281
-0.010620553;-0.0014940711;0.33693281
-0.012596838;0.00048221345;0.34483793
-0.012596838;0.00048221345;0.33693281
-0.012596838;0.00048221345;0.33693281
-0.014573122;-0.0014940711;0.33693281
-0.014573122;-0.0014940711;0.33693281
-0.016549407;0.00048221345;0.32902768
-0.016549407;0.00048221345;0.33693281
-0.016549407;-0.0014940711;0.33693281
-0.016549407;0.00048221345;0.33693281
-0.018525692;0.00048221345;0.33693281
-0.018525692;0.00048221345;0.33693281
-0.018525692;0.00048221345;0.33693281
-0.020501977;0.00048221345;0.32902768
-0.018525692;0.0024584981;0.34483793
-0.020501977;0.0024584981;0.33693281
-0.02247826;0.0024584981;0.32902768
-0.02247826;0.00048221345;0.33693281
-0.02247826;0.00048221345;0.33693281
-0.02247826;0.0024584981;0.34483793
-0.02247826;0.00048221345;0.34483793
-0.024454545;0.00048221345;0.33693281
-0.024454545;0.0024584981;0.33693281
-0.024454545;0.0024584981;0.33693281
-0.02643083;0.0024584981;0.33693281
-0.02643083;0.00048221345;0.34483793
-0.02643083;0.0024584981;0.33693281
-0.02643083;0.0024584981;0.33693281
-0.02643083;0.0024584981;0.33693281
-0.02643083;0.0024584981;0.33693281
-0.028407115;0.0024584981;0.34483793
-0.028407115;0.00048221345;0.33693281
-0.028407115;0.0024584981;0.33693281
-0.028407115;0.00048221345;0.33693281
-0.028407115;0.0024584981;0.34483793
-0.028407115;0.0024584981;0.34483793
-0.030383399;0.0024584981;0.33693281
-0.032359682;0.0024584981;0.33693281
-0.030383399;0.0024584981;0.33693281
-0.032359682;0.0024584981;0.33693281
-0.032359682;0.0024584981;0.33693281
-0.032359682;0.0024584981;0.33693281
-0.032359682;0.0024584981;0.33693281
-0.032359682;0.0044347825;0.33693281
-0.032359682;0.0024584981;0.33693281
-0.032359682;0.0044347825;0.34483793
-0.032359682;0.0044347825;0.34483793
-0.032359682;0.0044347825;0.32902768
-0.032359682;0.0044347825;0.33693281
-0.034335967;0.0044347825;0.34483793
-0.032359682;0.0044347825;0.33693281
-0.032359682;0.0024584981;0.33693281
-0.034335967;0.0044347825;0.33693281
-0.032359682;0.0044347825;0.33693281
-0.034335967;0.0064110672;0.33693281
-0.034335967;0.0044347825;0.33693281
-0.034335967;0.0044347825;0.33693281
-0.034335967;0.0044347825;0.33693281
-0.032359682;0.0044347825;0.34483793
-0.034335967;0.0044347825;0.33693281
-0.032359682;0.0044347825;0.33693281
-0.032359682;0.0064110672;0.33693281
-0.032359682;0.0064110672;0.33693281
-0.032359682;0.0064110672;0.33693281
-0.032359682;0.0064110672;0.32902768
-0.030383399;0.0083873514;0.33693281
-0.032359682;0.0064110672;0.33693281
-0.030383399;0.0064110672;0.32902768
-0.032359682;0.0064110672;0.33693281
-0.030383399;0.0064110672;0.33693281
-0.030383399;0.0064110672;0.33693281
-0.030383399;0.0064110672;0.33693281
-0.030383399;0.0064110672;0.33693281
-0.032359682;0.0083873514;0.33693281
-0.030383399;0.0083873514;0.33693281
-0.030383399;0.0083873514;0.33693281
-0.030383399;0.0064110672;0.34483793
-0.030383399;0.0083873514;0.33693281
-0.028407115;0.0064110672;0.33693281
-0.030383399;0.0083873514;0.33693281
-0.028407115;0.0064110672;0.33693281
-0.028407115;0.0083873514;0.33693281
-0.028407115;0.0083873514;0.33693281
-0.028407115;0.0083873514;0.34483793
-0.02643083;0.010363637;0.34483793
-0.028407115;0.0083873514;0.33693281
-0.02643083;0.0083873514;0.34483793
-0.02643083;0.0083873514;0.33693281
-0.02643083;0.010363637;0.33693281
-0.024454545;0.0083873514;0.33693281
-0.024454545;0.0083873514;0.33693281
-0.024454545;0.0083873514;0.32902768
-0.024454545;0.0083873514;0.34483793
-0.024454545;0.0083873514;0.33693281
-0.02247826;0.0083873514;0.33693281
-0.02247826;0.0083873514;0.33693281
-0.020501977;0.010363637;0.33693281
-0.020501977;0.010363637;0.34483793
-0.018525692;0.010363637;0.33693281
-0.020501977;0.010363637;0.34483793
-0.020501977;0.010363637;0.33693281
-0.018525692;0.010363637;0.33693281
-0.016549407;0.010363637;0.34483793
-0.016549407;0.010363637;0.33693281
-0.016549407;0.012339921;0.34483793
-0.014573122;0.010363637;0.33693281
-0.016549407;0.010363637;0.32902768
-0.014573122;0.010363637;0.33693281
-0.012596838;0.010363637;0.33693281
-0.012596838;0.012339921;0.33693281
-0.010620553;0.010363637;0.34483793
-0.012596838;0.010363637;0.33693281
-0.010620553;0.010363637;0.34483793
-0.010620553;0.010363637;0.34483793
-0.010620553;0.012339921;0.33693281
-0.0086442688;0.010363637;0.33693281
-0.0086442688;0.012339921;0.33693281
-0.0086442688;0.012339921;0.33693281
-0.0066679842;0.012339921;0.34483793
-0.0066679842;0.012339921;0.33693281
-0.0066679842;0.012339921;0.34483793
-0.0027154151;0.012339921;0.33693281
-0.0027154151;0.012339921;0.33693281
-0.0027154151;0.012339921;0.34483793
-0.00073913042;0.014316206;0.33693281
-0.00073913042;0.012339921;0.33693281
-0.0027154151;0.012339921;0.33693281
-0.00073913042;0.012339921;0.32902768
0.0012371541;0.012339921;0.33693281
0.0012371541;0.012339921;0.33693281
0.0032134387;0.014316206;0.33693281
0.0032134387;0.014316206;0.33693281
0.0051897233;0.014316206;0.33693281
0.007166008;0.014316206;0.33693281
0.007166008;0.014316206;0.33693281
0.007166008;0.014316206;0.33693281
0.0091422927;0.014316206;0.33693281
0.007166008;0.014316206;0.33693281
0.0091422927;0.014316206;0.33693281
0.0091422927;0.014316206;0.33693281
0.013094862;0.012339921;0.33693281
0.011118577;0.014316206;0.33693281
0.013094862;0.01629249;0.33693281
0.015071146;0.01629249;0.33693281
0.015071146;0.014316206;0.33693281
0.015071146;0.01629249;0.33693281
0.015071146;0.01629249;0.33693281
0.017047431;0.014316206;0.33693281
0.021;0.01629249;0.34483793
0.019023715;0.01629249;0.33693281
0.019023715;0.01629249;0.33693281
0.021;0.01629249;0.33693281
0.021;0.01629249;0.33693281
0.022976285;0.01629249;0.33693281
0.022976285;0.01629249;0.33693281
0.02495257;0.018268775;0.34483793
0.02495257;0.01629249;0.32902768
0.026928853;0.018268775;0.33693281
0.026928853;0.018268775;0.33693281
0.028905138;0.01629249;0.33693281
0.028905138;0.018268775;0.33693281
0.030881424;0.018268775;0.33693281
0.030881424;0.018268775;0.33693281
0.032857709;0.018268775;0.34483793
0.032857709;0.01629249;0.33693281
0.030881424;0.018268775;0.33693281
0.032857709;0.018268775;0.33693281
0.034833994;0.018268775;0.33693281
0.034833994;0.018268775;0.33693281
0.036810275;0.018268775;0.34483793
0.036810275;0.018268775;0.33693281
0.03878656;0.018268775;0.33693281
0.03878656;0.018268775;0.34483793
0.040762845;0.018268775;0.33693281
0.042739131;0.018268775;0.34483793
0.040762845;0.018268775;0.34483793
0.044715416;0.020245058;0.33693281
0.044715416;0.018268775;0.34483793
0.044715416;0.020245058;0.33693281
0.046691701;0.020245058;0.33693281
0.046691701;0.020245058;0.33693281
0.046691701;0.020245058;0.33693281
0.048667986;0.020245058;0.33693281
0.046691701;0.020245058;0.33693281
0.048667986;0.020245058;0.33693281
0.048667986;0.020245058;0.33693281
0.050644267;0.020245058;0.34483793
0.052620552;0.018268775;0.33693281
0.050644267;0.020245058;0.33693281
0.052620552;0.020245058;0.33693281
0.054596838;0.022221344;0.33693281
0.054596838;0.020245058;0.33693281
0.056573123;0.020245058;0.34483793
0.056573123;0.020245058;0.33693281
0.056573123;0.022221344;0.33693281
0.056573123;0.022221344;0.33693281
0.058549408;0.020245058;0.33693281
0.058549408;0.020245058;0.33693281
0.058549408;0.022221344;0.33693281
0.062501974;0.022221344;0.33693281
0.062501974;0.022221344;0.33693281
0.062501974;0.022221344;0.33693281
0.062501974;0.022221344;0.33693281
0.064478263;0.022221344;0.33693281
0.062501974;0.022221344;0.33693281
0.064478263;0.022221344;0.33693281
0.066454545;0.022221344;0.34483793
0.066454545;0.022221344;0.32902768
0.066454545;0.024197629;0.34483793
0.068430834;0.024197629;0.34483793
0.066454545;0.022221344;0.33693281
0.066454545;0.022221344;0.33693281
0.068430834;0.022221344;0.33693281
0.068430834;0.022221344;0.33693281
0.068430834;0.022221344;0.32902768
0.068430834;0.024197629;0.33693281
0.070407115;0.024197629;0.33693281
0.070407115;0.024197629;0.33693281
0.070407115;0.024197629;0.33693281
0.072383396;0.024197629;0.32902768
0.070407115;0.024197629;0.33693281
0.072383396;0.024197629;0.34483793
0.072383396;0.024197629;0.34483793
0.072383396;0.024197629;0.33693281
0.072383396;0.026173914;0.33693281
0.074359685;0.026173914;0.33693281
0.074359685;0.024197629;0.33693281
0.074359685;0.024197629;0.33693281
0.074359685;0.026173914;0.33693281
0.076335967;0.026173914;0.33693281
0.076335967;0.026173914;0.33693281
0.076335967;0.026173914;0.33693281
0.076335967;0.024197629;0.33693281
0.078312255;0.026173914;0.33693281
0.076335967;0.026173914;0.33693281
0.076335967;0.026173914;0.33693281
0.076335967;0.026173914;0.33693281
0.078312255;0.028150197;0.32902768
0.076335967;0.026173914;0.33693281
0.078312255;0.026173914;0.33693281
0.076335967;0.028150197;0.33693281
0.078312255;0.026173914;0.34483793
0.078312255;0.028150197;0.33693281
0.078312255;0.026173914;0.33693281
0.076335967;0.026173914;0.33693281
0.078312255;0.028150197;0.33693281
0.078312255;0.026173914;0.33693281
0.078312255;0.028150197;0.33693281
0.078312255;0.026173914;0.33693281
0.078312255;0.028150197;0.33693281
0.078312255;0.028150197;0.33693281
0.078312255;0.028150197;0.33693281
0.078312255;0.028150197;0.33693281
0.080288537;0.028150197;0.33693281
0.078312255;0.030126482;0.33693281
0.078312255;0.030126482;0.33693281
0.078312255;0.030126482;0.34483793
0.078312255;0.028150197;0.33693281
0.078312255;0.028150197;0.33693281
0.076335967;0.030126482;0.33693281
0.076335967;0.030126482;0.33693281
0.078312255;0.030126482;0.33693281
0.076335967;0.030126482;0.34483793
0.076335967;0.030126482;0.33693281
0.078312255;0.030126482;0.33693281
0.076335967;0.030126482;0.33693281
0.076335967;0.030126482;0.33693281
0.076335967;0.030126482;0.33693281
0.076335967;0.030126482;0.33693281
0.076335967;0.030126482;0.33693281
0.074359685;0.030126482;0.33693281
0.074359685;0.030126482;0.33693281
0.074359685;0.032102767;0.34483793
0.072383396;0.032102767;0.33693281
0.072383396;0.030126482;0.33693281
0.072383396;0.030126482;0.34483793
0.072383396;0.032102767;0.33693281
0.072383396;0.030126482;0.34483793
0.070407115;0.032102767;0.33693281
0.070407115;0.032102767;0.33693281
0.070407115;0.030126482;0.33693281
0.070407115;0.032102767;0.32902768
0.068430834;0.032102767;0.33693281
0.068430834;0.032102767;0.33693281
0.070407115;0.032102767;0.34483793
0.070407115;0.032102767;0.33693281
0.068430834;0.032102767;0.33693281
0.066454545;0.032102767;0.34483793
0.066454545;0.032102767;0.33693281
0.064478263;0.032102767;0.33693281
0.064478263;0.034079053;0.34483793
0.062501974;0.032102767;0.34483793
0.064478263;0.032102767;0.33693281
0.064478263;0.034079053;0.34483793
0.062501974;0.032102767;0.33693281
0.062501974;0.032102767;0.33693281
0.060525693;0.034079053;0.33693281
0.060525693;0.034079053;0.34483793
0.060525693;0.034079053;0.33693281
0.058549408;0.034079053;0.33693281
0.058549408;0.032102767;0.33693281
0.058549408;0.034079053;0.33693281
0.056573123;0.034079053;0.33693281
0.056573123;0.034079053;0.33693281
0.054596838;0.034079053;0.33693281
0.054596838;0.034079053;0.33693281
0.054596838;0.036055338;0.33693281
0.054596838;0.036055338;0.33693281
0.054596838;0.036055338;0.33693281
0.054596838;0.036055338;0.33693281
0.052620552;0.036055338;0.33693281
0.050644267;0.036055338;0.34483793
0.050644267;0.036055338;0.33693281
0.048667986;0.036055338;0.34483793
0.048667986;0.036055338;0.33693281
0.048667986;0.036055338;0.33693281
0.046691701;0.036055338;0.33693281
0.046691701;0.036055338;0.34483793
0.044715416;0.036055338;0.33693281
0.044715416;0.036055338;0.33693281
0.042739131;0.036055338;0.33693281
0.042739131;0.036055338;0.33693281
0.042739131;0.036055338;0.32902768
0.040762845;0.036055338;0.33693281
0.040762845;0.038031619;0.33693281
0.03878656;0.038031619;0.33693281
0.03878656;0.038031619;0.33693281
0.03878656;0.038031619;0.33693281
0.036810275;0.036055338;0.34483793
0.034833994;0.038031619;0.33693281
0.034833994;0.040007904;0.33693281
0.032857709;0.036055338;0.33693281
0.032857709;0.038031619;0.33693281
0.032857709;0.038031619;0.33693281
0.030881424;0.038031619;0.33693281
0.030881424;0.036055338;0.33693281
0.030881424;0.038031619;0.33693281
0.028905138;0.038031619;0.34483793
0.028905138;0.040007904;0.33693281
0.026928853;0.038031619;0.33693281
0.02495257;0.038031619;0.34483793
0.02495257;0.040007904;0.33693281
0.026928853;0.038031619;0.34483793
0.02495257;0.038031619;0.34483793
0.022976285;0.038031619;0.33693281
0.022976285;0.040007904;0.33693281
0.021;0.040007904;0.34483793
0.021;0.040007904;0.34483793
0.019023715;0.040007904;0.34483793
0.017047431;0.040007904;0.34483793
0.017047431;0.040007904;0.33693281
0.017047431;0.040007904;0.33693281
0.015071146;0.040007904;0.33693281
0.015071146;0.040007904;0.33693281
0.015071146;0.040007904;0.33693281
0.015071146;0.040007904;0.33693281
0.013094862;0.040007904;0.33693281
0.011118577;0.040007904;0.33693281
0.0091422927;0.041984189;0.34483793
0.011118577;0.040007904;0.33693281
0.0091422927;0.040007904;0.33693281
0.007166008;0.040007904;0.33693281
0.0091422927;0.040007904;0.33693281
0.007166008;0.041984189;0.33693281
0.0032134387;0.041984189;0.33693281
0.0051897233;0.041984189;0.33693281
0.0051897233;0.041984189;0.33693281
0.0012371541;0.041984189;0.33693281
0.0032134387;0.041984189;0.33693281
0.0032134387;0.040007904;0.33693281
-0.00073913042;0.041984189;0.33693281
-0.00073913042;0.041984189;0.33693281
-0.00073913042;0.041984189;0.34483793
-0.0027154151;0.041984189;0.33693281
-0.0027154151;0.041984189;0.33693281
-0.0027154151;0.041984189;0.32902768
-0.0046916995;0.041984189;0.33693281
-0.0046916995;0.041984189;0.33693281
-0.0066679842;0.043960474;0.33693281
-0.0066679842;0.043960474;0.33693281
-0.0086442688;0.043960474;0.33693281
-0.0086442688;0.041984189;0.34483793
-0.0086442688;0.041984189;0.33693281
-0.0086442688;0.041984189;0.33693281
-0.010620553;0.041984189;0.33693281
-0.010620553;0.041984189;0.34483793
-0.012596838;0.043960474;0.33693281
-0.012596838;0.043960474;0.33693281
-0.012596838;0.043960474;0.34483793
-0.012596838;0.043960474;0.33693281
-0.014573122;0.043960474;0.33693281
-0.014573122;0.04593676;0.34483793
-0.016549407;0.043960474;0.33693281
-0.016549407;0.043960474;0.33693281
-0.016549407;0.043960474;0.33693281
-0.018525692;0.043960474;0.33693281
-0.018525692;0.043960474;0.33693281
-0.018525692;0.043960474;0.34483793
-0.020501977;0.04593676;0.33693281
-0.020501977;0.043960474;0.33693281
-0.02247826;0.04593676;0.33693281
-0.02247826;0.04593676;0.33693281
-0.02247826;0.043960474;0.33693281
-0.02247826;0.047913045;0.32902768
-0.02247826;0.04593676;0.33693281
-0.02247826;0.047913045;0.33693281
-0.02247826;0.04593676;0.34483793
-0.024454545;0.04593676;0.33693281
-0.024454545;0.04593676;0.33693281
-0.02643083;0.04593676;0.33693281
-0.02643083;0.04593676;0.32902768
-0.028407115;0.043960474;0.33693281
-0.02643083;0.04593676;0.34483793
-0.028407115;0.047913045;0.33693281
-0.028407115;0.04593676;0.33693281
-0.030383399;0.047913045;0.33693281
-0.028407115;0.04593676;0.34483793
-0.028407115;0.04593676;0.33693281
-0.028407115;0.04593676;0.33693281
-0.028407115;0.04593676;0.34483793
-0.030383399;0.047913045;0.33693281
-0.030383399;0.047913045;0.33693281
-0.032359682;0.047913045;0.33693281
-0.030383399;0.047913045;0.33693281
-0.030383399;0.047913045;0.33693281
-0.032359682;0.047913045;0.33693281
-0.030383399;0.047913045;0.33693281
-0.032359682;0.047913045;0.33693281
-0.032359682;0.047913045;0.33693281
-0.030383399;0.047913045;0.33693281
-0.032359682;0.04988933;0.33693281
-0.034335967;0.047913045;0.33693281
-0.034335967;0.04988933;0.33693281
-0.032359682;0.047913045;0.33693281
-0.034335967;0.047913045;0.34483793
-0.032359682;0.047913045;0.33693281
-0.032359682;0.04988933;0.33693281
-0.032359682;0.04988933;0.33693281
-0.034335967;0.047913045;0.33693281
-0.032359682;0.047913045;0.33693281
-0.034335967;0.04988933;0.33693281
-0.034335967;0.04988933;0.32902768
-0.032359682;0.04988933;0.34483793
-0.034335967;0.047913045;0.34483793
-0.032359682;0.047913045;0.33693281
-0.034335967;0.04988933;0.33693281
-0.034335967;0.04988933;0.33693281
-0.032359682;0.04988933;0.33693281
-0.032359682;0.04988933;0.33693281
-0.032359682;0.04988933;0.33693281
-0.032359682;0.04988933;0.33693281
-0.032359682;0.04988933;0.33693281
-0.032359682;0.04988933;0.33693281
-0.032359682;0.051865611;0.33693281
-0.032359682;0.04988933;0.33693281
-0.030383399;0.04988933;0.34483793
-0.030383399;0.051865611;0.32902768
-0.030383399;0.04988933;0.32902768
-0.030383399;0.04988933;0.33693281
-0.032359682;0.051865611;0.33693281
-0.030383399;0.04988933;0.34483793
-0.030383399;0.051865611;0.32902768
-0.030383399;0.051865611;0.33693281
-0.030383399;0.051865611;0.33693281
-0.028407115;0.051865611;0.32902768
-0.028407115;0.051865611;0.32902768
-0.028407115;0.051865611;0.33693281
-0.028407115;0.04988933;0.34483793
-0.02643083;0.051865611;0.33693281
-0.02643083;0.051865611;0.33693281
-0.02643083;0.051865611;0.34483793
-0.02643083;0.051865611;0.33693281
-0.02643083;0.051865611;0.33693281
-0.024454545;0.051865611;0.33693281
-0.024454545;0.053841896;0.33693281
-0.024454545;0.051865611;0.33693281
-0.02247826;0.051865611;0.34483793
-0.02247826;0.051865611;0.34483793
-0.024454545;0.053841896;0.33693281
-0.020501977;0.051865611;0.33693281
-0.02247826;0.053841896;0.34483793
-0.02247826;0.053841896;0.33693281
-0.020501977;0.051865611;0.33693281
-0.018525692;0.051865611;0.33693281
-0.018525692;0.051865611;0.33693281
-0.018525692;0.053841896;0.33693281
-0.018525692;0.051865611;0.34483793
-0.016549407;0.053841896;0.33693281
-0.016549407;0.053841896;0.33693281
-0.014573122;0.053841896;0.33693281
-0.014573122;0.053841896;0.33693281
-0.014573122;0.053841896;0.33693281
-0.014573122;0.053841896;0.33693281
-0.012596838;0.053841896;0.34483793
-0.014573122;0.053841896;0.33693281
-0.012596838;0.053841896;0.33693281
-0.012596838;0.053841896;0.33693281
-0.010620553;0.053841896;0.33693281
-0.010620553;0.053841896;0.33693281
-0.0086442688;0.053841896;0.33693281
